[(90, 30), (91, 30), (92, 30), (93, 30), (87, 31), (88, 31), (89, 31), (94, 31), (83, 32), (84, 32), (85, 32), (86, 32), (95, 32), (80, 33), (81, 33), (82, 33), (96, 33), (76, 34), (77, 34), (78, 34), (79, 34), (97, 34), (98, 35), (99, 36), (75, 37), (98, 39), (74, 40), (97, 42), (73, 44), (96, 46), (72, 47), (95, 49), (71, 51), (72, 51), (73, 52), (74, 53), (92, 53), (93, 53), (94, 53), (95, 53), (75, 54), (89, 54), (90, 54), (91, 54), (76, 55), (85, 55), (86, 55), (87, 55), (88, 55), (77, 56), (82, 56), (83, 56), (84, 56), (78, 57), (79, 57), (80, 57), (81, 57)]
[(113, 32), (114, 32), (110, 33), (111, 33), (112, 33), (106, 34), (107, 34), (108, 34), (109, 34), (103, 35), (104, 35), (105, 35), (99, 36), (100, 36), (101, 36), (102, 36), (98, 39), (97, 42), (96, 46), (95, 49), (94, 53), (95, 53), (96, 54), (97, 55), (98, 56), (112, 56), (113, 56), (114, 56), (99, 57), (108, 57), (109, 57), (110, 57), (111, 57), (100, 58), (105, 58), (106, 58), (107, 58), (101, 59), (102, 59), (103, 59), (104, 59)]
[(112, 56), (113, 56), (114, 56), (108, 57), (109, 57), (110, 57), (111, 57), (105, 58), (106, 58), (107, 58), (101, 59), (102, 59), (103, 59), (104, 59), (100, 62), (99, 65), (98, 69), (97, 72), (96, 76), (97, 76), (98, 77), (99, 78), (100, 79), (114, 79), (101, 80), (110, 80), (111, 80), (112, 80), (113, 80), (102, 81), (107, 81), (108, 81), (109, 81), (103, 82), (104, 82), (105, 82), (106, 82)]
[(44, 26), (45, 26), (46, 26), (47, 26), (41, 27), (42, 27), (43, 27), (48, 27), (37, 28), (38, 28), (39, 28), (40, 28), (49, 28), (34, 29), (35, 29), (36, 29), (50, 29), (30, 30), (31, 30), (32, 30), (33, 30), (51, 30), (52, 31), (53, 32), (29, 33), (52, 35), (28, 36), (51, 38), (27, 40), (50, 42), (26, 43), (49, 45), (25, 47), (26, 47), (27, 48), (28, 49), (46, 49), (47, 49), (48, 49), (49, 49), (29, 50), (43, 50), (44, 50), (45, 50), (30, 51), (39, 51), (40, 51), (41, 51), (42, 51), (31, 52), (36, 52), (37, 52), (38, 52), (32, 53), (33, 53), (34, 53), (35, 53)]
[(67, 28), (68, 28), (69, 28), (70, 28), (64, 29), (65, 29), (66, 29), (71, 29), (60, 30), (61, 30), (62, 30), (63, 30), (72, 30), (57, 31), (58, 31), (59, 31), (73, 31), (53, 32), (54, 32), (55, 32), (56, 32), (74, 32), (75, 33), (76, 34), (52, 35), (75, 37), (51, 38), (74, 40), (50, 42), (73, 44), (49, 45), (72, 47), (48, 49), (49, 49), (50, 50), (51, 51), (69, 51), (70, 51), (71, 51), (72, 51), (52, 52), (66, 52), (67, 52), (68, 52), (53, 53), (62, 53), (63, 53), (64, 53), (65, 53), (54, 54), (59, 54), (60, 54), (61, 54), (55, 55), (56, 55), (57, 55), (58, 55)]
[(69, 51), (70, 51), (71, 51), (72, 51), (66, 52), (67, 52), (68, 52), (73, 52), (62, 53), (63, 53), (64, 53), (65, 53), (74, 53), (59, 54), (60, 54), (61, 54), (75, 54), (55, 55), (56, 55), (57, 55), (58, 55), (76, 55), (77, 56), (78, 57), (54, 58), (77, 60), (53, 61), (76, 63), (52, 65), (75, 67), (51, 68), (74, 70), (50, 72), (51, 72), (52, 73), (53, 74), (71, 74), (72, 74), (73, 74), (74, 74), (54, 75), (68, 75), (69, 75), (70, 75), (55, 76), (64, 76), (65, 76), (66, 76), (67, 76), (56, 77), (61, 77), (62, 77), (63, 77), (57, 78), (58, 78), (59, 78), (60, 78)]
[(92, 53), (93, 53), (94, 53), (95, 53), (89, 54), (90, 54), (91, 54), (96, 54), (85, 55), (86, 55), (87, 55), (88, 55), (97, 55), (82, 56), (83, 56), (84, 56), (98, 56), (78, 57), (79, 57), (80, 57), (81, 57), (99, 57), (100, 58), (101, 59), (77, 60), (100, 62), (76, 63), (99, 65), (75, 67), (98, 69), (74, 70), (97, 72), (73, 74), (74, 74), (75, 75), (76, 76), (94, 76), (95, 76), (96, 76), (97, 76), (77, 77), (91, 77), (92, 77), (93, 77), (78, 78), (87, 78), (88, 78), (89, 78), (90, 78), (79, 79), (84, 79), (85, 79), (86, 79), (80, 80), (81, 80), (82, 80), (83, 80)]
[(94, 76), (95, 76), (96, 76), (97, 76), (91, 77), (92, 77), (93, 77), (98, 77), (87, 78), (88, 78), (89, 78), (90, 78), (99, 78), (84, 79), (85, 79), (86, 79), (100, 79), (80, 80), (81, 80), (82, 80), (83, 80), (101, 80), (102, 81), (103, 82), (79, 83), (102, 85), (78, 86), (101, 88), (77, 90), (100, 92), (76, 93), (99, 95), (75, 97), (76, 97), (77, 98), (78, 99), (96, 99), (97, 99), (98, 99), (99, 99), (79, 100), (93, 100), (94, 100), (95, 100), (80, 101), (89, 101), (90, 101), (91, 101), (92, 101), (81, 102), (86, 102), (87, 102), (88, 102), (82, 103), (83, 103), (84, 103), (85, 103)]
[(114, 79), (110, 80), (111, 80), (112, 80), (113, 80), (107, 81), (108, 81), (109, 81), (103, 82), (104, 82), (105, 82), (106, 82), (102, 85), (101, 88), (100, 92), (99, 95), (98, 99), (99, 99), (100, 100), (101, 101), (102, 102), (103, 103), (112, 103), (113, 103), (114, 103), (104, 104), (109, 104), (110, 104), (111, 104), (105, 105), (106, 105), (107, 105), (108, 105)]
[(112, 103), (113, 103), (114, 103), (109, 104), (110, 104), (111, 104), (105, 105), (106, 105), (107, 105), (108, 105), (104, 108), (103, 111)]
[(23, 47), (24, 47), (25, 47), (26, 47), (20, 48), (21, 48), (22, 48), (27, 48), (16, 49), (17, 49), (18, 49), (19, 49), (28, 49), (13, 50), (14, 50), (15, 50), (29, 50), (9, 51), (10, 51), (11, 51), (12, 51), (30, 51), (31, 52), (32, 53), (8, 54), (31, 56), (7, 57), (30, 59), (6, 61), (29, 63), (5, 64), (28, 66), (4, 68), (5, 68), (6, 69), (7, 70), (25, 70), (26, 70), (27, 70), (28, 70), (8, 71), (22, 71), (23, 71), (24, 71), (9, 72), (18, 72), (19, 72), (20, 72), (21, 72), (10, 73), (15, 73), (16, 73), (17, 73), (11, 74), (12, 74), (13, 74), (14, 74)]
[(46, 49), (47, 49), (48, 49), (49, 49), (43, 50), (44, 50), (45, 50), (50, 50), (39, 51), (40, 51), (41, 51), (42, 51), (51, 51), (36, 52), (37, 52), (38, 52), (52, 52), (32, 53), (33, 53), (34, 53), (35, 53), (53, 53), (54, 54), (55, 55), (31, 56), (54, 58), (30, 59), (53, 61), (29, 63), (52, 65), (28, 66), (51, 68), (27, 70), (28, 70), (29, 71), (30, 72), (48, 72), (49, 72), (50, 72), (51, 72), (31, 73), (45, 73), (46, 73), (47, 73), (32, 74), (41, 74), (42, 74), (43, 74), (44, 74), (33, 75), (38, 75), (39, 75), (40, 75), (34, 76), (35, 76), (36, 76), (37, 76)]
[(48, 72), (49, 72), (50, 72), (51, 72), (45, 73), (46, 73), (47, 73), (52, 73), (41, 74), (42, 74), (43, 74), (44, 74), (53, 74), (38, 75), (39, 75), (40, 75), (54, 75), (34, 76), (35, 76), (36, 76), (37, 76), (55, 76), (56, 77), (57, 78), (33, 79), (56, 81), (32, 82), (55, 84), (31, 86), (54, 88), (30, 89), (53, 91), (29, 93), (30, 93), (31, 94), (32, 95), (50, 95), (51, 95), (52, 95), (53, 95), (33, 96), (47, 96), (48, 96), (49, 96), (34, 97), (43, 97), (44, 97), (45, 97), (46, 97), (35, 98), (40, 98), (41, 98), (42, 98), (36, 99), (37, 99), (38, 99), (39, 99)]
[(71, 74), (72, 74), (73, 74), (74, 74), (68, 75), (69, 75), (70, 75), (75, 75), (64, 76), (65, 76), (66, 76), (67, 76), (76, 76), (61, 77), (62, 77), (63, 77), (77, 77), (57, 78), (58, 78), (59, 78), (60, 78), (78, 78), (79, 79), (80, 80), (56, 81), (79, 83), (55, 84), (78, 86), (54, 88), (77, 90), (53, 91), (76, 93), (52, 95), (53, 95), (54, 96), (55, 97), (73, 97), (74, 97), (75, 97), (76, 97), (56, 98), (70, 98), (71, 98), (72, 98), (57, 99), (66, 99), (67, 99), (68, 99), (69, 99), (58, 100), (63, 100), (64, 100), (65, 100), (59, 101), (60, 101), (61, 101), (62, 101)]
[(73, 97), (74, 97), (75, 97), (76, 97), (70, 98), (71, 98), (72, 98), (77, 98), (66, 99), (67, 99), (68, 99), (69, 99), (78, 99), (63, 100), (64, 100), (65, 100), (79, 100), (59, 101), (60, 101), (61, 101), (62, 101), (80, 101), (81, 102), (82, 103), (58, 104), (81, 106), (57, 107), (80, 109), (56, 111), (79, 113), (55, 114)]
[(96, 99), (97, 99), (98, 99), (99, 99), (93, 100), (94, 100), (95, 100), (100, 100), (89, 101), (90, 101), (91, 101), (92, 101), (101, 101), (86, 102), (87, 102), (88, 102), (102, 102), (82, 103), (83, 103), (84, 103), (85, 103), (103, 103), (104, 104), (105, 105), (81, 106), (104, 108), (80, 109), (103, 111), (79, 113)]
[(25, 70), (26, 70), (27, 70), (28, 70), (22, 71), (23, 71), (24, 71), (29, 71), (18, 72), (19, 72), (20, 72), (21, 72), (30, 72), (15, 73), (16, 73), (17, 73), (31, 73), (11, 74), (12, 74), (13, 74), (14, 74), (32, 74), (33, 75), (34, 76), (10, 77), (33, 79), (9, 80), (32, 82), (8, 84), (31, 86), (7, 87), (30, 89), (6, 91), (7, 91), (8, 92), (9, 93), (27, 93), (28, 93), (29, 93), (30, 93), (10, 94), (24, 94), (25, 94), (26, 94), (11, 95), (20, 95), (21, 95), (22, 95), (23, 95), (12, 96), (17, 96), (18, 96), (19, 96), (13, 97), (14, 97), (15, 97), (16, 97)]
[(27, 93), (28, 93), (29, 93), (30, 93), (24, 94), (25, 94), (26, 94), (31, 94), (20, 95), (21, 95), (22, 95), (23, 95), (32, 95), (17, 96), (18, 96), (19, 96), (33, 96), (13, 97), (14, 97), (15, 97), (16, 97), (34, 97), (35, 98), (36, 99), (12, 100), (35, 102), (11, 103), (34, 105), (10, 107), (33, 109), (9, 110), (32, 112), (8, 114), (9, 114)]
[(50, 95), (51, 95), (52, 95), (53, 95), (47, 96), (48, 96), (49, 96), (54, 96), (43, 97), (44, 97), (45, 97), (46, 97), (55, 97), (40, 98), (41, 98), (42, 98), (56, 98), (36, 99), (37, 99), (38, 99), (39, 99), (57, 99), (58, 100), (59, 101), (35, 102), (58, 104), (34, 105), (57, 107), (33, 109), (56, 111), (32, 112), (55, 114)]
