[(107, 34), (108, 34), (102, 35), (103, 35), (104, 35), (105, 35), (106, 35), (109, 35), (98, 36), (99, 36), (100, 36), (101, 36), (93, 37), (94, 37), (95, 37), (96, 37), (97, 37), (108, 39), (92, 41), (107, 43), (91, 45), (106, 48), (90, 50), (105, 50), (106, 50), (100, 51), (101, 51), (102, 51), (103, 51), (104, 51), (90, 52), (96, 52), (97, 52), (98, 52), (99, 52), (91, 53), (92, 53), (93, 53), (94, 53), (95, 53)]
[(114, 34), (109, 35), (110, 35), (111, 35), (112, 35), (113, 35), (108, 39), (107, 43), (106, 48), (106, 50), (112, 50), (113, 50), (114, 50), (107, 51), (108, 51), (109, 51), (110, 51), (111, 51)]
[(112, 50), (113, 50), (114, 50), (107, 51), (108, 51), (109, 51), (110, 51), (111, 51), (106, 55), (105, 59), (104, 64), (114, 65), (104, 66), (110, 66), (111, 66), (112, 66), (113, 66), (105, 67), (106, 67), (107, 67), (108, 67), (109, 67)]
[(75, 38), (76, 38), (70, 39), (71, 39), (72, 39), (73, 39), (74, 39), (77, 39), (66, 40), (67, 40), (68, 40), (69, 40), (61, 41), (62, 41), (63, 41), (64, 41), (65, 41), (76, 43), (60, 45), (75, 47), (59, 49), (74, 52), (58, 54), (73, 54), (74, 54), (68, 55), (69, 55), (70, 55), (71, 55), (72, 55), (58, 56), (64, 56), (65, 56), (66, 56), (67, 56), (59, 57), (60, 57), (61, 57), (62, 57), (63, 57)]
[(91, 36), (92, 36), (86, 37), (87, 37), (88, 37), (89, 37), (90, 37), (93, 37), (82, 38), (83, 38), (84, 38), (85, 38), (77, 39), (78, 39), (79, 39), (80, 39), (81, 39), (92, 41), (76, 43), (91, 45), (75, 47), (90, 50), (74, 52), (89, 52), (90, 52), (84, 53), (85, 53), (86, 53), (87, 53), (88, 53), (74, 54), (80, 54), (81, 54), (82, 54), (83, 54), (75, 55), (76, 55), (77, 55), (78, 55), (79, 55)]
[(89, 52), (90, 52), (84, 53), (85, 53), (86, 53), (87, 53), (88, 53), (91, 53), (80, 54), (81, 54), (82, 54), (83, 54), (75, 55), (76, 55), (77, 55), (78, 55), (79, 55), (90, 57), (74, 59), (89, 61), (73, 63), (88, 66), (72, 68), (87, 68), (88, 68), (82, 69), (83, 69), (84, 69), (85, 69), (86, 69), (72, 70), (78, 70), (79, 70), (80, 70), (81, 70), (73, 71), (74, 71), (75, 71), (76, 71), (77, 71)]
[(105, 50), (106, 50), (100, 51), (101, 51), (102, 51), (103, 51), (104, 51), (107, 51), (96, 52), (97, 52), (98, 52), (99, 52), (91, 53), (92, 53), (93, 53), (94, 53), (95, 53), (106, 55), (90, 57), (105, 59), (89, 61), (104, 64), (88, 66), (103, 66), (104, 66), (98, 67), (99, 67), (100, 67), (101, 67), (102, 67), (88, 68), (94, 68), (95, 68), (96, 68), (97, 68), (89, 69), (90, 69), (91, 69), (92, 69), (93, 69)]
[(103, 66), (104, 66), (98, 67), (99, 67), (100, 67), (101, 67), (102, 67), (105, 67), (94, 68), (95, 68), (96, 68), (97, 68), (89, 69), (90, 69), (91, 69), (92, 69), (93, 69), (104, 71), (88, 73), (103, 75), (87, 77), (102, 80), (86, 82), (101, 82), (102, 82), (96, 83), (97, 83), (98, 83), (99, 83), (100, 83), (86, 84), (92, 84), (93, 84), (94, 84), (95, 84), (87, 85), (88, 85), (89, 85), (90, 85), (91, 85)]
[(114, 65), (110, 66), (111, 66), (112, 66), (113, 66), (105, 67), (106, 67), (107, 67), (108, 67), (109, 67), (104, 71), (103, 75), (102, 80), (112, 81), (113, 81), (114, 81), (102, 82), (108, 82), (109, 82), (110, 82), (111, 82), (103, 83), (104, 83), (105, 83), (106, 83), (107, 83)]
[(112, 81), (113, 81), (114, 81), (108, 82), (109, 82), (110, 82), (111, 82), (103, 83), (104, 83), (105, 83), (106, 83), (107, 83), (102, 87), (101, 91), (100, 96), (110, 97), (111, 97), (112, 97), (113, 97), (114, 97), (100, 98), (106, 98), (107, 98), (108, 98), (109, 98), (101, 99), (102, 99), (103, 99), (104, 99), (105, 99)]
[(57, 56), (58, 56), (52, 57), (53, 57), (54, 57), (55, 57), (56, 57), (59, 57), (48, 58), (49, 58), (50, 58), (51, 58), (43, 59), (44, 59), (45, 59), (46, 59), (47, 59), (58, 61), (42, 63), (57, 65), (41, 67), (56, 70), (40, 72), (55, 72), (56, 72), (50, 73), (51, 73), (52, 73), (53, 73), (54, 73), (40, 74), (46, 74), (47, 74), (48, 74), (49, 74), (41, 75), (42, 75), (43, 75), (44, 75), (45, 75)]
[(73, 54), (74, 54), (68, 55), (69, 55), (70, 55), (71, 55), (72, 55), (75, 55), (64, 56), (65, 56), (66, 56), (67, 56), (59, 57), (60, 57), (61, 57), (62, 57), (63, 57), (74, 59), (58, 61), (73, 63), (57, 65), (72, 68), (56, 70), (71, 70), (72, 70), (66, 71), (67, 71), (68, 71), (69, 71), (70, 71), (56, 72), (62, 72), (63, 72), (64, 72), (65, 72), (57, 73), (58, 73), (59, 73), (60, 73), (61, 73)]
[(71, 70), (72, 70), (66, 71), (67, 71), (68, 71), (69, 71), (70, 71), (73, 71), (62, 72), (63, 72), (64, 72), (65, 72), (57, 73), (58, 73), (59, 73), (60, 73), (61, 73), (72, 75), (56, 77), (71, 79), (55, 81), (70, 84), (54, 86), (69, 86), (70, 86), (64, 87), (65, 87), (66, 87), (67, 87), (68, 87), (54, 88), (60, 88), (61, 88), (62, 88), (63, 88), (55, 89), (56, 89), (57, 89), (58, 89), (59, 89)]
[(87, 68), (88, 68), (82, 69), (83, 69), (84, 69), (85, 69), (86, 69), (89, 69), (78, 70), (79, 70), (80, 70), (81, 70), (73, 71), (74, 71), (75, 71), (76, 71), (77, 71), (88, 73), (72, 75), (87, 77), (71, 79), (86, 82), (70, 84), (85, 84), (86, 84), (80, 85), (81, 85), (82, 85), (83, 85), (84, 85), (70, 86), (76, 86), (77, 86), (78, 86), (79, 86), (71, 87), (72, 87), (73, 87), (74, 87), (75, 87)]
[(85, 84), (86, 84), (80, 85), (81, 85), (82, 85), (83, 85), (84, 85), (87, 85), (76, 86), (77, 86), (78, 86), (79, 86), (71, 87), (72, 87), (73, 87), (74, 87), (75, 87), (86, 89), (70, 91), (85, 93), (69, 95), (84, 98), (68, 100), (83, 100), (84, 100), (78, 101), (79, 101), (80, 101), (81, 101), (82, 101), (68, 102), (74, 102), (75, 102), (76, 102), (77, 102), (69, 103), (70, 103), (71, 103), (72, 103), (73, 103)]
[(101, 82), (102, 82), (96, 83), (97, 83), (98, 83), (99, 83), (100, 83), (103, 83), (92, 84), (93, 84), (94, 84), (95, 84), (87, 85), (88, 85), (89, 85), (90, 85), (91, 85), (102, 87), (86, 89), (101, 91), (85, 93), (100, 96), (84, 98), (99, 98), (100, 98), (94, 99), (95, 99), (96, 99), (97, 99), (98, 99), (84, 100), (90, 100), (91, 100), (92, 100), (93, 100), (85, 101), (86, 101), (87, 101), (88, 101), (89, 101)]
[(99, 98), (100, 98), (94, 99), (95, 99), (96, 99), (97, 99), (98, 99), (101, 99), (90, 100), (91, 100), (92, 100), (93, 100), (85, 101), (86, 101), (87, 101), (88, 101), (89, 101), (100, 103), (84, 105), (99, 107), (83, 109), (98, 112), (82, 114), (97, 114), (98, 114)]
[(110, 97), (111, 97), (112, 97), (113, 97), (114, 97), (106, 98), (107, 98), (108, 98), (109, 98), (101, 99), (102, 99), (103, 99), (104, 99), (105, 99), (100, 103), (99, 107), (114, 110), (98, 112), (113, 112), (114, 112), (108, 113), (109, 113), (110, 113), (111, 113), (112, 113), (98, 114), (104, 114), (105, 114), (106, 114), (107, 114)]
[(55, 72), (56, 72), (50, 73), (51, 73), (52, 73), (53, 73), (54, 73), (57, 73), (46, 74), (47, 74), (48, 74), (49, 74), (41, 75), (42, 75), (43, 75), (44, 75), (45, 75), (56, 77), (40, 79), (55, 81), (39, 83), (54, 86), (38, 88), (53, 88), (54, 88), (48, 89), (49, 89), (50, 89), (51, 89), (52, 89), (38, 90), (44, 90), (45, 90), (46, 90), (47, 90), (39, 91), (40, 91), (41, 91), (42, 91), (43, 91)]
[(53, 88), (54, 88), (48, 89), (49, 89), (50, 89), (51, 89), (52, 89), (55, 89), (44, 90), (45, 90), (46, 90), (47, 90), (39, 91), (40, 91), (41, 91), (42, 91), (43, 91), (54, 93), (38, 95), (53, 97), (37, 99), (52, 102), (36, 104), (51, 104), (52, 104), (46, 105), (47, 105), (48, 105), (49, 105), (50, 105), (36, 106), (42, 106), (43, 106), (44, 106), (45, 106), (37, 107), (38, 107), (39, 107), (40, 107), (41, 107)]
[(69, 86), (70, 86), (64, 87), (65, 87), (66, 87), (67, 87), (68, 87), (71, 87), (60, 88), (61, 88), (62, 88), (63, 88), (55, 89), (56, 89), (57, 89), (58, 89), (59, 89), (70, 91), (54, 93), (69, 95), (53, 97), (68, 100), (52, 102), (67, 102), (68, 102), (62, 103), (63, 103), (64, 103), (65, 103), (66, 103), (52, 104), (58, 104), (59, 104), (60, 104), (61, 104), (53, 105), (54, 105), (55, 105), (56, 105), (57, 105)]
[(67, 102), (68, 102), (62, 103), (63, 103), (64, 103), (65, 103), (66, 103), (69, 103), (58, 104), (59, 104), (60, 104), (61, 104), (53, 105), (54, 105), (55, 105), (56, 105), (57, 105), (68, 107), (52, 109), (67, 111), (51, 113)]
[(83, 100), (84, 100), (78, 101), (79, 101), (80, 101), (81, 101), (82, 101), (85, 101), (74, 102), (75, 102), (76, 102), (77, 102), (69, 103), (70, 103), (71, 103), (72, 103), (73, 103), (84, 105), (68, 107), (83, 109), (67, 111), (82, 114)]
[(97, 114), (98, 114)]
[(51, 104), (52, 104), (46, 105), (47, 105), (48, 105), (49, 105), (50, 105), (53, 105), (42, 106), (43, 106), (44, 106), (45, 106), (37, 107), (38, 107), (39, 107), (40, 107), (41, 107), (52, 109), (36, 111), (51, 113)]
