[(104, 12), (101, 13), (102, 13), (103, 13), (105, 13), (97, 14), (98, 14), (99, 14), (100, 14), (94, 15), (95, 15), (96, 15), (91, 16), (92, 16), (93, 16), (104, 16), (88, 17), (89, 17), (90, 17), (84, 18), (85, 18), (86, 18), (87, 18), (103, 19), (83, 21), (102, 22), (82, 24), (101, 26), (81, 27), (100, 29), (80, 31), (99, 32), (99, 33), (79, 34), (96, 34), (97, 34), (98, 34), (92, 35), (93, 35), (94, 35), (95, 35), (89, 36), (90, 36), (91, 36), (78, 37), (86, 37), (87, 37), (88, 37), (78, 38), (83, 38), (84, 38), (85, 38), (79, 39), (80, 39), (81, 39), (82, 39)]
[(112, 11), (113, 11), (114, 11), (109, 12), (110, 12), (111, 12), (105, 13), (106, 13), (107, 13), (108, 13), (104, 16), (103, 19), (102, 22), (101, 26), (100, 29), (113, 30), (114, 30), (110, 31), (111, 31), (112, 31), (99, 32), (107, 32), (108, 32), (109, 32), (99, 33), (104, 33), (105, 33), (106, 33), (100, 34), (101, 34), (102, 34), (103, 34)]
[(113, 30), (114, 30), (110, 31), (111, 31), (112, 31), (107, 32), (108, 32), (109, 32), (104, 33), (105, 33), (106, 33), (100, 34), (101, 34), (102, 34), (103, 34), (99, 37), (98, 40), (97, 43), (96, 47), (95, 50), (112, 50), (113, 50), (114, 50), (108, 51), (109, 51), (110, 51), (111, 51), (105, 52), (106, 52), (107, 52), (94, 53), (102, 53), (103, 53), (104, 53), (94, 54), (99, 54), (100, 54), (101, 54), (95, 55), (96, 55), (97, 55), (98, 55)]
[(114, 56), (113, 59), (112, 63), (111, 66), (110, 69), (110, 70), (111, 71), (112, 71), (113, 71), (114, 71)]
[(62, 22), (59, 23), (60, 23), (61, 23), (63, 23), (55, 24), (56, 24), (57, 24), (58, 24), (52, 25), (53, 25), (54, 25), (49, 26), (50, 26), (51, 26), (62, 26), (46, 27), (47, 27), (48, 27), (42, 28), (43, 28), (44, 28), (45, 28), (61, 29), (41, 31), (60, 32), (40, 34), (59, 36), (39, 37), (58, 39), (38, 41), (57, 42), (57, 43), (37, 44), (54, 44), (55, 44), (56, 44), (50, 45), (51, 45), (52, 45), (53, 45), (47, 46), (48, 46), (49, 46), (36, 47), (44, 47), (45, 47), (46, 47), (36, 48), (41, 48), (42, 48), (43, 48), (37, 49), (38, 49), (39, 49), (40, 49)]
[(83, 17), (80, 18), (81, 18), (82, 18), (84, 18), (76, 19), (77, 19), (78, 19), (79, 19), (73, 20), (74, 20), (75, 20), (70, 21), (71, 21), (72, 21), (83, 21), (67, 22), (68, 22), (69, 22), (63, 23), (64, 23), (65, 23), (66, 23), (82, 24), (62, 26), (81, 27), (61, 29), (80, 31), (60, 32), (79, 34), (59, 36), (78, 37), (78, 38), (58, 39), (75, 39), (76, 39), (77, 39), (71, 40), (72, 40), (73, 40), (74, 40), (68, 41), (69, 41), (70, 41), (57, 42), (65, 42), (66, 42), (67, 42), (57, 43), (62, 43), (63, 43), (64, 43), (58, 44), (59, 44), (60, 44), (61, 44)]
[(78, 38), (75, 39), (76, 39), (77, 39), (79, 39), (71, 40), (72, 40), (73, 40), (74, 40), (68, 41), (69, 41), (70, 41), (65, 42), (66, 42), (67, 42), (78, 42), (62, 43), (63, 43), (64, 43), (58, 44), (59, 44), (60, 44), (61, 44), (77, 45), (57, 47), (76, 48), (56, 50), (75, 52), (55, 53), (74, 55), (54, 57), (73, 58), (73, 59), (53, 60), (70, 60), (71, 60), (72, 60), (66, 61), (67, 61), (68, 61), (69, 61), (63, 62), (64, 62), (65, 62), (52, 63), (60, 63), (61, 63), (62, 63), (52, 64), (57, 64), (58, 64), (59, 64), (53, 65), (54, 65), (55, 65), (56, 65)]
[(99, 33), (96, 34), (97, 34), (98, 34), (100, 34), (92, 35), (93, 35), (94, 35), (95, 35), (89, 36), (90, 36), (91, 36), (86, 37), (87, 37), (88, 37), (99, 37), (83, 38), (84, 38), (85, 38), (79, 39), (80, 39), (81, 39), (82, 39), (98, 40), (78, 42), (97, 43), (77, 45), (96, 47), (76, 48), (95, 50), (75, 52), (94, 53), (94, 54), (74, 55), (91, 55), (92, 55), (93, 55), (87, 56), (88, 56), (89, 56), (90, 56), (84, 57), (85, 57), (86, 57), (73, 58), (81, 58), (82, 58), (83, 58), (73, 59), (78, 59), (79, 59), (80, 59), (74, 60), (75, 60), (76, 60), (77, 60)]
[(94, 54), (91, 55), (92, 55), (93, 55), (95, 55), (87, 56), (88, 56), (89, 56), (90, 56), (84, 57), (85, 57), (86, 57), (81, 58), (82, 58), (83, 58), (94, 58), (78, 59), (79, 59), (80, 59), (74, 60), (75, 60), (76, 60), (77, 60), (93, 61), (73, 63), (92, 64), (72, 66), (91, 68), (71, 69), (90, 71), (70, 73), (89, 74), (89, 75), (69, 76), (86, 76), (87, 76), (88, 76), (82, 77), (83, 77), (84, 77), (85, 77), (79, 78), (80, 78), (81, 78), (68, 79), (76, 79), (77, 79), (78, 79), (68, 80), (73, 80), (74, 80), (75, 80), (69, 81), (70, 81), (71, 81), (72, 81)]
[(112, 50), (113, 50), (114, 50), (108, 51), (109, 51), (110, 51), (111, 51), (105, 52), (106, 52), (107, 52), (102, 53), (103, 53), (104, 53), (99, 54), (100, 54), (101, 54), (95, 55), (96, 55), (97, 55), (98, 55), (114, 56), (94, 58), (113, 59), (93, 61), (112, 63), (92, 64), (111, 66), (91, 68), (110, 69), (110, 70), (90, 71), (107, 71), (108, 71), (109, 71), (103, 72), (104, 72), (105, 72), (106, 72), (100, 73), (101, 73), (102, 73), (89, 74), (97, 74), (98, 74), (99, 74), (89, 75), (94, 75), (95, 75), (96, 75), (90, 76), (91, 76), (92, 76), (93, 76)]
[(110, 70), (107, 71), (108, 71), (109, 71), (111, 71), (103, 72), (104, 72), (105, 72), (106, 72), (100, 73), (101, 73), (102, 73), (97, 74), (98, 74), (99, 74), (110, 74), (94, 75), (95, 75), (96, 75), (90, 76), (91, 76), (92, 76), (93, 76), (109, 77), (89, 79), (108, 80), (88, 82), (107, 84), (87, 85), (106, 87), (86, 89), (105, 90), (105, 91), (85, 92), (102, 92), (103, 92), (104, 92), (98, 93), (99, 93), (100, 93), (101, 93), (95, 94), (96, 94), (97, 94), (84, 95), (92, 95), (93, 95), (94, 95), (84, 96), (89, 96), (90, 96), (91, 96), (85, 97), (86, 97), (87, 97), (88, 97)]
[(111, 71), (112, 71), (113, 71), (114, 71), (110, 74), (109, 77), (108, 80), (107, 84), (106, 87), (105, 90), (113, 90), (114, 90), (105, 91), (110, 91), (111, 91), (112, 91), (106, 92), (107, 92), (108, 92), (109, 92)]
[(113, 90), (114, 90), (110, 91), (111, 91), (112, 91), (106, 92), (107, 92), (108, 92), (109, 92), (105, 95), (104, 98), (103, 101), (102, 105), (101, 108), (114, 109), (111, 110), (112, 110), (113, 110), (100, 111), (108, 111), (109, 111), (110, 111), (100, 112), (105, 112), (106, 112), (107, 112), (101, 113), (102, 113), (103, 113), (104, 113)]
[(36, 48), (33, 49), (34, 49), (35, 49), (37, 49), (29, 50), (30, 50), (31, 50), (32, 50), (26, 51), (27, 51), (28, 51), (23, 52), (24, 52), (25, 52), (36, 52), (20, 53), (21, 53), (22, 53), (16, 54), (17, 54), (18, 54), (19, 54), (35, 55), (15, 57), (34, 58), (14, 60), (33, 62), (13, 63), (32, 65), (12, 67), (31, 68), (31, 69), (11, 70), (28, 70), (29, 70), (30, 70), (24, 71), (25, 71), (26, 71), (27, 71), (21, 72), (22, 72), (23, 72), (10, 73), (18, 73), (19, 73), (20, 73), (10, 74), (15, 74), (16, 74), (17, 74), (11, 75), (12, 75), (13, 75), (14, 75)]
[(57, 43), (54, 44), (55, 44), (56, 44), (58, 44), (50, 45), (51, 45), (52, 45), (53, 45), (47, 46), (48, 46), (49, 46), (44, 47), (45, 47), (46, 47), (57, 47), (41, 48), (42, 48), (43, 48), (37, 49), (38, 49), (39, 49), (40, 49), (56, 50), (36, 52), (55, 53), (35, 55), (54, 57), (34, 58), (53, 60), (33, 62), (52, 63), (52, 64), (32, 65), (49, 65), (50, 65), (51, 65), (45, 66), (46, 66), (47, 66), (48, 66), (42, 67), (43, 67), (44, 67), (31, 68), (39, 68), (40, 68), (41, 68), (31, 69), (36, 69), (37, 69), (38, 69), (32, 70), (33, 70), (34, 70), (35, 70)]
[(52, 64), (49, 65), (50, 65), (51, 65), (53, 65), (45, 66), (46, 66), (47, 66), (48, 66), (42, 67), (43, 67), (44, 67), (39, 68), (40, 68), (41, 68), (52, 68), (36, 69), (37, 69), (38, 69), (32, 70), (33, 70), (34, 70), (35, 70), (51, 71), (31, 73), (50, 74), (30, 76), (49, 78), (29, 79), (48, 81), (28, 83), (47, 84), (47, 85), (27, 86), (44, 86), (45, 86), (46, 86), (40, 87), (41, 87), (42, 87), (43, 87), (37, 88), (38, 88), (39, 88), (26, 89), (34, 89), (35, 89), (36, 89), (26, 90), (31, 90), (32, 90), (33, 90), (27, 91), (28, 91), (29, 91), (30, 91)]
[(73, 59), (70, 60), (71, 60), (72, 60), (74, 60), (66, 61), (67, 61), (68, 61), (69, 61), (63, 62), (64, 62), (65, 62), (60, 63), (61, 63), (62, 63), (73, 63), (57, 64), (58, 64), (59, 64), (53, 65), (54, 65), (55, 65), (56, 65), (72, 66), (52, 68), (71, 69), (51, 71), (70, 73), (50, 74), (69, 76), (49, 78), (68, 79), (68, 80), (48, 81), (65, 81), (66, 81), (67, 81), (61, 82), (62, 82), (63, 82), (64, 82), (58, 83), (59, 83), (60, 83), (47, 84), (55, 84), (56, 84), (57, 84), (47, 85), (52, 85), (53, 85), (54, 85), (48, 86), (49, 86), (50, 86), (51, 86)]
[(68, 80), (65, 81), (66, 81), (67, 81), (69, 81), (61, 82), (62, 82), (63, 82), (64, 82), (58, 83), (59, 83), (60, 83), (55, 84), (56, 84), (57, 84), (68, 84), (52, 85), (53, 85), (54, 85), (48, 86), (49, 86), (50, 86), (51, 86), (67, 87), (47, 89), (66, 90), (46, 92), (65, 94), (45, 95), (64, 97), (44, 99), (63, 100), (63, 101), (43, 102), (60, 102), (61, 102), (62, 102), (56, 103), (57, 103), (58, 103), (59, 103), (53, 104), (54, 104), (55, 104), (42, 105), (50, 105), (51, 105), (52, 105), (42, 106), (47, 106), (48, 106), (49, 106), (43, 107), (44, 107), (45, 107), (46, 107)]
[(89, 75), (86, 76), (87, 76), (88, 76), (90, 76), (82, 77), (83, 77), (84, 77), (85, 77), (79, 78), (80, 78), (81, 78), (76, 79), (77, 79), (78, 79), (89, 79), (73, 80), (74, 80), (75, 80), (69, 81), (70, 81), (71, 81), (72, 81), (88, 82), (68, 84), (87, 85), (67, 87), (86, 89), (66, 90), (85, 92), (65, 94), (84, 95), (84, 96), (64, 97), (81, 97), (82, 97), (83, 97), (77, 98), (78, 98), (79, 98), (80, 98), (74, 99), (75, 99), (76, 99), (63, 100), (71, 100), (72, 100), (73, 100), (63, 101), (68, 101), (69, 101), (70, 101), (64, 102), (65, 102), (66, 102), (67, 102)]
[(84, 96), (81, 97), (82, 97), (83, 97), (85, 97), (77, 98), (78, 98), (79, 98), (80, 98), (74, 99), (75, 99), (76, 99), (71, 100), (72, 100), (73, 100), (84, 100), (68, 101), (69, 101), (70, 101), (64, 102), (65, 102), (66, 102), (67, 102), (83, 103), (63, 105), (82, 106), (62, 108), (81, 110), (61, 111), (80, 113)]
[(105, 91), (102, 92), (103, 92), (104, 92), (106, 92), (98, 93), (99, 93), (100, 93), (101, 93), (95, 94), (96, 94), (97, 94), (92, 95), (93, 95), (94, 95), (105, 95), (89, 96), (90, 96), (91, 96), (85, 97), (86, 97), (87, 97), (88, 97), (104, 98), (84, 100), (103, 101), (83, 103), (102, 105), (82, 106), (101, 108), (81, 110), (100, 111), (100, 112), (80, 113), (97, 113), (98, 113), (99, 113), (93, 114), (94, 114), (95, 114), (96, 114)]
[(100, 112), (97, 113), (98, 113), (99, 113), (101, 113), (93, 114), (94, 114), (95, 114), (96, 114)]
[(114, 109), (111, 110), (112, 110), (113, 110), (108, 111), (109, 111), (110, 111), (105, 112), (106, 112), (107, 112), (101, 113), (102, 113), (103, 113), (104, 113)]
[(31, 69), (28, 70), (29, 70), (30, 70), (32, 70), (24, 71), (25, 71), (26, 71), (27, 71), (21, 72), (22, 72), (23, 72), (18, 73), (19, 73), (20, 73), (31, 73), (15, 74), (16, 74), (17, 74), (11, 75), (12, 75), (13, 75), (14, 75), (30, 76), (10, 78), (29, 79), (9, 81), (28, 83), (8, 84), (27, 86), (7, 88), (26, 89), (26, 90), (6, 91), (23, 91), (24, 91), (25, 91), (19, 92), (20, 92), (21, 92), (22, 92), (16, 93), (17, 93), (18, 93), (5, 94), (13, 94), (14, 94), (15, 94), (5, 95), (10, 95), (11, 95), (12, 95), (6, 96), (7, 96), (8, 96), (9, 96)]
[(26, 90), (23, 91), (24, 91), (25, 91), (27, 91), (19, 92), (20, 92), (21, 92), (22, 92), (16, 93), (17, 93), (18, 93), (13, 94), (14, 94), (15, 94), (26, 94), (10, 95), (11, 95), (12, 95), (6, 96), (7, 96), (8, 96), (9, 96), (25, 97), (5, 99), (24, 100), (4, 102), (23, 104), (3, 105), (22, 107), (2, 109), (21, 110), (21, 111), (1, 112), (18, 112), (19, 112), (20, 112), (14, 113), (15, 113), (16, 113), (17, 113), (11, 114), (12, 114), (13, 114)]
[(47, 85), (44, 86), (45, 86), (46, 86), (48, 86), (40, 87), (41, 87), (42, 87), (43, 87), (37, 88), (38, 88), (39, 88), (34, 89), (35, 89), (36, 89), (47, 89), (31, 90), (32, 90), (33, 90), (27, 91), (28, 91), (29, 91), (30, 91), (46, 92), (26, 94), (45, 95), (25, 97), (44, 99), (24, 100), (43, 102), (23, 104), (42, 105), (42, 106), (22, 107), (39, 107), (40, 107), (41, 107), (35, 108), (36, 108), (37, 108), (38, 108), (32, 109), (33, 109), (34, 109), (21, 110), (29, 110), (30, 110), (31, 110), (21, 111), (26, 111), (27, 111), (28, 111), (22, 112), (23, 112), (24, 112), (25, 112)]
[(42, 106), (39, 107), (40, 107), (41, 107), (43, 107), (35, 108), (36, 108), (37, 108), (38, 108), (32, 109), (33, 109), (34, 109), (29, 110), (30, 110), (31, 110), (42, 110), (26, 111), (27, 111), (28, 111), (22, 112), (23, 112), (24, 112), (25, 112), (41, 113)]
[(63, 101), (60, 102), (61, 102), (62, 102), (64, 102), (56, 103), (57, 103), (58, 103), (59, 103), (53, 104), (54, 104), (55, 104), (50, 105), (51, 105), (52, 105), (63, 105), (47, 106), (48, 106), (49, 106), (43, 107), (44, 107), (45, 107), (46, 107), (62, 108), (42, 110), (61, 111), (41, 113)]
[(21, 111), (18, 112), (19, 112), (20, 112), (22, 112), (14, 113), (15, 113), (16, 113), (17, 113), (11, 114), (12, 114), (13, 114)]
