[(113, 23), (114, 23), (112, 25), (111, 28), (110, 30), (109, 33), (108, 35), (107, 38), (106, 40), (105, 43), (106, 43), (107, 44), (108, 45), (109, 46), (110, 47), (111, 48), (112, 49), (113, 50), (114, 50)]
[(77, 16), (78, 16), (79, 16), (75, 17), (76, 17), (80, 17), (72, 18), (73, 18), (74, 18), (81, 18), (70, 19), (71, 19), (82, 19), (67, 20), (68, 20), (69, 20), (83, 20), (65, 21), (66, 21), (84, 21), (62, 22), (63, 22), (64, 22), (85, 22), (59, 23), (60, 23), (61, 23), (86, 23), (58, 25), (85, 25), (57, 28), (84, 28), (56, 30), (83, 30), (55, 33), (82, 33), (54, 35), (81, 35), (53, 38), (80, 38), (52, 40), (79, 40), (51, 43), (52, 43), (77, 43), (78, 43), (79, 43), (53, 44), (75, 44), (76, 44), (54, 45), (72, 45), (73, 45), (74, 45), (55, 46), (70, 46), (71, 46), (56, 47), (67, 47), (68, 47), (69, 47), (57, 48), (65, 48), (66, 48), (58, 49), (62, 49), (63, 49), (64, 49), (59, 50), (60, 50), (61, 50)]
[(104, 16), (105, 16), (106, 16), (102, 17), (103, 17), (107, 17), (99, 18), (100, 18), (101, 18), (108, 18), (97, 19), (98, 19), (109, 19), (94, 20), (95, 20), (96, 20), (110, 20), (92, 21), (93, 21), (111, 21), (89, 22), (90, 22), (91, 22), (112, 22), (86, 23), (87, 23), (88, 23), (113, 23), (85, 25), (112, 25), (84, 28), (111, 28), (83, 30), (110, 30), (82, 33), (109, 33), (81, 35), (108, 35), (80, 38), (107, 38), (79, 40), (106, 40), (78, 43), (79, 43), (104, 43), (105, 43), (106, 43), (80, 44), (102, 44), (103, 44), (81, 45), (99, 45), (100, 45), (101, 45), (82, 46), (97, 46), (98, 46), (83, 47), (94, 47), (95, 47), (96, 47), (84, 48), (92, 48), (93, 48), (85, 49), (89, 49), (90, 49), (91, 49), (86, 50), (87, 50), (88, 50)]
[(104, 43), (105, 43), (106, 43), (102, 44), (103, 44), (107, 44), (99, 45), (100, 45), (101, 45), (108, 45), (97, 46), (98, 46), (109, 46), (94, 47), (95, 47), (96, 47), (110, 47), (92, 48), (93, 48), (111, 48), (89, 49), (90, 49), (91, 49), (112, 49), (86, 50), (87, 50), (88, 50), (113, 50), (85, 52), (112, 52), (84, 55), (111, 55), (83, 57), (110, 57), (82, 60), (109, 60), (81, 62), (108, 62), (80, 65), (107, 65), (79, 67), (106, 67), (78, 70), (79, 70), (104, 70), (105, 70), (106, 70), (80, 71), (102, 71), (103, 71), (81, 72), (99, 72), (100, 72), (101, 72), (82, 73), (97, 73), (98, 73), (83, 74), (94, 74), (95, 74), (96, 74), (84, 75), (92, 75), (93, 75), (85, 76), (89, 76), (90, 76), (91, 76), (86, 77), (87, 77), (88, 77)]
[(113, 50), (114, 50), (112, 52), (111, 55), (110, 57), (109, 60), (108, 62), (107, 65), (106, 67), (105, 70), (106, 70), (107, 71), (108, 72), (109, 73), (110, 74), (111, 75), (112, 76), (113, 77), (114, 77)]
[(113, 77), (114, 77), (112, 79), (111, 82), (110, 84), (109, 87), (108, 89), (107, 92), (106, 94), (105, 97), (106, 97), (107, 98), (108, 99), (109, 100), (110, 101), (111, 102), (112, 103), (113, 104), (114, 104)]
[(50, 43), (51, 43), (52, 43), (48, 44), (49, 44), (53, 44), (45, 45), (46, 45), (47, 45), (54, 45), (43, 46), (44, 46), (55, 46), (40, 47), (41, 47), (42, 47), (56, 47), (38, 48), (39, 48), (57, 48), (35, 49), (36, 49), (37, 49), (58, 49), (32, 50), (33, 50), (34, 50), (59, 50), (31, 52), (58, 52), (30, 55), (57, 55), (29, 57), (56, 57), (28, 60), (55, 60), (27, 62), (54, 62), (26, 65), (53, 65), (25, 67), (52, 67), (24, 70), (25, 70), (50, 70), (51, 70), (52, 70), (26, 71), (48, 71), (49, 71), (27, 72), (45, 72), (46, 72), (47, 72), (28, 73), (43, 73), (44, 73), (29, 74), (40, 74), (41, 74), (42, 74), (30, 75), (38, 75), (39, 75), (31, 76), (35, 76), (36, 76), (37, 76), (32, 77), (33, 77), (34, 77)]
[(77, 43), (78, 43), (79, 43), (75, 44), (76, 44), (80, 44), (72, 45), (73, 45), (74, 45), (81, 45), (70, 46), (71, 46), (82, 46), (67, 47), (68, 47), (69, 47), (83, 47), (65, 48), (66, 48), (84, 48), (62, 49), (63, 49), (64, 49), (85, 49), (59, 50), (60, 50), (61, 50), (86, 50), (58, 52), (85, 52), (57, 55), (84, 55), (56, 57), (83, 57), (55, 60), (82, 60), (54, 62), (81, 62), (53, 65), (80, 65), (52, 67), (79, 67), (51, 70), (52, 70), (77, 70), (78, 70), (79, 70), (53, 71), (75, 71), (76, 71), (54, 72), (72, 72), (73, 72), (74, 72), (55, 73), (70, 73), (71, 73), (56, 74), (67, 74), (68, 74), (69, 74), (57, 75), (65, 75), (66, 75), (58, 76), (62, 76), (63, 76), (64, 76), (59, 77), (60, 77), (61, 77)]
[(77, 70), (78, 70), (79, 70), (75, 71), (76, 71), (80, 71), (72, 72), (73, 72), (74, 72), (81, 72), (70, 73), (71, 73), (82, 73), (67, 74), (68, 74), (69, 74), (83, 74), (65, 75), (66, 75), (84, 75), (62, 76), (63, 76), (64, 76), (85, 76), (59, 77), (60, 77), (61, 77), (86, 77), (58, 79), (85, 79), (57, 82), (84, 82), (56, 84), (83, 84), (55, 87), (82, 87), (54, 89), (81, 89), (53, 92), (80, 92), (52, 94), (79, 94), (51, 97), (52, 97), (77, 97), (78, 97), (79, 97), (53, 98), (75, 98), (76, 98), (54, 99), (72, 99), (73, 99), (74, 99), (55, 100), (70, 100), (71, 100), (56, 101), (67, 101), (68, 101), (69, 101), (57, 102), (65, 102), (66, 102), (58, 103), (62, 103), (63, 103), (64, 103), (59, 104), (60, 104), (61, 104)]
[(104, 70), (105, 70), (106, 70), (102, 71), (103, 71), (107, 71), (99, 72), (100, 72), (101, 72), (108, 72), (97, 73), (98, 73), (109, 73), (94, 74), (95, 74), (96, 74), (110, 74), (92, 75), (93, 75), (111, 75), (89, 76), (90, 76), (91, 76), (112, 76), (86, 77), (87, 77), (88, 77), (113, 77), (85, 79), (112, 79), (84, 82), (111, 82), (83, 84), (110, 84), (82, 87), (109, 87), (81, 89), (108, 89), (80, 92), (107, 92), (79, 94), (106, 94), (78, 97), (79, 97), (104, 97), (105, 97), (106, 97), (80, 98), (102, 98), (103, 98), (81, 99), (99, 99), (100, 99), (101, 99), (82, 100), (97, 100), (98, 100), (83, 101), (94, 101), (95, 101), (96, 101), (84, 102), (92, 102), (93, 102), (85, 103), (89, 103), (90, 103), (91, 103), (86, 104), (87, 104), (88, 104)]
[(104, 97), (105, 97), (106, 97), (102, 98), (103, 98), (107, 98), (99, 99), (100, 99), (101, 99), (108, 99), (97, 100), (98, 100), (109, 100), (94, 101), (95, 101), (96, 101), (110, 101), (92, 102), (93, 102), (111, 102), (89, 103), (90, 103), (91, 103), (112, 103), (86, 104), (87, 104), (88, 104), (113, 104), (85, 106), (112, 106), (84, 109), (111, 109), (83, 111), (110, 111), (82, 114), (109, 114)]
[(113, 104), (114, 104), (112, 106), (111, 109), (110, 111), (109, 114)]
[(50, 70), (51, 70), (52, 70), (48, 71), (49, 71), (53, 71), (45, 72), (46, 72), (47, 72), (54, 72), (43, 73), (44, 73), (55, 73), (40, 74), (41, 74), (42, 74), (56, 74), (38, 75), (39, 75), (57, 75), (35, 76), (36, 76), (37, 76), (58, 76), (32, 77), (33, 77), (34, 77), (59, 77), (31, 79), (58, 79), (30, 82), (57, 82), (29, 84), (56, 84), (28, 87), (55, 87), (27, 89), (54, 89), (26, 92), (53, 92), (25, 94), (52, 94), (24, 97), (25, 97), (50, 97), (51, 97), (52, 97), (26, 98), (48, 98), (49, 98), (27, 99), (45, 99), (46, 99), (47, 99), (28, 100), (43, 100), (44, 100), (29, 101), (40, 101), (41, 101), (42, 101), (30, 102), (38, 102), (39, 102), (31, 103), (35, 103), (36, 103), (37, 103), (32, 104), (33, 104), (34, 104)]
[(50, 97), (51, 97), (52, 97), (48, 98), (49, 98), (53, 98), (45, 99), (46, 99), (47, 99), (54, 99), (43, 100), (44, 100), (55, 100), (40, 101), (41, 101), (42, 101), (56, 101), (38, 102), (39, 102), (57, 102), (35, 103), (36, 103), (37, 103), (58, 103), (32, 104), (33, 104), (34, 104), (59, 104), (31, 106), (58, 106), (30, 109), (57, 109), (29, 111), (56, 111), (28, 114), (55, 114)]
[(77, 97), (78, 97), (79, 97), (75, 98), (76, 98), (80, 98), (72, 99), (73, 99), (74, 99), (81, 99), (70, 100), (71, 100), (82, 100), (67, 101), (68, 101), (69, 101), (83, 101), (65, 102), (66, 102), (84, 102), (62, 103), (63, 103), (64, 103), (85, 103), (59, 104), (60, 104), (61, 104), (86, 104), (58, 106), (85, 106), (57, 109), (84, 109), (56, 111), (83, 111), (55, 114), (82, 114)]
