[(93, 14), (94, 14), (91, 15), (92, 15), (95, 15), (88, 16), (89, 16), (90, 16), (96, 16), (85, 17), (86, 17), (87, 17), (97, 17), (82, 18), (83, 18), (84, 18), (98, 18), (79, 19), (80, 19), (81, 19), (99, 19), (76, 20), (77, 20), (78, 20), (98, 21), (75, 22), (97, 24), (74, 25), (96, 27), (73, 28), (95, 30), (72, 31), (94, 33), (71, 34), (93, 36), (70, 37), (92, 37), (93, 37), (70, 38), (90, 38), (91, 38), (71, 39), (87, 39), (88, 39), (89, 39), (72, 40), (84, 40), (85, 40), (86, 40), (73, 41), (81, 41), (82, 41), (83, 41), (74, 42), (78, 42), (79, 42), (80, 42), (75, 43), (76, 43), (77, 43)]
[(114, 14), (111, 15), (112, 15), (113, 15), (108, 16), (109, 16), (110, 16), (105, 17), (106, 17), (107, 17), (102, 18), (103, 18), (104, 18), (99, 19), (100, 19), (101, 19), (98, 21), (97, 24), (96, 27), (95, 30), (94, 33), (93, 36), (93, 37), (113, 37), (114, 37), (94, 38), (110, 38), (111, 38), (112, 38), (95, 39), (107, 39), (108, 39), (109, 39), (96, 40), (104, 40), (105, 40), (106, 40), (97, 41), (101, 41), (102, 41), (103, 41), (98, 42), (99, 42), (100, 42)]
[(113, 37), (114, 37), (110, 38), (111, 38), (112, 38), (107, 39), (108, 39), (109, 39), (104, 40), (105, 40), (106, 40), (101, 41), (102, 41), (103, 41), (98, 42), (99, 42), (100, 42), (97, 44), (96, 47), (95, 50), (94, 53), (93, 56), (92, 59), (114, 59), (92, 60), (112, 60), (113, 60), (93, 61), (109, 61), (110, 61), (111, 61), (94, 62), (106, 62), (107, 62), (108, 62), (95, 63), (103, 63), (104, 63), (105, 63), (96, 64), (100, 64), (101, 64), (102, 64), (97, 65), (98, 65), (99, 65)]
[(114, 81), (114, 82)]
[(47, 16), (48, 16), (45, 17), (46, 17), (49, 17), (42, 18), (43, 18), (44, 18), (50, 18), (39, 19), (40, 19), (41, 19), (51, 19), (36, 20), (37, 20), (38, 20), (52, 20), (33, 21), (34, 21), (35, 21), (53, 21), (30, 22), (31, 22), (32, 22), (52, 23), (29, 24), (51, 26), (28, 27), (50, 29), (27, 30), (49, 32), (26, 33), (48, 35), (25, 36), (47, 38), (24, 39), (46, 39), (47, 39), (24, 40), (44, 40), (45, 40), (25, 41), (41, 41), (42, 41), (43, 41), (26, 42), (38, 42), (39, 42), (40, 42), (27, 43), (35, 43), (36, 43), (37, 43), (28, 44), (32, 44), (33, 44), (34, 44), (29, 45), (30, 45), (31, 45)]
[(70, 15), (71, 15), (68, 16), (69, 16), (72, 16), (65, 17), (66, 17), (67, 17), (73, 17), (62, 18), (63, 18), (64, 18), (74, 18), (59, 19), (60, 19), (61, 19), (75, 19), (56, 20), (57, 20), (58, 20), (76, 20), (53, 21), (54, 21), (55, 21), (75, 22), (52, 23), (74, 25), (51, 26), (73, 28), (50, 29), (72, 31), (49, 32), (71, 34), (48, 35), (70, 37), (47, 38), (69, 38), (70, 38), (47, 39), (67, 39), (68, 39), (48, 40), (64, 40), (65, 40), (66, 40), (49, 41), (61, 41), (62, 41), (63, 41), (50, 42), (58, 42), (59, 42), (60, 42), (51, 43), (55, 43), (56, 43), (57, 43), (52, 44), (53, 44), (54, 44)]
[(69, 38), (70, 38), (67, 39), (68, 39), (71, 39), (64, 40), (65, 40), (66, 40), (72, 40), (61, 41), (62, 41), (63, 41), (73, 41), (58, 42), (59, 42), (60, 42), (74, 42), (55, 43), (56, 43), (57, 43), (75, 43), (52, 44), (53, 44), (54, 44), (74, 45), (51, 46), (73, 48), (50, 49), (72, 51), (49, 52), (71, 54), (48, 55), (70, 57), (47, 58), (69, 60), (46, 61), (68, 61), (69, 61), (46, 62), (66, 62), (67, 62), (47, 63), (63, 63), (64, 63), (65, 63), (48, 64), (60, 64), (61, 64), (62, 64), (49, 65), (57, 65), (58, 65), (59, 65), (50, 66), (54, 66), (55, 66), (56, 66), (51, 67), (52, 67), (53, 67)]
[(92, 37), (93, 37), (90, 38), (91, 38), (94, 38), (87, 39), (88, 39), (89, 39), (95, 39), (84, 40), (85, 40), (86, 40), (96, 40), (81, 41), (82, 41), (83, 41), (97, 41), (78, 42), (79, 42), (80, 42), (98, 42), (75, 43), (76, 43), (77, 43), (97, 44), (74, 45), (96, 47), (73, 48), (95, 50), (72, 51), (94, 53), (71, 54), (93, 56), (70, 57), (92, 59), (69, 60), (91, 60), (92, 60), (69, 61), (89, 61), (90, 61), (70, 62), (86, 62), (87, 62), (88, 62), (71, 63), (83, 63), (84, 63), (85, 63), (72, 64), (80, 64), (81, 64), (82, 64), (73, 65), (77, 65), (78, 65), (79, 65), (74, 66), (75, 66), (76, 66)]
[(91, 60), (92, 60), (89, 61), (90, 61), (93, 61), (86, 62), (87, 62), (88, 62), (94, 62), (83, 63), (84, 63), (85, 63), (95, 63), (80, 64), (81, 64), (82, 64), (96, 64), (77, 65), (78, 65), (79, 65), (97, 65), (74, 66), (75, 66), (76, 66), (96, 67), (73, 68), (95, 70), (72, 71), (94, 73), (71, 74), (93, 76), (70, 77), (92, 79), (69, 80), (91, 82), (68, 83), (90, 83), (91, 83), (68, 84), (88, 84), (89, 84), (69, 85), (85, 85), (86, 85), (87, 85), (70, 86), (82, 86), (83, 86), (84, 86), (71, 87), (79, 87), (80, 87), (81, 87), (72, 88), (76, 88), (77, 88), (78, 88), (73, 89), (74, 89), (75, 89)]
[(114, 59), (112, 60), (113, 60), (109, 61), (110, 61), (111, 61), (106, 62), (107, 62), (108, 62), (103, 63), (104, 63), (105, 63), (100, 64), (101, 64), (102, 64), (97, 65), (98, 65), (99, 65), (96, 67), (95, 70), (94, 73), (93, 76), (92, 79), (114, 81), (91, 82), (113, 82), (114, 82), (91, 83), (111, 83), (112, 83), (92, 84), (108, 84), (109, 84), (110, 84), (93, 85), (105, 85), (106, 85), (107, 85), (94, 86), (102, 86), (103, 86), (104, 86), (95, 87), (99, 87), (100, 87), (101, 87), (96, 88), (97, 88), (98, 88)]
[(113, 82), (114, 82), (111, 83), (112, 83), (108, 84), (109, 84), (110, 84), (105, 85), (106, 85), (107, 85), (102, 86), (103, 86), (104, 86), (99, 87), (100, 87), (101, 87), (96, 88), (97, 88), (98, 88), (95, 90), (94, 93), (93, 96), (92, 99), (114, 101), (91, 102), (113, 104), (90, 105), (112, 105), (113, 105), (90, 106), (110, 106), (111, 106), (91, 107), (107, 107), (108, 107), (109, 107), (92, 108), (104, 108), (105, 108), (106, 108), (93, 109), (101, 109), (102, 109), (103, 109), (94, 110), (98, 110), (99, 110), (100, 110), (95, 111), (96, 111), (97, 111)]
[(114, 101), (113, 104), (113, 105), (114, 106)]
[(23, 40), (24, 40), (21, 41), (22, 41), (25, 41), (18, 42), (19, 42), (20, 42), (26, 42), (15, 43), (16, 43), (17, 43), (27, 43), (12, 44), (13, 44), (14, 44), (28, 44), (9, 45), (10, 45), (11, 45), (29, 45), (6, 46), (7, 46), (8, 46), (28, 47), (5, 48), (27, 50), (4, 51), (26, 53), (3, 54), (25, 56), (2, 57), (24, 59), (1, 60), (23, 62), (0, 63), (22, 63), (23, 63), (0, 64), (20, 64), (21, 64), (1, 65), (17, 65), (18, 65), (19, 65), (2, 66), (14, 66), (15, 66), (16, 66), (3, 67), (11, 67), (12, 67), (13, 67), (4, 68), (8, 68), (9, 68), (10, 68), (5, 69), (6, 69), (7, 69)]
[(46, 39), (47, 39), (44, 40), (45, 40), (48, 40), (41, 41), (42, 41), (43, 41), (49, 41), (38, 42), (39, 42), (40, 42), (50, 42), (35, 43), (36, 43), (37, 43), (51, 43), (32, 44), (33, 44), (34, 44), (52, 44), (29, 45), (30, 45), (31, 45), (51, 46), (28, 47), (50, 49), (27, 50), (49, 52), (26, 53), (48, 55), (25, 56), (47, 58), (24, 59), (46, 61), (23, 62), (45, 62), (46, 62), (23, 63), (43, 63), (44, 63), (24, 64), (40, 64), (41, 64), (42, 64), (25, 65), (37, 65), (38, 65), (39, 65), (26, 66), (34, 66), (35, 66), (36, 66), (27, 67), (31, 67), (32, 67), (33, 67), (28, 68), (29, 68), (30, 68)]
[(45, 62), (46, 62), (43, 63), (44, 63), (47, 63), (40, 64), (41, 64), (42, 64), (48, 64), (37, 65), (38, 65), (39, 65), (49, 65), (34, 66), (35, 66), (36, 66), (50, 66), (31, 67), (32, 67), (33, 67), (51, 67), (28, 68), (29, 68), (30, 68), (50, 69), (27, 70), (49, 72), (26, 73), (48, 75), (25, 76), (47, 78), (24, 79), (46, 81), (23, 82), (45, 84), (22, 85), (44, 85), (45, 85), (22, 86), (42, 86), (43, 86), (23, 87), (39, 87), (40, 87), (41, 87), (24, 88), (36, 88), (37, 88), (38, 88), (25, 89), (33, 89), (34, 89), (35, 89), (26, 90), (30, 90), (31, 90), (32, 90), (27, 91), (28, 91), (29, 91)]
[(68, 61), (69, 61), (66, 62), (67, 62), (70, 62), (63, 63), (64, 63), (65, 63), (71, 63), (60, 64), (61, 64), (62, 64), (72, 64), (57, 65), (58, 65), (59, 65), (73, 65), (54, 66), (55, 66), (56, 66), (74, 66), (51, 67), (52, 67), (53, 67), (73, 68), (50, 69), (72, 71), (49, 72), (71, 74), (48, 75), (70, 77), (47, 78), (69, 80), (46, 81), (68, 83), (45, 84), (67, 84), (68, 84), (45, 85), (65, 85), (66, 85), (46, 86), (62, 86), (63, 86), (64, 86), (47, 87), (59, 87), (60, 87), (61, 87), (48, 88), (56, 88), (57, 88), (58, 88), (49, 89), (53, 89), (54, 89), (55, 89), (50, 90), (51, 90), (52, 90)]
[(67, 84), (68, 84), (65, 85), (66, 85), (69, 85), (62, 86), (63, 86), (64, 86), (70, 86), (59, 87), (60, 87), (61, 87), (71, 87), (56, 88), (57, 88), (58, 88), (72, 88), (53, 89), (54, 89), (55, 89), (73, 89), (50, 90), (51, 90), (52, 90), (72, 91), (49, 92), (71, 94), (48, 95), (70, 97), (47, 98), (69, 100), (46, 101), (68, 103), (45, 104), (67, 106), (44, 107), (66, 107), (67, 107), (44, 108), (64, 108), (65, 108), (45, 109), (61, 109), (62, 109), (63, 109), (46, 110), (58, 110), (59, 110), (60, 110), (47, 111), (55, 111), (56, 111), (57, 111), (48, 112), (52, 112), (53, 112), (54, 112), (49, 113), (50, 113), (51, 113)]
[(90, 83), (91, 83), (88, 84), (89, 84), (92, 84), (85, 85), (86, 85), (87, 85), (93, 85), (82, 86), (83, 86), (84, 86), (94, 86), (79, 87), (80, 87), (81, 87), (95, 87), (76, 88), (77, 88), (78, 88), (96, 88), (73, 89), (74, 89), (75, 89), (95, 90), (72, 91), (94, 93), (71, 94), (93, 96), (70, 97), (92, 99), (69, 100), (91, 102), (68, 103), (90, 105), (67, 106), (89, 106), (90, 106), (67, 107), (87, 107), (88, 107), (68, 108), (84, 108), (85, 108), (86, 108), (69, 109), (81, 109), (82, 109), (83, 109), (70, 110), (78, 110), (79, 110), (80, 110), (71, 111), (75, 111), (76, 111), (77, 111), (72, 112), (73, 112), (74, 112)]
[(89, 106), (90, 106), (87, 107), (88, 107), (91, 107), (84, 108), (85, 108), (86, 108), (92, 108), (81, 109), (82, 109), (83, 109), (93, 109), (78, 110), (79, 110), (80, 110), (94, 110), (75, 111), (76, 111), (77, 111), (95, 111), (72, 112), (73, 112), (74, 112), (94, 113), (71, 114)]
[(112, 105), (113, 105), (110, 106), (111, 106), (114, 106), (107, 107), (108, 107), (109, 107), (104, 108), (105, 108), (106, 108), (101, 109), (102, 109), (103, 109), (98, 110), (99, 110), (100, 110), (95, 111), (96, 111), (97, 111), (94, 113)]
[(22, 63), (23, 63), (20, 64), (21, 64), (24, 64), (17, 65), (18, 65), (19, 65), (25, 65), (14, 66), (15, 66), (16, 66), (26, 66), (11, 67), (12, 67), (13, 67), (27, 67), (8, 68), (9, 68), (10, 68), (28, 68), (5, 69), (6, 69), (7, 69), (27, 70), (4, 71), (26, 73), (3, 74), (25, 76), (2, 77), (24, 79), (1, 80), (23, 82), (0, 83), (22, 85), (21, 86), (22, 86), (19, 87), (20, 87), (0, 88), (16, 88), (17, 88), (18, 88), (1, 89), (13, 89), (14, 89), (15, 89), (2, 90), (10, 90), (11, 90), (12, 90), (3, 91), (7, 91), (8, 91), (9, 91), (4, 92), (5, 92), (6, 92)]
[(21, 86), (22, 86), (19, 87), (20, 87), (23, 87), (16, 88), (17, 88), (18, 88), (24, 88), (13, 89), (14, 89), (15, 89), (25, 89), (10, 90), (11, 90), (12, 90), (26, 90), (7, 91), (8, 91), (9, 91), (27, 91), (4, 92), (5, 92), (6, 92), (26, 93), (3, 94), (25, 96), (2, 97), (24, 99), (1, 100), (23, 102), (0, 103), (22, 105), (21, 108), (20, 109), (21, 109), (18, 110), (19, 110), (15, 111), (16, 111), (17, 111), (0, 112), (12, 112), (13, 112), (14, 112), (1, 113), (9, 113), (10, 113), (11, 113), (2, 114), (6, 114), (7, 114), (8, 114)]
[(44, 85), (45, 85), (42, 86), (43, 86), (46, 86), (39, 87), (40, 87), (41, 87), (47, 87), (36, 88), (37, 88), (38, 88), (48, 88), (33, 89), (34, 89), (35, 89), (49, 89), (30, 90), (31, 90), (32, 90), (50, 90), (27, 91), (28, 91), (29, 91), (49, 92), (26, 93), (48, 95), (25, 96), (47, 98), (24, 99), (46, 101), (23, 102), (45, 104), (22, 105), (44, 107), (21, 108), (43, 108), (44, 108), (21, 109), (41, 109), (42, 109), (22, 110), (38, 110), (39, 110), (40, 110), (23, 111), (35, 111), (36, 111), (37, 111), (24, 112), (32, 112), (33, 112), (34, 112), (25, 113), (29, 113), (30, 113), (31, 113), (26, 114), (27, 114), (28, 114)]
[(43, 108), (44, 108), (41, 109), (42, 109), (45, 109), (38, 110), (39, 110), (40, 110), (46, 110), (35, 111), (36, 111), (37, 111), (47, 111), (32, 112), (33, 112), (34, 112), (48, 112), (29, 113), (30, 113), (31, 113), (49, 113), (26, 114), (27, 114), (28, 114)]
[(66, 107), (67, 107), (64, 108), (65, 108), (68, 108), (61, 109), (62, 109), (63, 109), (69, 109), (58, 110), (59, 110), (60, 110), (70, 110), (55, 111), (56, 111), (57, 111), (71, 111), (52, 112), (53, 112), (54, 112), (72, 112), (49, 113), (50, 113), (51, 113), (71, 114)]
[(20, 109), (21, 109), (18, 110), (19, 110), (22, 110), (15, 111), (16, 111), (17, 111), (23, 111), (12, 112), (13, 112), (14, 112), (24, 112), (9, 113), (10, 113), (11, 113), (25, 113), (6, 114), (7, 114), (8, 114), (26, 114)]
