[(95, 30), (93, 31), (94, 31), (96, 31), (90, 32), (91, 32), (92, 32), (97, 32), (88, 33), (89, 33), (98, 33), (86, 34), (87, 34), (99, 34), (83, 35), (84, 35), (85, 35), (100, 35), (81, 36), (82, 36), (101, 36), (79, 37), (80, 37), (102, 37), (76, 38), (77, 38), (78, 38), (103, 38), (104, 39), (75, 40), (103, 41), (74, 42), (102, 43), (73, 44), (101, 45), (72, 47), (100, 48), (71, 49), (99, 50), (70, 51), (98, 52), (69, 54), (97, 55), (68, 56), (68, 57), (96, 57), (69, 58), (96, 58), (70, 59), (94, 59), (95, 59), (71, 60), (91, 60), (92, 60), (93, 60), (72, 61), (89, 61), (90, 61), (73, 62), (87, 62), (88, 62), (74, 63), (84, 63), (85, 63), (86, 63), (75, 64), (82, 64), (83, 64), (76, 65), (80, 65), (81, 65), (77, 66), (78, 66), (79, 66)]
[(114, 35), (111, 36), (112, 36), (113, 36), (109, 37), (110, 37), (107, 38), (108, 38), (104, 39), (105, 39), (106, 39), (103, 41), (102, 43), (101, 45), (100, 48), (99, 50), (98, 52), (97, 55), (96, 57), (96, 58), (97, 59), (98, 60), (99, 61), (100, 62), (101, 63), (102, 64), (112, 64), (113, 64), (114, 64), (103, 65), (110, 65), (111, 65), (104, 66), (108, 66), (109, 66), (105, 67), (106, 67), (107, 67)]
[(112, 64), (113, 64), (114, 64), (110, 65), (111, 65), (108, 66), (109, 66), (105, 67), (106, 67), (107, 67), (104, 69), (103, 71), (102, 73), (101, 76), (100, 78), (99, 80), (98, 83), (97, 85), (97, 86), (98, 87), (99, 88), (100, 89), (101, 90), (102, 91), (103, 92), (113, 92), (114, 92), (104, 93), (111, 93), (112, 93), (105, 94), (109, 94), (110, 94), (106, 95), (107, 95), (108, 95)]
[(39, 28), (37, 29), (38, 29), (40, 29), (34, 30), (35, 30), (36, 30), (41, 30), (32, 31), (33, 31), (42, 31), (30, 32), (31, 32), (43, 32), (27, 33), (28, 33), (29, 33), (44, 33), (25, 34), (26, 34), (45, 34), (23, 35), (24, 35), (46, 35), (20, 36), (21, 36), (22, 36), (47, 36), (48, 37), (19, 38), (47, 39), (18, 40), (46, 41), (17, 42), (45, 43), (16, 45), (44, 46), (15, 47), (43, 48), (14, 49), (42, 50), (13, 52), (41, 53), (12, 54), (12, 55), (40, 55), (13, 56), (40, 56), (14, 57), (38, 57), (39, 57), (15, 58), (35, 58), (36, 58), (37, 58), (16, 59), (33, 59), (34, 59), (17, 60), (31, 60), (32, 60), (18, 61), (28, 61), (29, 61), (30, 61), (19, 62), (26, 62), (27, 62), (20, 63), (24, 63), (25, 63), (21, 64), (22, 64), (23, 64)]
[(67, 29), (65, 30), (66, 30), (68, 30), (62, 31), (63, 31), (64, 31), (69, 31), (60, 32), (61, 32), (70, 32), (58, 33), (59, 33), (71, 33), (55, 34), (56, 34), (57, 34), (72, 34), (53, 35), (54, 35), (73, 35), (51, 36), (52, 36), (74, 36), (48, 37), (49, 37), (50, 37), (75, 37), (76, 38), (47, 39), (75, 40), (46, 41), (74, 42), (45, 43), (73, 44), (44, 46), (72, 47), (43, 48), (71, 49), (42, 50), (70, 51), (41, 53), (69, 54), (40, 55), (40, 56), (68, 56), (41, 57), (68, 57), (42, 58), (66, 58), (67, 58), (43, 59), (63, 59), (64, 59), (65, 59), (44, 60), (61, 60), (62, 60), (45, 61), (59, 61), (60, 61), (46, 62), (56, 62), (57, 62), (58, 62), (47, 63), (54, 63), (55, 63), (48, 64), (52, 64), (53, 64), (49, 65), (50, 65), (51, 65)]
[(68, 57), (66, 58), (67, 58), (69, 58), (63, 59), (64, 59), (65, 59), (70, 59), (61, 60), (62, 60), (71, 60), (59, 61), (60, 61), (72, 61), (56, 62), (57, 62), (58, 62), (73, 62), (54, 63), (55, 63), (74, 63), (52, 64), (53, 64), (75, 64), (49, 65), (50, 65), (51, 65), (76, 65), (77, 66), (48, 67), (76, 68), (47, 69), (75, 70), (46, 71), (74, 72), (45, 74), (73, 75), (44, 76), (72, 77), (43, 78), (71, 79), (42, 81), (70, 82), (41, 83), (41, 84), (69, 84), (42, 85), (69, 85), (43, 86), (67, 86), (68, 86), (44, 87), (64, 87), (65, 87), (66, 87), (45, 88), (62, 88), (63, 88), (46, 89), (60, 89), (61, 89), (47, 90), (57, 90), (58, 90), (59, 90), (48, 91), (55, 91), (56, 91), (49, 92), (53, 92), (54, 92), (50, 93), (51, 93), (52, 93)]
[(96, 58), (94, 59), (95, 59), (97, 59), (91, 60), (92, 60), (93, 60), (98, 60), (89, 61), (90, 61), (99, 61), (87, 62), (88, 62), (100, 62), (84, 63), (85, 63), (86, 63), (101, 63), (82, 64), (83, 64), (102, 64), (80, 65), (81, 65), (103, 65), (77, 66), (78, 66), (79, 66), (104, 66), (105, 67), (76, 68), (104, 69), (75, 70), (103, 71), (74, 72), (102, 73), (73, 75), (101, 76), (72, 77), (100, 78), (71, 79), (99, 80), (70, 82), (98, 83), (69, 84), (69, 85), (97, 85), (70, 86), (97, 86), (71, 87), (95, 87), (96, 87), (72, 88), (92, 88), (93, 88), (94, 88), (73, 89), (90, 89), (91, 89), (74, 90), (88, 90), (89, 90), (75, 91), (85, 91), (86, 91), (87, 91), (76, 92), (83, 92), (84, 92), (77, 93), (81, 93), (82, 93), (78, 94), (79, 94), (80, 94)]
[(97, 86), (95, 87), (96, 87), (98, 87), (92, 88), (93, 88), (94, 88), (99, 88), (90, 89), (91, 89), (100, 89), (88, 90), (89, 90), (101, 90), (85, 91), (86, 91), (87, 91), (102, 91), (83, 92), (84, 92), (103, 92), (81, 93), (82, 93), (104, 93), (78, 94), (79, 94), (80, 94), (105, 94), (106, 95), (77, 96), (105, 97), (76, 98), (104, 99), (75, 100), (103, 101), (74, 103), (102, 104), (73, 105), (101, 106), (72, 107), (100, 108), (71, 110), (99, 111), (70, 112), (70, 113), (98, 113), (71, 114), (98, 114)]
[(113, 92), (114, 92), (111, 93), (112, 93), (109, 94), (110, 94), (106, 95), (107, 95), (108, 95), (105, 97), (104, 99), (103, 101), (102, 104), (101, 106), (100, 108), (99, 111), (98, 113), (98, 114)]
[(12, 55), (10, 56), (11, 56), (13, 56), (7, 57), (8, 57), (9, 57), (14, 57), (5, 58), (6, 58), (15, 58), (3, 59), (4, 59), (16, 59), (0, 60), (1, 60), (2, 60), (17, 60), (18, 61), (19, 62), (20, 63), (21, 64), (20, 66), (19, 68), (18, 70), (17, 73), (16, 75), (15, 77), (14, 80), (13, 82), (13, 83), (11, 84), (12, 84), (8, 85), (9, 85), (10, 85), (6, 86), (7, 86), (4, 87), (5, 87), (1, 88), (2, 88), (3, 88), (0, 89)]
[(40, 56), (38, 57), (39, 57), (41, 57), (35, 58), (36, 58), (37, 58), (42, 58), (33, 59), (34, 59), (43, 59), (31, 60), (32, 60), (44, 60), (28, 61), (29, 61), (30, 61), (45, 61), (26, 62), (27, 62), (46, 62), (24, 63), (25, 63), (47, 63), (21, 64), (22, 64), (23, 64), (48, 64), (49, 65), (20, 66), (48, 67), (19, 68), (47, 69), (18, 70), (46, 71), (17, 73), (45, 74), (16, 75), (44, 76), (15, 77), (43, 78), (14, 80), (42, 81), (13, 82), (13, 83), (41, 83), (14, 84), (41, 84), (15, 85), (39, 85), (40, 85), (16, 86), (36, 86), (37, 86), (38, 86), (17, 87), (34, 87), (35, 87), (18, 88), (32, 88), (33, 88), (19, 89), (29, 89), (30, 89), (31, 89), (20, 90), (27, 90), (28, 90), (21, 91), (25, 91), (26, 91), (22, 92), (23, 92), (24, 92)]
[(41, 84), (39, 85), (40, 85), (42, 85), (36, 86), (37, 86), (38, 86), (43, 86), (34, 87), (35, 87), (44, 87), (32, 88), (33, 88), (45, 88), (29, 89), (30, 89), (31, 89), (46, 89), (27, 90), (28, 90), (47, 90), (25, 91), (26, 91), (48, 91), (22, 92), (23, 92), (24, 92), (49, 92), (50, 93), (21, 94), (49, 95), (20, 96), (48, 97), (19, 98), (47, 99), (18, 101), (46, 102), (17, 103), (45, 104), (16, 105), (44, 106), (15, 108), (43, 109), (14, 110), (14, 111), (42, 111), (15, 112), (42, 112), (16, 113), (40, 113), (41, 113), (17, 114), (37, 114), (38, 114), (39, 114)]
[(69, 85), (67, 86), (68, 86), (70, 86), (64, 87), (65, 87), (66, 87), (71, 87), (62, 88), (63, 88), (72, 88), (60, 89), (61, 89), (73, 89), (57, 90), (58, 90), (59, 90), (74, 90), (55, 91), (56, 91), (75, 91), (53, 92), (54, 92), (76, 92), (50, 93), (51, 93), (52, 93), (77, 93), (78, 94), (49, 95), (77, 96), (48, 97), (76, 98), (47, 99), (75, 100), (46, 102), (74, 103), (45, 104), (73, 105), (44, 106), (72, 107), (43, 109), (71, 110), (42, 111), (42, 112), (70, 112), (43, 113), (70, 113), (44, 114), (68, 114), (69, 114)]
[(70, 113), (68, 114), (69, 114), (71, 114)]
[(98, 114)]
[(13, 83), (11, 84), (12, 84), (14, 84), (8, 85), (9, 85), (10, 85), (15, 85), (6, 86), (7, 86), (16, 86), (4, 87), (5, 87), (17, 87), (1, 88), (2, 88), (3, 88), (18, 88), (0, 89), (19, 89), (20, 90), (21, 91), (22, 92), (21, 94), (20, 96), (19, 98), (18, 101), (17, 103), (16, 105), (15, 108), (14, 110), (14, 111), (12, 112), (13, 112), (9, 113), (10, 113), (11, 113), (7, 114), (8, 114)]
[(14, 111), (12, 112), (13, 112), (15, 112), (9, 113), (10, 113), (11, 113), (16, 113), (7, 114), (8, 114), (17, 114)]
[(42, 112), (40, 113), (41, 113), (43, 113), (37, 114), (38, 114), (39, 114), (44, 114)]
