[(111, 18), (112, 18), (113, 18), (114, 18), (107, 19), (108, 19), (109, 19), (110, 19), (106, 22), (105, 26), (104, 30), (103, 34), (102, 38), (103, 38), (104, 39), (114, 39), (105, 40), (110, 40), (111, 40), (112, 40), (113, 40), (106, 41), (107, 41), (108, 41), (109, 41)]
[(79, 17), (80, 17), (81, 17), (82, 17), (75, 18), (76, 18), (77, 18), (78, 18), (83, 18), (71, 19), (72, 19), (73, 19), (74, 19), (84, 19), (67, 20), (68, 20), (69, 20), (70, 20), (85, 20), (63, 21), (64, 21), (65, 21), (66, 21), (84, 23), (62, 24), (83, 27), (61, 28), (82, 31), (60, 32), (81, 35), (59, 36), (78, 39), (79, 39), (80, 39), (81, 39), (58, 40), (59, 40), (74, 40), (75, 40), (76, 40), (77, 40), (60, 41), (70, 41), (71, 41), (72, 41), (73, 41), (61, 42), (66, 42), (67, 42), (68, 42), (69, 42), (62, 43), (63, 43), (64, 43), (65, 43)]
[(101, 16), (102, 16), (103, 16), (104, 16), (97, 17), (98, 17), (99, 17), (100, 17), (105, 17), (93, 18), (94, 18), (95, 18), (96, 18), (106, 18), (89, 19), (90, 19), (91, 19), (92, 19), (107, 19), (85, 20), (86, 20), (87, 20), (88, 20), (106, 22), (84, 23), (105, 26), (83, 27), (104, 30), (82, 31), (103, 34), (81, 35), (100, 38), (101, 38), (102, 38), (103, 38), (80, 39), (81, 39), (96, 39), (97, 39), (98, 39), (99, 39), (82, 40), (92, 40), (93, 40), (94, 40), (95, 40), (83, 41), (88, 41), (89, 41), (90, 41), (91, 41), (84, 42), (85, 42), (86, 42), (87, 42)]
[(100, 38), (101, 38), (102, 38), (103, 38), (96, 39), (97, 39), (98, 39), (99, 39), (104, 39), (92, 40), (93, 40), (94, 40), (95, 40), (105, 40), (88, 41), (89, 41), (90, 41), (91, 41), (106, 41), (84, 42), (85, 42), (86, 42), (87, 42), (105, 44), (83, 45), (104, 48), (82, 49), (103, 52), (81, 53), (102, 56), (80, 57), (99, 60), (100, 60), (101, 60), (102, 60), (79, 61), (80, 61), (95, 61), (96, 61), (97, 61), (98, 61), (81, 62), (91, 62), (92, 62), (93, 62), (94, 62), (82, 63), (87, 63), (88, 63), (89, 63), (90, 63), (83, 64), (84, 64), (85, 64), (86, 64)]
[(114, 39), (110, 40), (111, 40), (112, 40), (113, 40), (106, 41), (107, 41), (108, 41), (109, 41), (105, 44), (104, 48), (103, 52), (102, 56), (101, 60), (102, 60), (103, 61), (113, 61), (114, 61), (104, 62), (109, 62), (110, 62), (111, 62), (112, 62), (105, 63), (106, 63), (107, 63), (108, 63)]
[(113, 61), (114, 61), (109, 62), (110, 62), (111, 62), (112, 62), (105, 63), (106, 63), (107, 63), (108, 63), (104, 66), (103, 70), (102, 74), (101, 78), (100, 82), (101, 82), (102, 83), (112, 83), (113, 83), (114, 83), (103, 84), (108, 84), (109, 84), (110, 84), (111, 84), (104, 85), (105, 85), (106, 85), (107, 85)]
[(56, 40), (57, 40), (58, 40), (59, 40), (52, 41), (53, 41), (54, 41), (55, 41), (60, 41), (48, 42), (49, 42), (50, 42), (51, 42), (61, 42), (44, 43), (45, 43), (46, 43), (47, 43), (62, 43), (40, 44), (41, 44), (42, 44), (43, 44), (61, 46), (39, 47), (60, 50), (38, 51), (59, 54), (37, 55), (58, 58), (36, 59), (55, 62), (56, 62), (57, 62), (58, 62), (35, 63), (36, 63), (51, 63), (52, 63), (53, 63), (54, 63), (37, 64), (47, 64), (48, 64), (49, 64), (50, 64), (38, 65), (43, 65), (44, 65), (45, 65), (46, 65), (39, 66), (40, 66), (41, 66), (42, 66)]
[(78, 39), (79, 39), (80, 39), (81, 39), (74, 40), (75, 40), (76, 40), (77, 40), (82, 40), (70, 41), (71, 41), (72, 41), (73, 41), (83, 41), (66, 42), (67, 42), (68, 42), (69, 42), (84, 42), (62, 43), (63, 43), (64, 43), (65, 43), (83, 45), (61, 46), (82, 49), (60, 50), (81, 53), (59, 54), (80, 57), (58, 58), (77, 61), (78, 61), (79, 61), (80, 61), (57, 62), (58, 62), (73, 62), (74, 62), (75, 62), (76, 62), (59, 63), (69, 63), (70, 63), (71, 63), (72, 63), (60, 64), (65, 64), (66, 64), (67, 64), (68, 64), (61, 65), (62, 65), (63, 65), (64, 65)]
[(77, 61), (78, 61), (79, 61), (80, 61), (73, 62), (74, 62), (75, 62), (76, 62), (81, 62), (69, 63), (70, 63), (71, 63), (72, 63), (82, 63), (65, 64), (66, 64), (67, 64), (68, 64), (83, 64), (61, 65), (62, 65), (63, 65), (64, 65), (82, 67), (60, 68), (81, 71), (59, 72), (80, 75), (58, 76), (79, 79), (57, 80), (76, 83), (77, 83), (78, 83), (79, 83), (56, 84), (57, 84), (72, 84), (73, 84), (74, 84), (75, 84), (58, 85), (68, 85), (69, 85), (70, 85), (71, 85), (59, 86), (64, 86), (65, 86), (66, 86), (67, 86), (60, 87), (61, 87), (62, 87), (63, 87)]
[(99, 60), (100, 60), (101, 60), (102, 60), (95, 61), (96, 61), (97, 61), (98, 61), (103, 61), (91, 62), (92, 62), (93, 62), (94, 62), (104, 62), (87, 63), (88, 63), (89, 63), (90, 63), (105, 63), (83, 64), (84, 64), (85, 64), (86, 64), (104, 66), (82, 67), (103, 70), (81, 71), (102, 74), (80, 75), (101, 78), (79, 79), (98, 82), (99, 82), (100, 82), (101, 82), (78, 83), (79, 83), (94, 83), (95, 83), (96, 83), (97, 83), (80, 84), (90, 84), (91, 84), (92, 84), (93, 84), (81, 85), (86, 85), (87, 85), (88, 85), (89, 85), (82, 86), (83, 86), (84, 86), (85, 86)]
[(98, 82), (99, 82), (100, 82), (101, 82), (94, 83), (95, 83), (96, 83), (97, 83), (102, 83), (90, 84), (91, 84), (92, 84), (93, 84), (103, 84), (86, 85), (87, 85), (88, 85), (89, 85), (104, 85), (82, 86), (83, 86), (84, 86), (85, 86), (103, 88), (81, 89), (102, 92), (80, 93), (101, 96), (79, 97), (100, 100), (78, 101), (97, 104), (98, 104), (99, 104), (100, 104), (77, 105), (78, 105), (93, 105), (94, 105), (95, 105), (96, 105), (79, 106), (89, 106), (90, 106), (91, 106), (92, 106), (80, 107), (85, 107), (86, 107), (87, 107), (88, 107), (81, 108), (82, 108), (83, 108), (84, 108)]
[(112, 83), (113, 83), (114, 83), (108, 84), (109, 84), (110, 84), (111, 84), (104, 85), (105, 85), (106, 85), (107, 85), (103, 88), (102, 92), (101, 96), (100, 100), (99, 104), (100, 104), (101, 105), (111, 105), (112, 105), (113, 105), (114, 105), (102, 106), (107, 106), (108, 106), (109, 106), (110, 106), (103, 107), (104, 107), (105, 107), (106, 107)]
[(55, 62), (56, 62), (57, 62), (58, 62), (51, 63), (52, 63), (53, 63), (54, 63), (59, 63), (47, 64), (48, 64), (49, 64), (50, 64), (60, 64), (43, 65), (44, 65), (45, 65), (46, 65), (61, 65), (39, 66), (40, 66), (41, 66), (42, 66), (60, 68), (38, 69), (59, 72), (37, 73), (58, 76), (36, 77), (57, 80), (35, 81), (54, 84), (55, 84), (56, 84), (57, 84), (34, 85), (35, 85), (50, 85), (51, 85), (52, 85), (53, 85), (36, 86), (46, 86), (47, 86), (48, 86), (49, 86), (37, 87), (42, 87), (43, 87), (44, 87), (45, 87), (38, 88), (39, 88), (40, 88), (41, 88)]
[(54, 84), (55, 84), (56, 84), (57, 84), (50, 85), (51, 85), (52, 85), (53, 85), (58, 85), (46, 86), (47, 86), (48, 86), (49, 86), (59, 86), (42, 87), (43, 87), (44, 87), (45, 87), (60, 87), (38, 88), (39, 88), (40, 88), (41, 88), (59, 90), (37, 91), (58, 94), (36, 95), (57, 98), (35, 99), (56, 102), (34, 103), (53, 106), (54, 106), (55, 106), (56, 106), (33, 107), (34, 107), (49, 107), (50, 107), (51, 107), (52, 107), (35, 108), (45, 108), (46, 108), (47, 108), (48, 108), (36, 109), (41, 109), (42, 109), (43, 109), (44, 109), (37, 110), (38, 110), (39, 110), (40, 110)]
[(76, 83), (77, 83), (78, 83), (79, 83), (72, 84), (73, 84), (74, 84), (75, 84), (80, 84), (68, 85), (69, 85), (70, 85), (71, 85), (81, 85), (64, 86), (65, 86), (66, 86), (67, 86), (82, 86), (60, 87), (61, 87), (62, 87), (63, 87), (81, 89), (59, 90), (80, 93), (58, 94), (79, 97), (57, 98), (78, 101), (56, 102), (75, 105), (76, 105), (77, 105), (78, 105), (55, 106), (56, 106), (71, 106), (72, 106), (73, 106), (74, 106), (57, 107), (67, 107), (68, 107), (69, 107), (70, 107), (58, 108), (63, 108), (64, 108), (65, 108), (66, 108), (59, 109), (60, 109), (61, 109), (62, 109)]
[(75, 105), (76, 105), (77, 105), (78, 105), (71, 106), (72, 106), (73, 106), (74, 106), (79, 106), (67, 107), (68, 107), (69, 107), (70, 107), (80, 107), (63, 108), (64, 108), (65, 108), (66, 108), (81, 108), (59, 109), (60, 109), (61, 109), (62, 109), (80, 111), (58, 112)]
[(97, 104), (98, 104), (99, 104), (100, 104), (93, 105), (94, 105), (95, 105), (96, 105), (101, 105), (89, 106), (90, 106), (91, 106), (92, 106), (102, 106), (85, 107), (86, 107), (87, 107), (88, 107), (103, 107), (81, 108), (82, 108), (83, 108), (84, 108), (102, 110), (80, 111), (101, 114)]
[(53, 106), (54, 106), (55, 106), (56, 106), (49, 107), (50, 107), (51, 107), (52, 107), (57, 107), (45, 108), (46, 108), (47, 108), (48, 108), (58, 108), (41, 109), (42, 109), (43, 109), (44, 109), (59, 109), (37, 110), (38, 110), (39, 110), (40, 110), (58, 112), (36, 113)]
