[(95, 32), (92, 33), (93, 33), (94, 33), (96, 33), (89, 34), (90, 34), (91, 34), (97, 34), (85, 35), (86, 35), (87, 35), (88, 35), (98, 35), (82, 36), (83, 36), (84, 36), (99, 36), (78, 37), (79, 37), (80, 37), (81, 37), (100, 37), (101, 38), (102, 39), (77, 40), (101, 42), (76, 43), (100, 45), (75, 47), (99, 49), (74, 50), (98, 52), (73, 53), (73, 54), (74, 55), (97, 55), (75, 56), (97, 56), (76, 57), (94, 57), (95, 57), (96, 57), (77, 58), (91, 58), (92, 58), (93, 58), (78, 59), (87, 59), (88, 59), (89, 59), (90, 59), (79, 60), (84, 60), (85, 60), (86, 60), (80, 61), (81, 61), (82, 61), (83, 61)]
[(113, 36), (114, 36), (109, 37), (110, 37), (111, 37), (112, 37), (106, 38), (107, 38), (108, 38), (102, 39), (103, 39), (104, 39), (105, 39), (101, 42), (100, 45), (99, 49), (98, 52), (97, 55), (97, 56), (98, 57), (99, 58), (100, 59), (101, 60), (102, 61), (111, 61), (112, 61), (113, 61), (114, 61), (103, 62), (108, 62), (109, 62), (110, 62), (104, 63), (105, 63), (106, 63), (107, 63)]
[(111, 61), (112, 61), (113, 61), (114, 61), (108, 62), (109, 62), (110, 62), (104, 63), (105, 63), (106, 63), (107, 63), (103, 66), (102, 69), (101, 73), (100, 76), (99, 79), (99, 80), (100, 81), (101, 82), (102, 83), (103, 84), (104, 85), (113, 85), (114, 85), (105, 86), (110, 86), (111, 86), (112, 86), (106, 87), (107, 87), (108, 87), (109, 87)]
[(47, 28), (44, 29), (45, 29), (46, 29), (48, 29), (41, 30), (42, 30), (43, 30), (49, 30), (37, 31), (38, 31), (39, 31), (40, 31), (50, 31), (34, 32), (35, 32), (36, 32), (51, 32), (30, 33), (31, 33), (32, 33), (33, 33), (52, 33), (53, 34), (54, 35), (29, 36), (53, 38), (28, 39), (52, 41), (27, 43), (51, 45), (26, 46), (50, 48), (25, 49), (25, 50), (26, 51), (49, 51), (27, 52), (49, 52), (28, 53), (46, 53), (47, 53), (48, 53), (29, 54), (43, 54), (44, 54), (45, 54), (30, 55), (39, 55), (40, 55), (41, 55), (42, 55), (31, 56), (36, 56), (37, 56), (38, 56), (32, 57), (33, 57), (34, 57), (35, 57)]
[(71, 30), (68, 31), (69, 31), (70, 31), (72, 31), (65, 32), (66, 32), (67, 32), (73, 32), (61, 33), (62, 33), (63, 33), (64, 33), (74, 33), (58, 34), (59, 34), (60, 34), (75, 34), (54, 35), (55, 35), (56, 35), (57, 35), (76, 35), (77, 36), (78, 37), (53, 38), (77, 40), (52, 41), (76, 43), (51, 45), (75, 47), (50, 48), (74, 50), (49, 51), (49, 52), (50, 53), (73, 53), (51, 54), (73, 54), (52, 55), (70, 55), (71, 55), (72, 55), (53, 56), (67, 56), (68, 56), (69, 56), (54, 57), (63, 57), (64, 57), (65, 57), (66, 57), (55, 58), (60, 58), (61, 58), (62, 58), (56, 59), (57, 59), (58, 59), (59, 59)]
[(73, 54), (70, 55), (71, 55), (72, 55), (74, 55), (67, 56), (68, 56), (69, 56), (75, 56), (63, 57), (64, 57), (65, 57), (66, 57), (76, 57), (60, 58), (61, 58), (62, 58), (77, 58), (56, 59), (57, 59), (58, 59), (59, 59), (78, 59), (79, 60), (80, 61), (55, 62), (79, 64), (54, 65), (78, 67), (53, 69), (77, 71), (52, 72), (76, 74), (51, 75), (51, 76), (52, 77), (75, 77), (53, 78), (75, 78), (54, 79), (72, 79), (73, 79), (74, 79), (55, 80), (69, 80), (70, 80), (71, 80), (56, 81), (65, 81), (66, 81), (67, 81), (68, 81), (57, 82), (62, 82), (63, 82), (64, 82), (58, 83), (59, 83), (60, 83), (61, 83)]
[(97, 56), (94, 57), (95, 57), (96, 57), (98, 57), (91, 58), (92, 58), (93, 58), (99, 58), (87, 59), (88, 59), (89, 59), (90, 59), (100, 59), (84, 60), (85, 60), (86, 60), (101, 60), (80, 61), (81, 61), (82, 61), (83, 61), (102, 61), (103, 62), (104, 63), (79, 64), (103, 66), (78, 67), (102, 69), (77, 71), (101, 73), (76, 74), (100, 76), (75, 77), (75, 78), (76, 79), (99, 79), (77, 80), (99, 80), (78, 81), (96, 81), (97, 81), (98, 81), (79, 82), (93, 82), (94, 82), (95, 82), (80, 83), (89, 83), (90, 83), (91, 83), (92, 83), (81, 84), (86, 84), (87, 84), (88, 84), (82, 85), (83, 85), (84, 85), (85, 85)]
[(99, 80), (96, 81), (97, 81), (98, 81), (100, 81), (93, 82), (94, 82), (95, 82), (101, 82), (89, 83), (90, 83), (91, 83), (92, 83), (102, 83), (86, 84), (87, 84), (88, 84), (103, 84), (82, 85), (83, 85), (84, 85), (85, 85), (104, 85), (105, 86), (106, 87), (81, 88), (105, 90), (80, 91), (104, 93), (79, 95), (103, 97), (78, 98), (102, 100), (77, 101), (77, 102), (78, 103), (101, 103), (79, 104), (101, 104), (80, 105), (98, 105), (99, 105), (100, 105), (81, 106), (95, 106), (96, 106), (97, 106), (82, 107), (91, 107), (92, 107), (93, 107), (94, 107), (83, 108), (88, 108), (89, 108), (90, 108), (84, 109), (85, 109), (86, 109), (87, 109)]
[(113, 85), (114, 85), (110, 86), (111, 86), (112, 86), (106, 87), (107, 87), (108, 87), (109, 87), (105, 90), (104, 93), (103, 97), (102, 100), (101, 103), (101, 104), (102, 105), (103, 106), (104, 107), (105, 108), (106, 109), (107, 110), (112, 110), (113, 110), (114, 110), (108, 111), (109, 111), (110, 111), (111, 111)]
[(112, 110), (113, 110), (114, 110), (108, 111), (109, 111), (110, 111), (111, 111), (107, 114)]
[(25, 50), (22, 51), (23, 51), (24, 51), (26, 51), (19, 52), (20, 52), (21, 52), (27, 52), (15, 53), (16, 53), (17, 53), (18, 53), (28, 53), (12, 54), (13, 54), (14, 54), (29, 54), (8, 55), (9, 55), (10, 55), (11, 55), (30, 55), (31, 56), (32, 57), (7, 58), (31, 60), (6, 61), (30, 63), (5, 65), (29, 67), (4, 68), (28, 70), (3, 71), (3, 72), (4, 73), (27, 73), (5, 74), (27, 74), (6, 75), (24, 75), (25, 75), (26, 75), (7, 76), (21, 76), (22, 76), (23, 76), (8, 77), (17, 77), (18, 77), (19, 77), (20, 77), (9, 78), (14, 78), (15, 78), (16, 78), (10, 79), (11, 79), (12, 79), (13, 79)]
[(49, 52), (46, 53), (47, 53), (48, 53), (50, 53), (43, 54), (44, 54), (45, 54), (51, 54), (39, 55), (40, 55), (41, 55), (42, 55), (52, 55), (36, 56), (37, 56), (38, 56), (53, 56), (32, 57), (33, 57), (34, 57), (35, 57), (54, 57), (55, 58), (56, 59), (31, 60), (55, 62), (30, 63), (54, 65), (29, 67), (53, 69), (28, 70), (52, 72), (27, 73), (27, 74), (28, 75), (51, 75), (29, 76), (51, 76), (30, 77), (48, 77), (49, 77), (50, 77), (31, 78), (45, 78), (46, 78), (47, 78), (32, 79), (41, 79), (42, 79), (43, 79), (44, 79), (33, 80), (38, 80), (39, 80), (40, 80), (34, 81), (35, 81), (36, 81), (37, 81)]
[(51, 76), (48, 77), (49, 77), (50, 77), (52, 77), (45, 78), (46, 78), (47, 78), (53, 78), (41, 79), (42, 79), (43, 79), (44, 79), (54, 79), (38, 80), (39, 80), (40, 80), (55, 80), (34, 81), (35, 81), (36, 81), (37, 81), (56, 81), (57, 82), (58, 83), (33, 84), (57, 86), (32, 87), (56, 89), (31, 91), (55, 93), (30, 94), (54, 96), (29, 97), (29, 98), (30, 99), (53, 99), (31, 100), (53, 100), (32, 101), (50, 101), (51, 101), (52, 101), (33, 102), (47, 102), (48, 102), (49, 102), (34, 103), (43, 103), (44, 103), (45, 103), (46, 103), (35, 104), (40, 104), (41, 104), (42, 104), (36, 105), (37, 105), (38, 105), (39, 105)]
[(75, 78), (72, 79), (73, 79), (74, 79), (76, 79), (69, 80), (70, 80), (71, 80), (77, 80), (65, 81), (66, 81), (67, 81), (68, 81), (78, 81), (62, 82), (63, 82), (64, 82), (79, 82), (58, 83), (59, 83), (60, 83), (61, 83), (80, 83), (81, 84), (82, 85), (57, 86), (81, 88), (56, 89), (80, 91), (55, 93), (79, 95), (54, 96), (78, 98), (53, 99), (53, 100), (54, 101), (77, 101), (55, 102), (77, 102), (56, 103), (74, 103), (75, 103), (76, 103), (57, 104), (71, 104), (72, 104), (73, 104), (58, 105), (67, 105), (68, 105), (69, 105), (70, 105), (59, 106), (64, 106), (65, 106), (66, 106), (60, 107), (61, 107), (62, 107), (63, 107)]
[(77, 102), (74, 103), (75, 103), (76, 103), (78, 103), (71, 104), (72, 104), (73, 104), (79, 104), (67, 105), (68, 105), (69, 105), (70, 105), (80, 105), (64, 106), (65, 106), (66, 106), (81, 106), (60, 107), (61, 107), (62, 107), (63, 107), (82, 107), (83, 108), (84, 109), (59, 110), (83, 112), (58, 113)]
[(101, 104), (98, 105), (99, 105), (100, 105), (102, 105), (95, 106), (96, 106), (97, 106), (103, 106), (91, 107), (92, 107), (93, 107), (94, 107), (104, 107), (88, 108), (89, 108), (90, 108), (105, 108), (84, 109), (85, 109), (86, 109), (87, 109), (106, 109), (107, 110), (108, 111), (83, 112), (107, 114)]
[(27, 74), (24, 75), (25, 75), (26, 75), (28, 75), (21, 76), (22, 76), (23, 76), (29, 76), (17, 77), (18, 77), (19, 77), (20, 77), (30, 77), (14, 78), (15, 78), (16, 78), (31, 78), (10, 79), (11, 79), (12, 79), (13, 79), (32, 79), (33, 80), (34, 81), (9, 82), (33, 84), (8, 85), (32, 87), (7, 89), (31, 91), (6, 92), (30, 94), (5, 95), (5, 96), (6, 97), (29, 97), (7, 98), (29, 98), (8, 99), (26, 99), (27, 99), (28, 99), (9, 100), (23, 100), (24, 100), (25, 100), (10, 101), (19, 101), (20, 101), (21, 101), (22, 101), (11, 102), (16, 102), (17, 102), (18, 102), (12, 103), (13, 103), (14, 103), (15, 103)]
[(29, 98), (26, 99), (27, 99), (28, 99), (30, 99), (23, 100), (24, 100), (25, 100), (31, 100), (19, 101), (20, 101), (21, 101), (22, 101), (32, 101), (16, 102), (17, 102), (18, 102), (33, 102), (12, 103), (13, 103), (14, 103), (15, 103), (34, 103), (35, 104), (36, 105), (11, 106), (35, 108), (10, 109), (34, 111), (9, 113)]
[(53, 100), (50, 101), (51, 101), (52, 101), (54, 101), (47, 102), (48, 102), (49, 102), (55, 102), (43, 103), (44, 103), (45, 103), (46, 103), (56, 103), (40, 104), (41, 104), (42, 104), (57, 104), (36, 105), (37, 105), (38, 105), (39, 105), (58, 105), (59, 106), (60, 107), (35, 108), (59, 110), (34, 111), (58, 113)]
