[(113, 44), (114, 44), (112, 46), (111, 49), (110, 51), (109, 54), (108, 56), (107, 59), (106, 61), (105, 64), (106, 64), (107, 65), (108, 66), (109, 67), (110, 68), (111, 69), (112, 70), (113, 71), (114, 71)]
[(77, 37), (78, 37), (79, 37), (75, 38), (76, 38), (80, 38), (72, 39), (73, 39), (74, 39), (81, 39), (70, 40), (71, 40), (82, 40), (67, 41), (68, 41), (69, 41), (83, 41), (65, 42), (66, 42), (84, 42), (62, 43), (63, 43), (64, 43), (85, 43), (59, 44), (60, 44), (61, 44), (86, 44), (58, 46), (85, 46), (57, 49), (84, 49), (56, 51), (83, 51), (55, 54), (82, 54), (54, 56), (81, 56), (53, 59), (80, 59), (52, 61), (79, 61), (51, 64), (52, 64), (77, 64), (78, 64), (79, 64), (53, 65), (75, 65), (76, 65), (54, 66), (72, 66), (73, 66), (74, 66), (55, 67), (70, 67), (71, 67), (56, 68), (67, 68), (68, 68), (69, 68), (57, 69), (65, 69), (66, 69), (58, 70), (62, 70), (63, 70), (64, 70), (59, 71), (60, 71), (61, 71)]
[(104, 37), (105, 37), (106, 37), (102, 38), (103, 38), (107, 38), (99, 39), (100, 39), (101, 39), (108, 39), (97, 40), (98, 40), (109, 40), (94, 41), (95, 41), (96, 41), (110, 41), (92, 42), (93, 42), (111, 42), (89, 43), (90, 43), (91, 43), (112, 43), (86, 44), (87, 44), (88, 44), (113, 44), (85, 46), (112, 46), (84, 49), (111, 49), (83, 51), (110, 51), (82, 54), (109, 54), (81, 56), (108, 56), (80, 59), (107, 59), (79, 61), (106, 61), (78, 64), (79, 64), (104, 64), (105, 64), (106, 64), (80, 65), (102, 65), (103, 65), (81, 66), (99, 66), (100, 66), (101, 66), (82, 67), (97, 67), (98, 67), (83, 68), (94, 68), (95, 68), (96, 68), (84, 69), (92, 69), (93, 69), (85, 70), (89, 70), (90, 70), (91, 70), (86, 71), (87, 71), (88, 71)]
[(104, 64), (105, 64), (106, 64), (102, 65), (103, 65), (107, 65), (99, 66), (100, 66), (101, 66), (108, 66), (97, 67), (98, 67), (109, 67), (94, 68), (95, 68), (96, 68), (110, 68), (92, 69), (93, 69), (111, 69), (89, 70), (90, 70), (91, 70), (112, 70), (86, 71), (87, 71), (88, 71), (113, 71), (85, 73), (112, 73), (84, 76), (111, 76), (83, 78), (110, 78), (82, 81), (109, 81), (81, 83), (108, 83), (80, 86), (107, 86), (79, 88), (106, 88), (78, 91), (79, 91), (104, 91), (105, 91), (106, 91), (80, 92), (102, 92), (103, 92), (81, 93), (99, 93), (100, 93), (101, 93), (82, 94), (97, 94), (98, 94), (83, 95), (94, 95), (95, 95), (96, 95), (84, 96), (92, 96), (93, 96), (85, 97), (89, 97), (90, 97), (91, 97), (86, 98), (87, 98), (88, 98)]
[(113, 71), (114, 71), (112, 73), (111, 76), (110, 78), (109, 81), (108, 83), (107, 86), (106, 88), (105, 91), (106, 91), (107, 92), (108, 93), (109, 94), (110, 95), (111, 96), (112, 97), (113, 98), (114, 98)]
[(113, 98), (114, 98), (112, 100), (111, 103), (110, 105), (109, 108), (108, 110), (107, 113)]
[(50, 64), (51, 64), (52, 64), (48, 65), (49, 65), (53, 65), (45, 66), (46, 66), (47, 66), (54, 66), (43, 67), (44, 67), (55, 67), (40, 68), (41, 68), (42, 68), (56, 68), (38, 69), (39, 69), (57, 69), (35, 70), (36, 70), (37, 70), (58, 70), (32, 71), (33, 71), (34, 71), (59, 71), (31, 73), (58, 73), (30, 76), (57, 76), (29, 78), (56, 78), (28, 81), (55, 81), (27, 83), (54, 83), (26, 86), (53, 86), (25, 88), (52, 88), (24, 91), (25, 91), (50, 91), (51, 91), (52, 91), (26, 92), (48, 92), (49, 92), (27, 93), (45, 93), (46, 93), (47, 93), (28, 94), (43, 94), (44, 94), (29, 95), (40, 95), (41, 95), (42, 95), (30, 96), (38, 96), (39, 96), (31, 97), (35, 97), (36, 97), (37, 97), (32, 98), (33, 98), (34, 98)]
[(77, 64), (78, 64), (79, 64), (75, 65), (76, 65), (80, 65), (72, 66), (73, 66), (74, 66), (81, 66), (70, 67), (71, 67), (82, 67), (67, 68), (68, 68), (69, 68), (83, 68), (65, 69), (66, 69), (84, 69), (62, 70), (63, 70), (64, 70), (85, 70), (59, 71), (60, 71), (61, 71), (86, 71), (58, 73), (85, 73), (57, 76), (84, 76), (56, 78), (83, 78), (55, 81), (82, 81), (54, 83), (81, 83), (53, 86), (80, 86), (52, 88), (79, 88), (51, 91), (52, 91), (77, 91), (78, 91), (79, 91), (53, 92), (75, 92), (76, 92), (54, 93), (72, 93), (73, 93), (74, 93), (55, 94), (70, 94), (71, 94), (56, 95), (67, 95), (68, 95), (69, 95), (57, 96), (65, 96), (66, 96), (58, 97), (62, 97), (63, 97), (64, 97), (59, 98), (60, 98), (61, 98)]
[(77, 91), (78, 91), (79, 91), (75, 92), (76, 92), (80, 92), (72, 93), (73, 93), (74, 93), (81, 93), (70, 94), (71, 94), (82, 94), (67, 95), (68, 95), (69, 95), (83, 95), (65, 96), (66, 96), (84, 96), (62, 97), (63, 97), (64, 97), (85, 97), (59, 98), (60, 98), (61, 98), (86, 98), (58, 100), (85, 100), (57, 103), (84, 103), (56, 105), (83, 105), (55, 108), (82, 108), (54, 110), (81, 110), (53, 113), (80, 113)]
[(104, 91), (105, 91), (106, 91), (102, 92), (103, 92), (107, 92), (99, 93), (100, 93), (101, 93), (108, 93), (97, 94), (98, 94), (109, 94), (94, 95), (95, 95), (96, 95), (110, 95), (92, 96), (93, 96), (111, 96), (89, 97), (90, 97), (91, 97), (112, 97), (86, 98), (87, 98), (88, 98), (113, 98), (85, 100), (112, 100), (84, 103), (111, 103), (83, 105), (110, 105), (82, 108), (109, 108), (81, 110), (108, 110), (80, 113), (107, 113)]
[(50, 91), (51, 91), (52, 91), (48, 92), (49, 92), (53, 92), (45, 93), (46, 93), (47, 93), (54, 93), (43, 94), (44, 94), (55, 94), (40, 95), (41, 95), (42, 95), (56, 95), (38, 96), (39, 96), (57, 96), (35, 97), (36, 97), (37, 97), (58, 97), (32, 98), (33, 98), (34, 98), (59, 98), (31, 100), (58, 100), (30, 103), (57, 103), (29, 105), (56, 105), (28, 108), (55, 108), (27, 110), (54, 110), (26, 113), (53, 113)]
