[(114, 8), (110, 9), (111, 9), (112, 9), (113, 9), (106, 10), (107, 10), (108, 10), (109, 10), (102, 11), (103, 11), (104, 11), (105, 11), (101, 14), (100, 18), (99, 22), (98, 25), (97, 29), (98, 29), (99, 30), (114, 30), (100, 31), (110, 31), (111, 31), (112, 31), (113, 31), (101, 32), (106, 32), (107, 32), (108, 32), (109, 32), (102, 33), (103, 33), (104, 33), (105, 33)]
[(73, 7), (74, 7), (75, 7), (76, 7), (70, 8), (71, 8), (72, 8), (77, 8), (66, 9), (67, 9), (68, 9), (69, 9), (78, 9), (62, 10), (63, 10), (64, 10), (65, 10), (79, 10), (58, 11), (59, 11), (60, 11), (61, 11), (80, 11), (57, 14), (79, 14), (56, 18), (78, 18), (55, 22), (77, 22), (54, 25), (76, 25), (53, 29), (54, 29), (73, 29), (74, 29), (75, 29), (76, 29), (55, 30), (70, 30), (71, 30), (72, 30), (56, 31), (66, 31), (67, 31), (68, 31), (69, 31), (57, 32), (62, 32), (63, 32), (64, 32), (65, 32), (58, 33), (59, 33), (60, 33), (61, 33)]
[(95, 7), (96, 7), (97, 7), (98, 7), (92, 8), (93, 8), (94, 8), (99, 8), (88, 9), (89, 9), (90, 9), (91, 9), (100, 9), (84, 10), (85, 10), (86, 10), (87, 10), (101, 10), (80, 11), (81, 11), (82, 11), (83, 11), (102, 11), (79, 14), (101, 14), (78, 18), (100, 18), (77, 22), (99, 22), (76, 25), (98, 25), (75, 29), (76, 29), (95, 29), (96, 29), (97, 29), (98, 29), (77, 30), (92, 30), (93, 30), (94, 30), (78, 31), (88, 31), (89, 31), (90, 31), (91, 31), (79, 32), (84, 32), (85, 32), (86, 32), (87, 32), (80, 33), (81, 33), (82, 33), (83, 33)]
[(95, 29), (96, 29), (97, 29), (98, 29), (92, 30), (93, 30), (94, 30), (99, 30), (88, 31), (89, 31), (90, 31), (91, 31), (100, 31), (84, 32), (85, 32), (86, 32), (87, 32), (101, 32), (80, 33), (81, 33), (82, 33), (83, 33), (102, 33), (79, 36), (101, 36), (78, 40), (100, 40), (77, 44), (99, 44), (76, 47), (98, 47), (75, 51), (76, 51), (95, 51), (96, 51), (97, 51), (98, 51), (77, 52), (92, 52), (93, 52), (94, 52), (78, 53), (88, 53), (89, 53), (90, 53), (91, 53), (79, 54), (84, 54), (85, 54), (86, 54), (87, 54), (80, 55), (81, 55), (82, 55), (83, 55)]
[(114, 30), (110, 31), (111, 31), (112, 31), (113, 31), (106, 32), (107, 32), (108, 32), (109, 32), (102, 33), (103, 33), (104, 33), (105, 33), (101, 36), (100, 40), (99, 44), (98, 47), (97, 51), (98, 51), (99, 52), (114, 52), (100, 53), (110, 53), (111, 53), (112, 53), (113, 53), (101, 54), (106, 54), (107, 54), (108, 54), (109, 54), (102, 55), (103, 55), (104, 55), (105, 55)]
[(114, 52), (110, 53), (111, 53), (112, 53), (113, 53), (106, 54), (107, 54), (108, 54), (109, 54), (102, 55), (103, 55), (104, 55), (105, 55), (101, 58), (100, 62), (99, 66), (98, 69), (97, 73), (98, 73), (99, 74), (114, 74), (100, 75), (110, 75), (111, 75), (112, 75), (113, 75), (101, 76), (106, 76), (107, 76), (108, 76), (109, 76), (102, 77), (103, 77), (104, 77), (105, 77)]
[(51, 29), (52, 29), (53, 29), (54, 29), (48, 30), (49, 30), (50, 30), (55, 30), (44, 31), (45, 31), (46, 31), (47, 31), (56, 31), (40, 32), (41, 32), (42, 32), (43, 32), (57, 32), (36, 33), (37, 33), (38, 33), (39, 33), (58, 33), (35, 36), (57, 36), (34, 40), (56, 40), (33, 44), (55, 44), (32, 47), (54, 47), (31, 51), (32, 51), (51, 51), (52, 51), (53, 51), (54, 51), (33, 52), (48, 52), (49, 52), (50, 52), (34, 53), (44, 53), (45, 53), (46, 53), (47, 53), (35, 54), (40, 54), (41, 54), (42, 54), (43, 54), (36, 55), (37, 55), (38, 55), (39, 55)]
[(73, 29), (74, 29), (75, 29), (76, 29), (70, 30), (71, 30), (72, 30), (77, 30), (66, 31), (67, 31), (68, 31), (69, 31), (78, 31), (62, 32), (63, 32), (64, 32), (65, 32), (79, 32), (58, 33), (59, 33), (60, 33), (61, 33), (80, 33), (57, 36), (79, 36), (56, 40), (78, 40), (55, 44), (77, 44), (54, 47), (76, 47), (53, 51), (54, 51), (73, 51), (74, 51), (75, 51), (76, 51), (55, 52), (70, 52), (71, 52), (72, 52), (56, 53), (66, 53), (67, 53), (68, 53), (69, 53), (57, 54), (62, 54), (63, 54), (64, 54), (65, 54), (58, 55), (59, 55), (60, 55), (61, 55)]
[(73, 51), (74, 51), (75, 51), (76, 51), (70, 52), (71, 52), (72, 52), (77, 52), (66, 53), (67, 53), (68, 53), (69, 53), (78, 53), (62, 54), (63, 54), (64, 54), (65, 54), (79, 54), (58, 55), (59, 55), (60, 55), (61, 55), (80, 55), (57, 58), (79, 58), (56, 62), (78, 62), (55, 66), (77, 66), (54, 69), (76, 69), (53, 73), (54, 73), (73, 73), (74, 73), (75, 73), (76, 73), (55, 74), (70, 74), (71, 74), (72, 74), (56, 75), (66, 75), (67, 75), (68, 75), (69, 75), (57, 76), (62, 76), (63, 76), (64, 76), (65, 76), (58, 77), (59, 77), (60, 77), (61, 77)]
[(95, 51), (96, 51), (97, 51), (98, 51), (92, 52), (93, 52), (94, 52), (99, 52), (88, 53), (89, 53), (90, 53), (91, 53), (100, 53), (84, 54), (85, 54), (86, 54), (87, 54), (101, 54), (80, 55), (81, 55), (82, 55), (83, 55), (102, 55), (79, 58), (101, 58), (78, 62), (100, 62), (77, 66), (99, 66), (76, 69), (98, 69), (75, 73), (76, 73), (95, 73), (96, 73), (97, 73), (98, 73), (77, 74), (92, 74), (93, 74), (94, 74), (78, 75), (88, 75), (89, 75), (90, 75), (91, 75), (79, 76), (84, 76), (85, 76), (86, 76), (87, 76), (80, 77), (81, 77), (82, 77), (83, 77)]
[(95, 73), (96, 73), (97, 73), (98, 73), (92, 74), (93, 74), (94, 74), (99, 74), (88, 75), (89, 75), (90, 75), (91, 75), (100, 75), (84, 76), (85, 76), (86, 76), (87, 76), (101, 76), (80, 77), (81, 77), (82, 77), (83, 77), (102, 77), (79, 80), (101, 80), (78, 84), (100, 84), (77, 88), (99, 88), (76, 91), (98, 91), (75, 95), (76, 95), (95, 95), (96, 95), (97, 95), (98, 95), (77, 96), (92, 96), (93, 96), (94, 96), (78, 97), (88, 97), (89, 97), (90, 97), (91, 97), (79, 98), (84, 98), (85, 98), (86, 98), (87, 98), (80, 99), (81, 99), (82, 99), (83, 99)]
[(114, 74), (110, 75), (111, 75), (112, 75), (113, 75), (106, 76), (107, 76), (108, 76), (109, 76), (102, 77), (103, 77), (104, 77), (105, 77), (101, 80), (100, 84), (99, 88), (98, 91), (97, 95), (98, 95), (99, 96), (114, 96), (100, 97), (110, 97), (111, 97), (112, 97), (113, 97), (101, 98), (106, 98), (107, 98), (108, 98), (109, 98), (102, 99), (103, 99), (104, 99), (105, 99)]
[(51, 51), (52, 51), (53, 51), (54, 51), (48, 52), (49, 52), (50, 52), (55, 52), (44, 53), (45, 53), (46, 53), (47, 53), (56, 53), (40, 54), (41, 54), (42, 54), (43, 54), (57, 54), (36, 55), (37, 55), (38, 55), (39, 55), (58, 55), (35, 58), (57, 58), (34, 62), (56, 62), (33, 66), (55, 66), (32, 69), (54, 69), (31, 73), (32, 73), (51, 73), (52, 73), (53, 73), (54, 73), (33, 74), (48, 74), (49, 74), (50, 74), (34, 75), (44, 75), (45, 75), (46, 75), (47, 75), (35, 76), (40, 76), (41, 76), (42, 76), (43, 76), (36, 77), (37, 77), (38, 77), (39, 77)]
[(51, 73), (52, 73), (53, 73), (54, 73), (48, 74), (49, 74), (50, 74), (55, 74), (44, 75), (45, 75), (46, 75), (47, 75), (56, 75), (40, 76), (41, 76), (42, 76), (43, 76), (57, 76), (36, 77), (37, 77), (38, 77), (39, 77), (58, 77), (35, 80), (57, 80), (34, 84), (56, 84), (33, 88), (55, 88), (32, 91), (54, 91), (31, 95), (32, 95), (51, 95), (52, 95), (53, 95), (54, 95), (33, 96), (48, 96), (49, 96), (50, 96), (34, 97), (44, 97), (45, 97), (46, 97), (47, 97), (35, 98), (40, 98), (41, 98), (42, 98), (43, 98), (36, 99), (37, 99), (38, 99), (39, 99)]
[(73, 73), (74, 73), (75, 73), (76, 73), (70, 74), (71, 74), (72, 74), (77, 74), (66, 75), (67, 75), (68, 75), (69, 75), (78, 75), (62, 76), (63, 76), (64, 76), (65, 76), (79, 76), (58, 77), (59, 77), (60, 77), (61, 77), (80, 77), (57, 80), (79, 80), (56, 84), (78, 84), (55, 88), (77, 88), (54, 91), (76, 91), (53, 95), (54, 95), (73, 95), (74, 95), (75, 95), (76, 95), (55, 96), (70, 96), (71, 96), (72, 96), (56, 97), (66, 97), (67, 97), (68, 97), (69, 97), (57, 98), (62, 98), (63, 98), (64, 98), (65, 98), (58, 99), (59, 99), (60, 99), (61, 99)]
[(73, 95), (74, 95), (75, 95), (76, 95), (70, 96), (71, 96), (72, 96), (77, 96), (66, 97), (67, 97), (68, 97), (69, 97), (78, 97), (62, 98), (63, 98), (64, 98), (65, 98), (79, 98), (58, 99), (59, 99), (60, 99), (61, 99), (80, 99), (57, 102), (79, 102), (56, 106), (78, 106), (55, 110), (77, 110), (54, 113), (76, 113)]
[(95, 95), (96, 95), (97, 95), (98, 95), (92, 96), (93, 96), (94, 96), (99, 96), (88, 97), (89, 97), (90, 97), (91, 97), (100, 97), (84, 98), (85, 98), (86, 98), (87, 98), (101, 98), (80, 99), (81, 99), (82, 99), (83, 99), (102, 99), (79, 102), (101, 102), (78, 106), (100, 106), (77, 110), (99, 110), (76, 113), (98, 113)]
[(51, 95), (52, 95), (53, 95), (54, 95), (48, 96), (49, 96), (50, 96), (55, 96), (44, 97), (45, 97), (46, 97), (47, 97), (56, 97), (40, 98), (41, 98), (42, 98), (43, 98), (57, 98), (36, 99), (37, 99), (38, 99), (39, 99), (58, 99), (35, 102), (57, 102), (34, 106), (56, 106), (33, 110), (55, 110), (32, 113), (54, 113)]
