[(76, 46), (77, 46), (78, 46), (73, 47), (74, 47), (75, 47), (79, 47), (69, 48), (70, 48), (71, 48), (72, 48), (80, 48), (66, 49), (67, 49), (68, 49), (81, 49), (62, 50), (63, 50), (64, 50), (65, 50), (82, 50), (83, 51), (84, 52), (61, 53), (83, 55), (60, 56), (82, 58), (59, 60), (81, 62), (58, 63), (80, 65), (57, 66), (58, 66), (59, 67), (60, 68), (78, 68), (79, 68), (80, 68), (61, 69), (75, 69), (76, 69), (77, 69), (62, 70), (71, 70), (72, 70), (73, 70), (74, 70), (63, 71), (68, 71), (69, 71), (70, 71), (64, 72), (65, 72), (66, 72), (67, 72)]
[(98, 48), (99, 48), (100, 48), (95, 49), (96, 49), (97, 49), (101, 49), (91, 50), (92, 50), (93, 50), (94, 50), (102, 50), (88, 51), (89, 51), (90, 51), (103, 51), (84, 52), (85, 52), (86, 52), (87, 52), (104, 52), (105, 53), (106, 54), (83, 55), (105, 57), (82, 58), (104, 60), (81, 62), (103, 64), (80, 65), (102, 67), (79, 68), (80, 68), (81, 69), (82, 70), (100, 70), (101, 70), (102, 70), (83, 71), (97, 71), (98, 71), (99, 71), (84, 72), (93, 72), (94, 72), (95, 72), (96, 72), (85, 73), (90, 73), (91, 73), (92, 73), (86, 74), (87, 74), (88, 74), (89, 74)]
[(100, 70), (101, 70), (102, 70), (97, 71), (98, 71), (99, 71), (103, 71), (93, 72), (94, 72), (95, 72), (96, 72), (104, 72), (90, 73), (91, 73), (92, 73), (105, 73), (86, 74), (87, 74), (88, 74), (89, 74), (106, 74), (107, 75), (108, 76), (85, 77), (107, 79), (84, 80), (106, 82), (83, 84), (105, 86), (82, 87), (104, 89), (81, 90), (82, 90), (83, 91), (84, 92), (102, 92), (103, 92), (104, 92), (85, 93), (99, 93), (100, 93), (101, 93), (86, 94), (95, 94), (96, 94), (97, 94), (98, 94), (87, 95), (92, 95), (93, 95), (94, 95), (88, 96), (89, 96), (90, 96), (91, 96)]
[(112, 75), (113, 75), (114, 75), (108, 76), (109, 76), (110, 76), (111, 76), (107, 79), (106, 82), (105, 86), (104, 89), (103, 92), (104, 92), (105, 93), (106, 94), (107, 95), (108, 96), (109, 97), (114, 97), (110, 98), (111, 98), (112, 98), (113, 98)]
[(32, 42), (33, 42), (34, 42), (29, 43), (30, 43), (31, 43), (35, 43), (25, 44), (26, 44), (27, 44), (28, 44), (36, 44), (22, 45), (23, 45), (24, 45), (37, 45), (18, 46), (19, 46), (20, 46), (21, 46), (38, 46), (39, 47), (40, 48), (17, 49), (39, 51), (16, 52), (38, 54), (15, 56), (37, 58), (14, 59), (36, 61), (13, 62), (14, 62), (15, 63), (16, 64), (34, 64), (35, 64), (36, 64), (17, 65), (31, 65), (32, 65), (33, 65), (18, 66), (27, 66), (28, 66), (29, 66), (30, 66), (19, 67), (24, 67), (25, 67), (26, 67), (20, 68), (21, 68), (22, 68), (23, 68)]
[(54, 44), (55, 44), (56, 44), (51, 45), (52, 45), (53, 45), (57, 45), (47, 46), (48, 46), (49, 46), (50, 46), (58, 46), (44, 47), (45, 47), (46, 47), (59, 47), (40, 48), (41, 48), (42, 48), (43, 48), (60, 48), (61, 49), (62, 50), (39, 51), (61, 53), (38, 54), (60, 56), (37, 58), (59, 60), (36, 61), (58, 63), (35, 64), (36, 64), (37, 65), (38, 66), (56, 66), (57, 66), (58, 66), (39, 67), (53, 67), (54, 67), (55, 67), (40, 68), (49, 68), (50, 68), (51, 68), (52, 68), (41, 69), (46, 69), (47, 69), (48, 69), (42, 70), (43, 70), (44, 70), (45, 70)]
[(56, 66), (57, 66), (58, 66), (53, 67), (54, 67), (55, 67), (59, 67), (49, 68), (50, 68), (51, 68), (52, 68), (60, 68), (46, 69), (47, 69), (48, 69), (61, 69), (42, 70), (43, 70), (44, 70), (45, 70), (62, 70), (63, 71), (64, 72), (41, 73), (63, 75), (40, 76), (62, 78), (39, 80), (61, 82), (38, 83), (60, 85), (37, 86), (38, 86), (39, 87), (40, 88), (58, 88), (59, 88), (60, 88), (41, 89), (55, 89), (56, 89), (57, 89), (42, 90), (51, 90), (52, 90), (53, 90), (54, 90), (43, 91), (48, 91), (49, 91), (50, 91), (44, 92), (45, 92), (46, 92), (47, 92)]
[(78, 68), (79, 68), (80, 68), (75, 69), (76, 69), (77, 69), (81, 69), (71, 70), (72, 70), (73, 70), (74, 70), (82, 70), (68, 71), (69, 71), (70, 71), (83, 71), (64, 72), (65, 72), (66, 72), (67, 72), (84, 72), (85, 73), (86, 74), (63, 75), (85, 77), (62, 78), (84, 80), (61, 82), (83, 84), (60, 85), (82, 87), (59, 88), (60, 88), (61, 89), (62, 90), (80, 90), (81, 90), (82, 90), (63, 91), (77, 91), (78, 91), (79, 91), (64, 92), (73, 92), (74, 92), (75, 92), (76, 92), (65, 93), (70, 93), (71, 93), (72, 93), (66, 94), (67, 94), (68, 94), (69, 94)]
[(80, 90), (81, 90), (82, 90), (77, 91), (78, 91), (79, 91), (83, 91), (73, 92), (74, 92), (75, 92), (76, 92), (84, 92), (70, 93), (71, 93), (72, 93), (85, 93), (66, 94), (67, 94), (68, 94), (69, 94), (86, 94), (87, 95), (88, 96), (65, 97), (87, 99), (64, 100), (86, 102), (63, 104), (85, 106), (62, 107), (84, 109), (61, 110), (62, 110), (63, 111), (64, 112), (82, 112), (83, 112), (84, 112), (65, 113), (79, 113), (80, 113), (81, 113), (66, 114), (75, 114), (76, 114), (77, 114), (78, 114)]
[(102, 92), (103, 92), (104, 92), (99, 93), (100, 93), (101, 93), (105, 93), (95, 94), (96, 94), (97, 94), (98, 94), (106, 94), (92, 95), (93, 95), (94, 95), (107, 95), (88, 96), (89, 96), (90, 96), (91, 96), (108, 96), (109, 97), (110, 98), (87, 99), (109, 101), (86, 102), (108, 104), (85, 106), (107, 108), (84, 109), (106, 111), (83, 112), (84, 112), (85, 113), (86, 114), (104, 114), (105, 114), (106, 114)]
[(12, 62), (13, 62), (14, 62), (9, 63), (10, 63), (11, 63), (15, 63), (5, 64), (6, 64), (7, 64), (8, 64), (16, 64), (2, 65), (3, 65), (4, 65), (17, 65), (0, 66), (1, 66), (18, 66), (19, 67), (20, 68), (19, 71), (18, 74), (17, 78), (16, 81), (14, 84), (15, 84), (16, 84), (11, 85), (12, 85), (13, 85), (7, 86), (8, 86), (9, 86), (10, 86), (4, 87), (5, 87), (6, 87), (0, 88), (1, 88), (2, 88), (3, 88)]
[(34, 64), (35, 64), (36, 64), (31, 65), (32, 65), (33, 65), (37, 65), (27, 66), (28, 66), (29, 66), (30, 66), (38, 66), (24, 67), (25, 67), (26, 67), (39, 67), (20, 68), (21, 68), (22, 68), (23, 68), (40, 68), (41, 69), (42, 70), (19, 71), (41, 73), (18, 74), (40, 76), (17, 78), (39, 80), (16, 81), (38, 83), (15, 84), (16, 84), (17, 85), (18, 86), (36, 86), (37, 86), (38, 86), (19, 87), (33, 87), (34, 87), (35, 87), (20, 88), (29, 88), (30, 88), (31, 88), (32, 88), (21, 89), (26, 89), (27, 89), (28, 89), (22, 90), (23, 90), (24, 90), (25, 90)]
[(36, 86), (37, 86), (38, 86), (33, 87), (34, 87), (35, 87), (39, 87), (29, 88), (30, 88), (31, 88), (32, 88), (40, 88), (26, 89), (27, 89), (28, 89), (41, 89), (22, 90), (23, 90), (24, 90), (25, 90), (42, 90), (43, 91), (44, 92), (21, 93), (43, 95), (20, 96), (42, 98), (19, 100), (41, 102), (18, 103), (40, 105), (17, 106), (18, 106), (19, 107), (20, 108), (38, 108), (39, 108), (40, 108), (21, 109), (35, 109), (36, 109), (37, 109), (22, 110), (31, 110), (32, 110), (33, 110), (34, 110), (23, 111), (28, 111), (29, 111), (30, 111), (24, 112), (25, 112), (26, 112), (27, 112)]
[(58, 88), (59, 88), (60, 88), (55, 89), (56, 89), (57, 89), (61, 89), (51, 90), (52, 90), (53, 90), (54, 90), (62, 90), (48, 91), (49, 91), (50, 91), (63, 91), (44, 92), (45, 92), (46, 92), (47, 92), (64, 92), (65, 93), (66, 94), (43, 95), (65, 97), (42, 98), (64, 100), (41, 102), (63, 104), (40, 105), (62, 107), (39, 108), (40, 108), (41, 109), (42, 110), (60, 110), (61, 110), (62, 110), (43, 111), (57, 111), (58, 111), (59, 111), (44, 112), (53, 112), (54, 112), (55, 112), (56, 112), (45, 113), (50, 113), (51, 113), (52, 113), (46, 114), (47, 114), (48, 114), (49, 114)]
[(60, 110), (61, 110), (62, 110), (57, 111), (58, 111), (59, 111), (63, 111), (53, 112), (54, 112), (55, 112), (56, 112), (64, 112), (50, 113), (51, 113), (52, 113), (65, 113), (46, 114), (47, 114), (48, 114), (49, 114), (66, 114)]
[(82, 112), (83, 112), (84, 112), (79, 113), (80, 113), (81, 113), (85, 113), (75, 114), (76, 114), (77, 114), (78, 114), (86, 114)]
[(14, 84), (15, 84), (16, 84), (11, 85), (12, 85), (13, 85), (17, 85), (7, 86), (8, 86), (9, 86), (10, 86), (18, 86), (4, 87), (5, 87), (6, 87), (19, 87), (0, 88), (1, 88), (2, 88), (3, 88), (20, 88), (21, 89), (22, 90), (21, 93), (20, 96), (19, 100), (18, 103), (16, 106), (17, 106), (18, 106), (13, 107), (14, 107), (15, 107), (0, 108), (9, 108), (10, 108), (11, 108), (12, 108), (1, 109), (6, 109), (7, 109), (8, 109), (2, 110), (3, 110), (4, 110), (5, 110)]
[(16, 106), (17, 106), (18, 106), (13, 107), (14, 107), (15, 107), (19, 107), (9, 108), (10, 108), (11, 108), (12, 108), (20, 108), (6, 109), (7, 109), (8, 109), (21, 109), (2, 110), (3, 110), (4, 110), (5, 110), (22, 110), (23, 111), (24, 112), (1, 113)]
[(38, 108), (39, 108), (40, 108), (35, 109), (36, 109), (37, 109), (41, 109), (31, 110), (32, 110), (33, 110), (34, 110), (42, 110), (28, 111), (29, 111), (30, 111), (43, 111), (24, 112), (25, 112), (26, 112), (27, 112), (44, 112), (45, 113), (46, 114)]
