[(112, 24), (113, 24), (114, 24), (108, 25), (109, 25), (110, 25), (111, 25), (105, 26), (106, 26), (107, 26), (101, 27), (102, 27), (103, 27), (104, 27), (97, 28), (98, 28), (99, 28), (100, 28), (96, 31), (95, 35), (114, 37), (94, 38), (113, 41), (93, 42), (111, 44), (112, 44), (113, 44), (93, 45), (107, 45), (108, 45), (109, 45), (110, 45), (94, 46), (104, 46), (105, 46), (106, 46), (95, 47), (100, 47), (101, 47), (102, 47), (103, 47), (96, 48), (97, 48), (98, 48), (99, 48)]
[(114, 37), (113, 41), (113, 44), (114, 45)]
[(114, 54), (113, 57), (112, 61), (112, 64), (113, 65), (114, 66)]
[(72, 26), (73, 26), (74, 26), (68, 27), (69, 27), (70, 27), (71, 27), (75, 27), (65, 28), (66, 28), (67, 28), (76, 28), (61, 29), (62, 29), (63, 29), (64, 29), (77, 29), (57, 30), (58, 30), (59, 30), (60, 30), (76, 32), (56, 33), (75, 36), (55, 37), (74, 39), (54, 40), (73, 43), (53, 44), (71, 46), (72, 46), (73, 46), (53, 47), (67, 47), (68, 47), (69, 47), (70, 47), (54, 48), (64, 48), (65, 48), (66, 48), (55, 49), (60, 49), (61, 49), (62, 49), (63, 49), (56, 50), (57, 50), (58, 50), (59, 50)]
[(92, 25), (93, 25), (94, 25), (88, 26), (89, 26), (90, 26), (91, 26), (95, 26), (85, 27), (86, 27), (87, 27), (96, 27), (81, 28), (82, 28), (83, 28), (84, 28), (97, 28), (77, 29), (78, 29), (79, 29), (80, 29), (96, 31), (76, 32), (95, 35), (75, 36), (94, 38), (74, 39), (93, 42), (73, 43), (91, 45), (92, 45), (93, 45), (73, 46), (87, 46), (88, 46), (89, 46), (90, 46), (74, 47), (84, 47), (85, 47), (86, 47), (75, 48), (80, 48), (81, 48), (82, 48), (83, 48), (76, 49), (77, 49), (78, 49), (79, 49)]
[(91, 45), (92, 45), (93, 45), (87, 46), (88, 46), (89, 46), (90, 46), (94, 46), (84, 47), (85, 47), (86, 47), (95, 47), (80, 48), (81, 48), (82, 48), (83, 48), (96, 48), (76, 49), (77, 49), (78, 49), (79, 49), (95, 51), (75, 52), (94, 55), (74, 56), (93, 58), (73, 59), (92, 62), (72, 63), (90, 65), (91, 65), (92, 65), (72, 66), (86, 66), (87, 66), (88, 66), (89, 66), (73, 67), (83, 67), (84, 67), (85, 67), (74, 68), (79, 68), (80, 68), (81, 68), (82, 68), (75, 69), (76, 69), (77, 69), (78, 69)]
[(111, 44), (112, 44), (113, 44), (107, 45), (108, 45), (109, 45), (110, 45), (114, 45), (104, 46), (105, 46), (106, 46), (100, 47), (101, 47), (102, 47), (103, 47), (96, 48), (97, 48), (98, 48), (99, 48), (95, 51), (114, 54), (94, 55), (113, 57), (93, 58), (112, 61), (92, 62), (110, 64), (111, 64), (112, 64), (92, 65), (106, 65), (107, 65), (108, 65), (109, 65), (93, 66), (103, 66), (104, 66), (105, 66), (94, 67), (99, 67), (100, 67), (101, 67), (102, 67), (95, 68), (96, 68), (97, 68), (98, 68)]
[(110, 64), (111, 64), (112, 64), (106, 65), (107, 65), (108, 65), (109, 65), (113, 65), (103, 66), (104, 66), (105, 66), (114, 66), (99, 67), (100, 67), (101, 67), (102, 67), (95, 68), (96, 68), (97, 68), (98, 68), (114, 70), (94, 71), (113, 74), (93, 75), (112, 77), (92, 78), (111, 81), (91, 82), (109, 84), (110, 84), (111, 84), (91, 85), (105, 85), (106, 85), (107, 85), (108, 85), (92, 86), (102, 86), (103, 86), (104, 86), (93, 87), (98, 87), (99, 87), (100, 87), (101, 87), (94, 88), (95, 88), (96, 88), (97, 88)]
[(114, 70), (113, 74), (112, 77), (111, 81), (111, 84), (112, 85), (113, 86), (114, 87)]
[(51, 47), (52, 47), (53, 47), (47, 48), (48, 48), (49, 48), (50, 48), (54, 48), (44, 49), (45, 49), (46, 49), (55, 49), (40, 50), (41, 50), (42, 50), (43, 50), (56, 50), (36, 51), (37, 51), (38, 51), (39, 51), (55, 53), (35, 54), (54, 57), (34, 58), (53, 60), (33, 61), (52, 64), (32, 65), (50, 67), (51, 67), (52, 67), (32, 68), (46, 68), (47, 68), (48, 68), (49, 68), (33, 69), (43, 69), (44, 69), (45, 69), (34, 70), (39, 70), (40, 70), (41, 70), (42, 70), (35, 71), (36, 71), (37, 71), (38, 71)]
[(71, 46), (72, 46), (73, 46), (67, 47), (68, 47), (69, 47), (70, 47), (74, 47), (64, 48), (65, 48), (66, 48), (75, 48), (60, 49), (61, 49), (62, 49), (63, 49), (76, 49), (56, 50), (57, 50), (58, 50), (59, 50), (75, 52), (55, 53), (74, 56), (54, 57), (73, 59), (53, 60), (72, 63), (52, 64), (70, 66), (71, 66), (72, 66), (52, 67), (66, 67), (67, 67), (68, 67), (69, 67), (53, 68), (63, 68), (64, 68), (65, 68), (54, 69), (59, 69), (60, 69), (61, 69), (62, 69), (55, 70), (56, 70), (57, 70), (58, 70)]
[(70, 66), (71, 66), (72, 66), (66, 67), (67, 67), (68, 67), (69, 67), (73, 67), (63, 68), (64, 68), (65, 68), (74, 68), (59, 69), (60, 69), (61, 69), (62, 69), (75, 69), (55, 70), (56, 70), (57, 70), (58, 70), (74, 72), (54, 73), (73, 76), (53, 77), (72, 79), (52, 80), (71, 83), (51, 84), (69, 86), (70, 86), (71, 86), (51, 87), (65, 87), (66, 87), (67, 87), (68, 87), (52, 88), (62, 88), (63, 88), (64, 88), (53, 89), (58, 89), (59, 89), (60, 89), (61, 89), (54, 90), (55, 90), (56, 90), (57, 90)]
[(90, 65), (91, 65), (92, 65), (86, 66), (87, 66), (88, 66), (89, 66), (93, 66), (83, 67), (84, 67), (85, 67), (94, 67), (79, 68), (80, 68), (81, 68), (82, 68), (95, 68), (75, 69), (76, 69), (77, 69), (78, 69), (94, 71), (74, 72), (93, 75), (73, 76), (92, 78), (72, 79), (91, 82), (71, 83), (89, 85), (90, 85), (91, 85), (71, 86), (85, 86), (86, 86), (87, 86), (88, 86), (72, 87), (82, 87), (83, 87), (84, 87), (73, 88), (78, 88), (79, 88), (80, 88), (81, 88), (74, 89), (75, 89), (76, 89), (77, 89)]
[(89, 85), (90, 85), (91, 85), (85, 86), (86, 86), (87, 86), (88, 86), (92, 86), (82, 87), (83, 87), (84, 87), (93, 87), (78, 88), (79, 88), (80, 88), (81, 88), (94, 88), (74, 89), (75, 89), (76, 89), (77, 89), (93, 91), (73, 92), (92, 95), (72, 96), (91, 98), (71, 99), (90, 102), (70, 103), (88, 105), (89, 105), (90, 105), (70, 106), (84, 106), (85, 106), (86, 106), (87, 106), (71, 107), (81, 107), (82, 107), (83, 107), (72, 108), (77, 108), (78, 108), (79, 108), (80, 108), (73, 109), (74, 109), (75, 109), (76, 109)]
[(109, 84), (110, 84), (111, 84), (105, 85), (106, 85), (107, 85), (108, 85), (112, 85), (102, 86), (103, 86), (104, 86), (113, 86), (98, 87), (99, 87), (100, 87), (101, 87), (114, 87), (94, 88), (95, 88), (96, 88), (97, 88), (113, 90), (93, 91), (112, 94), (92, 95), (111, 97), (91, 98), (110, 101), (90, 102), (108, 104), (109, 104), (110, 104), (90, 105), (104, 105), (105, 105), (106, 105), (107, 105), (91, 106), (101, 106), (102, 106), (103, 106), (92, 107), (97, 107), (98, 107), (99, 107), (100, 107), (93, 108), (94, 108), (95, 108), (96, 108)]
[(50, 67), (51, 67), (52, 67), (46, 68), (47, 68), (48, 68), (49, 68), (53, 68), (43, 69), (44, 69), (45, 69), (54, 69), (39, 70), (40, 70), (41, 70), (42, 70), (55, 70), (35, 71), (36, 71), (37, 71), (38, 71), (54, 73), (34, 74), (53, 77), (33, 78), (52, 80), (32, 81), (51, 84), (31, 85), (49, 87), (50, 87), (51, 87), (31, 88), (45, 88), (46, 88), (47, 88), (48, 88), (32, 89), (42, 89), (43, 89), (44, 89), (33, 90), (38, 90), (39, 90), (40, 90), (41, 90), (34, 91), (35, 91), (36, 91), (37, 91)]
[(49, 87), (50, 87), (51, 87), (45, 88), (46, 88), (47, 88), (48, 88), (52, 88), (42, 89), (43, 89), (44, 89), (53, 89), (38, 90), (39, 90), (40, 90), (41, 90), (54, 90), (34, 91), (35, 91), (36, 91), (37, 91), (53, 93), (33, 94), (52, 97), (32, 98), (51, 100), (31, 101), (50, 104), (30, 105), (48, 107), (49, 107), (50, 107), (30, 108), (44, 108), (45, 108), (46, 108), (47, 108), (31, 109), (41, 109), (42, 109), (43, 109), (32, 110), (37, 110), (38, 110), (39, 110), (40, 110), (33, 111), (34, 111), (35, 111), (36, 111)]
[(69, 86), (70, 86), (71, 86), (65, 87), (66, 87), (67, 87), (68, 87), (72, 87), (62, 88), (63, 88), (64, 88), (73, 88), (58, 89), (59, 89), (60, 89), (61, 89), (74, 89), (54, 90), (55, 90), (56, 90), (57, 90), (73, 92), (53, 93), (72, 96), (52, 97), (71, 99), (51, 100), (70, 103), (50, 104), (68, 106), (69, 106), (70, 106), (50, 107), (64, 107), (65, 107), (66, 107), (67, 107), (51, 108), (61, 108), (62, 108), (63, 108), (52, 109), (57, 109), (58, 109), (59, 109), (60, 109), (53, 110), (54, 110), (55, 110), (56, 110)]
[(68, 106), (69, 106), (70, 106), (64, 107), (65, 107), (66, 107), (67, 107), (71, 107), (61, 108), (62, 108), (63, 108), (72, 108), (57, 109), (58, 109), (59, 109), (60, 109), (73, 109), (53, 110), (54, 110), (55, 110), (56, 110), (72, 112), (52, 113)]
[(88, 105), (89, 105), (90, 105), (84, 106), (85, 106), (86, 106), (87, 106), (91, 106), (81, 107), (82, 107), (83, 107), (92, 107), (77, 108), (78, 108), (79, 108), (80, 108), (93, 108), (73, 109), (74, 109), (75, 109), (76, 109), (92, 111), (72, 112)]
[(48, 107), (49, 107), (50, 107), (44, 108), (45, 108), (46, 108), (47, 108), (51, 108), (41, 109), (42, 109), (43, 109), (52, 109), (37, 110), (38, 110), (39, 110), (40, 110), (53, 110), (33, 111), (34, 111), (35, 111), (36, 111), (52, 113), (32, 114)]
