[(104, 39), (105, 39), (106, 39), (107, 39), (100, 40), (101, 40), (102, 40), (103, 40), (108, 40), (96, 41), (97, 41), (98, 41), (99, 41), (92, 42), (93, 42), (94, 42), (95, 42), (88, 43), (89, 43), (90, 43), (91, 43), (107, 44), (87, 47), (106, 48), (86, 51), (105, 52), (85, 55), (104, 56), (84, 59), (101, 59), (102, 59), (103, 59), (104, 59), (97, 60), (98, 60), (99, 60), (100, 60), (93, 61), (94, 61), (95, 61), (96, 61), (84, 62), (89, 62), (90, 62), (91, 62), (92, 62), (85, 63), (86, 63), (87, 63), (88, 63)]
[(112, 39), (113, 39), (114, 39), (108, 40), (109, 40), (110, 40), (111, 40), (107, 44), (106, 48), (105, 52), (104, 56), (113, 58), (114, 58), (104, 59), (109, 59), (110, 59), (111, 59), (112, 59), (105, 60), (106, 60), (107, 60), (108, 60)]
[(113, 58), (114, 58), (109, 59), (110, 59), (111, 59), (112, 59), (105, 60), (106, 60), (107, 60), (108, 60), (104, 64), (103, 68), (102, 72), (101, 76), (114, 77), (110, 78), (111, 78), (112, 78), (113, 78), (101, 79), (106, 79), (107, 79), (108, 79), (109, 79), (102, 80), (103, 80), (104, 80), (105, 80)]
[(64, 45), (65, 45), (66, 45), (67, 45), (60, 46), (61, 46), (62, 46), (63, 46), (68, 46), (56, 47), (57, 47), (58, 47), (59, 47), (52, 48), (53, 48), (54, 48), (55, 48), (48, 49), (49, 49), (50, 49), (51, 49), (67, 50), (47, 53), (66, 54), (46, 57), (65, 58), (45, 61), (64, 62), (44, 65), (61, 65), (62, 65), (63, 65), (64, 65), (57, 66), (58, 66), (59, 66), (60, 66), (53, 67), (54, 67), (55, 67), (56, 67), (44, 68), (49, 68), (50, 68), (51, 68), (52, 68), (45, 69), (46, 69), (47, 69), (48, 69)]
[(84, 42), (85, 42), (86, 42), (87, 42), (80, 43), (81, 43), (82, 43), (83, 43), (88, 43), (76, 44), (77, 44), (78, 44), (79, 44), (72, 45), (73, 45), (74, 45), (75, 45), (68, 46), (69, 46), (70, 46), (71, 46), (87, 47), (67, 50), (86, 51), (66, 54), (85, 55), (65, 58), (84, 59), (64, 62), (81, 62), (82, 62), (83, 62), (84, 62), (77, 63), (78, 63), (79, 63), (80, 63), (73, 64), (74, 64), (75, 64), (76, 64), (64, 65), (69, 65), (70, 65), (71, 65), (72, 65), (65, 66), (66, 66), (67, 66), (68, 66)]
[(81, 62), (82, 62), (83, 62), (84, 62), (77, 63), (78, 63), (79, 63), (80, 63), (85, 63), (73, 64), (74, 64), (75, 64), (76, 64), (69, 65), (70, 65), (71, 65), (72, 65), (65, 66), (66, 66), (67, 66), (68, 66), (84, 67), (64, 70), (83, 71), (63, 74), (82, 75), (62, 78), (81, 79), (61, 82), (78, 82), (79, 82), (80, 82), (81, 82), (74, 83), (75, 83), (76, 83), (77, 83), (70, 84), (71, 84), (72, 84), (73, 84), (61, 85), (66, 85), (67, 85), (68, 85), (69, 85), (62, 86), (63, 86), (64, 86), (65, 86)]
[(101, 59), (102, 59), (103, 59), (104, 59), (97, 60), (98, 60), (99, 60), (100, 60), (105, 60), (93, 61), (94, 61), (95, 61), (96, 61), (89, 62), (90, 62), (91, 62), (92, 62), (85, 63), (86, 63), (87, 63), (88, 63), (104, 64), (84, 67), (103, 68), (83, 71), (102, 72), (82, 75), (101, 76), (81, 79), (98, 79), (99, 79), (100, 79), (101, 79), (94, 80), (95, 80), (96, 80), (97, 80), (90, 81), (91, 81), (92, 81), (93, 81), (81, 82), (86, 82), (87, 82), (88, 82), (89, 82), (82, 83), (83, 83), (84, 83), (85, 83)]
[(98, 79), (99, 79), (100, 79), (101, 79), (94, 80), (95, 80), (96, 80), (97, 80), (102, 80), (90, 81), (91, 81), (92, 81), (93, 81), (86, 82), (87, 82), (88, 82), (89, 82), (82, 83), (83, 83), (84, 83), (85, 83), (101, 84), (81, 87), (100, 88), (80, 91), (99, 92), (79, 95), (98, 96), (78, 99), (95, 99), (96, 99), (97, 99), (98, 99), (91, 100), (92, 100), (93, 100), (94, 100), (87, 101), (88, 101), (89, 101), (90, 101), (78, 102), (83, 102), (84, 102), (85, 102), (86, 102), (79, 103), (80, 103), (81, 103), (82, 103)]
[(114, 77), (110, 78), (111, 78), (112, 78), (113, 78), (106, 79), (107, 79), (108, 79), (109, 79), (102, 80), (103, 80), (104, 80), (105, 80), (101, 84), (100, 88), (99, 92), (98, 96), (111, 97), (112, 97), (113, 97), (114, 97), (107, 98), (108, 98), (109, 98), (110, 98), (98, 99), (103, 99), (104, 99), (105, 99), (106, 99), (99, 100), (100, 100), (101, 100), (102, 100)]
[(111, 97), (112, 97), (113, 97), (114, 97), (107, 98), (108, 98), (109, 98), (110, 98), (103, 99), (104, 99), (105, 99), (106, 99), (99, 100), (100, 100), (101, 100), (102, 100), (98, 104), (97, 108), (96, 112)]
[(41, 68), (42, 68), (43, 68), (44, 68), (37, 69), (38, 69), (39, 69), (40, 69), (45, 69), (33, 70), (34, 70), (35, 70), (36, 70), (29, 71), (30, 71), (31, 71), (32, 71), (25, 72), (26, 72), (27, 72), (28, 72), (44, 73), (24, 76), (43, 77), (23, 80), (42, 81), (22, 84), (41, 85), (21, 88), (38, 88), (39, 88), (40, 88), (41, 88), (34, 89), (35, 89), (36, 89), (37, 89), (30, 90), (31, 90), (32, 90), (33, 90), (21, 91), (26, 91), (27, 91), (28, 91), (29, 91), (22, 92), (23, 92), (24, 92), (25, 92)]
[(61, 65), (62, 65), (63, 65), (64, 65), (57, 66), (58, 66), (59, 66), (60, 66), (65, 66), (53, 67), (54, 67), (55, 67), (56, 67), (49, 68), (50, 68), (51, 68), (52, 68), (45, 69), (46, 69), (47, 69), (48, 69), (64, 70), (44, 73), (63, 74), (43, 77), (62, 78), (42, 81), (61, 82), (41, 85), (58, 85), (59, 85), (60, 85), (61, 85), (54, 86), (55, 86), (56, 86), (57, 86), (50, 87), (51, 87), (52, 87), (53, 87), (41, 88), (46, 88), (47, 88), (48, 88), (49, 88), (42, 89), (43, 89), (44, 89), (45, 89)]
[(58, 85), (59, 85), (60, 85), (61, 85), (54, 86), (55, 86), (56, 86), (57, 86), (62, 86), (50, 87), (51, 87), (52, 87), (53, 87), (46, 88), (47, 88), (48, 88), (49, 88), (42, 89), (43, 89), (44, 89), (45, 89), (61, 90), (41, 93), (60, 94), (40, 97), (59, 98), (39, 101), (58, 102), (38, 105), (55, 105), (56, 105), (57, 105), (58, 105), (51, 106), (52, 106), (53, 106), (54, 106), (47, 107), (48, 107), (49, 107), (50, 107), (38, 108), (43, 108), (44, 108), (45, 108), (46, 108), (39, 109), (40, 109), (41, 109), (42, 109)]
[(78, 82), (79, 82), (80, 82), (81, 82), (74, 83), (75, 83), (76, 83), (77, 83), (82, 83), (70, 84), (71, 84), (72, 84), (73, 84), (66, 85), (67, 85), (68, 85), (69, 85), (62, 86), (63, 86), (64, 86), (65, 86), (81, 87), (61, 90), (80, 91), (60, 94), (79, 95), (59, 98), (78, 99), (58, 102), (75, 102), (76, 102), (77, 102), (78, 102), (71, 103), (72, 103), (73, 103), (74, 103), (67, 104), (68, 104), (69, 104), (70, 104), (58, 105), (63, 105), (64, 105), (65, 105), (66, 105), (59, 106), (60, 106), (61, 106), (62, 106)]
[(75, 102), (76, 102), (77, 102), (78, 102), (71, 103), (72, 103), (73, 103), (74, 103), (79, 103), (67, 104), (68, 104), (69, 104), (70, 104), (63, 105), (64, 105), (65, 105), (66, 105), (59, 106), (60, 106), (61, 106), (62, 106), (78, 107), (58, 110), (77, 111), (57, 114)]
[(95, 99), (96, 99), (97, 99), (98, 99), (91, 100), (92, 100), (93, 100), (94, 100), (99, 100), (87, 101), (88, 101), (89, 101), (90, 101), (83, 102), (84, 102), (85, 102), (86, 102), (79, 103), (80, 103), (81, 103), (82, 103), (98, 104), (78, 107), (97, 108), (77, 111), (96, 112)]
[(38, 88), (39, 88), (40, 88), (41, 88), (34, 89), (35, 89), (36, 89), (37, 89), (42, 89), (30, 90), (31, 90), (32, 90), (33, 90), (26, 91), (27, 91), (28, 91), (29, 91), (22, 92), (23, 92), (24, 92), (25, 92), (41, 93), (21, 96), (40, 97), (20, 100), (39, 101), (19, 104), (38, 105), (18, 108), (35, 108), (36, 108), (37, 108), (38, 108), (31, 109), (32, 109), (33, 109), (34, 109), (27, 110), (28, 110), (29, 110), (30, 110), (18, 111), (23, 111), (24, 111), (25, 111), (26, 111), (19, 112), (20, 112), (21, 112), (22, 112)]
[(35, 108), (36, 108), (37, 108), (38, 108), (31, 109), (32, 109), (33, 109), (34, 109), (39, 109), (27, 110), (28, 110), (29, 110), (30, 110), (23, 111), (24, 111), (25, 111), (26, 111), (19, 112), (20, 112), (21, 112), (22, 112), (38, 113)]
[(55, 105), (56, 105), (57, 105), (58, 105), (51, 106), (52, 106), (53, 106), (54, 106), (59, 106), (47, 107), (48, 107), (49, 107), (50, 107), (43, 108), (44, 108), (45, 108), (46, 108), (39, 109), (40, 109), (41, 109), (42, 109), (58, 110), (38, 113), (57, 114)]
