[(100, 19), (101, 19), (98, 20), (99, 20), (102, 20), (95, 21), (96, 21), (97, 21), (103, 21), (92, 22), (93, 22), (94, 22), (104, 22), (90, 23), (91, 23), (105, 23), (87, 24), (88, 24), (89, 24), (106, 24), (84, 25), (85, 25), (86, 25), (105, 26), (83, 27), (104, 29), (82, 30), (103, 31), (81, 32), (102, 34), (80, 35), (101, 37), (79, 38), (100, 39), (78, 40), (99, 41), (100, 41), (78, 42), (97, 42), (98, 42), (79, 43), (94, 43), (95, 43), (96, 43), (80, 44), (91, 44), (92, 44), (93, 44), (81, 45), (89, 45), (90, 45), (82, 46), (86, 46), (87, 46), (88, 46), (83, 47), (84, 47), (85, 47)]
[(114, 21), (112, 22), (113, 22), (109, 23), (110, 23), (111, 23), (106, 24), (107, 24), (108, 24), (105, 26), (104, 29), (103, 31), (102, 34), (101, 37), (100, 39), (100, 41), (101, 42), (102, 43), (113, 43), (114, 43), (103, 44), (111, 44), (112, 44), (104, 45), (108, 45), (109, 45), (110, 45), (105, 46), (106, 46), (107, 46)]
[(113, 43), (114, 43), (111, 44), (112, 44), (108, 45), (109, 45), (110, 45), (105, 46), (106, 46), (107, 46), (104, 48), (103, 51), (102, 53), (101, 56), (100, 59), (99, 61), (99, 63), (100, 64), (101, 65), (112, 65), (113, 65), (114, 65), (102, 66), (110, 66), (111, 66), (103, 67), (107, 67), (108, 67), (109, 67), (104, 68), (105, 68), (106, 68)]
[(56, 21), (57, 21), (54, 22), (55, 22), (58, 22), (51, 23), (52, 23), (53, 23), (59, 23), (48, 24), (49, 24), (50, 24), (60, 24), (46, 25), (47, 25), (61, 25), (43, 26), (44, 26), (45, 26), (62, 26), (40, 27), (41, 27), (42, 27), (61, 28), (39, 29), (60, 31), (38, 32), (59, 33), (37, 34), (58, 36), (36, 37), (57, 39), (35, 40), (56, 41), (34, 42), (55, 43), (56, 43), (34, 44), (53, 44), (54, 44), (35, 45), (50, 45), (51, 45), (52, 45), (36, 46), (47, 46), (48, 46), (49, 46), (37, 47), (45, 47), (46, 47), (38, 48), (42, 48), (43, 48), (44, 48), (39, 49), (40, 49), (41, 49)]
[(78, 20), (79, 20), (76, 21), (77, 21), (80, 21), (73, 22), (74, 22), (75, 22), (81, 22), (70, 23), (71, 23), (72, 23), (82, 23), (68, 24), (69, 24), (83, 24), (65, 25), (66, 25), (67, 25), (84, 25), (62, 26), (63, 26), (64, 26), (83, 27), (61, 28), (82, 30), (60, 31), (81, 32), (59, 33), (80, 35), (58, 36), (79, 38), (57, 39), (78, 40), (56, 41), (77, 42), (78, 42), (56, 43), (75, 43), (76, 43), (57, 44), (72, 44), (73, 44), (74, 44), (58, 45), (69, 45), (70, 45), (71, 45), (59, 46), (67, 46), (68, 46), (60, 47), (64, 47), (65, 47), (66, 47), (61, 48), (62, 48), (63, 48)]
[(77, 42), (78, 42), (75, 43), (76, 43), (79, 43), (72, 44), (73, 44), (74, 44), (80, 44), (69, 45), (70, 45), (71, 45), (81, 45), (67, 46), (68, 46), (82, 46), (64, 47), (65, 47), (66, 47), (83, 47), (61, 48), (62, 48), (63, 48), (82, 49), (60, 50), (81, 52), (59, 53), (80, 54), (58, 55), (79, 57), (57, 58), (78, 60), (56, 61), (77, 62), (55, 63), (76, 64), (77, 64), (55, 65), (74, 65), (75, 65), (56, 66), (71, 66), (72, 66), (73, 66), (57, 67), (68, 67), (69, 67), (70, 67), (58, 68), (66, 68), (67, 68), (59, 69), (63, 69), (64, 69), (65, 69), (60, 70), (61, 70), (62, 70)]
[(99, 41), (100, 41), (97, 42), (98, 42), (101, 42), (94, 43), (95, 43), (96, 43), (102, 43), (91, 44), (92, 44), (93, 44), (103, 44), (89, 45), (90, 45), (104, 45), (86, 46), (87, 46), (88, 46), (105, 46), (83, 47), (84, 47), (85, 47), (104, 48), (82, 49), (103, 51), (81, 52), (102, 53), (80, 54), (101, 56), (79, 57), (100, 59), (78, 60), (99, 61), (77, 62), (98, 63), (99, 63), (77, 64), (96, 64), (97, 64), (78, 65), (93, 65), (94, 65), (95, 65), (79, 66), (90, 66), (91, 66), (92, 66), (80, 67), (88, 67), (89, 67), (81, 68), (85, 68), (86, 68), (87, 68), (82, 69), (83, 69), (84, 69)]
[(98, 63), (99, 63), (96, 64), (97, 64), (100, 64), (93, 65), (94, 65), (95, 65), (101, 65), (90, 66), (91, 66), (92, 66), (102, 66), (88, 67), (89, 67), (103, 67), (85, 68), (86, 68), (87, 68), (104, 68), (82, 69), (83, 69), (84, 69), (103, 70), (81, 71), (102, 73), (80, 74), (101, 75), (79, 76), (100, 78), (78, 79), (99, 81), (77, 82), (98, 83), (76, 84), (97, 85), (98, 85), (76, 86), (95, 86), (96, 86), (77, 87), (92, 87), (93, 87), (94, 87), (78, 88), (89, 88), (90, 88), (91, 88), (79, 89), (87, 89), (88, 89), (80, 90), (84, 90), (85, 90), (86, 90), (81, 91), (82, 91), (83, 91)]
[(112, 65), (113, 65), (114, 65), (110, 66), (111, 66), (107, 67), (108, 67), (109, 67), (104, 68), (105, 68), (106, 68), (103, 70), (102, 73), (101, 75), (100, 78), (99, 81), (98, 83), (98, 85), (99, 86), (114, 86), (100, 87), (111, 87), (112, 87), (113, 87), (101, 88), (109, 88), (110, 88), (102, 89), (106, 89), (107, 89), (108, 89), (103, 90), (104, 90), (105, 90)]
[(114, 86), (111, 87), (112, 87), (113, 87), (109, 88), (110, 88), (106, 89), (107, 89), (108, 89), (103, 90), (104, 90), (105, 90), (102, 92), (101, 95), (100, 97), (99, 100), (98, 103), (97, 105), (97, 107), (98, 108), (113, 108), (114, 108), (99, 109), (110, 109), (111, 109), (112, 109), (100, 110), (108, 110), (109, 110), (101, 111), (105, 111), (106, 111), (107, 111), (102, 112), (103, 112), (104, 112)]
[(33, 44), (34, 44), (31, 45), (32, 45), (35, 45), (28, 46), (29, 46), (30, 46), (36, 46), (25, 47), (26, 47), (27, 47), (37, 47), (23, 48), (24, 48), (38, 48), (20, 49), (21, 49), (22, 49), (39, 49), (17, 50), (18, 50), (19, 50), (38, 51), (16, 52), (37, 54), (15, 55), (36, 56), (14, 57), (35, 59), (13, 60), (34, 62), (12, 63), (33, 64), (11, 65), (32, 66), (33, 66), (11, 67), (30, 67), (31, 67), (12, 68), (27, 68), (28, 68), (29, 68), (13, 69), (24, 69), (25, 69), (26, 69), (14, 70), (22, 70), (23, 70), (15, 71), (19, 71), (20, 71), (21, 71), (16, 72), (17, 72), (18, 72)]
[(55, 43), (56, 43), (53, 44), (54, 44), (57, 44), (50, 45), (51, 45), (52, 45), (58, 45), (47, 46), (48, 46), (49, 46), (59, 46), (45, 47), (46, 47), (60, 47), (42, 48), (43, 48), (44, 48), (61, 48), (39, 49), (40, 49), (41, 49), (60, 50), (38, 51), (59, 53), (37, 54), (58, 55), (36, 56), (57, 58), (35, 59), (56, 61), (34, 62), (55, 63), (33, 64), (54, 65), (55, 65), (33, 66), (52, 66), (53, 66), (34, 67), (49, 67), (50, 67), (51, 67), (35, 68), (46, 68), (47, 68), (48, 68), (36, 69), (44, 69), (45, 69), (37, 70), (41, 70), (42, 70), (43, 70), (38, 71), (39, 71), (40, 71)]
[(54, 65), (55, 65), (52, 66), (53, 66), (56, 66), (49, 67), (50, 67), (51, 67), (57, 67), (46, 68), (47, 68), (48, 68), (58, 68), (44, 69), (45, 69), (59, 69), (41, 70), (42, 70), (43, 70), (60, 70), (38, 71), (39, 71), (40, 71), (59, 72), (37, 73), (58, 75), (36, 76), (57, 77), (35, 78), (56, 80), (34, 81), (55, 83), (33, 84), (54, 85), (32, 86), (53, 87), (54, 87), (32, 88), (51, 88), (52, 88), (33, 89), (48, 89), (49, 89), (50, 89), (34, 90), (45, 90), (46, 90), (47, 90), (35, 91), (43, 91), (44, 91), (36, 92), (40, 92), (41, 92), (42, 92), (37, 93), (38, 93), (39, 93)]
[(76, 64), (77, 64), (74, 65), (75, 65), (78, 65), (71, 66), (72, 66), (73, 66), (79, 66), (68, 67), (69, 67), (70, 67), (80, 67), (66, 68), (67, 68), (81, 68), (63, 69), (64, 69), (65, 69), (82, 69), (60, 70), (61, 70), (62, 70), (81, 71), (59, 72), (80, 74), (58, 75), (79, 76), (57, 77), (78, 79), (56, 80), (77, 82), (55, 83), (76, 84), (54, 85), (75, 86), (76, 86), (54, 87), (73, 87), (74, 87), (55, 88), (70, 88), (71, 88), (72, 88), (56, 89), (67, 89), (68, 89), (69, 89), (57, 90), (65, 90), (66, 90), (58, 91), (62, 91), (63, 91), (64, 91), (59, 92), (60, 92), (61, 92)]
[(75, 86), (76, 86), (73, 87), (74, 87), (77, 87), (70, 88), (71, 88), (72, 88), (78, 88), (67, 89), (68, 89), (69, 89), (79, 89), (65, 90), (66, 90), (80, 90), (62, 91), (63, 91), (64, 91), (81, 91), (59, 92), (60, 92), (61, 92), (80, 93), (58, 94), (79, 96), (57, 97), (78, 98), (56, 99), (77, 101), (55, 102), (76, 104), (54, 105), (75, 106), (53, 107), (74, 108), (75, 108), (53, 109), (72, 109), (73, 109), (54, 110), (69, 110), (70, 110), (71, 110), (55, 111), (66, 111), (67, 111), (68, 111), (56, 112), (64, 112), (65, 112), (57, 113), (61, 113), (62, 113), (63, 113), (58, 114), (59, 114), (60, 114)]
[(97, 85), (98, 85), (95, 86), (96, 86), (99, 86), (92, 87), (93, 87), (94, 87), (100, 87), (89, 88), (90, 88), (91, 88), (101, 88), (87, 89), (88, 89), (102, 89), (84, 90), (85, 90), (86, 90), (103, 90), (81, 91), (82, 91), (83, 91), (102, 92), (80, 93), (101, 95), (79, 96), (100, 97), (78, 98), (99, 100), (77, 101), (98, 103), (76, 104), (97, 105), (75, 106), (96, 107), (97, 107), (75, 108), (94, 108), (95, 108), (76, 109), (91, 109), (92, 109), (93, 109), (77, 110), (88, 110), (89, 110), (90, 110), (78, 111), (86, 111), (87, 111), (79, 112), (83, 112), (84, 112), (85, 112), (80, 113), (81, 113), (82, 113)]
[(96, 107), (97, 107), (94, 108), (95, 108), (98, 108), (91, 109), (92, 109), (93, 109), (99, 109), (88, 110), (89, 110), (90, 110), (100, 110), (86, 111), (87, 111), (101, 111), (83, 112), (84, 112), (85, 112), (102, 112), (80, 113), (81, 113), (82, 113), (101, 114)]
[(113, 108), (114, 108), (110, 109), (111, 109), (112, 109), (108, 110), (109, 110), (105, 111), (106, 111), (107, 111), (102, 112), (103, 112), (104, 112), (101, 114)]
[(32, 66), (33, 66), (30, 67), (31, 67), (34, 67), (27, 68), (28, 68), (29, 68), (35, 68), (24, 69), (25, 69), (26, 69), (36, 69), (22, 70), (23, 70), (37, 70), (19, 71), (20, 71), (21, 71), (38, 71), (16, 72), (17, 72), (18, 72), (37, 73), (15, 74), (36, 76), (14, 77), (35, 78), (13, 79), (34, 81), (12, 82), (33, 84), (11, 85), (32, 86), (10, 87), (31, 88), (32, 88), (10, 89), (29, 89), (30, 89), (11, 90), (26, 90), (27, 90), (28, 90), (12, 91), (23, 91), (24, 91), (25, 91), (13, 92), (21, 92), (22, 92), (14, 93), (18, 93), (19, 93), (20, 93), (15, 94), (16, 94), (17, 94)]
[(31, 88), (32, 88), (29, 89), (30, 89), (33, 89), (26, 90), (27, 90), (28, 90), (34, 90), (23, 91), (24, 91), (25, 91), (35, 91), (21, 92), (22, 92), (36, 92), (18, 93), (19, 93), (20, 93), (37, 93), (15, 94), (16, 94), (17, 94), (36, 95), (14, 96), (35, 98), (13, 99), (34, 100), (12, 101), (33, 103), (11, 104), (32, 106), (10, 107), (31, 108), (9, 109), (30, 110), (31, 110), (9, 111), (28, 111), (29, 111), (10, 112), (25, 112), (26, 112), (27, 112), (11, 113), (22, 113), (23, 113), (24, 113), (12, 114), (20, 114), (21, 114)]
[(53, 87), (54, 87), (51, 88), (52, 88), (55, 88), (48, 89), (49, 89), (50, 89), (56, 89), (45, 90), (46, 90), (47, 90), (57, 90), (43, 91), (44, 91), (58, 91), (40, 92), (41, 92), (42, 92), (59, 92), (37, 93), (38, 93), (39, 93), (58, 94), (36, 95), (57, 97), (35, 98), (56, 99), (34, 100), (55, 102), (33, 103), (54, 105), (32, 106), (53, 107), (31, 108), (52, 109), (53, 109), (31, 110), (50, 110), (51, 110), (32, 111), (47, 111), (48, 111), (49, 111), (33, 112), (44, 112), (45, 112), (46, 112), (34, 113), (42, 113), (43, 113), (35, 114), (39, 114), (40, 114), (41, 114)]
[(52, 109), (53, 109), (50, 110), (51, 110), (54, 110), (47, 111), (48, 111), (49, 111), (55, 111), (44, 112), (45, 112), (46, 112), (56, 112), (42, 113), (43, 113), (57, 113), (39, 114), (40, 114), (41, 114), (58, 114)]
[(74, 108), (75, 108), (72, 109), (73, 109), (76, 109), (69, 110), (70, 110), (71, 110), (77, 110), (66, 111), (67, 111), (68, 111), (78, 111), (64, 112), (65, 112), (79, 112), (61, 113), (62, 113), (63, 113), (80, 113), (58, 114), (59, 114), (60, 114)]
[(30, 110), (31, 110), (28, 111), (29, 111), (32, 111), (25, 112), (26, 112), (27, 112), (33, 112), (22, 113), (23, 113), (24, 113), (34, 113), (20, 114), (21, 114), (35, 114)]
