[(85, 10), (86, 10), (87, 10), (83, 11), (84, 11), (88, 11), (80, 12), (81, 12), (82, 12), (77, 13), (78, 13), (79, 13), (87, 13), (75, 14), (76, 14), (72, 15), (73, 15), (74, 15), (69, 16), (70, 16), (71, 16), (86, 16), (68, 18), (85, 18), (67, 21), (84, 21), (66, 23), (83, 24), (65, 26), (82, 26), (64, 29), (80, 29), (81, 29), (82, 29), (78, 30), (79, 30), (63, 31), (75, 31), (76, 31), (77, 31), (72, 32), (73, 32), (74, 32), (70, 33), (71, 33), (62, 34), (63, 34), (67, 34), (68, 34), (69, 34), (64, 35), (65, 35), (66, 35)]
[(104, 5), (105, 5), (106, 5), (102, 6), (103, 6), (107, 6), (99, 7), (100, 7), (101, 7), (96, 8), (97, 8), (98, 8), (106, 8), (94, 9), (95, 9), (91, 10), (92, 10), (93, 10), (88, 11), (89, 11), (90, 11), (105, 11), (87, 13), (104, 13), (86, 16), (103, 16), (85, 18), (102, 19), (84, 21), (101, 21), (83, 24), (99, 24), (100, 24), (101, 24), (97, 25), (98, 25), (82, 26), (94, 26), (95, 26), (96, 26), (91, 27), (92, 27), (93, 27), (89, 28), (90, 28), (81, 29), (82, 29), (86, 29), (87, 29), (88, 29), (83, 30), (84, 30), (85, 30)]
[(99, 24), (100, 24), (101, 24), (97, 25), (98, 25), (102, 25), (94, 26), (95, 26), (96, 26), (91, 27), (92, 27), (93, 27), (101, 27), (89, 28), (90, 28), (86, 29), (87, 29), (88, 29), (83, 30), (84, 30), (85, 30), (100, 30), (82, 32), (99, 32), (81, 35), (98, 35), (80, 37), (97, 38), (79, 40), (96, 40), (78, 43), (94, 43), (95, 43), (96, 43), (92, 44), (93, 44), (77, 45), (89, 45), (90, 45), (91, 45), (86, 46), (87, 46), (88, 46), (84, 47), (85, 47), (76, 48), (77, 48), (81, 48), (82, 48), (83, 48), (78, 49), (79, 49), (80, 49)]
[(113, 21), (114, 21), (110, 22), (111, 22), (112, 22), (108, 23), (109, 23), (105, 24), (106, 24), (107, 24), (102, 25), (103, 25), (104, 25), (101, 27), (100, 30), (99, 32), (98, 35), (97, 38), (113, 38), (114, 38), (111, 39), (112, 39), (96, 40), (108, 40), (109, 40), (110, 40), (105, 41), (106, 41), (107, 41), (103, 42), (104, 42), (95, 43), (96, 43), (100, 43), (101, 43), (102, 43), (97, 44), (98, 44), (99, 44)]
[(113, 38), (114, 38), (111, 39), (112, 39), (108, 40), (109, 40), (110, 40), (105, 41), (106, 41), (107, 41), (103, 42), (104, 42), (100, 43), (101, 43), (102, 43), (97, 44), (98, 44), (99, 44), (114, 44), (96, 46), (113, 46), (95, 49), (112, 49), (94, 51), (111, 52), (93, 54), (110, 54), (92, 57), (108, 57), (109, 57), (110, 57), (106, 58), (107, 58), (91, 59), (103, 59), (104, 59), (105, 59), (100, 60), (101, 60), (102, 60), (98, 61), (99, 61), (90, 62), (91, 62), (95, 62), (96, 62), (97, 62), (92, 63), (93, 63), (94, 63)]
[(114, 44), (113, 46), (112, 49), (111, 52), (110, 54), (109, 57), (110, 57), (114, 57), (111, 58), (112, 58), (113, 58)]
[(114, 57), (111, 58), (112, 58), (113, 58), (110, 60), (109, 63), (108, 65), (107, 68), (106, 71), (105, 73), (114, 74), (112, 75), (113, 75), (104, 76), (105, 76), (109, 76), (110, 76), (111, 76), (106, 77), (107, 77), (108, 77)]
[(47, 20), (48, 20), (49, 20), (45, 21), (46, 21), (50, 21), (42, 22), (43, 22), (44, 22), (39, 23), (40, 23), (41, 23), (49, 23), (37, 24), (38, 24), (34, 25), (35, 25), (36, 25), (31, 26), (32, 26), (33, 26), (48, 26), (30, 28), (47, 28), (29, 31), (46, 31), (28, 33), (45, 34), (27, 36), (44, 36), (26, 39), (42, 39), (43, 39), (44, 39), (40, 40), (41, 40), (25, 41), (37, 41), (38, 41), (39, 41), (34, 42), (35, 42), (36, 42), (32, 43), (33, 43), (24, 44), (25, 44), (29, 44), (30, 44), (31, 44), (26, 45), (27, 45), (28, 45)]
[(66, 15), (67, 15), (68, 15), (64, 16), (65, 16), (69, 16), (61, 17), (62, 17), (63, 17), (58, 18), (59, 18), (60, 18), (68, 18), (56, 19), (57, 19), (53, 20), (54, 20), (55, 20), (50, 21), (51, 21), (52, 21), (67, 21), (49, 23), (66, 23), (48, 26), (65, 26), (47, 28), (64, 29), (46, 31), (63, 31), (45, 34), (61, 34), (62, 34), (63, 34), (59, 35), (60, 35), (44, 36), (56, 36), (57, 36), (58, 36), (53, 37), (54, 37), (55, 37), (51, 38), (52, 38), (43, 39), (44, 39), (48, 39), (49, 39), (50, 39), (45, 40), (46, 40), (47, 40)]
[(61, 34), (62, 34), (63, 34), (59, 35), (60, 35), (64, 35), (56, 36), (57, 36), (58, 36), (53, 37), (54, 37), (55, 37), (63, 37), (51, 38), (52, 38), (48, 39), (49, 39), (50, 39), (45, 40), (46, 40), (47, 40), (62, 40), (44, 42), (61, 42), (43, 45), (60, 45), (42, 47), (59, 48), (41, 50), (58, 50), (40, 53), (56, 53), (57, 53), (58, 53), (54, 54), (55, 54), (39, 55), (51, 55), (52, 55), (53, 55), (48, 56), (49, 56), (50, 56), (46, 57), (47, 57), (38, 58), (39, 58), (43, 58), (44, 58), (45, 58), (40, 59), (41, 59), (42, 59)]
[(80, 29), (81, 29), (82, 29), (78, 30), (79, 30), (83, 30), (75, 31), (76, 31), (77, 31), (72, 32), (73, 32), (74, 32), (82, 32), (70, 33), (71, 33), (67, 34), (68, 34), (69, 34), (64, 35), (65, 35), (66, 35), (81, 35), (63, 37), (80, 37), (62, 40), (79, 40), (61, 42), (78, 43), (60, 45), (77, 45), (59, 48), (75, 48), (76, 48), (77, 48), (73, 49), (74, 49), (58, 50), (70, 50), (71, 50), (72, 50), (67, 51), (68, 51), (69, 51), (65, 52), (66, 52), (57, 53), (58, 53), (62, 53), (63, 53), (64, 53), (59, 54), (60, 54), (61, 54)]
[(75, 48), (76, 48), (77, 48), (73, 49), (74, 49), (78, 49), (70, 50), (71, 50), (72, 50), (67, 51), (68, 51), (69, 51), (77, 51), (65, 52), (66, 52), (62, 53), (63, 53), (64, 53), (59, 54), (60, 54), (61, 54), (76, 54), (58, 56), (75, 56), (57, 59), (74, 59), (56, 61), (73, 62), (55, 64), (72, 64), (54, 67), (70, 67), (71, 67), (72, 67), (68, 68), (69, 68), (53, 69), (65, 69), (66, 69), (67, 69), (62, 70), (63, 70), (64, 70), (60, 71), (61, 71), (52, 72), (53, 72), (57, 72), (58, 72), (59, 72), (54, 73), (55, 73), (56, 73)]
[(94, 43), (95, 43), (96, 43), (92, 44), (93, 44), (97, 44), (89, 45), (90, 45), (91, 45), (86, 46), (87, 46), (88, 46), (96, 46), (84, 47), (85, 47), (81, 48), (82, 48), (83, 48), (78, 49), (79, 49), (80, 49), (95, 49), (77, 51), (94, 51), (76, 54), (93, 54), (75, 56), (92, 57), (74, 59), (91, 59), (73, 62), (89, 62), (90, 62), (91, 62), (87, 63), (88, 63), (72, 64), (84, 64), (85, 64), (86, 64), (81, 65), (82, 65), (83, 65), (79, 66), (80, 66), (71, 67), (72, 67), (76, 67), (77, 67), (78, 67), (73, 68), (74, 68), (75, 68)]
[(89, 62), (90, 62), (91, 62), (87, 63), (88, 63), (92, 63), (84, 64), (85, 64), (86, 64), (81, 65), (82, 65), (83, 65), (91, 65), (79, 66), (80, 66), (76, 67), (77, 67), (78, 67), (73, 68), (74, 68), (75, 68), (90, 68), (72, 70), (89, 70), (71, 73), (88, 73), (70, 75), (87, 76), (69, 78), (86, 78), (68, 81), (84, 81), (85, 81), (86, 81), (82, 82), (83, 82), (67, 83), (79, 83), (80, 83), (81, 83), (76, 84), (77, 84), (78, 84), (74, 85), (75, 85), (66, 86), (67, 86), (71, 86), (72, 86), (73, 86), (68, 87), (69, 87), (70, 87)]
[(108, 57), (109, 57), (110, 57), (106, 58), (107, 58), (111, 58), (103, 59), (104, 59), (105, 59), (100, 60), (101, 60), (102, 60), (110, 60), (98, 61), (99, 61), (95, 62), (96, 62), (97, 62), (92, 63), (93, 63), (94, 63), (109, 63), (91, 65), (108, 65), (90, 68), (107, 68), (89, 70), (106, 71), (88, 73), (105, 73), (87, 76), (103, 76), (104, 76), (105, 76), (101, 77), (102, 77), (86, 78), (98, 78), (99, 78), (100, 78), (95, 79), (96, 79), (97, 79), (93, 80), (94, 80), (85, 81), (86, 81), (90, 81), (91, 81), (92, 81), (87, 82), (88, 82), (89, 82)]
[(103, 76), (104, 76), (105, 76), (101, 77), (102, 77), (106, 77), (98, 78), (99, 78), (100, 78), (95, 79), (96, 79), (97, 79), (105, 79), (93, 80), (94, 80), (90, 81), (91, 81), (92, 81), (87, 82), (88, 82), (89, 82), (104, 82), (86, 84), (103, 84), (85, 87), (102, 87), (84, 89), (101, 90), (83, 92), (100, 92), (82, 95), (98, 95), (99, 95), (100, 95), (96, 96), (97, 96), (81, 97), (93, 97), (94, 97), (95, 97), (90, 98), (91, 98), (92, 98), (88, 99), (89, 99), (80, 100), (81, 100), (85, 100), (86, 100), (87, 100), (82, 101), (83, 101), (84, 101)]
[(114, 74), (112, 75), (113, 75), (109, 76), (110, 76), (111, 76), (106, 77), (107, 77), (108, 77), (105, 79), (104, 82), (103, 84), (102, 87), (101, 90), (100, 92), (112, 92), (113, 92), (114, 92), (109, 93), (110, 93), (111, 93), (107, 94), (108, 94), (99, 95), (100, 95), (104, 95), (105, 95), (106, 95), (101, 96), (102, 96), (103, 96)]
[(112, 92), (113, 92), (114, 92), (109, 93), (110, 93), (111, 93), (107, 94), (108, 94), (104, 95), (105, 95), (106, 95), (101, 96), (102, 96), (103, 96), (100, 98), (99, 101), (98, 103), (97, 106), (114, 106), (96, 109), (112, 109), (113, 109), (114, 109), (110, 110), (111, 110), (95, 111), (107, 111), (108, 111), (109, 111), (104, 112), (105, 112), (106, 112), (102, 113), (103, 113), (94, 114), (95, 114), (99, 114), (100, 114), (101, 114)]
[(114, 106), (113, 109), (114, 109)]
[(23, 44), (24, 44), (25, 44), (21, 45), (22, 45), (26, 45), (18, 46), (19, 46), (20, 46), (15, 47), (16, 47), (17, 47), (25, 47), (13, 48), (14, 48), (10, 49), (11, 49), (12, 49), (7, 50), (8, 50), (9, 50), (24, 50), (6, 52), (23, 52), (5, 55), (22, 55), (4, 57), (21, 58), (3, 60), (20, 60), (2, 63), (18, 63), (19, 63), (20, 63), (16, 64), (17, 64), (1, 65), (13, 65), (14, 65), (15, 65), (10, 66), (11, 66), (12, 66), (8, 67), (9, 67), (0, 68), (1, 68), (5, 68), (6, 68), (7, 68), (2, 69), (3, 69), (4, 69)]
[(42, 39), (43, 39), (44, 39), (40, 40), (41, 40), (45, 40), (37, 41), (38, 41), (39, 41), (34, 42), (35, 42), (36, 42), (44, 42), (32, 43), (33, 43), (29, 44), (30, 44), (31, 44), (26, 45), (27, 45), (28, 45), (43, 45), (25, 47), (42, 47), (24, 50), (41, 50), (23, 52), (40, 53), (22, 55), (39, 55), (21, 58), (37, 58), (38, 58), (39, 58), (35, 59), (36, 59), (20, 60), (32, 60), (33, 60), (34, 60), (29, 61), (30, 61), (31, 61), (27, 62), (28, 62), (19, 63), (20, 63), (24, 63), (25, 63), (26, 63), (21, 64), (22, 64), (23, 64)]
[(37, 58), (38, 58), (39, 58), (35, 59), (36, 59), (40, 59), (32, 60), (33, 60), (34, 60), (29, 61), (30, 61), (31, 61), (39, 61), (27, 62), (28, 62), (24, 63), (25, 63), (26, 63), (21, 64), (22, 64), (23, 64), (38, 64), (20, 66), (37, 66), (19, 69), (36, 69), (18, 71), (35, 72), (17, 74), (34, 74), (16, 77), (32, 77), (33, 77), (34, 77), (30, 78), (31, 78), (15, 79), (27, 79), (28, 79), (29, 79), (24, 80), (25, 80), (26, 80), (22, 81), (23, 81), (14, 82), (15, 82), (19, 82), (20, 82), (21, 82), (16, 83), (17, 83), (18, 83)]
[(56, 53), (57, 53), (58, 53), (54, 54), (55, 54), (59, 54), (51, 55), (52, 55), (53, 55), (48, 56), (49, 56), (50, 56), (58, 56), (46, 57), (47, 57), (43, 58), (44, 58), (45, 58), (40, 59), (41, 59), (42, 59), (57, 59), (39, 61), (56, 61), (38, 64), (55, 64), (37, 66), (54, 67), (36, 69), (53, 69), (35, 72), (51, 72), (52, 72), (53, 72), (49, 73), (50, 73), (34, 74), (46, 74), (47, 74), (48, 74), (43, 75), (44, 75), (45, 75), (41, 76), (42, 76), (33, 77), (34, 77), (38, 77), (39, 77), (40, 77), (35, 78), (36, 78), (37, 78)]
[(51, 72), (52, 72), (53, 72), (49, 73), (50, 73), (54, 73), (46, 74), (47, 74), (48, 74), (43, 75), (44, 75), (45, 75), (53, 75), (41, 76), (42, 76), (38, 77), (39, 77), (40, 77), (35, 78), (36, 78), (37, 78), (52, 78), (34, 80), (51, 80), (33, 83), (50, 83), (32, 85), (49, 86), (31, 88), (48, 88), (30, 91), (46, 91), (47, 91), (48, 91), (44, 92), (45, 92), (29, 93), (41, 93), (42, 93), (43, 93), (38, 94), (39, 94), (40, 94), (36, 95), (37, 95), (28, 96), (29, 96), (33, 96), (34, 96), (35, 96), (30, 97), (31, 97), (32, 97)]
[(70, 67), (71, 67), (72, 67), (68, 68), (69, 68), (73, 68), (65, 69), (66, 69), (67, 69), (62, 70), (63, 70), (64, 70), (72, 70), (60, 71), (61, 71), (57, 72), (58, 72), (59, 72), (54, 73), (55, 73), (56, 73), (71, 73), (53, 75), (70, 75), (52, 78), (69, 78), (51, 80), (68, 81), (50, 83), (67, 83), (49, 86), (65, 86), (66, 86), (67, 86), (63, 87), (64, 87), (48, 88), (60, 88), (61, 88), (62, 88), (57, 89), (58, 89), (59, 89), (55, 90), (56, 90), (47, 91), (48, 91), (52, 91), (53, 91), (54, 91), (49, 92), (50, 92), (51, 92)]
[(65, 86), (66, 86), (67, 86), (63, 87), (64, 87), (68, 87), (60, 88), (61, 88), (62, 88), (57, 89), (58, 89), (59, 89), (67, 89), (55, 90), (56, 90), (52, 91), (53, 91), (54, 91), (49, 92), (50, 92), (51, 92), (66, 92), (48, 94), (65, 94), (47, 97), (64, 97), (46, 99), (63, 100), (45, 102), (62, 102), (44, 105), (60, 105), (61, 105), (62, 105), (58, 106), (59, 106), (43, 107), (55, 107), (56, 107), (57, 107), (52, 108), (53, 108), (54, 108), (50, 109), (51, 109), (42, 110), (43, 110), (47, 110), (48, 110), (49, 110), (44, 111), (45, 111), (46, 111)]
[(84, 81), (85, 81), (86, 81), (82, 82), (83, 82), (87, 82), (79, 83), (80, 83), (81, 83), (76, 84), (77, 84), (78, 84), (86, 84), (74, 85), (75, 85), (71, 86), (72, 86), (73, 86), (68, 87), (69, 87), (70, 87), (85, 87), (67, 89), (84, 89), (66, 92), (83, 92), (65, 94), (82, 95), (64, 97), (81, 97), (63, 100), (79, 100), (80, 100), (81, 100), (77, 101), (78, 101), (62, 102), (74, 102), (75, 102), (76, 102), (71, 103), (72, 103), (73, 103), (69, 104), (70, 104), (61, 105), (62, 105), (66, 105), (67, 105), (68, 105), (63, 106), (64, 106), (65, 106)]
[(79, 100), (80, 100), (81, 100), (77, 101), (78, 101), (82, 101), (74, 102), (75, 102), (76, 102), (71, 103), (72, 103), (73, 103), (81, 103), (69, 104), (70, 104), (66, 105), (67, 105), (68, 105), (63, 106), (64, 106), (65, 106), (80, 106), (62, 108), (79, 108), (61, 111), (78, 111), (60, 113), (77, 114)]
[(98, 95), (99, 95), (100, 95), (96, 96), (97, 96), (101, 96), (93, 97), (94, 97), (95, 97), (90, 98), (91, 98), (92, 98), (100, 98), (88, 99), (89, 99), (85, 100), (86, 100), (87, 100), (82, 101), (83, 101), (84, 101), (99, 101), (81, 103), (98, 103), (80, 106), (97, 106), (79, 108), (96, 109), (78, 111), (95, 111), (77, 114), (93, 114), (94, 114), (95, 114)]
[(93, 114), (94, 114), (95, 114)]
[(112, 109), (113, 109), (114, 109), (110, 110), (111, 110), (107, 111), (108, 111), (109, 111), (104, 112), (105, 112), (106, 112), (114, 112), (102, 113), (103, 113), (99, 114), (100, 114), (101, 114)]
[(18, 63), (19, 63), (20, 63), (16, 64), (17, 64), (21, 64), (13, 65), (14, 65), (15, 65), (10, 66), (11, 66), (12, 66), (20, 66), (8, 67), (9, 67), (5, 68), (6, 68), (7, 68), (2, 69), (3, 69), (4, 69), (19, 69), (1, 71), (18, 71), (0, 74), (17, 74), (16, 77), (15, 79), (13, 82), (14, 82), (15, 82), (11, 83), (12, 83), (8, 84), (9, 84), (10, 84), (5, 85), (6, 85), (7, 85), (3, 86), (4, 86), (0, 87), (1, 87), (2, 87)]
[(13, 82), (14, 82), (15, 82), (11, 83), (12, 83), (16, 83), (8, 84), (9, 84), (10, 84), (5, 85), (6, 85), (7, 85), (15, 85), (3, 86), (4, 86), (0, 87), (1, 87), (2, 87), (14, 88), (13, 90), (12, 93), (11, 96), (10, 98), (8, 101), (9, 101), (10, 101), (6, 102), (7, 102), (3, 103), (4, 103), (5, 103), (0, 104), (1, 104), (2, 104)]
[(32, 77), (33, 77), (34, 77), (30, 78), (31, 78), (35, 78), (27, 79), (28, 79), (29, 79), (24, 80), (25, 80), (26, 80), (34, 80), (22, 81), (23, 81), (19, 82), (20, 82), (21, 82), (16, 83), (17, 83), (18, 83), (33, 83), (15, 85), (32, 85), (14, 88), (31, 88), (13, 90), (30, 91), (12, 93), (29, 93), (11, 96), (27, 96), (28, 96), (29, 96), (25, 97), (26, 97), (10, 98), (22, 98), (23, 98), (24, 98), (19, 99), (20, 99), (21, 99), (17, 100), (18, 100), (9, 101), (10, 101), (14, 101), (15, 101), (16, 101), (11, 102), (12, 102), (13, 102)]
[(27, 96), (28, 96), (29, 96), (25, 97), (26, 97), (30, 97), (22, 98), (23, 98), (24, 98), (19, 99), (20, 99), (21, 99), (29, 99), (17, 100), (18, 100), (14, 101), (15, 101), (16, 101), (11, 102), (12, 102), (13, 102), (28, 102), (10, 104), (27, 104), (9, 107), (26, 107), (8, 109), (25, 110), (7, 112), (24, 112)]
[(46, 91), (47, 91), (48, 91), (44, 92), (45, 92), (49, 92), (41, 93), (42, 93), (43, 93), (38, 94), (39, 94), (40, 94), (48, 94), (36, 95), (37, 95), (33, 96), (34, 96), (35, 96), (30, 97), (31, 97), (32, 97), (47, 97), (29, 99), (46, 99), (28, 102), (45, 102), (27, 104), (44, 105), (26, 107), (43, 107), (25, 110), (41, 110), (42, 110), (43, 110), (39, 111), (40, 111), (24, 112), (36, 112), (37, 112), (38, 112), (33, 113), (34, 113), (35, 113), (31, 114), (32, 114)]
[(41, 110), (42, 110), (43, 110), (39, 111), (40, 111), (44, 111), (36, 112), (37, 112), (38, 112), (33, 113), (34, 113), (35, 113), (43, 113), (31, 114), (32, 114)]
[(60, 105), (61, 105), (62, 105), (58, 106), (59, 106), (63, 106), (55, 107), (56, 107), (57, 107), (52, 108), (53, 108), (54, 108), (62, 108), (50, 109), (51, 109), (47, 110), (48, 110), (49, 110), (44, 111), (45, 111), (46, 111), (61, 111), (43, 113), (60, 113)]
[(8, 101), (9, 101), (10, 101), (6, 102), (7, 102), (11, 102), (3, 103), (4, 103), (5, 103), (0, 104), (1, 104), (2, 104), (10, 104), (9, 107), (8, 109), (7, 112)]
