[(113, 35), (114, 35), (110, 36), (111, 36), (112, 36), (107, 37), (108, 37), (109, 37), (105, 38), (106, 38), (102, 39), (103, 39), (104, 39), (99, 40), (100, 40), (101, 40), (98, 42), (97, 45), (96, 47), (95, 50), (94, 53), (93, 55), (114, 56), (93, 57), (112, 57), (113, 57), (94, 58), (109, 58), (110, 58), (111, 58), (95, 59), (106, 59), (107, 59), (108, 59), (96, 60), (104, 60), (105, 60), (97, 61), (101, 61), (102, 61), (103, 61), (98, 62), (99, 62), (100, 62)]
[(114, 76), (114, 78)]
[(71, 36), (72, 36), (69, 37), (70, 37), (73, 37), (66, 38), (67, 38), (68, 38), (74, 38), (63, 39), (64, 39), (65, 39), (75, 39), (61, 40), (62, 40), (76, 40), (58, 41), (59, 41), (60, 41), (77, 41), (55, 42), (56, 42), (57, 42), (76, 43), (54, 44), (75, 46), (53, 47), (74, 48), (52, 49), (73, 51), (51, 52), (72, 54), (50, 55), (71, 56), (49, 57), (70, 58), (71, 58), (49, 59), (68, 59), (69, 59), (50, 60), (65, 60), (66, 60), (67, 60), (51, 61), (62, 61), (63, 61), (64, 61), (52, 62), (60, 62), (61, 62), (53, 63), (57, 63), (58, 63), (59, 63), (54, 64), (55, 64), (56, 64)]
[(93, 35), (94, 35), (91, 36), (92, 36), (95, 36), (88, 37), (89, 37), (90, 37), (96, 37), (85, 38), (86, 38), (87, 38), (97, 38), (83, 39), (84, 39), (98, 39), (80, 40), (81, 40), (82, 40), (99, 40), (77, 41), (78, 41), (79, 41), (98, 42), (76, 43), (97, 45), (75, 46), (96, 47), (74, 48), (95, 50), (73, 51), (94, 53), (72, 54), (93, 55), (71, 56), (92, 57), (93, 57), (71, 58), (90, 58), (91, 58), (72, 59), (87, 59), (88, 59), (89, 59), (73, 60), (84, 60), (85, 60), (86, 60), (74, 61), (82, 61), (83, 61), (75, 62), (79, 62), (80, 62), (81, 62), (76, 63), (77, 63), (78, 63)]
[(92, 57), (93, 57), (90, 58), (91, 58), (94, 58), (87, 59), (88, 59), (89, 59), (95, 59), (84, 60), (85, 60), (86, 60), (96, 60), (82, 61), (83, 61), (97, 61), (79, 62), (80, 62), (81, 62), (98, 62), (76, 63), (77, 63), (78, 63), (97, 64), (75, 65), (96, 67), (74, 68), (95, 69), (73, 70), (94, 72), (72, 73), (93, 75), (71, 76), (92, 77), (70, 78), (91, 79), (92, 79), (70, 80), (89, 80), (90, 80), (71, 81), (86, 81), (87, 81), (88, 81), (72, 82), (83, 82), (84, 82), (85, 82), (73, 83), (81, 83), (82, 83), (74, 84), (78, 84), (79, 84), (80, 84), (75, 85), (76, 85), (77, 85)]
[(114, 56), (112, 57), (113, 57), (109, 58), (110, 58), (111, 58), (106, 59), (107, 59), (108, 59), (104, 60), (105, 60), (101, 61), (102, 61), (103, 61), (98, 62), (99, 62), (100, 62), (97, 64), (96, 67), (95, 69), (94, 72), (93, 75), (114, 76), (92, 77), (113, 78), (114, 78), (92, 79), (111, 79), (112, 79), (93, 80), (108, 80), (109, 80), (110, 80), (94, 81), (105, 81), (106, 81), (107, 81), (95, 82), (103, 82), (104, 82), (96, 83), (100, 83), (101, 83), (102, 83), (97, 84), (98, 84), (99, 84)]
[(113, 78), (114, 78), (111, 79), (112, 79), (108, 80), (109, 80), (110, 80), (105, 81), (106, 81), (107, 81), (103, 82), (104, 82), (100, 83), (101, 83), (102, 83), (97, 84), (98, 84), (99, 84), (96, 86), (95, 89), (94, 91), (93, 94), (114, 96), (92, 97), (113, 98), (91, 99), (112, 100), (113, 100), (91, 101), (110, 101), (111, 101), (92, 102), (107, 102), (108, 102), (109, 102), (93, 103), (104, 103), (105, 103), (106, 103), (94, 104), (102, 104), (103, 104), (95, 105), (99, 105), (100, 105), (101, 105), (96, 106), (97, 106), (98, 106)]
[(114, 96), (113, 98), (113, 100), (114, 101)]
[(48, 59), (49, 59), (46, 60), (47, 60), (50, 60), (43, 61), (44, 61), (45, 61), (51, 61), (40, 62), (41, 62), (42, 62), (52, 62), (38, 63), (39, 63), (53, 63), (35, 64), (36, 64), (37, 64), (54, 64), (32, 65), (33, 65), (34, 65), (53, 66), (31, 67), (52, 69), (30, 70), (51, 71), (29, 72), (50, 74), (28, 75), (49, 77), (27, 78), (48, 79), (26, 80), (47, 81), (48, 81), (26, 82), (45, 82), (46, 82), (27, 83), (42, 83), (43, 83), (44, 83), (28, 84), (39, 84), (40, 84), (41, 84), (29, 85), (37, 85), (38, 85), (30, 86), (34, 86), (35, 86), (36, 86), (31, 87), (32, 87), (33, 87)]
[(70, 58), (71, 58), (68, 59), (69, 59), (72, 59), (65, 60), (66, 60), (67, 60), (73, 60), (62, 61), (63, 61), (64, 61), (74, 61), (60, 62), (61, 62), (75, 62), (57, 63), (58, 63), (59, 63), (76, 63), (54, 64), (55, 64), (56, 64), (75, 65), (53, 66), (74, 68), (52, 69), (73, 70), (51, 71), (72, 73), (50, 74), (71, 76), (49, 77), (70, 78), (48, 79), (69, 80), (70, 80), (48, 81), (67, 81), (68, 81), (49, 82), (64, 82), (65, 82), (66, 82), (50, 83), (61, 83), (62, 83), (63, 83), (51, 84), (59, 84), (60, 84), (52, 85), (56, 85), (57, 85), (58, 85), (53, 86), (54, 86), (55, 86)]
[(69, 80), (70, 80), (67, 81), (68, 81), (71, 81), (64, 82), (65, 82), (66, 82), (72, 82), (61, 83), (62, 83), (63, 83), (73, 83), (59, 84), (60, 84), (74, 84), (56, 85), (57, 85), (58, 85), (75, 85), (53, 86), (54, 86), (55, 86), (74, 87), (52, 88), (73, 90), (51, 91), (72, 92), (50, 93), (71, 95), (49, 96), (70, 98), (48, 99), (69, 100), (47, 101), (68, 102), (69, 102), (47, 103), (66, 103), (67, 103), (48, 104), (63, 104), (64, 104), (65, 104), (49, 105), (60, 105), (61, 105), (62, 105), (50, 106), (58, 106), (59, 106), (51, 107), (55, 107), (56, 107), (57, 107), (52, 108), (53, 108), (54, 108)]
[(91, 79), (92, 79), (89, 80), (90, 80), (93, 80), (86, 81), (87, 81), (88, 81), (94, 81), (83, 82), (84, 82), (85, 82), (95, 82), (81, 83), (82, 83), (96, 83), (78, 84), (79, 84), (80, 84), (97, 84), (75, 85), (76, 85), (77, 85), (96, 86), (74, 87), (95, 89), (73, 90), (94, 91), (72, 92), (93, 94), (71, 95), (92, 97), (70, 98), (91, 99), (69, 100), (90, 101), (91, 101), (69, 102), (88, 102), (89, 102), (70, 103), (85, 103), (86, 103), (87, 103), (71, 104), (82, 104), (83, 104), (84, 104), (72, 105), (80, 105), (81, 105), (73, 106), (77, 106), (78, 106), (79, 106), (74, 107), (75, 107), (76, 107)]
[(90, 101), (91, 101), (88, 102), (89, 102), (92, 102), (85, 103), (86, 103), (87, 103), (93, 103), (82, 104), (83, 104), (84, 104), (94, 104), (80, 105), (81, 105), (95, 105), (77, 106), (78, 106), (79, 106), (96, 106), (74, 107), (75, 107), (76, 107), (95, 108), (73, 109), (94, 111), (72, 112), (93, 113), (71, 114)]
[(112, 100), (113, 100), (110, 101), (111, 101), (114, 101), (107, 102), (108, 102), (109, 102), (104, 103), (105, 103), (106, 103), (102, 104), (103, 104), (99, 105), (100, 105), (101, 105), (96, 106), (97, 106), (98, 106), (95, 108), (94, 111), (93, 113)]
[(47, 81), (48, 81), (45, 82), (46, 82), (49, 82), (42, 83), (43, 83), (44, 83), (50, 83), (39, 84), (40, 84), (41, 84), (51, 84), (37, 85), (38, 85), (52, 85), (34, 86), (35, 86), (36, 86), (53, 86), (31, 87), (32, 87), (33, 87), (52, 88), (30, 89), (51, 91), (29, 92), (50, 93), (28, 94), (49, 96), (27, 97), (48, 99), (26, 100), (47, 101), (25, 102), (46, 103), (47, 103), (25, 104), (44, 104), (45, 104), (26, 105), (41, 105), (42, 105), (43, 105), (27, 106), (38, 106), (39, 106), (40, 106), (28, 107), (36, 107), (37, 107), (29, 108), (33, 108), (34, 108), (35, 108), (30, 109), (31, 109), (32, 109)]
[(46, 103), (47, 103), (44, 104), (45, 104), (48, 104), (41, 105), (42, 105), (43, 105), (49, 105), (38, 106), (39, 106), (40, 106), (50, 106), (36, 107), (37, 107), (51, 107), (33, 108), (34, 108), (35, 108), (52, 108), (30, 109), (31, 109), (32, 109), (51, 110), (29, 111), (50, 113), (28, 114)]
[(68, 102), (69, 102), (66, 103), (67, 103), (70, 103), (63, 104), (64, 104), (65, 104), (71, 104), (60, 105), (61, 105), (62, 105), (72, 105), (58, 106), (59, 106), (73, 106), (55, 107), (56, 107), (57, 107), (74, 107), (52, 108), (53, 108), (54, 108), (73, 109), (51, 110), (72, 112), (50, 113), (71, 114)]
