[(108, 16), (109, 16), (110, 16), (111, 16), (104, 17), (105, 17), (106, 17), (107, 17), (112, 17), (100, 18), (101, 18), (102, 18), (103, 18), (113, 18), (95, 19), (96, 19), (97, 19), (98, 19), (99, 19), (114, 19), (94, 23), (93, 27), (92, 31), (114, 34), (92, 35), (93, 36), (94, 37), (95, 38), (111, 38), (112, 38), (113, 38), (114, 38), (96, 39), (107, 39), (108, 39), (109, 39), (110, 39), (97, 40), (103, 40), (104, 40), (105, 40), (106, 40), (98, 41), (99, 41), (100, 41), (101, 41), (102, 41)]
[(114, 34), (114, 38)]
[(64, 10), (65, 10), (66, 10), (67, 10), (60, 11), (61, 11), (62, 11), (63, 11), (68, 11), (56, 12), (57, 12), (58, 12), (59, 12), (69, 12), (51, 13), (52, 13), (53, 13), (54, 13), (55, 13), (70, 13), (71, 14), (72, 15), (73, 16), (50, 17), (72, 20), (49, 21), (71, 24), (48, 25), (70, 28), (48, 29), (49, 30), (50, 31), (51, 32), (67, 32), (68, 32), (69, 32), (70, 32), (52, 33), (63, 33), (64, 33), (65, 33), (66, 33), (53, 34), (59, 34), (60, 34), (61, 34), (62, 34), (54, 35), (55, 35), (56, 35), (57, 35), (58, 35)]
[(86, 13), (87, 13), (88, 13), (89, 13), (82, 14), (83, 14), (84, 14), (85, 14), (90, 14), (78, 15), (79, 15), (80, 15), (81, 15), (91, 15), (73, 16), (74, 16), (75, 16), (76, 16), (77, 16), (92, 16), (93, 17), (94, 18), (95, 19), (72, 20), (94, 23), (71, 24), (93, 27), (70, 28), (92, 31), (70, 32), (71, 33), (72, 34), (73, 35), (89, 35), (90, 35), (91, 35), (92, 35), (74, 36), (85, 36), (86, 36), (87, 36), (88, 36), (75, 37), (81, 37), (82, 37), (83, 37), (84, 37), (76, 38), (77, 38), (78, 38), (79, 38), (80, 38)]
[(89, 35), (90, 35), (91, 35), (92, 35), (85, 36), (86, 36), (87, 36), (88, 36), (93, 36), (81, 37), (82, 37), (83, 37), (84, 37), (94, 37), (76, 38), (77, 38), (78, 38), (79, 38), (80, 38), (95, 38), (96, 39), (97, 40), (98, 41), (75, 42), (97, 45), (74, 46), (96, 49), (73, 50), (95, 53), (73, 54), (74, 55), (75, 56), (76, 57), (92, 57), (93, 57), (94, 57), (95, 57), (77, 58), (88, 58), (89, 58), (90, 58), (91, 58), (78, 59), (84, 59), (85, 59), (86, 59), (87, 59), (79, 60), (80, 60), (81, 60), (82, 60), (83, 60)]
[(111, 38), (112, 38), (113, 38), (114, 38), (107, 39), (108, 39), (109, 39), (110, 39), (103, 40), (104, 40), (105, 40), (106, 40), (98, 41), (99, 41), (100, 41), (101, 41), (102, 41), (97, 45), (96, 49), (95, 53), (95, 57), (96, 58), (97, 59), (98, 60), (114, 60), (99, 61), (110, 61), (111, 61), (112, 61), (113, 61), (100, 62), (106, 62), (107, 62), (108, 62), (109, 62), (101, 63), (102, 63), (103, 63), (104, 63), (105, 63)]
[(114, 60), (110, 61), (111, 61), (112, 61), (113, 61), (106, 62), (107, 62), (108, 62), (109, 62), (101, 63), (102, 63), (103, 63), (104, 63), (105, 63), (100, 67), (99, 71), (98, 75), (98, 79), (99, 80), (100, 81), (101, 82), (102, 83), (113, 83), (114, 83), (103, 84), (109, 84), (110, 84), (111, 84), (112, 84), (104, 85), (105, 85), (106, 85), (107, 85), (108, 85)]
[(45, 29), (46, 29), (47, 29), (48, 29), (41, 30), (42, 30), (43, 30), (44, 30), (49, 30), (37, 31), (38, 31), (39, 31), (40, 31), (50, 31), (32, 32), (33, 32), (34, 32), (35, 32), (36, 32), (51, 32), (52, 33), (53, 34), (54, 35), (31, 36), (53, 39), (30, 40), (52, 43), (29, 44), (51, 47), (29, 48), (30, 49), (31, 50), (32, 51), (48, 51), (49, 51), (50, 51), (51, 51), (33, 52), (44, 52), (45, 52), (46, 52), (47, 52), (34, 53), (40, 53), (41, 53), (42, 53), (43, 53), (35, 54), (36, 54), (37, 54), (38, 54), (39, 54)]
[(67, 32), (68, 32), (69, 32), (70, 32), (63, 33), (64, 33), (65, 33), (66, 33), (71, 33), (59, 34), (60, 34), (61, 34), (62, 34), (72, 34), (54, 35), (55, 35), (56, 35), (57, 35), (58, 35), (73, 35), (74, 36), (75, 37), (76, 38), (53, 39), (75, 42), (52, 43), (74, 46), (51, 47), (73, 50), (51, 51), (52, 52), (53, 53), (54, 54), (70, 54), (71, 54), (72, 54), (73, 54), (55, 55), (66, 55), (67, 55), (68, 55), (69, 55), (56, 56), (62, 56), (63, 56), (64, 56), (65, 56), (57, 57), (58, 57), (59, 57), (60, 57), (61, 57)]
[(70, 54), (71, 54), (72, 54), (73, 54), (66, 55), (67, 55), (68, 55), (69, 55), (74, 55), (62, 56), (63, 56), (64, 56), (65, 56), (75, 56), (57, 57), (58, 57), (59, 57), (60, 57), (61, 57), (76, 57), (77, 58), (78, 59), (79, 60), (56, 61), (78, 64), (55, 65), (77, 68), (54, 69), (76, 72), (54, 73), (55, 74), (56, 75), (57, 76), (73, 76), (74, 76), (75, 76), (76, 76), (58, 77), (69, 77), (70, 77), (71, 77), (72, 77), (59, 78), (65, 78), (66, 78), (67, 78), (68, 78), (60, 79), (61, 79), (62, 79), (63, 79), (64, 79)]
[(92, 57), (93, 57), (94, 57), (95, 57), (88, 58), (89, 58), (90, 58), (91, 58), (96, 58), (84, 59), (85, 59), (86, 59), (87, 59), (97, 59), (79, 60), (80, 60), (81, 60), (82, 60), (83, 60), (98, 60), (99, 61), (100, 62), (101, 63), (78, 64), (100, 67), (77, 68), (99, 71), (76, 72), (98, 75), (76, 76), (77, 77), (78, 78), (79, 79), (95, 79), (96, 79), (97, 79), (98, 79), (80, 80), (91, 80), (92, 80), (93, 80), (94, 80), (81, 81), (87, 81), (88, 81), (89, 81), (90, 81), (82, 82), (83, 82), (84, 82), (85, 82), (86, 82)]
[(95, 79), (96, 79), (97, 79), (98, 79), (91, 80), (92, 80), (93, 80), (94, 80), (99, 80), (87, 81), (88, 81), (89, 81), (90, 81), (100, 81), (82, 82), (83, 82), (84, 82), (85, 82), (86, 82), (101, 82), (102, 83), (103, 84), (104, 85), (81, 86), (103, 89), (80, 90), (102, 93), (79, 94), (101, 97), (79, 98), (80, 99), (81, 100), (82, 101), (98, 101), (99, 101), (100, 101), (101, 101), (83, 102), (94, 102), (95, 102), (96, 102), (97, 102), (84, 103), (90, 103), (91, 103), (92, 103), (93, 103), (85, 104), (86, 104), (87, 104), (88, 104), (89, 104)]
[(113, 83), (114, 83), (109, 84), (110, 84), (111, 84), (112, 84), (104, 85), (105, 85), (106, 85), (107, 85), (108, 85), (103, 89), (102, 93), (101, 97), (101, 101), (102, 102), (103, 103), (104, 104), (105, 105), (106, 106), (112, 106), (113, 106), (114, 106), (107, 107), (108, 107), (109, 107), (110, 107), (111, 107)]
[(48, 51), (49, 51), (50, 51), (51, 51), (44, 52), (45, 52), (46, 52), (47, 52), (52, 52), (40, 53), (41, 53), (42, 53), (43, 53), (53, 53), (35, 54), (36, 54), (37, 54), (38, 54), (39, 54), (54, 54), (55, 55), (56, 56), (57, 57), (34, 58), (56, 61), (33, 62), (55, 65), (32, 66), (54, 69), (32, 70), (33, 71), (34, 72), (35, 73), (51, 73), (52, 73), (53, 73), (54, 73), (36, 74), (47, 74), (48, 74), (49, 74), (50, 74), (37, 75), (43, 75), (44, 75), (45, 75), (46, 75), (38, 76), (39, 76), (40, 76), (41, 76), (42, 76)]
[(51, 73), (52, 73), (53, 73), (54, 73), (47, 74), (48, 74), (49, 74), (50, 74), (55, 74), (43, 75), (44, 75), (45, 75), (46, 75), (56, 75), (38, 76), (39, 76), (40, 76), (41, 76), (42, 76), (57, 76), (58, 77), (59, 78), (60, 79), (37, 80), (59, 83), (36, 84), (58, 87), (35, 88), (57, 91), (35, 92), (36, 93), (37, 94), (38, 95), (54, 95), (55, 95), (56, 95), (57, 95), (39, 96), (50, 96), (51, 96), (52, 96), (53, 96), (40, 97), (46, 97), (47, 97), (48, 97), (49, 97), (41, 98), (42, 98), (43, 98), (44, 98), (45, 98)]
[(73, 76), (74, 76), (75, 76), (76, 76), (69, 77), (70, 77), (71, 77), (72, 77), (77, 77), (65, 78), (66, 78), (67, 78), (68, 78), (78, 78), (60, 79), (61, 79), (62, 79), (63, 79), (64, 79), (79, 79), (80, 80), (81, 81), (82, 82), (59, 83), (81, 86), (58, 87), (80, 90), (57, 91), (79, 94), (57, 95), (58, 96), (59, 97), (60, 98), (76, 98), (77, 98), (78, 98), (79, 98), (61, 99), (72, 99), (73, 99), (74, 99), (75, 99), (62, 100), (68, 100), (69, 100), (70, 100), (71, 100), (63, 101), (64, 101), (65, 101), (66, 101), (67, 101)]
[(76, 98), (77, 98), (78, 98), (79, 98), (72, 99), (73, 99), (74, 99), (75, 99), (80, 99), (68, 100), (69, 100), (70, 100), (71, 100), (81, 100), (63, 101), (64, 101), (65, 101), (66, 101), (67, 101), (82, 101), (83, 102), (84, 103), (85, 104), (62, 105), (84, 108), (61, 109), (83, 112), (60, 113)]
[(98, 101), (99, 101), (100, 101), (101, 101), (94, 102), (95, 102), (96, 102), (97, 102), (102, 102), (90, 103), (91, 103), (92, 103), (93, 103), (103, 103), (85, 104), (86, 104), (87, 104), (88, 104), (89, 104), (104, 104), (105, 105), (106, 106), (107, 107), (84, 108), (106, 111), (83, 112)]
[(54, 95), (55, 95), (56, 95), (57, 95), (50, 96), (51, 96), (52, 96), (53, 96), (58, 96), (46, 97), (47, 97), (48, 97), (49, 97), (59, 97), (41, 98), (42, 98), (43, 98), (44, 98), (45, 98), (60, 98), (61, 99), (62, 100), (63, 101), (40, 102), (62, 105), (39, 106), (61, 109), (38, 110), (60, 113), (38, 114)]
