[(107, 40), (103, 41), (104, 41), (105, 41), (106, 41), (108, 41), (100, 42), (101, 42), (102, 42), (109, 42), (96, 43), (97, 43), (98, 43), (99, 43), (110, 43), (92, 44), (93, 44), (94, 44), (95, 44), (111, 44), (91, 47), (110, 47), (90, 51), (109, 51), (89, 54), (108, 54), (88, 58), (107, 58), (88, 59), (107, 59), (89, 60), (103, 60), (104, 60), (105, 60), (106, 60), (90, 61), (100, 61), (101, 61), (102, 61), (91, 62), (96, 62), (97, 62), (98, 62), (99, 62), (92, 63), (93, 63), (94, 63), (95, 63)]
[(111, 44), (112, 44), (113, 44), (114, 44), (110, 47), (109, 51), (108, 54), (107, 58), (107, 59), (108, 60), (109, 61), (110, 62), (111, 63), (112, 63), (113, 63), (114, 63)]
[(111, 63), (112, 63), (113, 63), (114, 63), (110, 66), (109, 70), (108, 73), (107, 77), (107, 78), (108, 79), (109, 80), (110, 81), (111, 82), (112, 82), (113, 82), (114, 82)]
[(69, 40), (65, 41), (66, 41), (67, 41), (68, 41), (70, 41), (62, 42), (63, 42), (64, 42), (71, 42), (58, 43), (59, 43), (60, 43), (61, 43), (72, 43), (54, 44), (55, 44), (56, 44), (57, 44), (73, 44), (53, 47), (72, 47), (52, 51), (71, 51), (51, 54), (70, 54), (50, 58), (69, 58), (50, 59), (69, 59), (51, 60), (65, 60), (66, 60), (67, 60), (68, 60), (52, 61), (62, 61), (63, 61), (64, 61), (53, 62), (58, 62), (59, 62), (60, 62), (61, 62), (54, 63), (55, 63), (56, 63), (57, 63)]
[(88, 40), (84, 41), (85, 41), (86, 41), (87, 41), (89, 41), (81, 42), (82, 42), (83, 42), (90, 42), (77, 43), (78, 43), (79, 43), (80, 43), (91, 43), (73, 44), (74, 44), (75, 44), (76, 44), (92, 44), (72, 47), (91, 47), (71, 51), (90, 51), (70, 54), (89, 54), (69, 58), (88, 58), (69, 59), (88, 59), (70, 60), (84, 60), (85, 60), (86, 60), (87, 60), (71, 61), (81, 61), (82, 61), (83, 61), (72, 62), (77, 62), (78, 62), (79, 62), (80, 62), (73, 63), (74, 63), (75, 63), (76, 63)]
[(88, 59), (84, 60), (85, 60), (86, 60), (87, 60), (89, 60), (81, 61), (82, 61), (83, 61), (90, 61), (77, 62), (78, 62), (79, 62), (80, 62), (91, 62), (73, 63), (74, 63), (75, 63), (76, 63), (92, 63), (72, 66), (91, 66), (71, 70), (90, 70), (70, 73), (89, 73), (69, 77), (88, 77), (69, 78), (88, 78), (70, 79), (84, 79), (85, 79), (86, 79), (87, 79), (71, 80), (81, 80), (82, 80), (83, 80), (72, 81), (77, 81), (78, 81), (79, 81), (80, 81), (73, 82), (74, 82), (75, 82), (76, 82)]
[(107, 59), (103, 60), (104, 60), (105, 60), (106, 60), (108, 60), (100, 61), (101, 61), (102, 61), (109, 61), (96, 62), (97, 62), (98, 62), (99, 62), (110, 62), (92, 63), (93, 63), (94, 63), (95, 63), (111, 63), (91, 66), (110, 66), (90, 70), (109, 70), (89, 73), (108, 73), (88, 77), (107, 77), (88, 78), (107, 78), (89, 79), (103, 79), (104, 79), (105, 79), (106, 79), (90, 80), (100, 80), (101, 80), (102, 80), (91, 81), (96, 81), (97, 81), (98, 81), (99, 81), (92, 82), (93, 82), (94, 82), (95, 82)]
[(107, 78), (103, 79), (104, 79), (105, 79), (106, 79), (108, 79), (100, 80), (101, 80), (102, 80), (109, 80), (96, 81), (97, 81), (98, 81), (99, 81), (110, 81), (92, 82), (93, 82), (94, 82), (95, 82), (111, 82), (91, 85), (110, 85), (90, 89), (109, 89), (89, 92), (108, 92), (88, 96), (107, 96), (88, 97), (107, 97), (89, 98), (103, 98), (104, 98), (105, 98), (106, 98), (90, 99), (100, 99), (101, 99), (102, 99), (91, 100), (96, 100), (97, 100), (98, 100), (99, 100), (92, 101), (93, 101), (94, 101), (95, 101)]
[(111, 82), (112, 82), (113, 82), (114, 82), (110, 85), (109, 89), (108, 92), (107, 96), (107, 97), (108, 98), (109, 99), (110, 100), (111, 101), (112, 101), (113, 101), (114, 101)]
[(111, 101), (112, 101), (113, 101), (114, 101), (110, 104), (109, 108), (108, 111)]
[(50, 59), (46, 60), (47, 60), (48, 60), (49, 60), (51, 60), (43, 61), (44, 61), (45, 61), (52, 61), (39, 62), (40, 62), (41, 62), (42, 62), (53, 62), (35, 63), (36, 63), (37, 63), (38, 63), (54, 63), (34, 66), (53, 66), (33, 70), (52, 70), (32, 73), (51, 73), (31, 77), (50, 77), (31, 78), (50, 78), (32, 79), (46, 79), (47, 79), (48, 79), (49, 79), (33, 80), (43, 80), (44, 80), (45, 80), (34, 81), (39, 81), (40, 81), (41, 81), (42, 81), (35, 82), (36, 82), (37, 82), (38, 82)]
[(69, 59), (65, 60), (66, 60), (67, 60), (68, 60), (70, 60), (62, 61), (63, 61), (64, 61), (71, 61), (58, 62), (59, 62), (60, 62), (61, 62), (72, 62), (54, 63), (55, 63), (56, 63), (57, 63), (73, 63), (53, 66), (72, 66), (52, 70), (71, 70), (51, 73), (70, 73), (50, 77), (69, 77), (50, 78), (69, 78), (51, 79), (65, 79), (66, 79), (67, 79), (68, 79), (52, 80), (62, 80), (63, 80), (64, 80), (53, 81), (58, 81), (59, 81), (60, 81), (61, 81), (54, 82), (55, 82), (56, 82), (57, 82)]
[(69, 78), (65, 79), (66, 79), (67, 79), (68, 79), (70, 79), (62, 80), (63, 80), (64, 80), (71, 80), (58, 81), (59, 81), (60, 81), (61, 81), (72, 81), (54, 82), (55, 82), (56, 82), (57, 82), (73, 82), (53, 85), (72, 85), (52, 89), (71, 89), (51, 92), (70, 92), (50, 96), (69, 96), (50, 97), (69, 97), (51, 98), (65, 98), (66, 98), (67, 98), (68, 98), (52, 99), (62, 99), (63, 99), (64, 99), (53, 100), (58, 100), (59, 100), (60, 100), (61, 100), (54, 101), (55, 101), (56, 101), (57, 101)]
[(88, 78), (84, 79), (85, 79), (86, 79), (87, 79), (89, 79), (81, 80), (82, 80), (83, 80), (90, 80), (77, 81), (78, 81), (79, 81), (80, 81), (91, 81), (73, 82), (74, 82), (75, 82), (76, 82), (92, 82), (72, 85), (91, 85), (71, 89), (90, 89), (70, 92), (89, 92), (69, 96), (88, 96), (69, 97), (88, 97), (70, 98), (84, 98), (85, 98), (86, 98), (87, 98), (71, 99), (81, 99), (82, 99), (83, 99), (72, 100), (77, 100), (78, 100), (79, 100), (80, 100), (73, 101), (74, 101), (75, 101), (76, 101)]
[(88, 97), (84, 98), (85, 98), (86, 98), (87, 98), (89, 98), (81, 99), (82, 99), (83, 99), (90, 99), (77, 100), (78, 100), (79, 100), (80, 100), (91, 100), (73, 101), (74, 101), (75, 101), (76, 101), (92, 101), (72, 104), (91, 104), (71, 108), (90, 108), (70, 111), (89, 111)]
[(107, 97), (103, 98), (104, 98), (105, 98), (106, 98), (108, 98), (100, 99), (101, 99), (102, 99), (109, 99), (96, 100), (97, 100), (98, 100), (99, 100), (110, 100), (92, 101), (93, 101), (94, 101), (95, 101), (111, 101), (91, 104), (110, 104), (90, 108), (109, 108), (89, 111), (108, 111)]
[(50, 78), (46, 79), (47, 79), (48, 79), (49, 79), (51, 79), (43, 80), (44, 80), (45, 80), (52, 80), (39, 81), (40, 81), (41, 81), (42, 81), (53, 81), (35, 82), (36, 82), (37, 82), (38, 82), (54, 82), (34, 85), (53, 85), (33, 89), (52, 89), (32, 92), (51, 92), (31, 96), (50, 96), (31, 97), (50, 97), (32, 98), (46, 98), (47, 98), (48, 98), (49, 98), (33, 99), (43, 99), (44, 99), (45, 99), (34, 100), (39, 100), (40, 100), (41, 100), (42, 100), (35, 101), (36, 101), (37, 101), (38, 101)]
[(50, 97), (46, 98), (47, 98), (48, 98), (49, 98), (51, 98), (43, 99), (44, 99), (45, 99), (52, 99), (39, 100), (40, 100), (41, 100), (42, 100), (53, 100), (35, 101), (36, 101), (37, 101), (38, 101), (54, 101), (34, 104), (53, 104), (33, 108), (52, 108), (32, 111), (51, 111)]
[(69, 97), (65, 98), (66, 98), (67, 98), (68, 98), (70, 98), (62, 99), (63, 99), (64, 99), (71, 99), (58, 100), (59, 100), (60, 100), (61, 100), (72, 100), (54, 101), (55, 101), (56, 101), (57, 101), (73, 101), (53, 104), (72, 104), (52, 108), (71, 108), (51, 111), (70, 111)]
