[(107, 0), (108, 0), (109, 0), (111, 0), (103, 1), (104, 1), (105, 1), (106, 1), (100, 2), (101, 2), (102, 2), (97, 3), (98, 3), (99, 3), (110, 3), (94, 4), (95, 4), (96, 4), (90, 5), (91, 5), (92, 5), (93, 5), (109, 6), (89, 8), (108, 9), (88, 11), (107, 13), (87, 14), (106, 16), (86, 18), (105, 19), (105, 20), (85, 21), (102, 21), (103, 21), (104, 21), (98, 22), (99, 22), (100, 22), (101, 22), (95, 23), (96, 23), (97, 23), (84, 24), (92, 24), (93, 24), (94, 24), (84, 25), (89, 25), (90, 25), (91, 25), (85, 26), (86, 26), (87, 26), (88, 26)]
[(111, 0), (112, 0), (113, 0), (114, 0), (110, 3), (109, 6), (108, 9), (107, 13), (106, 16), (105, 19), (113, 19), (114, 19), (105, 20), (110, 20), (111, 20), (112, 20), (106, 21), (107, 21), (108, 21), (109, 21)]
[(113, 19), (114, 19), (110, 20), (111, 20), (112, 20), (106, 21), (107, 21), (108, 21), (109, 21), (105, 24), (104, 27), (103, 30), (102, 34), (101, 37), (114, 38), (111, 39), (112, 39), (113, 39), (100, 40), (108, 40), (109, 40), (110, 40), (100, 41), (105, 41), (106, 41), (107, 41), (101, 42), (102, 42), (103, 42), (104, 42)]
[(68, 9), (65, 10), (66, 10), (67, 10), (69, 10), (61, 11), (62, 11), (63, 11), (64, 11), (58, 12), (59, 12), (60, 12), (55, 13), (56, 13), (57, 13), (68, 13), (52, 14), (53, 14), (54, 14), (48, 15), (49, 15), (50, 15), (51, 15), (67, 16), (47, 18), (66, 19), (46, 21), (65, 23), (45, 24), (64, 26), (44, 28), (63, 29), (63, 30), (43, 31), (60, 31), (61, 31), (62, 31), (56, 32), (57, 32), (58, 32), (59, 32), (53, 33), (54, 33), (55, 33), (42, 34), (50, 34), (51, 34), (52, 34), (42, 35), (47, 35), (48, 35), (49, 35), (43, 36), (44, 36), (45, 36), (46, 36)]
[(89, 4), (86, 5), (87, 5), (88, 5), (90, 5), (82, 6), (83, 6), (84, 6), (85, 6), (79, 7), (80, 7), (81, 7), (76, 8), (77, 8), (78, 8), (89, 8), (73, 9), (74, 9), (75, 9), (69, 10), (70, 10), (71, 10), (72, 10), (88, 11), (68, 13), (87, 14), (67, 16), (86, 18), (66, 19), (85, 21), (65, 23), (84, 24), (84, 25), (64, 26), (81, 26), (82, 26), (83, 26), (77, 27), (78, 27), (79, 27), (80, 27), (74, 28), (75, 28), (76, 28), (63, 29), (71, 29), (72, 29), (73, 29), (63, 30), (68, 30), (69, 30), (70, 30), (64, 31), (65, 31), (66, 31), (67, 31)]
[(84, 25), (81, 26), (82, 26), (83, 26), (85, 26), (77, 27), (78, 27), (79, 27), (80, 27), (74, 28), (75, 28), (76, 28), (71, 29), (72, 29), (73, 29), (84, 29), (68, 30), (69, 30), (70, 30), (64, 31), (65, 31), (66, 31), (67, 31), (83, 32), (63, 34), (82, 35), (62, 37), (81, 39), (61, 40), (80, 42), (60, 44), (79, 45), (79, 46), (59, 47), (76, 47), (77, 47), (78, 47), (72, 48), (73, 48), (74, 48), (75, 48), (69, 49), (70, 49), (71, 49), (58, 50), (66, 50), (67, 50), (68, 50), (58, 51), (63, 51), (64, 51), (65, 51), (59, 52), (60, 52), (61, 52), (62, 52)]
[(105, 20), (102, 21), (103, 21), (104, 21), (106, 21), (98, 22), (99, 22), (100, 22), (101, 22), (95, 23), (96, 23), (97, 23), (92, 24), (93, 24), (94, 24), (105, 24), (89, 25), (90, 25), (91, 25), (85, 26), (86, 26), (87, 26), (88, 26), (104, 27), (84, 29), (103, 30), (83, 32), (102, 34), (82, 35), (101, 37), (81, 39), (100, 40), (100, 41), (80, 42), (97, 42), (98, 42), (99, 42), (93, 43), (94, 43), (95, 43), (96, 43), (90, 44), (91, 44), (92, 44), (79, 45), (87, 45), (88, 45), (89, 45), (79, 46), (84, 46), (85, 46), (86, 46), (80, 47), (81, 47), (82, 47), (83, 47)]
[(100, 41), (97, 42), (98, 42), (99, 42), (101, 42), (93, 43), (94, 43), (95, 43), (96, 43), (90, 44), (91, 44), (92, 44), (87, 45), (88, 45), (89, 45), (100, 45), (84, 46), (85, 46), (86, 46), (80, 47), (81, 47), (82, 47), (83, 47), (99, 48), (79, 50), (98, 51), (78, 53), (97, 55), (77, 56), (96, 58), (76, 60), (95, 61), (95, 62), (75, 63), (92, 63), (93, 63), (94, 63), (88, 64), (89, 64), (90, 64), (91, 64), (85, 65), (86, 65), (87, 65), (74, 66), (82, 66), (83, 66), (84, 66), (74, 67), (79, 67), (80, 67), (81, 67), (75, 68), (76, 68), (77, 68), (78, 68)]
[(114, 38), (111, 39), (112, 39), (113, 39), (108, 40), (109, 40), (110, 40), (105, 41), (106, 41), (107, 41), (101, 42), (102, 42), (103, 42), (104, 42), (100, 45), (99, 48), (98, 51), (97, 55), (96, 58), (113, 58), (114, 58), (109, 59), (110, 59), (111, 59), (112, 59), (106, 60), (107, 60), (108, 60), (95, 61), (103, 61), (104, 61), (105, 61), (95, 62), (100, 62), (101, 62), (102, 62), (96, 63), (97, 63), (98, 63), (99, 63)]
[(113, 58), (114, 58), (109, 59), (110, 59), (111, 59), (112, 59), (106, 60), (107, 60), (108, 60), (103, 61), (104, 61), (105, 61), (100, 62), (101, 62), (102, 62), (96, 63), (97, 63), (98, 63), (99, 63), (95, 66), (114, 67), (94, 69), (113, 71), (93, 72), (112, 74), (92, 76), (111, 77), (111, 78), (91, 79), (108, 79), (109, 79), (110, 79), (104, 80), (105, 80), (106, 80), (107, 80), (101, 81), (102, 81), (103, 81), (90, 82), (98, 82), (99, 82), (100, 82), (90, 83), (95, 83), (96, 83), (97, 83), (91, 84), (92, 84), (93, 84), (94, 84)]
[(114, 67), (113, 71), (112, 74), (111, 77), (111, 78), (112, 79), (113, 79), (114, 79)]
[(112, 79), (113, 79), (114, 79), (111, 82), (110, 85), (109, 88), (108, 92), (107, 95), (106, 98), (114, 98), (106, 99), (111, 99), (112, 99), (113, 99), (107, 100), (108, 100), (109, 100), (110, 100)]
[(42, 35), (39, 36), (40, 36), (41, 36), (43, 36), (35, 37), (36, 37), (37, 37), (38, 37), (32, 38), (33, 38), (34, 38), (29, 39), (30, 39), (31, 39), (42, 39), (26, 40), (27, 40), (28, 40), (22, 41), (23, 41), (24, 41), (25, 41), (41, 42), (21, 44), (40, 45), (20, 47), (39, 49), (19, 50), (38, 52), (18, 54), (37, 55), (37, 56), (17, 57), (34, 57), (35, 57), (36, 57), (30, 58), (31, 58), (32, 58), (33, 58), (27, 59), (28, 59), (29, 59), (16, 60), (24, 60), (25, 60), (26, 60), (16, 61), (21, 61), (22, 61), (23, 61), (17, 62), (18, 62), (19, 62), (20, 62)]
[(63, 30), (60, 31), (61, 31), (62, 31), (64, 31), (56, 32), (57, 32), (58, 32), (59, 32), (53, 33), (54, 33), (55, 33), (50, 34), (51, 34), (52, 34), (63, 34), (47, 35), (48, 35), (49, 35), (43, 36), (44, 36), (45, 36), (46, 36), (62, 37), (42, 39), (61, 40), (41, 42), (60, 44), (40, 45), (59, 47), (39, 49), (58, 50), (58, 51), (38, 52), (55, 52), (56, 52), (57, 52), (51, 53), (52, 53), (53, 53), (54, 53), (48, 54), (49, 54), (50, 54), (37, 55), (45, 55), (46, 55), (47, 55), (37, 56), (42, 56), (43, 56), (44, 56), (38, 57), (39, 57), (40, 57), (41, 57)]
[(58, 51), (55, 52), (56, 52), (57, 52), (59, 52), (51, 53), (52, 53), (53, 53), (54, 53), (48, 54), (49, 54), (50, 54), (45, 55), (46, 55), (47, 55), (58, 55), (42, 56), (43, 56), (44, 56), (38, 57), (39, 57), (40, 57), (41, 57), (57, 58), (37, 60), (56, 61), (36, 63), (55, 65), (35, 66), (54, 68), (34, 70), (53, 71), (53, 72), (33, 73), (50, 73), (51, 73), (52, 73), (46, 74), (47, 74), (48, 74), (49, 74), (43, 75), (44, 75), (45, 75), (32, 76), (40, 76), (41, 76), (42, 76), (32, 77), (37, 77), (38, 77), (39, 77), (33, 78), (34, 78), (35, 78), (36, 78)]
[(79, 46), (76, 47), (77, 47), (78, 47), (80, 47), (72, 48), (73, 48), (74, 48), (75, 48), (69, 49), (70, 49), (71, 49), (66, 50), (67, 50), (68, 50), (79, 50), (63, 51), (64, 51), (65, 51), (59, 52), (60, 52), (61, 52), (62, 52), (78, 53), (58, 55), (77, 56), (57, 58), (76, 60), (56, 61), (75, 63), (55, 65), (74, 66), (74, 67), (54, 68), (71, 68), (72, 68), (73, 68), (67, 69), (68, 69), (69, 69), (70, 69), (64, 70), (65, 70), (66, 70), (53, 71), (61, 71), (62, 71), (63, 71), (53, 72), (58, 72), (59, 72), (60, 72), (54, 73), (55, 73), (56, 73), (57, 73)]
[(74, 67), (71, 68), (72, 68), (73, 68), (75, 68), (67, 69), (68, 69), (69, 69), (70, 69), (64, 70), (65, 70), (66, 70), (61, 71), (62, 71), (63, 71), (74, 71), (58, 72), (59, 72), (60, 72), (54, 73), (55, 73), (56, 73), (57, 73), (73, 74), (53, 76), (72, 77), (52, 79), (71, 81), (51, 82), (70, 84), (50, 86), (69, 87), (69, 88), (49, 89), (66, 89), (67, 89), (68, 89), (62, 90), (63, 90), (64, 90), (65, 90), (59, 91), (60, 91), (61, 91), (48, 92), (56, 92), (57, 92), (58, 92), (48, 93), (53, 93), (54, 93), (55, 93), (49, 94), (50, 94), (51, 94), (52, 94)]
[(95, 62), (92, 63), (93, 63), (94, 63), (96, 63), (88, 64), (89, 64), (90, 64), (91, 64), (85, 65), (86, 65), (87, 65), (82, 66), (83, 66), (84, 66), (95, 66), (79, 67), (80, 67), (81, 67), (75, 68), (76, 68), (77, 68), (78, 68), (94, 69), (74, 71), (93, 72), (73, 74), (92, 76), (72, 77), (91, 79), (71, 81), (90, 82), (90, 83), (70, 84), (87, 84), (88, 84), (89, 84), (83, 85), (84, 85), (85, 85), (86, 85), (80, 86), (81, 86), (82, 86), (69, 87), (77, 87), (78, 87), (79, 87), (69, 88), (74, 88), (75, 88), (76, 88), (70, 89), (71, 89), (72, 89), (73, 89)]
[(90, 83), (87, 84), (88, 84), (89, 84), (91, 84), (83, 85), (84, 85), (85, 85), (86, 85), (80, 86), (81, 86), (82, 86), (77, 87), (78, 87), (79, 87), (90, 87), (74, 88), (75, 88), (76, 88), (70, 89), (71, 89), (72, 89), (73, 89), (89, 90), (69, 92), (88, 93), (68, 95), (87, 97), (67, 98), (86, 100), (66, 102), (85, 103), (85, 104), (65, 105), (82, 105), (83, 105), (84, 105), (78, 106), (79, 106), (80, 106), (81, 106), (75, 107), (76, 107), (77, 107), (64, 108), (72, 108), (73, 108), (74, 108), (64, 109), (69, 109), (70, 109), (71, 109), (65, 110), (66, 110), (67, 110), (68, 110)]
[(111, 78), (108, 79), (109, 79), (110, 79), (112, 79), (104, 80), (105, 80), (106, 80), (107, 80), (101, 81), (102, 81), (103, 81), (98, 82), (99, 82), (100, 82), (111, 82), (95, 83), (96, 83), (97, 83), (91, 84), (92, 84), (93, 84), (94, 84), (110, 85), (90, 87), (109, 88), (89, 90), (108, 92), (88, 93), (107, 95), (87, 97), (106, 98), (106, 99), (86, 100), (103, 100), (104, 100), (105, 100), (99, 101), (100, 101), (101, 101), (102, 101), (96, 102), (97, 102), (98, 102), (85, 103), (93, 103), (94, 103), (95, 103), (85, 104), (90, 104), (91, 104), (92, 104), (86, 105), (87, 105), (88, 105), (89, 105)]
[(106, 99), (103, 100), (104, 100), (105, 100), (107, 100), (99, 101), (100, 101), (101, 101), (102, 101), (96, 102), (97, 102), (98, 102), (93, 103), (94, 103), (95, 103), (106, 103), (90, 104), (91, 104), (92, 104), (86, 105), (87, 105), (88, 105), (89, 105), (105, 106), (85, 108), (104, 109), (84, 111), (103, 113), (83, 114)]
[(114, 98), (111, 99), (112, 99), (113, 99), (107, 100), (108, 100), (109, 100), (110, 100), (106, 103), (105, 106), (104, 109), (103, 113)]
[(37, 56), (34, 57), (35, 57), (36, 57), (38, 57), (30, 58), (31, 58), (32, 58), (33, 58), (27, 59), (28, 59), (29, 59), (24, 60), (25, 60), (26, 60), (37, 60), (21, 61), (22, 61), (23, 61), (17, 62), (18, 62), (19, 62), (20, 62), (36, 63), (16, 65), (35, 66), (15, 68), (34, 70), (14, 71), (33, 73), (13, 75), (32, 76), (32, 77), (12, 78), (29, 78), (30, 78), (31, 78), (25, 79), (26, 79), (27, 79), (28, 79), (22, 80), (23, 80), (24, 80), (11, 81), (19, 81), (20, 81), (21, 81), (11, 82), (16, 82), (17, 82), (18, 82), (12, 83), (13, 83), (14, 83), (15, 83)]
[(32, 77), (29, 78), (30, 78), (31, 78), (33, 78), (25, 79), (26, 79), (27, 79), (28, 79), (22, 80), (23, 80), (24, 80), (19, 81), (20, 81), (21, 81), (32, 81), (16, 82), (17, 82), (18, 82), (12, 83), (13, 83), (14, 83), (15, 83), (31, 84), (11, 86), (30, 87), (10, 89), (29, 91), (9, 92), (28, 94), (8, 96), (27, 97), (27, 98), (7, 99), (24, 99), (25, 99), (26, 99), (20, 100), (21, 100), (22, 100), (23, 100), (17, 101), (18, 101), (19, 101), (6, 102), (14, 102), (15, 102), (16, 102), (6, 103), (11, 103), (12, 103), (13, 103), (7, 104), (8, 104), (9, 104), (10, 104)]
[(53, 72), (50, 73), (51, 73), (52, 73), (54, 73), (46, 74), (47, 74), (48, 74), (49, 74), (43, 75), (44, 75), (45, 75), (40, 76), (41, 76), (42, 76), (53, 76), (37, 77), (38, 77), (39, 77), (33, 78), (34, 78), (35, 78), (36, 78), (52, 79), (32, 81), (51, 82), (31, 84), (50, 86), (30, 87), (49, 89), (29, 91), (48, 92), (48, 93), (28, 94), (45, 94), (46, 94), (47, 94), (41, 95), (42, 95), (43, 95), (44, 95), (38, 96), (39, 96), (40, 96), (27, 97), (35, 97), (36, 97), (37, 97), (27, 98), (32, 98), (33, 98), (34, 98), (28, 99), (29, 99), (30, 99), (31, 99)]
[(48, 93), (45, 94), (46, 94), (47, 94), (49, 94), (41, 95), (42, 95), (43, 95), (44, 95), (38, 96), (39, 96), (40, 96), (35, 97), (36, 97), (37, 97), (48, 97), (32, 98), (33, 98), (34, 98), (28, 99), (29, 99), (30, 99), (31, 99), (47, 100), (27, 102), (46, 103), (26, 105), (45, 107), (25, 108), (44, 110), (24, 112), (43, 113), (43, 114)]
[(69, 88), (66, 89), (67, 89), (68, 89), (70, 89), (62, 90), (63, 90), (64, 90), (65, 90), (59, 91), (60, 91), (61, 91), (56, 92), (57, 92), (58, 92), (69, 92), (53, 93), (54, 93), (55, 93), (49, 94), (50, 94), (51, 94), (52, 94), (68, 95), (48, 97), (67, 98), (47, 100), (66, 102), (46, 103), (65, 105), (45, 107), (64, 108), (64, 109), (44, 110), (61, 110), (62, 110), (63, 110), (57, 111), (58, 111), (59, 111), (60, 111), (54, 112), (55, 112), (56, 112), (43, 113), (51, 113), (52, 113), (53, 113), (43, 114), (48, 114), (49, 114), (50, 114)]
[(64, 109), (61, 110), (62, 110), (63, 110), (65, 110), (57, 111), (58, 111), (59, 111), (60, 111), (54, 112), (55, 112), (56, 112), (51, 113), (52, 113), (53, 113), (64, 113), (48, 114), (49, 114), (50, 114)]
[(85, 104), (82, 105), (83, 105), (84, 105), (86, 105), (78, 106), (79, 106), (80, 106), (81, 106), (75, 107), (76, 107), (77, 107), (72, 108), (73, 108), (74, 108), (85, 108), (69, 109), (70, 109), (71, 109), (65, 110), (66, 110), (67, 110), (68, 110), (84, 111), (64, 113), (83, 114)]
[(27, 98), (24, 99), (25, 99), (26, 99), (28, 99), (20, 100), (21, 100), (22, 100), (23, 100), (17, 101), (18, 101), (19, 101), (14, 102), (15, 102), (16, 102), (27, 102), (11, 103), (12, 103), (13, 103), (7, 104), (8, 104), (9, 104), (10, 104), (26, 105), (6, 107), (25, 108), (5, 110), (24, 112), (4, 113)]
[(43, 114)]
