[(110, 2), (108, 3), (109, 3), (111, 3), (106, 4), (107, 4), (103, 5), (104, 5), (105, 5), (110, 5), (101, 6), (102, 6), (99, 7), (100, 7), (109, 7), (97, 8), (98, 8), (95, 9), (96, 9), (108, 9), (93, 10), (94, 10), (91, 11), (92, 11), (107, 11), (88, 12), (89, 12), (90, 12), (106, 13), (87, 14), (105, 15), (86, 16), (104, 17), (85, 18), (84, 20), (103, 20), (83, 22), (102, 22), (82, 24), (101, 24), (101, 25), (81, 26), (99, 26), (100, 26), (97, 27), (98, 27), (94, 28), (95, 28), (96, 28), (80, 29), (92, 29), (93, 29), (90, 30), (91, 30), (79, 31), (88, 31), (89, 31), (86, 32), (87, 32), (78, 33), (84, 33), (85, 33), (78, 34), (82, 34), (83, 34), (79, 35), (80, 35), (81, 35)]
[(114, 2), (111, 3), (112, 3), (113, 3), (110, 5), (109, 7), (108, 9), (107, 11), (106, 13), (105, 15), (104, 17), (103, 20), (113, 21), (114, 21), (102, 22), (111, 22), (112, 22), (109, 23), (110, 23), (101, 24), (107, 24), (108, 24), (101, 25), (105, 25), (106, 25), (102, 26), (103, 26), (104, 26)]
[(113, 21), (114, 21), (111, 22), (112, 22), (109, 23), (110, 23), (107, 24), (108, 24), (105, 25), (106, 25), (102, 26), (103, 26), (104, 26), (101, 28), (100, 30), (99, 32), (98, 34), (97, 36), (96, 38), (95, 40), (113, 40), (114, 40), (111, 41), (112, 41), (108, 42), (109, 42), (110, 42), (94, 43), (106, 43), (107, 43), (104, 44), (105, 44), (93, 45), (102, 45), (103, 45), (100, 46), (101, 46), (92, 47), (98, 47), (99, 47), (92, 48), (96, 48), (97, 48), (93, 49), (94, 49), (95, 49)]
[(114, 44), (113, 46), (112, 48), (111, 50), (110, 52), (109, 54), (108, 57), (107, 59), (114, 60), (106, 61), (112, 61), (113, 61), (106, 62), (110, 62), (111, 62), (107, 63), (108, 63), (109, 63)]
[(64, 20), (62, 21), (63, 21), (65, 21), (60, 22), (61, 22), (57, 23), (58, 23), (59, 23), (64, 23), (55, 24), (56, 24), (53, 25), (54, 25), (63, 25), (51, 26), (52, 26), (49, 27), (50, 27), (62, 27), (47, 28), (48, 28), (45, 29), (46, 29), (61, 29), (42, 30), (43, 30), (44, 30), (60, 31), (41, 32), (59, 33), (40, 34), (58, 35), (39, 36), (38, 38), (57, 38), (37, 40), (56, 40), (36, 42), (55, 42), (55, 43), (35, 44), (53, 44), (54, 44), (51, 45), (52, 45), (48, 46), (49, 46), (50, 46), (34, 47), (46, 47), (47, 47), (44, 48), (45, 48), (33, 49), (42, 49), (43, 49), (40, 50), (41, 50), (32, 51), (38, 51), (39, 51), (32, 52), (36, 52), (37, 52), (33, 53), (34, 53), (35, 53)]
[(87, 11), (85, 12), (86, 12), (88, 12), (83, 13), (84, 13), (80, 14), (81, 14), (82, 14), (87, 14), (78, 15), (79, 15), (76, 16), (77, 16), (86, 16), (74, 17), (75, 17), (72, 18), (73, 18), (85, 18), (70, 19), (71, 19), (68, 20), (69, 20), (84, 20), (65, 21), (66, 21), (67, 21), (83, 22), (64, 23), (82, 24), (63, 25), (81, 26), (62, 27), (61, 29), (80, 29), (60, 31), (79, 31), (59, 33), (78, 33), (78, 34), (58, 35), (76, 35), (77, 35), (74, 36), (75, 36), (71, 37), (72, 37), (73, 37), (57, 38), (69, 38), (70, 38), (67, 39), (68, 39), (56, 40), (65, 40), (66, 40), (63, 41), (64, 41), (55, 42), (61, 42), (62, 42), (55, 43), (59, 43), (60, 43), (56, 44), (57, 44), (58, 44)]
[(78, 34), (76, 35), (77, 35), (79, 35), (74, 36), (75, 36), (71, 37), (72, 37), (73, 37), (78, 37), (69, 38), (70, 38), (67, 39), (68, 39), (77, 39), (65, 40), (66, 40), (63, 41), (64, 41), (76, 41), (61, 42), (62, 42), (59, 43), (60, 43), (75, 43), (56, 44), (57, 44), (58, 44), (74, 45), (55, 46), (73, 47), (54, 48), (72, 49), (53, 50), (52, 52), (71, 52), (51, 54), (70, 54), (50, 56), (69, 56), (69, 57), (49, 58), (67, 58), (68, 58), (65, 59), (66, 59), (62, 60), (63, 60), (64, 60), (48, 61), (60, 61), (61, 61), (58, 62), (59, 62), (47, 63), (56, 63), (57, 63), (54, 64), (55, 64), (46, 65), (52, 65), (53, 65), (46, 66), (50, 66), (51, 66), (47, 67), (48, 67), (49, 67)]
[(101, 25), (99, 26), (100, 26), (102, 26), (97, 27), (98, 27), (94, 28), (95, 28), (96, 28), (101, 28), (92, 29), (93, 29), (90, 30), (91, 30), (100, 30), (88, 31), (89, 31), (86, 32), (87, 32), (99, 32), (84, 33), (85, 33), (82, 34), (83, 34), (98, 34), (79, 35), (80, 35), (81, 35), (97, 36), (78, 37), (96, 38), (77, 39), (95, 40), (76, 41), (75, 43), (94, 43), (74, 45), (93, 45), (73, 47), (92, 47), (92, 48), (72, 49), (90, 49), (91, 49), (88, 50), (89, 50), (85, 51), (86, 51), (87, 51), (71, 52), (83, 52), (84, 52), (81, 53), (82, 53), (70, 54), (79, 54), (80, 54), (77, 55), (78, 55), (69, 56), (75, 56), (76, 56), (69, 57), (73, 57), (74, 57), (70, 58), (71, 58), (72, 58)]
[(92, 48), (90, 49), (91, 49), (93, 49), (88, 50), (89, 50), (85, 51), (86, 51), (87, 51), (92, 51), (83, 52), (84, 52), (81, 53), (82, 53), (91, 53), (79, 54), (80, 54), (77, 55), (78, 55), (90, 55), (75, 56), (76, 56), (73, 57), (74, 57), (89, 57), (70, 58), (71, 58), (72, 58), (88, 59), (69, 60), (87, 61), (68, 62), (86, 63), (67, 64), (66, 66), (85, 66), (65, 68), (84, 68), (64, 70), (83, 70), (83, 71), (63, 72), (81, 72), (82, 72), (79, 73), (80, 73), (76, 74), (77, 74), (78, 74), (62, 75), (74, 75), (75, 75), (72, 76), (73, 76), (61, 77), (70, 77), (71, 77), (68, 78), (69, 78), (60, 79), (66, 79), (67, 79), (60, 80), (64, 80), (65, 80), (61, 81), (62, 81), (63, 81)]
[(113, 40), (114, 40), (111, 41), (112, 41), (108, 42), (109, 42), (110, 42), (106, 43), (107, 43), (104, 44), (105, 44), (114, 44), (102, 45), (103, 45), (100, 46), (101, 46), (113, 46), (98, 47), (99, 47), (96, 48), (97, 48), (112, 48), (93, 49), (94, 49), (95, 49), (111, 50), (92, 51), (110, 52), (91, 53), (109, 54), (90, 55), (89, 57), (108, 57), (88, 59), (107, 59), (87, 61), (106, 61), (106, 62), (86, 63), (104, 63), (105, 63), (102, 64), (103, 64), (99, 65), (100, 65), (101, 65), (85, 66), (97, 66), (98, 66), (95, 67), (96, 67), (84, 68), (93, 68), (94, 68), (91, 69), (92, 69), (83, 70), (89, 70), (90, 70), (83, 71), (87, 71), (88, 71), (84, 72), (85, 72), (86, 72)]
[(106, 62), (104, 63), (105, 63), (107, 63), (102, 64), (103, 64), (99, 65), (100, 65), (101, 65), (106, 65), (97, 66), (98, 66), (95, 67), (96, 67), (105, 67), (93, 68), (94, 68), (91, 69), (92, 69), (104, 69), (89, 70), (90, 70), (87, 71), (88, 71), (103, 71), (84, 72), (85, 72), (86, 72), (102, 73), (83, 74), (101, 75), (82, 76), (100, 77), (81, 78), (80, 80), (99, 80), (79, 82), (98, 82), (78, 84), (97, 84), (97, 85), (77, 86), (95, 86), (96, 86), (93, 87), (94, 87), (90, 88), (91, 88), (92, 88), (76, 89), (88, 89), (89, 89), (86, 90), (87, 90), (75, 91), (84, 91), (85, 91), (82, 92), (83, 92), (74, 93), (80, 93), (81, 93), (74, 94), (78, 94), (79, 94), (75, 95), (76, 95), (77, 95)]
[(114, 60), (112, 61), (113, 61), (110, 62), (111, 62), (107, 63), (108, 63), (109, 63), (106, 65), (105, 67), (104, 69), (103, 71), (102, 73), (101, 75), (100, 77), (113, 79), (114, 79), (99, 80), (111, 80), (112, 80), (109, 81), (110, 81), (98, 82), (107, 82), (108, 82), (105, 83), (106, 83), (97, 84), (103, 84), (104, 84), (97, 85), (101, 85), (102, 85), (98, 86), (99, 86), (100, 86)]
[(113, 79), (114, 79), (111, 80), (112, 80), (109, 81), (110, 81), (107, 82), (108, 82), (105, 83), (106, 83), (103, 84), (104, 84), (101, 85), (102, 85), (98, 86), (99, 86), (100, 86), (97, 88), (96, 90), (114, 91), (95, 92), (94, 94), (113, 94), (93, 96), (112, 96), (92, 98), (111, 98), (111, 99), (91, 100), (109, 100), (110, 100), (107, 101), (108, 101), (104, 102), (105, 102), (106, 102), (90, 103), (102, 103), (103, 103), (100, 104), (101, 104), (89, 105), (98, 105), (99, 105), (96, 106), (97, 106), (88, 107), (94, 107), (95, 107), (88, 108), (92, 108), (93, 108), (89, 109), (90, 109), (91, 109)]
[(114, 91), (113, 94), (112, 96), (111, 98), (111, 99), (112, 100), (113, 100), (114, 100)]
[(112, 100), (113, 100), (114, 100), (111, 102), (110, 104), (109, 106), (108, 108), (107, 110), (106, 112), (105, 114)]
[(32, 52), (30, 53), (31, 53), (33, 53), (28, 54), (29, 54), (25, 55), (26, 55), (27, 55), (32, 55), (23, 56), (24, 56), (21, 57), (22, 57), (31, 57), (19, 58), (20, 58), (17, 59), (18, 59), (30, 59), (15, 60), (16, 60), (13, 61), (14, 61), (29, 61), (10, 62), (11, 62), (12, 62), (28, 63), (9, 64), (27, 65), (8, 66), (26, 67), (7, 68), (6, 70), (25, 70), (5, 72), (24, 72), (4, 74), (23, 74), (23, 75), (3, 76), (21, 76), (22, 76), (19, 77), (20, 77), (16, 78), (17, 78), (18, 78), (2, 79), (14, 79), (15, 79), (12, 80), (13, 80), (1, 81), (10, 81), (11, 81), (8, 82), (9, 82), (0, 83), (6, 83), (7, 83), (0, 84), (4, 84), (5, 84), (1, 85), (2, 85), (3, 85)]
[(55, 43), (53, 44), (54, 44), (56, 44), (51, 45), (52, 45), (48, 46), (49, 46), (50, 46), (55, 46), (46, 47), (47, 47), (44, 48), (45, 48), (54, 48), (42, 49), (43, 49), (40, 50), (41, 50), (53, 50), (38, 51), (39, 51), (36, 52), (37, 52), (52, 52), (33, 53), (34, 53), (35, 53), (51, 54), (32, 55), (50, 56), (31, 57), (49, 58), (30, 59), (29, 61), (48, 61), (28, 63), (47, 63), (27, 65), (46, 65), (46, 66), (26, 67), (44, 67), (45, 67), (42, 68), (43, 68), (39, 69), (40, 69), (41, 69), (25, 70), (37, 70), (38, 70), (35, 71), (36, 71), (24, 72), (33, 72), (34, 72), (31, 73), (32, 73), (23, 74), (29, 74), (30, 74), (23, 75), (27, 75), (28, 75), (24, 76), (25, 76), (26, 76)]
[(46, 66), (44, 67), (45, 67), (47, 67), (42, 68), (43, 68), (39, 69), (40, 69), (41, 69), (46, 69), (37, 70), (38, 70), (35, 71), (36, 71), (45, 71), (33, 72), (34, 72), (31, 73), (32, 73), (44, 73), (29, 74), (30, 74), (27, 75), (28, 75), (43, 75), (24, 76), (25, 76), (26, 76), (42, 77), (23, 78), (41, 79), (22, 80), (40, 81), (21, 82), (20, 84), (39, 84), (19, 86), (38, 86), (18, 88), (37, 88), (37, 89), (17, 90), (35, 90), (36, 90), (33, 91), (34, 91), (30, 92), (31, 92), (32, 92), (16, 93), (28, 93), (29, 93), (26, 94), (27, 94), (15, 95), (24, 95), (25, 95), (22, 96), (23, 96), (14, 97), (20, 97), (21, 97), (14, 98), (18, 98), (19, 98), (15, 99), (16, 99), (17, 99)]
[(69, 57), (67, 58), (68, 58), (70, 58), (65, 59), (66, 59), (62, 60), (63, 60), (64, 60), (69, 60), (60, 61), (61, 61), (58, 62), (59, 62), (68, 62), (56, 63), (57, 63), (54, 64), (55, 64), (67, 64), (52, 65), (53, 65), (50, 66), (51, 66), (66, 66), (47, 67), (48, 67), (49, 67), (65, 68), (46, 69), (64, 70), (45, 71), (63, 72), (44, 73), (43, 75), (62, 75), (42, 77), (61, 77), (41, 79), (60, 79), (60, 80), (40, 81), (58, 81), (59, 81), (56, 82), (57, 82), (53, 83), (54, 83), (55, 83), (39, 84), (51, 84), (52, 84), (49, 85), (50, 85), (38, 86), (47, 86), (48, 86), (45, 87), (46, 87), (37, 88), (43, 88), (44, 88), (37, 89), (41, 89), (42, 89), (38, 90), (39, 90), (40, 90)]
[(60, 80), (58, 81), (59, 81), (61, 81), (56, 82), (57, 82), (53, 83), (54, 83), (55, 83), (60, 83), (51, 84), (52, 84), (49, 85), (50, 85), (59, 85), (47, 86), (48, 86), (45, 87), (46, 87), (58, 87), (43, 88), (44, 88), (41, 89), (42, 89), (57, 89), (38, 90), (39, 90), (40, 90), (56, 91), (37, 92), (55, 93), (36, 94), (54, 95), (35, 96), (34, 98), (53, 98), (33, 100), (52, 100), (32, 102), (51, 102), (51, 103), (31, 104), (49, 104), (50, 104), (47, 105), (48, 105), (44, 106), (45, 106), (46, 106), (30, 107), (42, 107), (43, 107), (40, 108), (41, 108), (29, 109), (38, 109), (39, 109), (36, 110), (37, 110), (28, 111), (34, 111), (35, 111), (28, 112), (32, 112), (33, 112), (29, 113), (30, 113), (31, 113)]
[(83, 71), (81, 72), (82, 72), (84, 72), (79, 73), (80, 73), (76, 74), (77, 74), (78, 74), (83, 74), (74, 75), (75, 75), (72, 76), (73, 76), (82, 76), (70, 77), (71, 77), (68, 78), (69, 78), (81, 78), (66, 79), (67, 79), (64, 80), (65, 80), (80, 80), (61, 81), (62, 81), (63, 81), (79, 82), (60, 83), (78, 84), (59, 85), (77, 86), (58, 87), (57, 89), (76, 89), (56, 91), (75, 91), (55, 93), (74, 93), (74, 94), (54, 95), (72, 95), (73, 95), (70, 96), (71, 96), (67, 97), (68, 97), (69, 97), (53, 98), (65, 98), (66, 98), (63, 99), (64, 99), (52, 100), (61, 100), (62, 100), (59, 101), (60, 101), (51, 102), (57, 102), (58, 102), (51, 103), (55, 103), (56, 103), (52, 104), (53, 104), (54, 104)]
[(74, 94), (72, 95), (73, 95), (75, 95), (70, 96), (71, 96), (67, 97), (68, 97), (69, 97), (74, 97), (65, 98), (66, 98), (63, 99), (64, 99), (73, 99), (61, 100), (62, 100), (59, 101), (60, 101), (72, 101), (57, 102), (58, 102), (55, 103), (56, 103), (71, 103), (52, 104), (53, 104), (54, 104), (70, 105), (51, 106), (69, 107), (50, 108), (68, 109), (49, 110), (48, 112), (67, 112), (47, 114), (66, 114)]
[(97, 85), (95, 86), (96, 86), (98, 86), (93, 87), (94, 87), (90, 88), (91, 88), (92, 88), (97, 88), (88, 89), (89, 89), (86, 90), (87, 90), (96, 90), (84, 91), (85, 91), (82, 92), (83, 92), (95, 92), (80, 93), (81, 93), (78, 94), (79, 94), (94, 94), (75, 95), (76, 95), (77, 95), (93, 96), (74, 97), (92, 98), (73, 99), (91, 100), (72, 101), (71, 103), (90, 103), (70, 105), (89, 105), (69, 107), (88, 107), (88, 108), (68, 109), (86, 109), (87, 109), (84, 110), (85, 110), (81, 111), (82, 111), (83, 111), (67, 112), (79, 112), (80, 112), (77, 113), (78, 113), (66, 114), (75, 114), (76, 114)]
[(88, 108), (86, 109), (87, 109), (89, 109), (84, 110), (85, 110), (81, 111), (82, 111), (83, 111), (88, 111), (79, 112), (80, 112), (77, 113), (78, 113), (87, 113), (75, 114), (76, 114)]
[(111, 99), (109, 100), (110, 100), (112, 100), (107, 101), (108, 101), (104, 102), (105, 102), (106, 102), (111, 102), (102, 103), (103, 103), (100, 104), (101, 104), (110, 104), (98, 105), (99, 105), (96, 106), (97, 106), (109, 106), (94, 107), (95, 107), (92, 108), (93, 108), (108, 108), (89, 109), (90, 109), (91, 109), (107, 110), (88, 111), (106, 112), (87, 113), (105, 114)]
[(23, 75), (21, 76), (22, 76), (24, 76), (19, 77), (20, 77), (16, 78), (17, 78), (18, 78), (23, 78), (14, 79), (15, 79), (12, 80), (13, 80), (22, 80), (10, 81), (11, 81), (8, 82), (9, 82), (21, 82), (6, 83), (7, 83), (4, 84), (5, 84), (20, 84), (1, 85), (2, 85), (3, 85), (19, 86), (0, 87), (18, 88), (17, 90), (16, 93), (15, 95), (14, 97), (14, 98), (12, 99), (13, 99), (10, 100), (11, 100), (7, 101), (8, 101), (9, 101), (5, 102), (6, 102), (3, 103), (4, 103), (1, 104), (2, 104), (0, 105)]
[(14, 98), (12, 99), (13, 99), (15, 99), (10, 100), (11, 100), (7, 101), (8, 101), (9, 101), (14, 101), (5, 102), (6, 102), (3, 103), (4, 103), (13, 103), (1, 104), (2, 104), (0, 105), (12, 105), (11, 107), (10, 109), (9, 111), (8, 113)]
[(37, 89), (35, 90), (36, 90), (38, 90), (33, 91), (34, 91), (30, 92), (31, 92), (32, 92), (37, 92), (28, 93), (29, 93), (26, 94), (27, 94), (36, 94), (24, 95), (25, 95), (22, 96), (23, 96), (35, 96), (20, 97), (21, 97), (18, 98), (19, 98), (34, 98), (15, 99), (16, 99), (17, 99), (33, 100), (14, 101), (32, 102), (13, 103), (31, 104), (12, 105), (11, 107), (30, 107), (10, 109), (29, 109), (9, 111), (28, 111), (28, 112), (8, 113), (26, 113), (27, 113), (24, 114), (25, 114)]
[(28, 112), (26, 113), (27, 113), (29, 113), (24, 114), (25, 114)]
[(51, 103), (49, 104), (50, 104), (52, 104), (47, 105), (48, 105), (44, 106), (45, 106), (46, 106), (51, 106), (42, 107), (43, 107), (40, 108), (41, 108), (50, 108), (38, 109), (39, 109), (36, 110), (37, 110), (49, 110), (34, 111), (35, 111), (32, 112), (33, 112), (48, 112), (29, 113), (30, 113), (31, 113), (47, 114)]
