[(87, 22), (85, 23), (86, 23), (88, 23), (83, 24), (84, 24), (89, 24), (81, 25), (82, 25), (78, 26), (79, 26), (80, 26), (88, 26), (76, 27), (77, 27), (74, 28), (75, 28), (87, 28), (72, 29), (73, 29), (69, 30), (70, 30), (71, 30), (86, 30), (68, 32), (85, 32), (67, 34), (84, 35), (66, 36), (83, 37), (65, 38), (82, 39), (64, 41), (81, 41), (81, 42), (63, 43), (79, 43), (80, 43), (77, 44), (78, 44), (62, 45), (75, 45), (76, 45), (72, 46), (73, 46), (74, 46), (61, 47), (70, 47), (71, 47), (61, 48), (68, 48), (69, 48), (62, 49), (66, 49), (67, 49), (63, 50), (64, 50), (65, 50)]
[(107, 16), (105, 17), (106, 17), (108, 17), (103, 18), (104, 18), (109, 18), (101, 19), (102, 19), (98, 20), (99, 20), (100, 20), (108, 20), (96, 21), (97, 21), (94, 22), (95, 22), (107, 22), (92, 23), (93, 23), (89, 24), (90, 24), (91, 24), (106, 24), (88, 26), (105, 26), (87, 28), (104, 29), (86, 30), (103, 31), (85, 32), (102, 33), (84, 35), (101, 35), (101, 36), (83, 37), (99, 37), (100, 37), (97, 38), (98, 38), (82, 39), (95, 39), (96, 39), (92, 40), (93, 40), (94, 40), (81, 41), (90, 41), (91, 41), (81, 42), (88, 42), (89, 42), (82, 43), (86, 43), (87, 43), (83, 44), (84, 44), (85, 44)]
[(101, 36), (99, 37), (100, 37), (102, 37), (97, 38), (98, 38), (103, 38), (95, 39), (96, 39), (92, 40), (93, 40), (94, 40), (102, 40), (90, 41), (91, 41), (88, 42), (89, 42), (101, 42), (86, 43), (87, 43), (83, 44), (84, 44), (85, 44), (100, 44), (82, 46), (99, 46), (81, 48), (98, 49), (80, 50), (97, 51), (79, 52), (96, 53), (78, 55), (95, 55), (95, 56), (77, 57), (93, 57), (94, 57), (91, 58), (92, 58), (76, 59), (89, 59), (90, 59), (86, 60), (87, 60), (88, 60), (75, 61), (84, 61), (85, 61), (75, 62), (82, 62), (83, 62), (76, 63), (80, 63), (81, 63), (77, 64), (78, 64), (79, 64)]
[(112, 34), (113, 34), (114, 34), (110, 35), (111, 35), (108, 36), (109, 36), (106, 37), (107, 37), (103, 38), (104, 38), (105, 38), (102, 40), (101, 42), (100, 44), (99, 46), (98, 49), (97, 51), (113, 51), (114, 51), (111, 52), (112, 52), (96, 53), (109, 53), (110, 53), (106, 54), (107, 54), (108, 54), (95, 55), (104, 55), (105, 55), (95, 56), (102, 56), (103, 56), (96, 57), (100, 57), (101, 57), (97, 58), (98, 58), (99, 58)]
[(113, 51), (114, 51), (111, 52), (112, 52), (109, 53), (110, 53), (106, 54), (107, 54), (108, 54), (104, 55), (105, 55), (102, 56), (103, 56), (100, 57), (101, 57), (97, 58), (98, 58), (99, 58), (114, 58), (96, 60), (113, 60), (95, 62), (112, 63), (94, 64), (111, 65), (93, 66), (110, 67), (92, 69), (109, 69), (109, 70), (91, 71), (107, 71), (108, 71), (105, 72), (106, 72), (90, 73), (103, 73), (104, 73), (100, 74), (101, 74), (102, 74), (89, 75), (98, 75), (99, 75), (89, 76), (96, 76), (97, 76), (90, 77), (94, 77), (95, 77), (91, 78), (92, 78), (93, 78)]
[(114, 58), (113, 60), (112, 63), (111, 65), (110, 67), (109, 69), (109, 70), (110, 71), (114, 71), (111, 72), (112, 72), (113, 72)]
[(114, 71), (111, 72), (112, 72), (113, 72), (110, 74), (109, 76), (108, 78), (107, 80), (106, 83), (105, 85), (104, 87), (114, 88), (103, 89), (112, 89), (113, 89), (103, 90), (110, 90), (111, 90), (104, 91), (108, 91), (109, 91), (105, 92), (106, 92), (107, 92)]
[(47, 34), (45, 35), (46, 35), (48, 35), (43, 36), (44, 36), (49, 36), (41, 37), (42, 37), (38, 38), (39, 38), (40, 38), (48, 38), (36, 39), (37, 39), (34, 40), (35, 40), (47, 40), (32, 41), (33, 41), (29, 42), (30, 42), (31, 42), (46, 42), (28, 44), (45, 44), (27, 46), (44, 47), (26, 48), (43, 49), (25, 50), (42, 51), (24, 53), (41, 53), (41, 54), (23, 55), (39, 55), (40, 55), (37, 56), (38, 56), (22, 57), (35, 57), (36, 57), (32, 58), (33, 58), (34, 58), (21, 59), (30, 59), (31, 59), (21, 60), (28, 60), (29, 60), (22, 61), (26, 61), (27, 61), (23, 62), (24, 62), (25, 62)]
[(67, 28), (65, 29), (66, 29), (68, 29), (63, 30), (64, 30), (69, 30), (61, 31), (62, 31), (58, 32), (59, 32), (60, 32), (68, 32), (56, 33), (57, 33), (54, 34), (55, 34), (67, 34), (52, 35), (53, 35), (49, 36), (50, 36), (51, 36), (66, 36), (48, 38), (65, 38), (47, 40), (64, 41), (46, 42), (63, 43), (45, 44), (62, 45), (44, 47), (61, 47), (61, 48), (43, 49), (59, 49), (60, 49), (57, 50), (58, 50), (42, 51), (55, 51), (56, 51), (52, 52), (53, 52), (54, 52), (41, 53), (50, 53), (51, 53), (41, 54), (48, 54), (49, 54), (42, 55), (46, 55), (47, 55), (43, 56), (44, 56), (45, 56)]
[(61, 48), (59, 49), (60, 49), (62, 49), (57, 50), (58, 50), (63, 50), (55, 51), (56, 51), (52, 52), (53, 52), (54, 52), (62, 52), (50, 53), (51, 53), (48, 54), (49, 54), (61, 54), (46, 55), (47, 55), (43, 56), (44, 56), (45, 56), (60, 56), (42, 58), (59, 58), (41, 60), (58, 61), (40, 62), (57, 63), (39, 64), (56, 65), (38, 67), (55, 67), (55, 68), (37, 69), (53, 69), (54, 69), (51, 70), (52, 70), (36, 71), (49, 71), (50, 71), (46, 72), (47, 72), (48, 72), (35, 73), (44, 73), (45, 73), (35, 74), (42, 74), (43, 74), (36, 75), (40, 75), (41, 75), (37, 76), (38, 76), (39, 76)]
[(81, 42), (79, 43), (80, 43), (82, 43), (77, 44), (78, 44), (83, 44), (75, 45), (76, 45), (72, 46), (73, 46), (74, 46), (82, 46), (70, 47), (71, 47), (68, 48), (69, 48), (81, 48), (66, 49), (67, 49), (63, 50), (64, 50), (65, 50), (80, 50), (62, 52), (79, 52), (61, 54), (78, 55), (60, 56), (77, 57), (59, 58), (76, 59), (58, 61), (75, 61), (75, 62), (57, 63), (73, 63), (74, 63), (71, 64), (72, 64), (56, 65), (69, 65), (70, 65), (66, 66), (67, 66), (68, 66), (55, 67), (64, 67), (65, 67), (55, 68), (62, 68), (63, 68), (56, 69), (60, 69), (61, 69), (57, 70), (58, 70), (59, 70)]
[(75, 62), (73, 63), (74, 63), (76, 63), (71, 64), (72, 64), (77, 64), (69, 65), (70, 65), (66, 66), (67, 66), (68, 66), (76, 66), (64, 67), (65, 67), (62, 68), (63, 68), (75, 68), (60, 69), (61, 69), (57, 70), (58, 70), (59, 70), (74, 70), (56, 72), (73, 72), (55, 74), (72, 75), (54, 76), (71, 77), (53, 78), (70, 79), (52, 81), (69, 81), (69, 82), (51, 83), (67, 83), (68, 83), (65, 84), (66, 84), (50, 85), (63, 85), (64, 85), (60, 86), (61, 86), (62, 86), (49, 87), (58, 87), (59, 87), (49, 88), (56, 88), (57, 88), (50, 89), (54, 89), (55, 89), (51, 90), (52, 90), (53, 90)]
[(95, 56), (93, 57), (94, 57), (96, 57), (91, 58), (92, 58), (97, 58), (89, 59), (90, 59), (86, 60), (87, 60), (88, 60), (96, 60), (84, 61), (85, 61), (82, 62), (83, 62), (95, 62), (80, 63), (81, 63), (77, 64), (78, 64), (79, 64), (94, 64), (76, 66), (93, 66), (75, 68), (92, 69), (74, 70), (91, 71), (73, 72), (90, 73), (72, 75), (89, 75), (89, 76), (71, 77), (87, 77), (88, 77), (85, 78), (86, 78), (70, 79), (83, 79), (84, 79), (80, 80), (81, 80), (82, 80), (69, 81), (78, 81), (79, 81), (69, 82), (76, 82), (77, 82), (70, 83), (74, 83), (75, 83), (71, 84), (72, 84), (73, 84)]
[(89, 76), (87, 77), (88, 77), (90, 77), (85, 78), (86, 78), (91, 78), (83, 79), (84, 79), (80, 80), (81, 80), (82, 80), (90, 80), (78, 81), (79, 81), (76, 82), (77, 82), (89, 82), (74, 83), (75, 83), (71, 84), (72, 84), (73, 84), (88, 84), (70, 86), (87, 86), (69, 88), (86, 89), (68, 90), (85, 91), (67, 92), (84, 93), (66, 95), (83, 95), (83, 96), (65, 97), (81, 97), (82, 97), (79, 98), (80, 98), (64, 99), (77, 99), (78, 99), (74, 100), (75, 100), (76, 100), (63, 101), (72, 101), (73, 101), (63, 102), (70, 102), (71, 102), (64, 103), (68, 103), (69, 103), (65, 104), (66, 104), (67, 104)]
[(109, 70), (107, 71), (108, 71), (110, 71), (105, 72), (106, 72), (111, 72), (103, 73), (104, 73), (100, 74), (101, 74), (102, 74), (110, 74), (98, 75), (99, 75), (96, 76), (97, 76), (109, 76), (94, 77), (95, 77), (91, 78), (92, 78), (93, 78), (108, 78), (90, 80), (107, 80), (89, 82), (106, 83), (88, 84), (105, 85), (87, 86), (104, 87), (86, 89), (103, 89), (103, 90), (85, 91), (101, 91), (102, 91), (99, 92), (100, 92), (84, 93), (97, 93), (98, 93), (94, 94), (95, 94), (96, 94), (83, 95), (92, 95), (93, 95), (83, 96), (90, 96), (91, 96), (84, 97), (88, 97), (89, 97), (85, 98), (86, 98), (87, 98)]
[(103, 90), (101, 91), (102, 91), (104, 91), (99, 92), (100, 92), (105, 92), (97, 93), (98, 93), (94, 94), (95, 94), (96, 94), (104, 94), (92, 95), (93, 95), (90, 96), (91, 96), (103, 96), (88, 97), (89, 97), (85, 98), (86, 98), (87, 98), (102, 98), (84, 100), (101, 100), (83, 102), (100, 103), (82, 104), (99, 105), (81, 106), (98, 107), (80, 109), (97, 109), (97, 110), (79, 111), (95, 111), (96, 111), (93, 112), (94, 112), (78, 113), (91, 113), (92, 113), (88, 114), (89, 114), (90, 114)]
[(114, 88), (112, 89), (113, 89), (110, 90), (111, 90), (108, 91), (109, 91), (105, 92), (106, 92), (107, 92), (104, 94), (103, 96), (102, 98), (101, 100), (100, 103), (99, 105), (113, 106), (114, 106), (98, 107), (111, 107), (112, 107), (108, 108), (109, 108), (110, 108), (97, 109), (106, 109), (107, 109), (97, 110), (104, 110), (105, 110), (98, 111), (102, 111), (103, 111), (99, 112), (100, 112), (101, 112)]
[(113, 106), (114, 106), (111, 107), (112, 107), (108, 108), (109, 108), (110, 108), (106, 109), (107, 109), (104, 110), (105, 110), (102, 111), (103, 111), (99, 112), (100, 112), (101, 112), (98, 114)]
[(21, 60), (19, 61), (20, 61), (22, 61), (17, 62), (18, 62), (23, 62), (15, 63), (16, 63), (12, 64), (13, 64), (14, 64), (22, 64), (10, 65), (11, 65), (8, 66), (9, 66), (21, 66), (6, 67), (7, 67), (3, 68), (4, 68), (5, 68), (20, 68), (2, 70), (19, 70), (1, 72), (18, 73), (0, 74), (17, 75), (16, 77), (15, 79), (15, 80), (13, 81), (14, 81), (11, 82), (12, 82), (9, 83), (10, 83), (6, 84), (7, 84), (8, 84), (4, 85), (5, 85), (2, 86), (3, 86), (0, 87), (1, 87)]
[(41, 54), (39, 55), (40, 55), (42, 55), (37, 56), (38, 56), (43, 56), (35, 57), (36, 57), (32, 58), (33, 58), (34, 58), (42, 58), (30, 59), (31, 59), (28, 60), (29, 60), (41, 60), (26, 61), (27, 61), (23, 62), (24, 62), (25, 62), (40, 62), (22, 64), (39, 64), (21, 66), (38, 67), (20, 68), (37, 69), (19, 70), (36, 71), (18, 73), (35, 73), (35, 74), (17, 75), (33, 75), (34, 75), (31, 76), (32, 76), (16, 77), (29, 77), (30, 77), (26, 78), (27, 78), (28, 78), (15, 79), (24, 79), (25, 79), (15, 80), (22, 80), (23, 80), (16, 81), (20, 81), (21, 81), (17, 82), (18, 82), (19, 82)]
[(35, 74), (33, 75), (34, 75), (36, 75), (31, 76), (32, 76), (37, 76), (29, 77), (30, 77), (26, 78), (27, 78), (28, 78), (36, 78), (24, 79), (25, 79), (22, 80), (23, 80), (35, 80), (20, 81), (21, 81), (17, 82), (18, 82), (19, 82), (34, 82), (16, 84), (33, 84), (15, 86), (32, 87), (14, 88), (31, 89), (13, 90), (30, 91), (12, 93), (29, 93), (29, 94), (11, 95), (27, 95), (28, 95), (25, 96), (26, 96), (10, 97), (23, 97), (24, 97), (20, 98), (21, 98), (22, 98), (9, 99), (18, 99), (19, 99), (9, 100), (16, 100), (17, 100), (10, 101), (14, 101), (15, 101), (11, 102), (12, 102), (13, 102)]
[(55, 68), (53, 69), (54, 69), (56, 69), (51, 70), (52, 70), (57, 70), (49, 71), (50, 71), (46, 72), (47, 72), (48, 72), (56, 72), (44, 73), (45, 73), (42, 74), (43, 74), (55, 74), (40, 75), (41, 75), (37, 76), (38, 76), (39, 76), (54, 76), (36, 78), (53, 78), (35, 80), (52, 81), (34, 82), (51, 83), (33, 84), (50, 85), (32, 87), (49, 87), (49, 88), (31, 89), (47, 89), (48, 89), (45, 90), (46, 90), (30, 91), (43, 91), (44, 91), (40, 92), (41, 92), (42, 92), (29, 93), (38, 93), (39, 93), (29, 94), (36, 94), (37, 94), (30, 95), (34, 95), (35, 95), (31, 96), (32, 96), (33, 96)]
[(49, 88), (47, 89), (48, 89), (50, 89), (45, 90), (46, 90), (51, 90), (43, 91), (44, 91), (40, 92), (41, 92), (42, 92), (50, 92), (38, 93), (39, 93), (36, 94), (37, 94), (49, 94), (34, 95), (35, 95), (31, 96), (32, 96), (33, 96), (48, 96), (30, 98), (47, 98), (29, 100), (46, 101), (28, 102), (45, 103), (27, 104), (44, 105), (26, 107), (43, 107), (43, 108), (25, 109), (41, 109), (42, 109), (39, 110), (40, 110), (24, 111), (37, 111), (38, 111), (34, 112), (35, 112), (36, 112), (23, 113), (32, 113), (33, 113), (23, 114), (30, 114), (31, 114)]
[(69, 82), (67, 83), (68, 83), (70, 83), (65, 84), (66, 84), (71, 84), (63, 85), (64, 85), (60, 86), (61, 86), (62, 86), (70, 86), (58, 87), (59, 87), (56, 88), (57, 88), (69, 88), (54, 89), (55, 89), (51, 90), (52, 90), (53, 90), (68, 90), (50, 92), (67, 92), (49, 94), (66, 95), (48, 96), (65, 97), (47, 98), (64, 99), (46, 101), (63, 101), (63, 102), (45, 103), (61, 103), (62, 103), (59, 104), (60, 104), (44, 105), (57, 105), (58, 105), (54, 106), (55, 106), (56, 106), (43, 107), (52, 107), (53, 107), (43, 108), (50, 108), (51, 108), (44, 109), (48, 109), (49, 109), (45, 110), (46, 110), (47, 110)]
[(63, 102), (61, 103), (62, 103), (64, 103), (59, 104), (60, 104), (65, 104), (57, 105), (58, 105), (54, 106), (55, 106), (56, 106), (64, 106), (52, 107), (53, 107), (50, 108), (51, 108), (63, 108), (48, 109), (49, 109), (45, 110), (46, 110), (47, 110), (62, 110), (44, 112), (61, 112), (43, 114)]
[(83, 96), (81, 97), (82, 97), (84, 97), (79, 98), (80, 98), (85, 98), (77, 99), (78, 99), (74, 100), (75, 100), (76, 100), (84, 100), (72, 101), (73, 101), (70, 102), (71, 102), (83, 102), (68, 103), (69, 103), (65, 104), (66, 104), (67, 104), (82, 104), (64, 106), (81, 106), (63, 108), (80, 109), (62, 110), (79, 111), (61, 112), (78, 113)]
[(97, 110), (95, 111), (96, 111), (98, 111), (93, 112), (94, 112), (99, 112), (91, 113), (92, 113), (88, 114), (89, 114), (90, 114), (98, 114)]
[(15, 80), (13, 81), (14, 81), (16, 81), (11, 82), (12, 82), (17, 82), (9, 83), (10, 83), (6, 84), (7, 84), (8, 84), (16, 84), (4, 85), (5, 85), (2, 86), (3, 86), (15, 86), (0, 87), (1, 87), (14, 88), (13, 90), (12, 93), (11, 95), (10, 97), (9, 99), (9, 100), (7, 101), (8, 101), (5, 102), (6, 102), (3, 103), (4, 103), (0, 104), (1, 104), (2, 104)]
[(9, 100), (7, 101), (8, 101), (10, 101), (5, 102), (6, 102), (11, 102), (3, 103), (4, 103), (0, 104), (1, 104), (2, 104), (10, 104), (9, 106), (8, 108), (7, 110), (6, 113)]
[(29, 94), (27, 95), (28, 95), (30, 95), (25, 96), (26, 96), (31, 96), (23, 97), (24, 97), (20, 98), (21, 98), (22, 98), (30, 98), (18, 99), (19, 99), (16, 100), (17, 100), (29, 100), (14, 101), (15, 101), (11, 102), (12, 102), (13, 102), (28, 102), (10, 104), (27, 104), (9, 106), (26, 107), (8, 108), (25, 109), (7, 110), (24, 111), (6, 113), (23, 113), (23, 114)]
[(23, 114)]
[(43, 108), (41, 109), (42, 109), (44, 109), (39, 110), (40, 110), (45, 110), (37, 111), (38, 111), (34, 112), (35, 112), (36, 112), (44, 112), (32, 113), (33, 113), (30, 114), (31, 114), (43, 114)]
