[(83, 32), (84, 32), (85, 32), (79, 33), (80, 33), (81, 33), (82, 33), (86, 33), (75, 34), (76, 34), (77, 34), (78, 34), (87, 34), (71, 35), (72, 35), (73, 35), (74, 35), (88, 35), (67, 36), (68, 36), (69, 36), (70, 36), (89, 36), (66, 39), (88, 39), (65, 43), (87, 43), (64, 47), (86, 47), (63, 51), (85, 51), (63, 54), (83, 54), (84, 54), (85, 54), (64, 55), (79, 55), (80, 55), (81, 55), (82, 55), (65, 56), (75, 56), (76, 56), (77, 56), (78, 56), (66, 57), (71, 57), (72, 57), (73, 57), (74, 57), (67, 58), (68, 58), (69, 58), (70, 58)]
[(105, 32), (106, 32), (107, 32), (101, 33), (102, 33), (103, 33), (104, 33), (108, 33), (97, 34), (98, 34), (99, 34), (100, 34), (109, 34), (93, 35), (94, 35), (95, 35), (96, 35), (110, 35), (89, 36), (90, 36), (91, 36), (92, 36), (111, 36), (88, 39), (110, 39), (87, 43), (109, 43), (86, 47), (108, 47), (85, 51), (107, 51), (85, 54), (105, 54), (106, 54), (107, 54), (86, 55), (101, 55), (102, 55), (103, 55), (104, 55), (87, 56), (97, 56), (98, 56), (99, 56), (100, 56), (88, 57), (93, 57), (94, 57), (95, 57), (96, 57), (89, 58), (90, 58), (91, 58), (92, 58)]
[(105, 54), (106, 54), (107, 54), (101, 55), (102, 55), (103, 55), (104, 55), (108, 55), (97, 56), (98, 56), (99, 56), (100, 56), (109, 56), (93, 57), (94, 57), (95, 57), (96, 57), (110, 57), (89, 58), (90, 58), (91, 58), (92, 58), (111, 58), (88, 61), (110, 61), (87, 65), (109, 65), (86, 69), (108, 69), (85, 73), (107, 73), (85, 76), (105, 76), (106, 76), (107, 76), (86, 77), (101, 77), (102, 77), (103, 77), (104, 77), (87, 78), (97, 78), (98, 78), (99, 78), (100, 78), (88, 79), (93, 79), (94, 79), (95, 79), (96, 79), (89, 80), (90, 80), (91, 80), (92, 80)]
[(111, 58), (112, 58), (113, 58), (114, 58), (110, 61), (109, 65), (108, 69), (107, 73), (107, 76), (108, 77), (109, 78), (110, 79), (111, 80), (112, 80), (113, 80), (114, 80)]
[(111, 80), (112, 80), (113, 80), (114, 80), (110, 83), (109, 87), (108, 91), (107, 95), (107, 98), (108, 99), (109, 100), (110, 101), (111, 102), (112, 102), (113, 102), (114, 102)]
[(39, 32), (40, 32), (41, 32), (35, 33), (36, 33), (37, 33), (38, 33), (42, 33), (31, 34), (32, 34), (33, 34), (34, 34), (43, 34), (27, 35), (28, 35), (29, 35), (30, 35), (44, 35), (23, 36), (24, 36), (25, 36), (26, 36), (45, 36), (22, 39), (44, 39), (21, 43), (43, 43), (20, 47), (42, 47), (19, 51), (41, 51), (19, 54), (39, 54), (40, 54), (41, 54), (20, 55), (35, 55), (36, 55), (37, 55), (38, 55), (21, 56), (31, 56), (32, 56), (33, 56), (34, 56), (22, 57), (27, 57), (28, 57), (29, 57), (30, 57), (23, 58), (24, 58), (25, 58), (26, 58)]
[(61, 32), (62, 32), (63, 32), (57, 33), (58, 33), (59, 33), (60, 33), (64, 33), (53, 34), (54, 34), (55, 34), (56, 34), (65, 34), (49, 35), (50, 35), (51, 35), (52, 35), (66, 35), (45, 36), (46, 36), (47, 36), (48, 36), (67, 36), (44, 39), (66, 39), (43, 43), (65, 43), (42, 47), (64, 47), (41, 51), (63, 51), (41, 54), (61, 54), (62, 54), (63, 54), (42, 55), (57, 55), (58, 55), (59, 55), (60, 55), (43, 56), (53, 56), (54, 56), (55, 56), (56, 56), (44, 57), (49, 57), (50, 57), (51, 57), (52, 57), (45, 58), (46, 58), (47, 58), (48, 58)]
[(61, 54), (62, 54), (63, 54), (57, 55), (58, 55), (59, 55), (60, 55), (64, 55), (53, 56), (54, 56), (55, 56), (56, 56), (65, 56), (49, 57), (50, 57), (51, 57), (52, 57), (66, 57), (45, 58), (46, 58), (47, 58), (48, 58), (67, 58), (44, 61), (66, 61), (43, 65), (65, 65), (42, 69), (64, 69), (41, 73), (63, 73), (41, 76), (61, 76), (62, 76), (63, 76), (42, 77), (57, 77), (58, 77), (59, 77), (60, 77), (43, 78), (53, 78), (54, 78), (55, 78), (56, 78), (44, 79), (49, 79), (50, 79), (51, 79), (52, 79), (45, 80), (46, 80), (47, 80), (48, 80)]
[(83, 54), (84, 54), (85, 54), (79, 55), (80, 55), (81, 55), (82, 55), (86, 55), (75, 56), (76, 56), (77, 56), (78, 56), (87, 56), (71, 57), (72, 57), (73, 57), (74, 57), (88, 57), (67, 58), (68, 58), (69, 58), (70, 58), (89, 58), (66, 61), (88, 61), (65, 65), (87, 65), (64, 69), (86, 69), (63, 73), (85, 73), (63, 76), (83, 76), (84, 76), (85, 76), (64, 77), (79, 77), (80, 77), (81, 77), (82, 77), (65, 78), (75, 78), (76, 78), (77, 78), (78, 78), (66, 79), (71, 79), (72, 79), (73, 79), (74, 79), (67, 80), (68, 80), (69, 80), (70, 80)]
[(83, 76), (84, 76), (85, 76), (79, 77), (80, 77), (81, 77), (82, 77), (86, 77), (75, 78), (76, 78), (77, 78), (78, 78), (87, 78), (71, 79), (72, 79), (73, 79), (74, 79), (88, 79), (67, 80), (68, 80), (69, 80), (70, 80), (89, 80), (66, 83), (88, 83), (65, 87), (87, 87), (64, 91), (86, 91), (63, 95), (85, 95), (63, 98), (83, 98), (84, 98), (85, 98), (64, 99), (79, 99), (80, 99), (81, 99), (82, 99), (65, 100), (75, 100), (76, 100), (77, 100), (78, 100), (66, 101), (71, 101), (72, 101), (73, 101), (74, 101), (67, 102), (68, 102), (69, 102), (70, 102)]
[(105, 76), (106, 76), (107, 76), (101, 77), (102, 77), (103, 77), (104, 77), (108, 77), (97, 78), (98, 78), (99, 78), (100, 78), (109, 78), (93, 79), (94, 79), (95, 79), (96, 79), (110, 79), (89, 80), (90, 80), (91, 80), (92, 80), (111, 80), (88, 83), (110, 83), (87, 87), (109, 87), (86, 91), (108, 91), (85, 95), (107, 95), (85, 98), (105, 98), (106, 98), (107, 98), (86, 99), (101, 99), (102, 99), (103, 99), (104, 99), (87, 100), (97, 100), (98, 100), (99, 100), (100, 100), (88, 101), (93, 101), (94, 101), (95, 101), (96, 101), (89, 102), (90, 102), (91, 102), (92, 102)]
[(105, 98), (106, 98), (107, 98), (101, 99), (102, 99), (103, 99), (104, 99), (108, 99), (97, 100), (98, 100), (99, 100), (100, 100), (109, 100), (93, 101), (94, 101), (95, 101), (96, 101), (110, 101), (89, 102), (90, 102), (91, 102), (92, 102), (111, 102), (88, 105), (110, 105), (87, 109), (109, 109), (86, 113), (108, 113)]
[(111, 102), (112, 102), (113, 102), (114, 102), (110, 105), (109, 109), (108, 113)]
[(17, 54), (18, 54), (19, 54), (13, 55), (14, 55), (15, 55), (16, 55), (20, 55), (9, 56), (10, 56), (11, 56), (12, 56), (21, 56), (5, 57), (6, 57), (7, 57), (8, 57), (22, 57), (1, 58), (2, 58), (3, 58), (4, 58), (23, 58), (0, 61), (22, 61), (21, 65), (20, 69), (19, 73), (17, 76), (18, 76), (19, 76), (13, 77), (14, 77), (15, 77), (16, 77), (9, 78), (10, 78), (11, 78), (12, 78), (0, 79), (5, 79), (6, 79), (7, 79), (8, 79), (1, 80), (2, 80), (3, 80), (4, 80)]
[(39, 54), (40, 54), (41, 54), (35, 55), (36, 55), (37, 55), (38, 55), (42, 55), (31, 56), (32, 56), (33, 56), (34, 56), (43, 56), (27, 57), (28, 57), (29, 57), (30, 57), (44, 57), (23, 58), (24, 58), (25, 58), (26, 58), (45, 58), (22, 61), (44, 61), (21, 65), (43, 65), (20, 69), (42, 69), (19, 73), (41, 73), (19, 76), (39, 76), (40, 76), (41, 76), (20, 77), (35, 77), (36, 77), (37, 77), (38, 77), (21, 78), (31, 78), (32, 78), (33, 78), (34, 78), (22, 79), (27, 79), (28, 79), (29, 79), (30, 79), (23, 80), (24, 80), (25, 80), (26, 80)]
[(39, 76), (40, 76), (41, 76), (35, 77), (36, 77), (37, 77), (38, 77), (42, 77), (31, 78), (32, 78), (33, 78), (34, 78), (43, 78), (27, 79), (28, 79), (29, 79), (30, 79), (44, 79), (23, 80), (24, 80), (25, 80), (26, 80), (45, 80), (22, 83), (44, 83), (21, 87), (43, 87), (20, 91), (42, 91), (19, 95), (41, 95), (19, 98), (39, 98), (40, 98), (41, 98), (20, 99), (35, 99), (36, 99), (37, 99), (38, 99), (21, 100), (31, 100), (32, 100), (33, 100), (34, 100), (22, 101), (27, 101), (28, 101), (29, 101), (30, 101), (23, 102), (24, 102), (25, 102), (26, 102)]
[(61, 76), (62, 76), (63, 76), (57, 77), (58, 77), (59, 77), (60, 77), (64, 77), (53, 78), (54, 78), (55, 78), (56, 78), (65, 78), (49, 79), (50, 79), (51, 79), (52, 79), (66, 79), (45, 80), (46, 80), (47, 80), (48, 80), (67, 80), (44, 83), (66, 83), (43, 87), (65, 87), (42, 91), (64, 91), (41, 95), (63, 95), (41, 98), (61, 98), (62, 98), (63, 98), (42, 99), (57, 99), (58, 99), (59, 99), (60, 99), (43, 100), (53, 100), (54, 100), (55, 100), (56, 100), (44, 101), (49, 101), (50, 101), (51, 101), (52, 101), (45, 102), (46, 102), (47, 102), (48, 102)]
[(61, 98), (62, 98), (63, 98), (57, 99), (58, 99), (59, 99), (60, 99), (64, 99), (53, 100), (54, 100), (55, 100), (56, 100), (65, 100), (49, 101), (50, 101), (51, 101), (52, 101), (66, 101), (45, 102), (46, 102), (47, 102), (48, 102), (67, 102), (44, 105), (66, 105), (43, 109), (65, 109), (42, 113), (64, 113)]
[(83, 98), (84, 98), (85, 98), (79, 99), (80, 99), (81, 99), (82, 99), (86, 99), (75, 100), (76, 100), (77, 100), (78, 100), (87, 100), (71, 101), (72, 101), (73, 101), (74, 101), (88, 101), (67, 102), (68, 102), (69, 102), (70, 102), (89, 102), (66, 105), (88, 105), (65, 109), (87, 109), (64, 113), (86, 113)]
[(17, 76), (18, 76), (19, 76), (13, 77), (14, 77), (15, 77), (16, 77), (20, 77), (9, 78), (10, 78), (11, 78), (12, 78), (21, 78), (5, 79), (6, 79), (7, 79), (8, 79), (22, 79), (1, 80), (2, 80), (3, 80), (4, 80), (23, 80), (0, 83), (22, 83), (21, 87), (20, 91), (19, 95), (17, 98), (18, 98), (19, 98), (13, 99), (14, 99), (15, 99), (16, 99), (9, 100), (10, 100), (11, 100), (12, 100), (0, 101), (5, 101), (6, 101), (7, 101), (8, 101), (1, 102), (2, 102), (3, 102), (4, 102)]
[(17, 98), (18, 98), (19, 98), (13, 99), (14, 99), (15, 99), (16, 99), (20, 99), (9, 100), (10, 100), (11, 100), (12, 100), (21, 100), (5, 101), (6, 101), (7, 101), (8, 101), (22, 101), (1, 102), (2, 102), (3, 102), (4, 102), (23, 102), (0, 105), (22, 105), (21, 109), (20, 113)]
[(39, 98), (40, 98), (41, 98), (35, 99), (36, 99), (37, 99), (38, 99), (42, 99), (31, 100), (32, 100), (33, 100), (34, 100), (43, 100), (27, 101), (28, 101), (29, 101), (30, 101), (44, 101), (23, 102), (24, 102), (25, 102), (26, 102), (45, 102), (22, 105), (44, 105), (21, 109), (43, 109), (20, 113), (42, 113)]
