[(111, 21), (107, 22), (108, 22), (109, 22), (110, 22), (112, 22), (104, 23), (105, 23), (106, 23), (113, 23), (100, 24), (101, 24), (102, 24), (103, 24), (114, 24), (96, 25), (97, 25), (98, 25), (99, 25), (95, 28), (114, 28), (94, 32), (113, 32), (93, 35), (112, 35), (92, 39), (111, 39), (92, 40), (111, 40), (93, 41), (107, 41), (108, 41), (109, 41), (110, 41), (94, 42), (104, 42), (105, 42), (106, 42), (95, 43), (100, 43), (101, 43), (102, 43), (103, 43), (96, 44), (97, 44), (98, 44), (99, 44)]
[(114, 28), (113, 32), (112, 35), (111, 39), (111, 40), (112, 41), (113, 42), (114, 43)]
[(114, 47), (113, 51), (112, 54), (111, 58), (111, 59), (112, 60), (113, 61), (114, 62)]
[(73, 21), (69, 22), (70, 22), (71, 22), (72, 22), (74, 22), (66, 23), (67, 23), (68, 23), (75, 23), (62, 24), (63, 24), (64, 24), (65, 24), (76, 24), (58, 25), (59, 25), (60, 25), (61, 25), (77, 25), (57, 28), (76, 28), (56, 32), (75, 32), (55, 35), (74, 35), (54, 39), (73, 39), (54, 40), (73, 40), (55, 41), (69, 41), (70, 41), (71, 41), (72, 41), (56, 42), (66, 42), (67, 42), (68, 42), (57, 43), (62, 43), (63, 43), (64, 43), (65, 43), (58, 44), (59, 44), (60, 44), (61, 44)]
[(92, 21), (88, 22), (89, 22), (90, 22), (91, 22), (93, 22), (85, 23), (86, 23), (87, 23), (94, 23), (81, 24), (82, 24), (83, 24), (84, 24), (95, 24), (77, 25), (78, 25), (79, 25), (80, 25), (96, 25), (76, 28), (95, 28), (75, 32), (94, 32), (74, 35), (93, 35), (73, 39), (92, 39), (73, 40), (92, 40), (74, 41), (88, 41), (89, 41), (90, 41), (91, 41), (75, 42), (85, 42), (86, 42), (87, 42), (76, 43), (81, 43), (82, 43), (83, 43), (84, 43), (77, 44), (78, 44), (79, 44), (80, 44)]
[(92, 40), (88, 41), (89, 41), (90, 41), (91, 41), (93, 41), (85, 42), (86, 42), (87, 42), (94, 42), (81, 43), (82, 43), (83, 43), (84, 43), (95, 43), (77, 44), (78, 44), (79, 44), (80, 44), (96, 44), (76, 47), (95, 47), (75, 51), (94, 51), (74, 54), (93, 54), (73, 58), (92, 58), (73, 59), (92, 59), (74, 60), (88, 60), (89, 60), (90, 60), (91, 60), (75, 61), (85, 61), (86, 61), (87, 61), (76, 62), (81, 62), (82, 62), (83, 62), (84, 62), (77, 63), (78, 63), (79, 63), (80, 63)]
[(111, 40), (107, 41), (108, 41), (109, 41), (110, 41), (112, 41), (104, 42), (105, 42), (106, 42), (113, 42), (100, 43), (101, 43), (102, 43), (103, 43), (114, 43), (96, 44), (97, 44), (98, 44), (99, 44), (95, 47), (114, 47), (94, 51), (113, 51), (93, 54), (112, 54), (92, 58), (111, 58), (92, 59), (111, 59), (93, 60), (107, 60), (108, 60), (109, 60), (110, 60), (94, 61), (104, 61), (105, 61), (106, 61), (95, 62), (100, 62), (101, 62), (102, 62), (103, 62), (96, 63), (97, 63), (98, 63), (99, 63)]
[(111, 59), (107, 60), (108, 60), (109, 60), (110, 60), (112, 60), (104, 61), (105, 61), (106, 61), (113, 61), (100, 62), (101, 62), (102, 62), (103, 62), (114, 62), (96, 63), (97, 63), (98, 63), (99, 63), (95, 66), (114, 66), (94, 70), (113, 70), (93, 73), (112, 73), (92, 77), (111, 77), (92, 78), (111, 78), (93, 79), (107, 79), (108, 79), (109, 79), (110, 79), (94, 80), (104, 80), (105, 80), (106, 80), (95, 81), (100, 81), (101, 81), (102, 81), (103, 81), (96, 82), (97, 82), (98, 82), (99, 82)]
[(114, 66), (113, 70), (112, 73), (111, 77), (111, 78), (112, 79), (113, 80), (114, 81)]
[(54, 40), (50, 41), (51, 41), (52, 41), (53, 41), (55, 41), (47, 42), (48, 42), (49, 42), (56, 42), (43, 43), (44, 43), (45, 43), (46, 43), (57, 43), (39, 44), (40, 44), (41, 44), (42, 44), (58, 44), (38, 47), (57, 47), (37, 51), (56, 51), (36, 54), (55, 54), (35, 58), (54, 58), (35, 59), (54, 59), (36, 60), (50, 60), (51, 60), (52, 60), (53, 60), (37, 61), (47, 61), (48, 61), (49, 61), (38, 62), (43, 62), (44, 62), (45, 62), (46, 62), (39, 63), (40, 63), (41, 63), (42, 63)]
[(73, 40), (69, 41), (70, 41), (71, 41), (72, 41), (74, 41), (66, 42), (67, 42), (68, 42), (75, 42), (62, 43), (63, 43), (64, 43), (65, 43), (76, 43), (58, 44), (59, 44), (60, 44), (61, 44), (77, 44), (57, 47), (76, 47), (56, 51), (75, 51), (55, 54), (74, 54), (54, 58), (73, 58), (54, 59), (73, 59), (55, 60), (69, 60), (70, 60), (71, 60), (72, 60), (56, 61), (66, 61), (67, 61), (68, 61), (57, 62), (62, 62), (63, 62), (64, 62), (65, 62), (58, 63), (59, 63), (60, 63), (61, 63)]
[(73, 59), (69, 60), (70, 60), (71, 60), (72, 60), (74, 60), (66, 61), (67, 61), (68, 61), (75, 61), (62, 62), (63, 62), (64, 62), (65, 62), (76, 62), (58, 63), (59, 63), (60, 63), (61, 63), (77, 63), (57, 66), (76, 66), (56, 70), (75, 70), (55, 73), (74, 73), (54, 77), (73, 77), (54, 78), (73, 78), (55, 79), (69, 79), (70, 79), (71, 79), (72, 79), (56, 80), (66, 80), (67, 80), (68, 80), (57, 81), (62, 81), (63, 81), (64, 81), (65, 81), (58, 82), (59, 82), (60, 82), (61, 82)]
[(92, 59), (88, 60), (89, 60), (90, 60), (91, 60), (93, 60), (85, 61), (86, 61), (87, 61), (94, 61), (81, 62), (82, 62), (83, 62), (84, 62), (95, 62), (77, 63), (78, 63), (79, 63), (80, 63), (96, 63), (76, 66), (95, 66), (75, 70), (94, 70), (74, 73), (93, 73), (73, 77), (92, 77), (73, 78), (92, 78), (74, 79), (88, 79), (89, 79), (90, 79), (91, 79), (75, 80), (85, 80), (86, 80), (87, 80), (76, 81), (81, 81), (82, 81), (83, 81), (84, 81), (77, 82), (78, 82), (79, 82), (80, 82)]
[(92, 78), (88, 79), (89, 79), (90, 79), (91, 79), (93, 79), (85, 80), (86, 80), (87, 80), (94, 80), (81, 81), (82, 81), (83, 81), (84, 81), (95, 81), (77, 82), (78, 82), (79, 82), (80, 82), (96, 82), (76, 85), (95, 85), (75, 89), (94, 89), (74, 92), (93, 92), (73, 96), (92, 96), (73, 97), (92, 97), (74, 98), (88, 98), (89, 98), (90, 98), (91, 98), (75, 99), (85, 99), (86, 99), (87, 99), (76, 100), (81, 100), (82, 100), (83, 100), (84, 100), (77, 101), (78, 101), (79, 101), (80, 101)]
[(111, 78), (107, 79), (108, 79), (109, 79), (110, 79), (112, 79), (104, 80), (105, 80), (106, 80), (113, 80), (100, 81), (101, 81), (102, 81), (103, 81), (114, 81), (96, 82), (97, 82), (98, 82), (99, 82), (95, 85), (114, 85), (94, 89), (113, 89), (93, 92), (112, 92), (92, 96), (111, 96), (92, 97), (111, 97), (93, 98), (107, 98), (108, 98), (109, 98), (110, 98), (94, 99), (104, 99), (105, 99), (106, 99), (95, 100), (100, 100), (101, 100), (102, 100), (103, 100), (96, 101), (97, 101), (98, 101), (99, 101)]
[(54, 59), (50, 60), (51, 60), (52, 60), (53, 60), (55, 60), (47, 61), (48, 61), (49, 61), (56, 61), (43, 62), (44, 62), (45, 62), (46, 62), (57, 62), (39, 63), (40, 63), (41, 63), (42, 63), (58, 63), (38, 66), (57, 66), (37, 70), (56, 70), (36, 73), (55, 73), (35, 77), (54, 77), (35, 78), (54, 78), (36, 79), (50, 79), (51, 79), (52, 79), (53, 79), (37, 80), (47, 80), (48, 80), (49, 80), (38, 81), (43, 81), (44, 81), (45, 81), (46, 81), (39, 82), (40, 82), (41, 82), (42, 82)]
[(54, 78), (50, 79), (51, 79), (52, 79), (53, 79), (55, 79), (47, 80), (48, 80), (49, 80), (56, 80), (43, 81), (44, 81), (45, 81), (46, 81), (57, 81), (39, 82), (40, 82), (41, 82), (42, 82), (58, 82), (38, 85), (57, 85), (37, 89), (56, 89), (36, 92), (55, 92), (35, 96), (54, 96), (35, 97), (54, 97), (36, 98), (50, 98), (51, 98), (52, 98), (53, 98), (37, 99), (47, 99), (48, 99), (49, 99), (38, 100), (43, 100), (44, 100), (45, 100), (46, 100), (39, 101), (40, 101), (41, 101), (42, 101)]
[(73, 78), (69, 79), (70, 79), (71, 79), (72, 79), (74, 79), (66, 80), (67, 80), (68, 80), (75, 80), (62, 81), (63, 81), (64, 81), (65, 81), (76, 81), (58, 82), (59, 82), (60, 82), (61, 82), (77, 82), (57, 85), (76, 85), (56, 89), (75, 89), (55, 92), (74, 92), (54, 96), (73, 96), (54, 97), (73, 97), (55, 98), (69, 98), (70, 98), (71, 98), (72, 98), (56, 99), (66, 99), (67, 99), (68, 99), (57, 100), (62, 100), (63, 100), (64, 100), (65, 100), (58, 101), (59, 101), (60, 101), (61, 101)]
[(73, 97), (69, 98), (70, 98), (71, 98), (72, 98), (74, 98), (66, 99), (67, 99), (68, 99), (75, 99), (62, 100), (63, 100), (64, 100), (65, 100), (76, 100), (58, 101), (59, 101), (60, 101), (61, 101), (77, 101), (57, 104), (76, 104), (56, 108), (75, 108), (55, 111), (74, 111)]
[(92, 97), (88, 98), (89, 98), (90, 98), (91, 98), (93, 98), (85, 99), (86, 99), (87, 99), (94, 99), (81, 100), (82, 100), (83, 100), (84, 100), (95, 100), (77, 101), (78, 101), (79, 101), (80, 101), (96, 101), (76, 104), (95, 104), (75, 108), (94, 108), (74, 111), (93, 111)]
[(54, 97), (50, 98), (51, 98), (52, 98), (53, 98), (55, 98), (47, 99), (48, 99), (49, 99), (56, 99), (43, 100), (44, 100), (45, 100), (46, 100), (57, 100), (39, 101), (40, 101), (41, 101), (42, 101), (58, 101), (38, 104), (57, 104), (37, 108), (56, 108), (36, 111), (55, 111)]
