[(104, 5), (105, 5), (106, 5), (101, 6), (102, 6), (103, 6), (107, 6), (98, 7), (99, 7), (100, 7), (108, 7), (95, 8), (96, 8), (97, 8), (109, 8), (92, 9), (93, 9), (94, 9), (110, 9), (89, 10), (90, 10), (91, 10), (111, 10), (86, 11), (87, 11), (88, 11), (112, 11), (83, 12), (84, 12), (85, 12), (113, 12), (114, 13), (82, 14), (113, 15), (81, 17), (112, 18), (80, 20), (111, 21), (79, 23), (110, 24), (78, 26), (109, 27), (77, 29), (108, 30), (76, 32), (107, 33), (75, 35), (76, 35), (77, 36), (105, 36), (106, 36), (107, 36), (78, 37), (102, 37), (103, 37), (104, 37), (79, 38), (99, 38), (100, 38), (101, 38), (80, 39), (96, 39), (97, 39), (98, 39), (81, 40), (93, 40), (94, 40), (95, 40), (82, 41), (90, 41), (91, 41), (92, 41), (83, 42), (87, 42), (88, 42), (89, 42), (84, 43), (85, 43), (86, 43)]
[(114, 13), (113, 15), (112, 18), (111, 21), (110, 24), (109, 27), (108, 30), (107, 33), (106, 36), (107, 36), (108, 37), (109, 38), (110, 39), (111, 40), (112, 41), (113, 42), (114, 43)]
[(114, 46), (113, 49), (112, 52), (111, 55), (110, 58), (109, 61), (108, 64), (107, 67), (108, 67), (109, 68), (110, 69), (111, 70), (112, 71), (113, 72), (114, 73)]
[(42, 3), (43, 3), (44, 3), (39, 4), (40, 4), (41, 4), (45, 4), (36, 5), (37, 5), (38, 5), (46, 5), (33, 6), (34, 6), (35, 6), (47, 6), (30, 7), (31, 7), (32, 7), (48, 7), (27, 8), (28, 8), (29, 8), (49, 8), (24, 9), (25, 9), (26, 9), (50, 9), (21, 10), (22, 10), (23, 10), (51, 10), (52, 11), (20, 12), (51, 13), (19, 15), (50, 16), (18, 18), (49, 19), (17, 21), (48, 22), (16, 24), (47, 25), (15, 27), (46, 28), (14, 30), (45, 31), (13, 33), (14, 33), (15, 34), (43, 34), (44, 34), (45, 34), (16, 35), (40, 35), (41, 35), (42, 35), (17, 36), (37, 36), (38, 36), (39, 36), (18, 37), (34, 37), (35, 37), (36, 37), (19, 38), (31, 38), (32, 38), (33, 38), (20, 39), (28, 39), (29, 39), (30, 39), (21, 40), (25, 40), (26, 40), (27, 40), (22, 41), (23, 41), (24, 41)]
[(73, 4), (74, 4), (75, 4), (70, 5), (71, 5), (72, 5), (76, 5), (67, 6), (68, 6), (69, 6), (77, 6), (64, 7), (65, 7), (66, 7), (78, 7), (61, 8), (62, 8), (63, 8), (79, 8), (58, 9), (59, 9), (60, 9), (80, 9), (55, 10), (56, 10), (57, 10), (81, 10), (52, 11), (53, 11), (54, 11), (82, 11), (83, 12), (51, 13), (82, 14), (50, 16), (81, 17), (49, 19), (80, 20), (48, 22), (79, 23), (47, 25), (78, 26), (46, 28), (77, 29), (45, 31), (76, 32), (44, 34), (45, 34), (46, 35), (74, 35), (75, 35), (76, 35), (47, 36), (71, 36), (72, 36), (73, 36), (48, 37), (68, 37), (69, 37), (70, 37), (49, 38), (65, 38), (66, 38), (67, 38), (50, 39), (62, 39), (63, 39), (64, 39), (51, 40), (59, 40), (60, 40), (61, 40), (52, 41), (56, 41), (57, 41), (58, 41), (53, 42), (54, 42), (55, 42)]
[(74, 35), (75, 35), (76, 35), (71, 36), (72, 36), (73, 36), (77, 36), (68, 37), (69, 37), (70, 37), (78, 37), (65, 38), (66, 38), (67, 38), (79, 38), (62, 39), (63, 39), (64, 39), (80, 39), (59, 40), (60, 40), (61, 40), (81, 40), (56, 41), (57, 41), (58, 41), (82, 41), (53, 42), (54, 42), (55, 42), (83, 42), (84, 43), (52, 44), (83, 45), (51, 47), (82, 48), (50, 50), (81, 51), (49, 53), (80, 54), (48, 56), (79, 57), (47, 59), (78, 60), (46, 62), (77, 63), (45, 65), (46, 65), (47, 66), (75, 66), (76, 66), (77, 66), (48, 67), (72, 67), (73, 67), (74, 67), (49, 68), (69, 68), (70, 68), (71, 68), (50, 69), (66, 69), (67, 69), (68, 69), (51, 70), (63, 70), (64, 70), (65, 70), (52, 71), (60, 71), (61, 71), (62, 71), (53, 72), (57, 72), (58, 72), (59, 72), (54, 73), (55, 73), (56, 73)]
[(105, 36), (106, 36), (107, 36), (102, 37), (103, 37), (104, 37), (108, 37), (99, 38), (100, 38), (101, 38), (109, 38), (96, 39), (97, 39), (98, 39), (110, 39), (93, 40), (94, 40), (95, 40), (111, 40), (90, 41), (91, 41), (92, 41), (112, 41), (87, 42), (88, 42), (89, 42), (113, 42), (84, 43), (85, 43), (86, 43), (114, 43), (83, 45), (114, 46), (82, 48), (113, 49), (81, 51), (112, 52), (80, 54), (111, 55), (79, 57), (110, 58), (78, 60), (109, 61), (77, 63), (108, 64), (76, 66), (77, 66), (78, 67), (106, 67), (107, 67), (108, 67), (79, 68), (103, 68), (104, 68), (105, 68), (80, 69), (100, 69), (101, 69), (102, 69), (81, 70), (97, 70), (98, 70), (99, 70), (82, 71), (94, 71), (95, 71), (96, 71), (83, 72), (91, 72), (92, 72), (93, 72), (84, 73), (88, 73), (89, 73), (90, 73), (85, 74), (86, 74), (87, 74)]
[(106, 67), (107, 67), (108, 67), (103, 68), (104, 68), (105, 68), (109, 68), (100, 69), (101, 69), (102, 69), (110, 69), (97, 70), (98, 70), (99, 70), (111, 70), (94, 71), (95, 71), (96, 71), (112, 71), (91, 72), (92, 72), (93, 72), (113, 72), (88, 73), (89, 73), (90, 73), (114, 73), (85, 74), (86, 74), (87, 74), (84, 76), (83, 79), (114, 80), (82, 82), (113, 83), (81, 85), (112, 86), (80, 88), (111, 89), (79, 91), (110, 92), (78, 94), (109, 95), (77, 97), (78, 97), (79, 98), (107, 98), (108, 98), (109, 98), (80, 99), (104, 99), (105, 99), (106, 99), (81, 100), (101, 100), (102, 100), (103, 100), (82, 101), (98, 101), (99, 101), (100, 101), (83, 102), (95, 102), (96, 102), (97, 102), (84, 103), (92, 103), (93, 103), (94, 103), (85, 104), (89, 104), (90, 104), (91, 104), (86, 105), (87, 105), (88, 105)]
[(114, 80), (113, 83), (112, 86), (111, 89), (110, 92), (109, 95), (108, 98), (109, 98), (110, 99), (111, 100), (112, 101), (113, 102), (114, 103)]
[(12, 33), (13, 33), (14, 33), (9, 34), (10, 34), (11, 34), (15, 34), (6, 35), (7, 35), (8, 35), (16, 35), (3, 36), (4, 36), (5, 36), (17, 36), (0, 37), (1, 37), (2, 37), (18, 37), (19, 38), (20, 39), (21, 40), (22, 41), (21, 43), (20, 46), (19, 49), (18, 52), (17, 55), (16, 58), (15, 61), (13, 64), (14, 64), (15, 64), (10, 65), (11, 65), (12, 65), (7, 66), (8, 66), (9, 66), (4, 67), (5, 67), (6, 67), (1, 68), (2, 68), (3, 68), (0, 69)]
[(43, 34), (44, 34), (45, 34), (40, 35), (41, 35), (42, 35), (46, 35), (37, 36), (38, 36), (39, 36), (47, 36), (34, 37), (35, 37), (36, 37), (48, 37), (31, 38), (32, 38), (33, 38), (49, 38), (28, 39), (29, 39), (30, 39), (50, 39), (25, 40), (26, 40), (27, 40), (51, 40), (22, 41), (23, 41), (24, 41), (52, 41), (53, 42), (21, 43), (52, 44), (20, 46), (51, 47), (19, 49), (50, 50), (18, 52), (49, 53), (17, 55), (48, 56), (16, 58), (47, 59), (15, 61), (46, 62), (14, 64), (15, 64), (16, 65), (44, 65), (45, 65), (46, 65), (17, 66), (41, 66), (42, 66), (43, 66), (18, 67), (38, 67), (39, 67), (40, 67), (19, 68), (35, 68), (36, 68), (37, 68), (20, 69), (32, 69), (33, 69), (34, 69), (21, 70), (29, 70), (30, 70), (31, 70), (22, 71), (26, 71), (27, 71), (28, 71), (23, 72), (24, 72), (25, 72)]
[(44, 65), (45, 65), (46, 65), (41, 66), (42, 66), (43, 66), (47, 66), (38, 67), (39, 67), (40, 67), (48, 67), (35, 68), (36, 68), (37, 68), (49, 68), (32, 69), (33, 69), (34, 69), (50, 69), (29, 70), (30, 70), (31, 70), (51, 70), (26, 71), (27, 71), (28, 71), (52, 71), (23, 72), (24, 72), (25, 72), (53, 72), (54, 73), (22, 74), (53, 75), (21, 77), (52, 78), (20, 80), (51, 81), (19, 83), (50, 84), (18, 86), (49, 87), (17, 89), (48, 90), (16, 92), (47, 93), (15, 95), (16, 95), (17, 96), (45, 96), (46, 96), (47, 96), (18, 97), (42, 97), (43, 97), (44, 97), (19, 98), (39, 98), (40, 98), (41, 98), (20, 99), (36, 99), (37, 99), (38, 99), (21, 100), (33, 100), (34, 100), (35, 100), (22, 101), (30, 101), (31, 101), (32, 101), (23, 102), (27, 102), (28, 102), (29, 102), (24, 103), (25, 103), (26, 103)]
[(75, 66), (76, 66), (77, 66), (72, 67), (73, 67), (74, 67), (78, 67), (69, 68), (70, 68), (71, 68), (79, 68), (66, 69), (67, 69), (68, 69), (80, 69), (63, 70), (64, 70), (65, 70), (81, 70), (60, 71), (61, 71), (62, 71), (82, 71), (57, 72), (58, 72), (59, 72), (83, 72), (54, 73), (55, 73), (56, 73), (84, 73), (85, 74), (53, 75), (84, 76), (52, 78), (83, 79), (51, 81), (82, 82), (50, 84), (81, 85), (49, 87), (80, 88), (48, 90), (79, 91), (47, 93), (78, 94), (46, 96), (47, 96), (48, 97), (76, 97), (77, 97), (78, 97), (49, 98), (73, 98), (74, 98), (75, 98), (50, 99), (70, 99), (71, 99), (72, 99), (51, 100), (67, 100), (68, 100), (69, 100), (52, 101), (64, 101), (65, 101), (66, 101), (53, 102), (61, 102), (62, 102), (63, 102), (54, 103), (58, 103), (59, 103), (60, 103), (55, 104), (56, 104), (57, 104)]
[(76, 97), (77, 97), (78, 97), (73, 98), (74, 98), (75, 98), (79, 98), (70, 99), (71, 99), (72, 99), (80, 99), (67, 100), (68, 100), (69, 100), (81, 100), (64, 101), (65, 101), (66, 101), (82, 101), (61, 102), (62, 102), (63, 102), (83, 102), (58, 103), (59, 103), (60, 103), (84, 103), (55, 104), (56, 104), (57, 104), (85, 104), (86, 105), (54, 106), (85, 107), (53, 109), (84, 110), (52, 112), (83, 113)]
[(107, 98), (108, 98), (109, 98), (104, 99), (105, 99), (106, 99), (110, 99), (101, 100), (102, 100), (103, 100), (111, 100), (98, 101), (99, 101), (100, 101), (112, 101), (95, 102), (96, 102), (97, 102), (113, 102), (92, 103), (93, 103), (94, 103), (114, 103), (89, 104), (90, 104), (91, 104), (86, 105), (87, 105), (88, 105), (85, 107), (84, 110), (83, 113), (114, 114)]
[(13, 64), (14, 64), (15, 64), (10, 65), (11, 65), (12, 65), (16, 65), (7, 66), (8, 66), (9, 66), (17, 66), (4, 67), (5, 67), (6, 67), (18, 67), (1, 68), (2, 68), (3, 68), (19, 68), (0, 69), (20, 69), (21, 70), (22, 71), (23, 72), (22, 74), (21, 77), (20, 80), (19, 83), (18, 86), (17, 89), (16, 92), (14, 95), (15, 95), (16, 95), (11, 96), (12, 96), (13, 96), (8, 97), (9, 97), (10, 97), (5, 98), (6, 98), (7, 98), (2, 99), (3, 99), (4, 99), (0, 100), (1, 100)]
[(14, 95), (15, 95), (16, 95), (11, 96), (12, 96), (13, 96), (17, 96), (8, 97), (9, 97), (10, 97), (18, 97), (5, 98), (6, 98), (7, 98), (19, 98), (2, 99), (3, 99), (4, 99), (20, 99), (0, 100), (1, 100), (21, 100), (22, 101), (23, 102), (24, 103), (23, 105), (22, 108), (21, 111), (20, 114)]
[(45, 96), (46, 96), (47, 96), (42, 97), (43, 97), (44, 97), (48, 97), (39, 98), (40, 98), (41, 98), (49, 98), (36, 99), (37, 99), (38, 99), (50, 99), (33, 100), (34, 100), (35, 100), (51, 100), (30, 101), (31, 101), (32, 101), (52, 101), (27, 102), (28, 102), (29, 102), (53, 102), (24, 103), (25, 103), (26, 103), (54, 103), (55, 104), (23, 105), (54, 106), (22, 108), (53, 109), (21, 111), (52, 112), (20, 114)]
