[(96, 30), (97, 30), (98, 30), (92, 31), (93, 31), (94, 31), (95, 31), (99, 31), (88, 32), (89, 32), (90, 32), (91, 32), (100, 32), (84, 33), (85, 33), (86, 33), (87, 33), (101, 33), (80, 34), (81, 34), (82, 34), (83, 34), (102, 34), (79, 37), (101, 37), (78, 41), (100, 41), (77, 45), (99, 45), (76, 49), (98, 49), (76, 52), (96, 52), (97, 52), (98, 52), (77, 53), (92, 53), (93, 53), (94, 53), (95, 53), (78, 54), (88, 54), (89, 54), (90, 54), (91, 54), (79, 55), (84, 55), (85, 55), (86, 55), (87, 55), (80, 56), (81, 56), (82, 56), (83, 56)]
[(114, 31), (110, 32), (111, 32), (112, 32), (113, 32), (106, 33), (107, 33), (108, 33), (109, 33), (102, 34), (103, 34), (104, 34), (105, 34), (101, 37), (100, 41), (99, 45), (98, 49), (98, 52), (99, 53), (114, 53), (100, 54), (110, 54), (111, 54), (112, 54), (113, 54), (101, 55), (106, 55), (107, 55), (108, 55), (109, 55), (102, 56), (103, 56), (104, 56), (105, 56)]
[(114, 53), (110, 54), (111, 54), (112, 54), (113, 54), (106, 55), (107, 55), (108, 55), (109, 55), (102, 56), (103, 56), (104, 56), (105, 56), (101, 59), (100, 63), (99, 67), (98, 71), (98, 74), (99, 75), (114, 75), (100, 76), (110, 76), (111, 76), (112, 76), (113, 76), (101, 77), (106, 77), (107, 77), (108, 77), (109, 77), (102, 78), (103, 78), (104, 78), (105, 78)]
[(52, 30), (53, 30), (54, 30), (48, 31), (49, 31), (50, 31), (51, 31), (55, 31), (44, 32), (45, 32), (46, 32), (47, 32), (56, 32), (40, 33), (41, 33), (42, 33), (43, 33), (57, 33), (36, 34), (37, 34), (38, 34), (39, 34), (58, 34), (35, 37), (57, 37), (34, 41), (56, 41), (33, 45), (55, 45), (32, 49), (54, 49), (32, 52), (52, 52), (53, 52), (54, 52), (33, 53), (48, 53), (49, 53), (50, 53), (51, 53), (34, 54), (44, 54), (45, 54), (46, 54), (47, 54), (35, 55), (40, 55), (41, 55), (42, 55), (43, 55), (36, 56), (37, 56), (38, 56), (39, 56)]
[(74, 30), (75, 30), (76, 30), (70, 31), (71, 31), (72, 31), (73, 31), (77, 31), (66, 32), (67, 32), (68, 32), (69, 32), (78, 32), (62, 33), (63, 33), (64, 33), (65, 33), (79, 33), (58, 34), (59, 34), (60, 34), (61, 34), (80, 34), (57, 37), (79, 37), (56, 41), (78, 41), (55, 45), (77, 45), (54, 49), (76, 49), (54, 52), (74, 52), (75, 52), (76, 52), (55, 53), (70, 53), (71, 53), (72, 53), (73, 53), (56, 54), (66, 54), (67, 54), (68, 54), (69, 54), (57, 55), (62, 55), (63, 55), (64, 55), (65, 55), (58, 56), (59, 56), (60, 56), (61, 56)]
[(74, 52), (75, 52), (76, 52), (70, 53), (71, 53), (72, 53), (73, 53), (77, 53), (66, 54), (67, 54), (68, 54), (69, 54), (78, 54), (62, 55), (63, 55), (64, 55), (65, 55), (79, 55), (58, 56), (59, 56), (60, 56), (61, 56), (80, 56), (57, 59), (79, 59), (56, 63), (78, 63), (55, 67), (77, 67), (54, 71), (76, 71), (54, 74), (74, 74), (75, 74), (76, 74), (55, 75), (70, 75), (71, 75), (72, 75), (73, 75), (56, 76), (66, 76), (67, 76), (68, 76), (69, 76), (57, 77), (62, 77), (63, 77), (64, 77), (65, 77), (58, 78), (59, 78), (60, 78), (61, 78)]
[(96, 52), (97, 52), (98, 52), (92, 53), (93, 53), (94, 53), (95, 53), (99, 53), (88, 54), (89, 54), (90, 54), (91, 54), (100, 54), (84, 55), (85, 55), (86, 55), (87, 55), (101, 55), (80, 56), (81, 56), (82, 56), (83, 56), (102, 56), (79, 59), (101, 59), (78, 63), (100, 63), (77, 67), (99, 67), (76, 71), (98, 71), (76, 74), (96, 74), (97, 74), (98, 74), (77, 75), (92, 75), (93, 75), (94, 75), (95, 75), (78, 76), (88, 76), (89, 76), (90, 76), (91, 76), (79, 77), (84, 77), (85, 77), (86, 77), (87, 77), (80, 78), (81, 78), (82, 78), (83, 78)]
[(96, 74), (97, 74), (98, 74), (92, 75), (93, 75), (94, 75), (95, 75), (99, 75), (88, 76), (89, 76), (90, 76), (91, 76), (100, 76), (84, 77), (85, 77), (86, 77), (87, 77), (101, 77), (80, 78), (81, 78), (82, 78), (83, 78), (102, 78), (79, 81), (101, 81), (78, 85), (100, 85), (77, 89), (99, 89), (76, 93), (98, 93), (76, 96), (96, 96), (97, 96), (98, 96), (77, 97), (92, 97), (93, 97), (94, 97), (95, 97), (78, 98), (88, 98), (89, 98), (90, 98), (91, 98), (79, 99), (84, 99), (85, 99), (86, 99), (87, 99), (80, 100), (81, 100), (82, 100), (83, 100)]
[(114, 75), (110, 76), (111, 76), (112, 76), (113, 76), (106, 77), (107, 77), (108, 77), (109, 77), (102, 78), (103, 78), (104, 78), (105, 78), (101, 81), (100, 85), (99, 89), (98, 93), (98, 96), (99, 97), (114, 97), (100, 98), (110, 98), (111, 98), (112, 98), (113, 98), (101, 99), (106, 99), (107, 99), (108, 99), (109, 99), (102, 100), (103, 100), (104, 100), (105, 100)]
[(114, 97), (110, 98), (111, 98), (112, 98), (113, 98), (106, 99), (107, 99), (108, 99), (109, 99), (102, 100), (103, 100), (104, 100), (105, 100), (101, 103), (100, 107), (99, 111)]
[(30, 52), (31, 52), (32, 52), (26, 53), (27, 53), (28, 53), (29, 53), (33, 53), (22, 54), (23, 54), (24, 54), (25, 54), (34, 54), (18, 55), (19, 55), (20, 55), (21, 55), (35, 55), (14, 56), (15, 56), (16, 56), (17, 56), (36, 56), (13, 59), (35, 59), (12, 63), (34, 63), (11, 67), (33, 67), (10, 71), (32, 71), (10, 74), (30, 74), (31, 74), (32, 74), (11, 75), (26, 75), (27, 75), (28, 75), (29, 75), (12, 76), (22, 76), (23, 76), (24, 76), (25, 76), (13, 77), (18, 77), (19, 77), (20, 77), (21, 77), (14, 78), (15, 78), (16, 78), (17, 78)]
[(52, 52), (53, 52), (54, 52), (48, 53), (49, 53), (50, 53), (51, 53), (55, 53), (44, 54), (45, 54), (46, 54), (47, 54), (56, 54), (40, 55), (41, 55), (42, 55), (43, 55), (57, 55), (36, 56), (37, 56), (38, 56), (39, 56), (58, 56), (35, 59), (57, 59), (34, 63), (56, 63), (33, 67), (55, 67), (32, 71), (54, 71), (32, 74), (52, 74), (53, 74), (54, 74), (33, 75), (48, 75), (49, 75), (50, 75), (51, 75), (34, 76), (44, 76), (45, 76), (46, 76), (47, 76), (35, 77), (40, 77), (41, 77), (42, 77), (43, 77), (36, 78), (37, 78), (38, 78), (39, 78)]
[(52, 74), (53, 74), (54, 74), (48, 75), (49, 75), (50, 75), (51, 75), (55, 75), (44, 76), (45, 76), (46, 76), (47, 76), (56, 76), (40, 77), (41, 77), (42, 77), (43, 77), (57, 77), (36, 78), (37, 78), (38, 78), (39, 78), (58, 78), (35, 81), (57, 81), (34, 85), (56, 85), (33, 89), (55, 89), (32, 93), (54, 93), (32, 96), (52, 96), (53, 96), (54, 96), (33, 97), (48, 97), (49, 97), (50, 97), (51, 97), (34, 98), (44, 98), (45, 98), (46, 98), (47, 98), (35, 99), (40, 99), (41, 99), (42, 99), (43, 99), (36, 100), (37, 100), (38, 100), (39, 100)]
[(74, 74), (75, 74), (76, 74), (70, 75), (71, 75), (72, 75), (73, 75), (77, 75), (66, 76), (67, 76), (68, 76), (69, 76), (78, 76), (62, 77), (63, 77), (64, 77), (65, 77), (79, 77), (58, 78), (59, 78), (60, 78), (61, 78), (80, 78), (57, 81), (79, 81), (56, 85), (78, 85), (55, 89), (77, 89), (54, 93), (76, 93), (54, 96), (74, 96), (75, 96), (76, 96), (55, 97), (70, 97), (71, 97), (72, 97), (73, 97), (56, 98), (66, 98), (67, 98), (68, 98), (69, 98), (57, 99), (62, 99), (63, 99), (64, 99), (65, 99), (58, 100), (59, 100), (60, 100), (61, 100)]
[(74, 96), (75, 96), (76, 96), (70, 97), (71, 97), (72, 97), (73, 97), (77, 97), (66, 98), (67, 98), (68, 98), (69, 98), (78, 98), (62, 99), (63, 99), (64, 99), (65, 99), (79, 99), (58, 100), (59, 100), (60, 100), (61, 100), (80, 100), (57, 103), (79, 103), (56, 107), (78, 107), (55, 111), (77, 111)]
[(96, 96), (97, 96), (98, 96), (92, 97), (93, 97), (94, 97), (95, 97), (99, 97), (88, 98), (89, 98), (90, 98), (91, 98), (100, 98), (84, 99), (85, 99), (86, 99), (87, 99), (101, 99), (80, 100), (81, 100), (82, 100), (83, 100), (102, 100), (79, 103), (101, 103), (78, 107), (100, 107), (77, 111), (99, 111)]
[(30, 74), (31, 74), (32, 74), (26, 75), (27, 75), (28, 75), (29, 75), (33, 75), (22, 76), (23, 76), (24, 76), (25, 76), (34, 76), (18, 77), (19, 77), (20, 77), (21, 77), (35, 77), (14, 78), (15, 78), (16, 78), (17, 78), (36, 78), (13, 81), (35, 81), (12, 85), (34, 85), (11, 89), (33, 89), (10, 93), (32, 93), (10, 96), (30, 96), (31, 96), (32, 96), (11, 97), (26, 97), (27, 97), (28, 97), (29, 97), (12, 98), (22, 98), (23, 98), (24, 98), (25, 98), (13, 99), (18, 99), (19, 99), (20, 99), (21, 99), (14, 100), (15, 100), (16, 100), (17, 100)]
[(30, 96), (31, 96), (32, 96), (26, 97), (27, 97), (28, 97), (29, 97), (33, 97), (22, 98), (23, 98), (24, 98), (25, 98), (34, 98), (18, 99), (19, 99), (20, 99), (21, 99), (35, 99), (14, 100), (15, 100), (16, 100), (17, 100), (36, 100), (13, 103), (35, 103), (12, 107), (34, 107), (11, 111), (33, 111)]
[(52, 96), (53, 96), (54, 96), (48, 97), (49, 97), (50, 97), (51, 97), (55, 97), (44, 98), (45, 98), (46, 98), (47, 98), (56, 98), (40, 99), (41, 99), (42, 99), (43, 99), (57, 99), (36, 100), (37, 100), (38, 100), (39, 100), (58, 100), (35, 103), (57, 103), (34, 107), (56, 107), (33, 111), (55, 111)]
