[(111, 21), (112, 21), (108, 22), (109, 22), (110, 22), (113, 22), (105, 23), (106, 23), (107, 23), (102, 24), (103, 24), (104, 24), (99, 25), (100, 25), (101, 25), (112, 25), (96, 26), (97, 26), (98, 26), (92, 27), (93, 27), (94, 27), (95, 27), (111, 28), (91, 30), (110, 31), (90, 33), (109, 34), (89, 36), (108, 37), (88, 39), (107, 40), (87, 42), (106, 42), (107, 42), (103, 43), (104, 43), (105, 43), (100, 44), (101, 44), (102, 44), (86, 45), (97, 45), (98, 45), (99, 45), (94, 46), (95, 46), (96, 46), (86, 47), (91, 47), (92, 47), (93, 47), (87, 48), (88, 48), (89, 48), (90, 48)]
[(113, 22), (114, 22), (112, 25), (111, 28), (110, 31), (109, 34), (108, 37), (107, 40), (107, 42), (112, 42), (113, 42), (114, 42), (108, 43), (109, 43), (110, 43), (111, 43)]
[(112, 42), (113, 42), (114, 42), (108, 43), (109, 43), (110, 43), (111, 43), (107, 46), (106, 49), (105, 52), (104, 55), (103, 58), (102, 61), (113, 61), (114, 61), (110, 62), (111, 62), (112, 62), (102, 63), (107, 63), (108, 63), (109, 63), (103, 64), (104, 64), (105, 64), (106, 64)]
[(69, 31), (70, 31), (66, 32), (67, 32), (68, 32), (71, 32), (63, 33), (64, 33), (65, 33), (60, 34), (61, 34), (62, 34), (57, 35), (58, 35), (59, 35), (70, 35), (54, 36), (55, 36), (56, 36), (50, 37), (51, 37), (52, 37), (53, 37), (69, 38), (49, 40), (68, 41), (48, 43), (67, 44), (47, 46), (66, 47), (46, 49), (65, 50), (45, 52), (64, 52), (65, 52), (61, 53), (62, 53), (63, 53), (58, 54), (59, 54), (60, 54), (44, 55), (55, 55), (56, 55), (57, 55), (52, 56), (53, 56), (54, 56), (44, 57), (49, 57), (50, 57), (51, 57), (45, 58), (46, 58), (47, 58), (48, 58)]
[(90, 26), (91, 26), (87, 27), (88, 27), (89, 27), (92, 27), (84, 28), (85, 28), (86, 28), (81, 29), (82, 29), (83, 29), (78, 30), (79, 30), (80, 30), (91, 30), (75, 31), (76, 31), (77, 31), (71, 32), (72, 32), (73, 32), (74, 32), (90, 33), (70, 35), (89, 36), (69, 38), (88, 39), (68, 41), (87, 42), (67, 44), (86, 45), (66, 47), (85, 47), (86, 47), (82, 48), (83, 48), (84, 48), (79, 49), (80, 49), (81, 49), (65, 50), (76, 50), (77, 50), (78, 50), (73, 51), (74, 51), (75, 51), (65, 52), (70, 52), (71, 52), (72, 52), (66, 53), (67, 53), (68, 53), (69, 53)]
[(85, 47), (86, 47), (82, 48), (83, 48), (84, 48), (87, 48), (79, 49), (80, 49), (81, 49), (76, 50), (77, 50), (78, 50), (73, 51), (74, 51), (75, 51), (86, 51), (70, 52), (71, 52), (72, 52), (66, 53), (67, 53), (68, 53), (69, 53), (85, 54), (65, 56), (84, 57), (64, 59), (83, 60), (63, 62), (82, 63), (62, 65), (81, 66), (61, 68), (80, 68), (81, 68), (77, 69), (78, 69), (79, 69), (74, 70), (75, 70), (76, 70), (60, 71), (71, 71), (72, 71), (73, 71), (68, 72), (69, 72), (70, 72), (60, 73), (65, 73), (66, 73), (67, 73), (61, 74), (62, 74), (63, 74), (64, 74)]
[(106, 42), (107, 42), (103, 43), (104, 43), (105, 43), (108, 43), (100, 44), (101, 44), (102, 44), (97, 45), (98, 45), (99, 45), (94, 46), (95, 46), (96, 46), (107, 46), (91, 47), (92, 47), (93, 47), (87, 48), (88, 48), (89, 48), (90, 48), (106, 49), (86, 51), (105, 52), (85, 54), (104, 55), (84, 57), (103, 58), (83, 60), (102, 61), (82, 63), (101, 63), (102, 63), (98, 64), (99, 64), (100, 64), (95, 65), (96, 65), (97, 65), (81, 66), (92, 66), (93, 66), (94, 66), (89, 67), (90, 67), (91, 67), (81, 68), (86, 68), (87, 68), (88, 68), (82, 69), (83, 69), (84, 69), (85, 69)]
[(101, 63), (102, 63), (98, 64), (99, 64), (100, 64), (103, 64), (95, 65), (96, 65), (97, 65), (92, 66), (93, 66), (94, 66), (89, 67), (90, 67), (91, 67), (102, 67), (86, 68), (87, 68), (88, 68), (82, 69), (83, 69), (84, 69), (85, 69), (101, 70), (81, 72), (100, 73), (80, 75), (99, 76), (79, 78), (98, 79), (78, 81), (97, 82), (77, 84), (96, 84), (97, 84), (93, 85), (94, 85), (95, 85), (90, 86), (91, 86), (92, 86), (76, 87), (87, 87), (88, 87), (89, 87), (84, 88), (85, 88), (86, 88), (76, 89), (81, 89), (82, 89), (83, 89), (77, 90), (78, 90), (79, 90), (80, 90)]
[(113, 61), (114, 61), (110, 62), (111, 62), (112, 62), (107, 63), (108, 63), (109, 63), (103, 64), (104, 64), (105, 64), (106, 64), (102, 67), (101, 70), (100, 73), (99, 76), (98, 79), (114, 80), (111, 81), (112, 81), (113, 81), (97, 82), (108, 82), (109, 82), (110, 82), (105, 83), (106, 83), (107, 83), (97, 84), (102, 84), (103, 84), (104, 84), (98, 85), (99, 85), (100, 85), (101, 85)]
[(114, 80), (111, 81), (112, 81), (113, 81), (108, 82), (109, 82), (110, 82), (105, 83), (106, 83), (107, 83), (102, 84), (103, 84), (104, 84), (98, 85), (99, 85), (100, 85), (101, 85), (97, 88), (96, 91), (95, 94), (114, 95), (94, 97), (113, 98), (93, 100), (112, 100), (113, 100), (109, 101), (110, 101), (111, 101), (106, 102), (107, 102), (108, 102), (92, 103), (103, 103), (104, 103), (105, 103), (100, 104), (101, 104), (102, 104), (92, 105), (97, 105), (98, 105), (99, 105), (93, 106), (94, 106), (95, 106), (96, 106)]
[(114, 95), (113, 98), (113, 100), (114, 101)]
[(43, 57), (44, 57), (40, 58), (41, 58), (42, 58), (45, 58), (37, 59), (38, 59), (39, 59), (34, 60), (35, 60), (36, 60), (31, 61), (32, 61), (33, 61), (44, 61), (28, 62), (29, 62), (30, 62), (24, 63), (25, 63), (26, 63), (27, 63), (43, 64), (23, 66), (42, 67), (22, 69), (41, 70), (21, 72), (40, 73), (20, 75), (39, 76), (19, 78), (38, 78), (39, 78), (35, 79), (36, 79), (37, 79), (32, 80), (33, 80), (34, 80), (18, 81), (29, 81), (30, 81), (31, 81), (26, 82), (27, 82), (28, 82), (18, 83), (23, 83), (24, 83), (25, 83), (19, 84), (20, 84), (21, 84), (22, 84)]
[(64, 52), (65, 52), (61, 53), (62, 53), (63, 53), (66, 53), (58, 54), (59, 54), (60, 54), (55, 55), (56, 55), (57, 55), (52, 56), (53, 56), (54, 56), (65, 56), (49, 57), (50, 57), (51, 57), (45, 58), (46, 58), (47, 58), (48, 58), (64, 59), (44, 61), (63, 62), (43, 64), (62, 65), (42, 67), (61, 68), (41, 70), (60, 71), (40, 73), (59, 73), (60, 73), (56, 74), (57, 74), (58, 74), (53, 75), (54, 75), (55, 75), (39, 76), (50, 76), (51, 76), (52, 76), (47, 77), (48, 77), (49, 77), (39, 78), (44, 78), (45, 78), (46, 78), (40, 79), (41, 79), (42, 79), (43, 79)]
[(59, 73), (60, 73), (56, 74), (57, 74), (58, 74), (61, 74), (53, 75), (54, 75), (55, 75), (50, 76), (51, 76), (52, 76), (47, 77), (48, 77), (49, 77), (60, 77), (44, 78), (45, 78), (46, 78), (40, 79), (41, 79), (42, 79), (43, 79), (59, 80), (39, 82), (58, 83), (38, 85), (57, 86), (37, 88), (56, 89), (36, 91), (55, 92), (35, 94), (54, 94), (55, 94), (51, 95), (52, 95), (53, 95), (48, 96), (49, 96), (50, 96), (34, 97), (45, 97), (46, 97), (47, 97), (42, 98), (43, 98), (44, 98), (34, 99), (39, 99), (40, 99), (41, 99), (35, 100), (36, 100), (37, 100), (38, 100)]
[(80, 68), (81, 68), (77, 69), (78, 69), (79, 69), (82, 69), (74, 70), (75, 70), (76, 70), (71, 71), (72, 71), (73, 71), (68, 72), (69, 72), (70, 72), (81, 72), (65, 73), (66, 73), (67, 73), (61, 74), (62, 74), (63, 74), (64, 74), (80, 75), (60, 77), (79, 78), (59, 80), (78, 81), (58, 83), (77, 84), (57, 86), (76, 87), (56, 89), (75, 89), (76, 89), (72, 90), (73, 90), (74, 90), (69, 91), (70, 91), (71, 91), (55, 92), (66, 92), (67, 92), (68, 92), (63, 93), (64, 93), (65, 93), (55, 94), (60, 94), (61, 94), (62, 94), (56, 95), (57, 95), (58, 95), (59, 95)]
[(75, 89), (76, 89), (72, 90), (73, 90), (74, 90), (77, 90), (69, 91), (70, 91), (71, 91), (66, 92), (67, 92), (68, 92), (63, 93), (64, 93), (65, 93), (76, 93), (60, 94), (61, 94), (62, 94), (56, 95), (57, 95), (58, 95), (59, 95), (75, 96), (55, 98), (74, 99), (54, 101), (73, 102), (53, 104), (72, 105), (52, 107), (71, 108), (51, 110), (70, 110), (71, 110), (67, 111), (68, 111), (69, 111), (64, 112), (65, 112), (66, 112), (50, 113), (61, 113), (62, 113), (63, 113), (58, 114), (59, 114), (60, 114)]
[(96, 84), (97, 84), (93, 85), (94, 85), (95, 85), (98, 85), (90, 86), (91, 86), (92, 86), (87, 87), (88, 87), (89, 87), (84, 88), (85, 88), (86, 88), (97, 88), (81, 89), (82, 89), (83, 89), (77, 90), (78, 90), (79, 90), (80, 90), (96, 91), (76, 93), (95, 94), (75, 96), (94, 97), (74, 99), (93, 100), (73, 102), (92, 103), (72, 105), (91, 105), (92, 105), (88, 106), (89, 106), (90, 106), (85, 107), (86, 107), (87, 107), (71, 108), (82, 108), (83, 108), (84, 108), (79, 109), (80, 109), (81, 109), (71, 110), (76, 110), (77, 110), (78, 110), (72, 111), (73, 111), (74, 111), (75, 111)]
[(91, 105), (92, 105), (88, 106), (89, 106), (90, 106), (93, 106), (85, 107), (86, 107), (87, 107), (82, 108), (83, 108), (84, 108), (79, 109), (80, 109), (81, 109), (92, 109), (76, 110), (77, 110), (78, 110), (72, 111), (73, 111), (74, 111), (75, 111), (91, 112), (71, 114)]
[(112, 100), (113, 100), (109, 101), (110, 101), (111, 101), (114, 101), (106, 102), (107, 102), (108, 102), (103, 103), (104, 103), (105, 103), (100, 104), (101, 104), (102, 104), (113, 104), (97, 105), (98, 105), (99, 105), (93, 106), (94, 106), (95, 106), (96, 106), (112, 107), (92, 109), (111, 110), (91, 112), (110, 113)]
[(38, 78), (39, 78), (35, 79), (36, 79), (37, 79), (40, 79), (32, 80), (33, 80), (34, 80), (29, 81), (30, 81), (31, 81), (26, 82), (27, 82), (28, 82), (39, 82), (23, 83), (24, 83), (25, 83), (19, 84), (20, 84), (21, 84), (22, 84), (38, 85), (18, 87), (37, 88), (17, 90), (36, 91), (16, 93), (35, 94), (15, 96), (34, 97), (14, 99), (33, 99), (34, 99), (30, 100), (31, 100), (32, 100), (27, 101), (28, 101), (29, 101), (13, 102), (24, 102), (25, 102), (26, 102), (21, 103), (22, 103), (23, 103), (13, 104), (18, 104), (19, 104), (20, 104), (14, 105), (15, 105), (16, 105), (17, 105)]
[(33, 99), (34, 99), (30, 100), (31, 100), (32, 100), (35, 100), (27, 101), (28, 101), (29, 101), (24, 102), (25, 102), (26, 102), (21, 103), (22, 103), (23, 103), (34, 103), (18, 104), (19, 104), (20, 104), (14, 105), (15, 105), (16, 105), (17, 105), (33, 106), (13, 108), (32, 109), (12, 111), (31, 112), (11, 114)]
[(54, 94), (55, 94), (51, 95), (52, 95), (53, 95), (56, 95), (48, 96), (49, 96), (50, 96), (45, 97), (46, 97), (47, 97), (42, 98), (43, 98), (44, 98), (55, 98), (39, 99), (40, 99), (41, 99), (35, 100), (36, 100), (37, 100), (38, 100), (54, 101), (34, 103), (53, 104), (33, 106), (52, 107), (32, 109), (51, 110), (31, 112), (50, 113)]
[(70, 110), (71, 110), (67, 111), (68, 111), (69, 111), (72, 111), (64, 112), (65, 112), (66, 112), (61, 113), (62, 113), (63, 113), (58, 114), (59, 114), (60, 114), (71, 114)]
