[(114, 8), (112, 9), (113, 9), (110, 10), (111, 10), (107, 11), (108, 11), (109, 11), (106, 13), (105, 15), (104, 17), (103, 19), (102, 21), (101, 23), (100, 25), (99, 27), (98, 29), (113, 30), (114, 30), (97, 31), (111, 31), (112, 31), (109, 32), (110, 32), (96, 33), (97, 33), (107, 33), (108, 33), (98, 34), (105, 34), (106, 34), (99, 35), (103, 35), (104, 35), (100, 36), (101, 36), (102, 36)]
[(114, 51)]
[(78, 15), (79, 15), (76, 16), (77, 16), (80, 16), (74, 17), (75, 17), (81, 17), (72, 18), (73, 18), (82, 18), (70, 19), (71, 19), (68, 20), (69, 20), (81, 20), (66, 21), (67, 21), (64, 22), (65, 22), (80, 22), (62, 23), (63, 23), (60, 24), (61, 24), (79, 24), (57, 25), (58, 25), (59, 25), (78, 26), (56, 27), (77, 28), (55, 29), (76, 30), (54, 31), (75, 32), (53, 33), (74, 34), (52, 35), (73, 36), (51, 37), (72, 38), (50, 39), (71, 40), (72, 40), (49, 41), (69, 41), (70, 41), (67, 42), (68, 42), (48, 43), (65, 43), (66, 43), (63, 44), (64, 44), (47, 45), (61, 45), (62, 45), (59, 46), (60, 46), (46, 47), (47, 47), (57, 47), (58, 47), (48, 48), (55, 48), (56, 48), (49, 49), (53, 49), (54, 49), (50, 50), (51, 50), (52, 50)]
[(103, 8), (104, 8), (101, 9), (102, 9), (105, 9), (99, 10), (100, 10), (106, 10), (97, 11), (98, 11), (107, 11), (95, 12), (96, 12), (93, 13), (94, 13), (106, 13), (91, 14), (92, 14), (89, 15), (90, 15), (105, 15), (87, 16), (88, 16), (85, 17), (86, 17), (104, 17), (82, 18), (83, 18), (84, 18), (103, 19), (81, 20), (102, 21), (80, 22), (101, 23), (79, 24), (100, 25), (78, 26), (99, 27), (77, 28), (98, 29), (76, 30), (97, 31), (75, 32), (96, 33), (97, 33), (74, 34), (94, 34), (95, 34), (92, 35), (93, 35), (73, 36), (90, 36), (91, 36), (88, 37), (89, 37), (72, 38), (86, 38), (87, 38), (84, 39), (85, 39), (71, 40), (72, 40), (82, 40), (83, 40), (73, 41), (80, 41), (81, 41), (74, 42), (78, 42), (79, 42), (75, 43), (76, 43), (77, 43)]
[(96, 33), (97, 33), (94, 34), (95, 34), (98, 34), (92, 35), (93, 35), (99, 35), (90, 36), (91, 36), (100, 36), (88, 37), (89, 37), (86, 38), (87, 38), (99, 38), (84, 39), (85, 39), (82, 40), (83, 40), (98, 40), (80, 41), (81, 41), (78, 42), (79, 42), (97, 42), (75, 43), (76, 43), (77, 43), (96, 44), (74, 45), (95, 46), (73, 47), (94, 48), (72, 49), (93, 50), (71, 51), (92, 52), (70, 53), (91, 54), (69, 55), (90, 56), (68, 57), (89, 58), (90, 58), (67, 59), (87, 59), (88, 59), (85, 60), (86, 60), (66, 61), (83, 61), (84, 61), (81, 62), (82, 62), (65, 63), (79, 63), (80, 63), (77, 64), (78, 64), (64, 65), (65, 65), (75, 65), (76, 65), (66, 66), (73, 66), (74, 66), (67, 67), (71, 67), (72, 67), (68, 68), (69, 68), (70, 68)]
[(113, 30), (114, 30), (111, 31), (112, 31), (109, 32), (110, 32), (107, 33), (108, 33), (105, 34), (106, 34), (103, 35), (104, 35), (100, 36), (101, 36), (102, 36), (99, 38), (98, 40), (97, 42), (96, 44), (95, 46), (94, 48), (93, 50), (114, 51), (92, 52), (112, 52), (113, 52), (110, 53), (111, 53), (91, 54), (108, 54), (109, 54), (106, 55), (107, 55), (90, 56), (104, 56), (105, 56), (102, 57), (103, 57), (89, 58), (90, 58), (100, 58), (101, 58), (91, 59), (98, 59), (99, 59), (92, 60), (96, 60), (97, 60), (93, 61), (94, 61), (95, 61)]
[(114, 51), (112, 52), (113, 52), (110, 53), (111, 53), (108, 54), (109, 54), (106, 55), (107, 55), (104, 56), (105, 56), (102, 57), (103, 57), (100, 58), (101, 58), (98, 59), (99, 59), (96, 60), (97, 60), (93, 61), (94, 61), (95, 61), (114, 62), (92, 63), (113, 64), (91, 65), (112, 66), (90, 67), (111, 68), (89, 69), (110, 70), (88, 71), (109, 72), (87, 73), (108, 74), (86, 75), (107, 76), (108, 76), (85, 77), (105, 77), (106, 77), (103, 78), (104, 78), (84, 79), (101, 79), (102, 79), (99, 80), (100, 80), (83, 81), (97, 81), (98, 81), (95, 82), (96, 82), (82, 83), (83, 83), (93, 83), (94, 83), (84, 84), (91, 84), (92, 84), (85, 85), (89, 85), (90, 85), (86, 86), (87, 86), (88, 86)]
[(114, 62), (113, 64), (112, 66), (111, 68), (110, 70), (109, 72), (108, 74), (107, 76), (108, 76), (109, 77), (110, 78), (114, 78), (111, 79), (112, 79), (113, 79)]
[(114, 78), (111, 79), (112, 79), (113, 79), (110, 81), (109, 83), (108, 85), (107, 87), (106, 89), (105, 91), (104, 93), (103, 95), (102, 97), (101, 99), (113, 100), (114, 100), (100, 101), (101, 101), (111, 101), (112, 101), (102, 102), (109, 102), (110, 102), (103, 103), (107, 103), (108, 103), (104, 104), (105, 104), (106, 104)]
[(46, 47), (47, 47), (44, 48), (45, 48), (48, 48), (42, 49), (43, 49), (49, 49), (40, 50), (41, 50), (50, 50), (38, 51), (39, 51), (36, 52), (37, 52), (49, 52), (34, 53), (35, 53), (32, 54), (33, 54), (48, 54), (30, 55), (31, 55), (28, 56), (29, 56), (47, 56), (25, 57), (26, 57), (27, 57), (46, 58), (24, 59), (45, 60), (23, 61), (44, 62), (22, 63), (43, 64), (21, 65), (42, 66), (20, 67), (41, 68), (19, 69), (40, 70), (18, 71), (39, 72), (40, 72), (17, 73), (37, 73), (38, 73), (35, 74), (36, 74), (16, 75), (33, 75), (34, 75), (31, 76), (32, 76), (15, 77), (29, 77), (30, 77), (27, 78), (28, 78), (14, 79), (15, 79), (25, 79), (26, 79), (16, 80), (23, 80), (24, 80), (17, 81), (21, 81), (22, 81), (18, 82), (19, 82), (20, 82)]
[(71, 40), (72, 40), (69, 41), (70, 41), (73, 41), (67, 42), (68, 42), (74, 42), (65, 43), (66, 43), (75, 43), (63, 44), (64, 44), (61, 45), (62, 45), (74, 45), (59, 46), (60, 46), (57, 47), (58, 47), (73, 47), (55, 48), (56, 48), (53, 49), (54, 49), (72, 49), (50, 50), (51, 50), (52, 50), (71, 51), (49, 52), (70, 53), (48, 54), (69, 55), (47, 56), (68, 57), (46, 58), (67, 59), (45, 60), (66, 61), (44, 62), (65, 63), (43, 64), (64, 65), (65, 65), (42, 66), (62, 66), (63, 66), (60, 67), (61, 67), (41, 68), (58, 68), (59, 68), (56, 69), (57, 69), (40, 70), (54, 70), (55, 70), (52, 71), (53, 71), (39, 72), (40, 72), (50, 72), (51, 72), (41, 73), (48, 73), (49, 73), (42, 74), (46, 74), (47, 74), (43, 75), (44, 75), (45, 75)]
[(64, 65), (65, 65), (62, 66), (63, 66), (66, 66), (60, 67), (61, 67), (67, 67), (58, 68), (59, 68), (68, 68), (56, 69), (57, 69), (54, 70), (55, 70), (67, 70), (52, 71), (53, 71), (50, 72), (51, 72), (66, 72), (48, 73), (49, 73), (46, 74), (47, 74), (65, 74), (43, 75), (44, 75), (45, 75), (64, 76), (42, 77), (63, 78), (41, 79), (62, 80), (40, 81), (61, 82), (39, 83), (60, 84), (38, 85), (59, 86), (37, 87), (58, 88), (36, 89), (57, 90), (58, 90), (35, 91), (55, 91), (56, 91), (53, 92), (54, 92), (34, 93), (51, 93), (52, 93), (49, 94), (50, 94), (33, 95), (47, 95), (48, 95), (45, 96), (46, 96), (32, 97), (33, 97), (43, 97), (44, 97), (34, 98), (41, 98), (42, 98), (35, 99), (39, 99), (40, 99), (36, 100), (37, 100), (38, 100)]
[(89, 58), (90, 58), (87, 59), (88, 59), (91, 59), (85, 60), (86, 60), (92, 60), (83, 61), (84, 61), (93, 61), (81, 62), (82, 62), (79, 63), (80, 63), (92, 63), (77, 64), (78, 64), (75, 65), (76, 65), (91, 65), (73, 66), (74, 66), (71, 67), (72, 67), (90, 67), (68, 68), (69, 68), (70, 68), (89, 69), (67, 70), (88, 71), (66, 72), (87, 73), (65, 74), (86, 75), (64, 76), (85, 77), (63, 78), (84, 79), (62, 80), (83, 81), (61, 82), (82, 83), (83, 83), (60, 84), (80, 84), (81, 84), (78, 85), (79, 85), (59, 86), (76, 86), (77, 86), (74, 87), (75, 87), (58, 88), (72, 88), (73, 88), (70, 89), (71, 89), (57, 90), (58, 90), (68, 90), (69, 90), (59, 91), (66, 91), (67, 91), (60, 92), (64, 92), (65, 92), (61, 93), (62, 93), (63, 93)]
[(82, 83), (83, 83), (80, 84), (81, 84), (84, 84), (78, 85), (79, 85), (85, 85), (76, 86), (77, 86), (86, 86), (74, 87), (75, 87), (72, 88), (73, 88), (85, 88), (70, 89), (71, 89), (68, 90), (69, 90), (84, 90), (66, 91), (67, 91), (64, 92), (65, 92), (83, 92), (61, 93), (62, 93), (63, 93), (82, 94), (60, 95), (81, 96), (59, 97), (80, 98), (58, 99), (79, 100), (57, 101), (78, 102), (56, 103), (77, 104), (55, 105), (76, 106), (54, 107), (75, 108), (76, 108), (53, 109), (73, 109), (74, 109), (71, 110), (72, 110), (52, 111), (69, 111), (70, 111), (67, 112), (68, 112), (51, 113), (65, 113), (66, 113), (63, 114), (64, 114)]
[(107, 76), (108, 76), (105, 77), (106, 77), (109, 77), (103, 78), (104, 78), (110, 78), (101, 79), (102, 79), (111, 79), (99, 80), (100, 80), (97, 81), (98, 81), (110, 81), (95, 82), (96, 82), (93, 83), (94, 83), (109, 83), (91, 84), (92, 84), (89, 85), (90, 85), (108, 85), (86, 86), (87, 86), (88, 86), (107, 87), (85, 88), (106, 89), (84, 90), (105, 91), (83, 92), (104, 93), (82, 94), (103, 95), (81, 96), (102, 97), (80, 98), (101, 99), (79, 100), (100, 101), (101, 101), (78, 102), (98, 102), (99, 102), (96, 103), (97, 103), (77, 104), (94, 104), (95, 104), (92, 105), (93, 105), (76, 106), (90, 106), (91, 106), (88, 107), (89, 107), (75, 108), (76, 108), (86, 108), (87, 108), (77, 109), (84, 109), (85, 109), (78, 110), (82, 110), (83, 110), (79, 111), (80, 111), (81, 111)]
[(100, 101), (101, 101), (98, 102), (99, 102), (102, 102), (96, 103), (97, 103), (103, 103), (94, 104), (95, 104), (104, 104), (92, 105), (93, 105), (90, 106), (91, 106), (103, 106), (88, 107), (89, 107), (86, 108), (87, 108), (102, 108), (84, 109), (85, 109), (82, 110), (83, 110), (101, 110), (79, 111), (80, 111), (81, 111), (100, 112), (78, 113), (99, 114)]
[(113, 100), (114, 100), (111, 101), (112, 101), (109, 102), (110, 102), (107, 103), (108, 103), (104, 104), (105, 104), (106, 104), (103, 106), (102, 108), (101, 110), (100, 112), (99, 114)]
[(39, 72), (40, 72), (37, 73), (38, 73), (41, 73), (35, 74), (36, 74), (42, 74), (33, 75), (34, 75), (43, 75), (31, 76), (32, 76), (29, 77), (30, 77), (42, 77), (27, 78), (28, 78), (25, 79), (26, 79), (41, 79), (23, 80), (24, 80), (21, 81), (22, 81), (40, 81), (18, 82), (19, 82), (20, 82), (39, 83), (17, 84), (38, 85), (16, 86), (37, 87), (15, 88), (36, 89), (14, 90), (35, 91), (13, 92), (34, 93), (12, 94), (33, 95), (11, 96), (32, 97), (33, 97), (10, 98), (30, 98), (31, 98), (28, 99), (29, 99), (9, 100), (26, 100), (27, 100), (24, 101), (25, 101), (8, 102), (22, 102), (23, 102), (20, 103), (21, 103), (7, 104), (8, 104), (18, 104), (19, 104), (9, 105), (16, 105), (17, 105), (10, 106), (14, 106), (15, 106), (11, 107), (12, 107), (13, 107)]
[(32, 97), (33, 97), (30, 98), (31, 98), (34, 98), (28, 99), (29, 99), (35, 99), (26, 100), (27, 100), (36, 100), (24, 101), (25, 101), (22, 102), (23, 102), (35, 102), (20, 103), (21, 103), (18, 104), (19, 104), (34, 104), (16, 105), (17, 105), (14, 106), (15, 106), (33, 106), (11, 107), (12, 107), (13, 107), (32, 108), (10, 109), (31, 110), (9, 111), (30, 112), (8, 113), (29, 114)]
[(57, 90), (58, 90), (55, 91), (56, 91), (59, 91), (53, 92), (54, 92), (60, 92), (51, 93), (52, 93), (61, 93), (49, 94), (50, 94), (47, 95), (48, 95), (60, 95), (45, 96), (46, 96), (43, 97), (44, 97), (59, 97), (41, 98), (42, 98), (39, 99), (40, 99), (58, 99), (36, 100), (37, 100), (38, 100), (57, 101), (35, 102), (56, 103), (34, 104), (55, 105), (33, 106), (54, 107), (32, 108), (53, 109), (31, 110), (52, 111), (30, 112), (51, 113), (29, 114)]
[(75, 108), (76, 108), (73, 109), (74, 109), (77, 109), (71, 110), (72, 110), (78, 110), (69, 111), (70, 111), (79, 111), (67, 112), (68, 112), (65, 113), (66, 113), (78, 113), (63, 114), (64, 114)]
