[(113, 23), (114, 23), (111, 24), (112, 24), (108, 25), (109, 25), (110, 25), (105, 26), (106, 26), (107, 26), (103, 27), (104, 27), (100, 28), (101, 28), (102, 28), (97, 29), (98, 29), (99, 29), (114, 29), (96, 31), (113, 31), (95, 34), (112, 34), (94, 36), (111, 37), (93, 39), (110, 39), (92, 42), (108, 42), (109, 42), (110, 42), (106, 43), (107, 43), (91, 44), (103, 44), (104, 44), (105, 44), (100, 45), (101, 45), (102, 45), (98, 46), (99, 46), (90, 47), (91, 47), (95, 47), (96, 47), (97, 47), (92, 48), (93, 48), (94, 48)]
[(114, 29), (113, 31), (112, 34), (111, 37), (110, 39), (109, 42), (110, 42), (114, 42), (111, 43), (112, 43), (113, 43)]
[(114, 42), (111, 43), (112, 43), (113, 43), (110, 45), (109, 48), (108, 50), (107, 53), (106, 56), (105, 58), (114, 59), (112, 60), (113, 60), (104, 61), (105, 61), (109, 61), (110, 61), (111, 61), (106, 62), (107, 62), (108, 62)]
[(75, 33), (76, 33), (77, 33), (73, 34), (74, 34), (78, 34), (70, 35), (71, 35), (72, 35), (67, 36), (68, 36), (69, 36), (77, 36), (65, 37), (66, 37), (62, 38), (63, 38), (64, 38), (59, 39), (60, 39), (61, 39), (76, 39), (58, 41), (75, 41), (57, 44), (74, 44), (56, 46), (73, 47), (55, 49), (72, 49), (54, 52), (70, 52), (71, 52), (72, 52), (68, 53), (69, 53), (53, 54), (65, 54), (66, 54), (67, 54), (62, 55), (63, 55), (64, 55), (60, 56), (61, 56), (52, 57), (53, 57), (57, 57), (58, 57), (59, 57), (54, 58), (55, 58), (56, 58)]
[(94, 28), (95, 28), (96, 28), (92, 29), (93, 29), (97, 29), (89, 30), (90, 30), (91, 30), (86, 31), (87, 31), (88, 31), (96, 31), (84, 32), (85, 32), (81, 33), (82, 33), (83, 33), (78, 34), (79, 34), (80, 34), (95, 34), (77, 36), (94, 36), (76, 39), (93, 39), (75, 41), (92, 42), (74, 44), (91, 44), (73, 47), (89, 47), (90, 47), (91, 47), (87, 48), (88, 48), (72, 49), (84, 49), (85, 49), (86, 49), (81, 50), (82, 50), (83, 50), (79, 51), (80, 51), (71, 52), (72, 52), (76, 52), (77, 52), (78, 52), (73, 53), (74, 53), (75, 53)]
[(89, 47), (90, 47), (91, 47), (87, 48), (88, 48), (92, 48), (84, 49), (85, 49), (86, 49), (81, 50), (82, 50), (83, 50), (91, 50), (79, 51), (80, 51), (76, 52), (77, 52), (78, 52), (73, 53), (74, 53), (75, 53), (90, 53), (72, 55), (89, 55), (71, 58), (88, 58), (70, 60), (87, 61), (69, 63), (86, 63), (68, 66), (84, 66), (85, 66), (86, 66), (82, 67), (83, 67), (67, 68), (79, 68), (80, 68), (81, 68), (76, 69), (77, 69), (78, 69), (74, 70), (75, 70), (66, 71), (67, 71), (71, 71), (72, 71), (73, 71), (68, 72), (69, 72), (70, 72)]
[(108, 42), (109, 42), (110, 42), (106, 43), (107, 43), (111, 43), (103, 44), (104, 44), (105, 44), (100, 45), (101, 45), (102, 45), (110, 45), (98, 46), (99, 46), (95, 47), (96, 47), (97, 47), (92, 48), (93, 48), (94, 48), (109, 48), (91, 50), (108, 50), (90, 53), (107, 53), (89, 55), (106, 56), (88, 58), (105, 58), (87, 61), (103, 61), (104, 61), (105, 61), (101, 62), (102, 62), (86, 63), (98, 63), (99, 63), (100, 63), (95, 64), (96, 64), (97, 64), (93, 65), (94, 65), (85, 66), (86, 66), (90, 66), (91, 66), (92, 66), (87, 67), (88, 67), (89, 67)]
[(103, 61), (104, 61), (105, 61), (101, 62), (102, 62), (106, 62), (98, 63), (99, 63), (100, 63), (95, 64), (96, 64), (97, 64), (105, 64), (93, 65), (94, 65), (90, 66), (91, 66), (92, 66), (87, 67), (88, 67), (89, 67), (104, 67), (86, 69), (103, 69), (85, 72), (102, 72), (84, 74), (101, 75), (83, 77), (100, 77), (82, 80), (98, 80), (99, 80), (100, 80), (96, 81), (97, 81), (81, 82), (93, 82), (94, 82), (95, 82), (90, 83), (91, 83), (92, 83), (88, 84), (89, 84), (80, 85), (81, 85), (85, 85), (86, 85), (87, 85), (82, 86), (83, 86), (84, 86)]
[(114, 59), (112, 60), (113, 60), (109, 61), (110, 61), (111, 61), (106, 62), (107, 62), (108, 62), (105, 64), (104, 67), (103, 69), (102, 72), (101, 75), (100, 77), (112, 77), (113, 77), (114, 77), (109, 78), (110, 78), (111, 78), (107, 79), (108, 79), (99, 80), (100, 80), (104, 80), (105, 80), (106, 80), (101, 81), (102, 81), (103, 81)]
[(112, 77), (113, 77), (114, 77), (109, 78), (110, 78), (111, 78), (107, 79), (108, 79), (104, 80), (105, 80), (106, 80), (101, 81), (102, 81), (103, 81), (100, 83), (99, 86), (98, 88), (97, 91), (114, 91), (96, 94), (112, 94), (113, 94), (114, 94), (110, 95), (111, 95), (95, 96), (107, 96), (108, 96), (109, 96), (104, 97), (105, 97), (106, 97), (102, 98), (103, 98), (94, 99), (95, 99), (99, 99), (100, 99), (101, 99), (96, 100), (97, 100), (98, 100)]
[(114, 91), (113, 94), (114, 94)]
[(51, 57), (52, 57), (53, 57), (49, 58), (50, 58), (54, 58), (46, 59), (47, 59), (48, 59), (43, 60), (44, 60), (45, 60), (53, 60), (41, 61), (42, 61), (38, 62), (39, 62), (40, 62), (35, 63), (36, 63), (37, 63), (52, 63), (34, 65), (51, 65), (33, 68), (50, 68), (32, 70), (49, 71), (31, 73), (48, 73), (30, 76), (46, 76), (47, 76), (48, 76), (44, 77), (45, 77), (29, 78), (41, 78), (42, 78), (43, 78), (38, 79), (39, 79), (40, 79), (36, 80), (37, 80), (28, 81), (29, 81), (33, 81), (34, 81), (35, 81), (30, 82), (31, 82), (32, 82)]
[(70, 52), (71, 52), (72, 52), (68, 53), (69, 53), (73, 53), (65, 54), (66, 54), (67, 54), (62, 55), (63, 55), (64, 55), (72, 55), (60, 56), (61, 56), (57, 57), (58, 57), (59, 57), (54, 58), (55, 58), (56, 58), (71, 58), (53, 60), (70, 60), (52, 63), (69, 63), (51, 65), (68, 66), (50, 68), (67, 68), (49, 71), (65, 71), (66, 71), (67, 71), (63, 72), (64, 72), (48, 73), (60, 73), (61, 73), (62, 73), (57, 74), (58, 74), (59, 74), (55, 75), (56, 75), (47, 76), (48, 76), (52, 76), (53, 76), (54, 76), (49, 77), (50, 77), (51, 77)]
[(65, 71), (66, 71), (67, 71), (63, 72), (64, 72), (68, 72), (60, 73), (61, 73), (62, 73), (57, 74), (58, 74), (59, 74), (67, 74), (55, 75), (56, 75), (52, 76), (53, 76), (54, 76), (49, 77), (50, 77), (51, 77), (66, 77), (48, 79), (65, 79), (47, 82), (64, 82), (46, 84), (63, 85), (45, 87), (62, 87), (44, 90), (60, 90), (61, 90), (62, 90), (58, 91), (59, 91), (43, 92), (55, 92), (56, 92), (57, 92), (52, 93), (53, 93), (54, 93), (50, 94), (51, 94), (42, 95), (43, 95), (47, 95), (48, 95), (49, 95), (44, 96), (45, 96), (46, 96)]
[(84, 66), (85, 66), (86, 66), (82, 67), (83, 67), (87, 67), (79, 68), (80, 68), (81, 68), (76, 69), (77, 69), (78, 69), (86, 69), (74, 70), (75, 70), (71, 71), (72, 71), (73, 71), (68, 72), (69, 72), (70, 72), (85, 72), (67, 74), (84, 74), (66, 77), (83, 77), (65, 79), (82, 80), (64, 82), (81, 82), (63, 85), (79, 85), (80, 85), (81, 85), (77, 86), (78, 86), (62, 87), (74, 87), (75, 87), (76, 87), (71, 88), (72, 88), (73, 88), (69, 89), (70, 89), (61, 90), (62, 90), (66, 90), (67, 90), (68, 90), (63, 91), (64, 91), (65, 91)]
[(79, 85), (80, 85), (81, 85), (77, 86), (78, 86), (82, 86), (74, 87), (75, 87), (76, 87), (71, 88), (72, 88), (73, 88), (81, 88), (69, 89), (70, 89), (66, 90), (67, 90), (68, 90), (63, 91), (64, 91), (65, 91), (80, 91), (62, 93), (79, 93), (61, 96), (78, 96), (60, 98), (77, 99), (59, 101), (76, 101), (58, 104), (74, 104), (75, 104), (76, 104), (72, 105), (73, 105), (57, 106), (69, 106), (70, 106), (71, 106), (66, 107), (67, 107), (68, 107), (64, 108), (65, 108), (56, 109), (57, 109), (61, 109), (62, 109), (63, 109), (58, 110), (59, 110), (60, 110)]
[(98, 80), (99, 80), (100, 80), (96, 81), (97, 81), (101, 81), (93, 82), (94, 82), (95, 82), (90, 83), (91, 83), (92, 83), (100, 83), (88, 84), (89, 84), (85, 85), (86, 85), (87, 85), (82, 86), (83, 86), (84, 86), (99, 86), (81, 88), (98, 88), (80, 91), (97, 91), (79, 93), (96, 94), (78, 96), (95, 96), (77, 99), (93, 99), (94, 99), (95, 99), (91, 100), (92, 100), (76, 101), (88, 101), (89, 101), (90, 101), (85, 102), (86, 102), (87, 102), (83, 103), (84, 103), (75, 104), (76, 104), (80, 104), (81, 104), (82, 104), (77, 105), (78, 105), (79, 105)]
[(93, 99), (94, 99), (95, 99), (91, 100), (92, 100), (96, 100), (88, 101), (89, 101), (90, 101), (85, 102), (86, 102), (87, 102), (95, 102), (83, 103), (84, 103), (80, 104), (81, 104), (82, 104), (77, 105), (78, 105), (79, 105), (94, 105), (76, 107), (93, 107), (75, 110), (92, 110), (74, 112), (91, 113)]
[(112, 94), (113, 94), (114, 94), (110, 95), (111, 95), (107, 96), (108, 96), (109, 96), (104, 97), (105, 97), (106, 97), (114, 97), (102, 98), (103, 98), (99, 99), (100, 99), (101, 99), (96, 100), (97, 100), (98, 100), (113, 100), (95, 102), (112, 102), (94, 105), (111, 105), (93, 107), (110, 108), (92, 110), (109, 110), (91, 113), (107, 113), (108, 113), (109, 113), (105, 114), (106, 114)]
[(46, 76), (47, 76), (48, 76), (44, 77), (45, 77), (49, 77), (41, 78), (42, 78), (43, 78), (38, 79), (39, 79), (40, 79), (48, 79), (36, 80), (37, 80), (33, 81), (34, 81), (35, 81), (30, 82), (31, 82), (32, 82), (47, 82), (29, 84), (46, 84), (28, 87), (45, 87), (27, 89), (44, 90), (26, 92), (43, 92), (25, 95), (41, 95), (42, 95), (43, 95), (39, 96), (40, 96), (24, 97), (36, 97), (37, 97), (38, 97), (33, 98), (34, 98), (35, 98), (31, 99), (32, 99), (23, 100), (24, 100), (28, 100), (29, 100), (30, 100), (25, 101), (26, 101), (27, 101)]
[(41, 95), (42, 95), (43, 95), (39, 96), (40, 96), (44, 96), (36, 97), (37, 97), (38, 97), (33, 98), (34, 98), (35, 98), (43, 98), (31, 99), (32, 99), (28, 100), (29, 100), (30, 100), (25, 101), (26, 101), (27, 101), (42, 101), (24, 103), (41, 103), (23, 106), (40, 106), (22, 108), (39, 109), (21, 111), (38, 111), (20, 114), (36, 114), (37, 114), (38, 114)]
[(60, 90), (61, 90), (62, 90), (58, 91), (59, 91), (63, 91), (55, 92), (56, 92), (57, 92), (52, 93), (53, 93), (54, 93), (62, 93), (50, 94), (51, 94), (47, 95), (48, 95), (49, 95), (44, 96), (45, 96), (46, 96), (61, 96), (43, 98), (60, 98), (42, 101), (59, 101), (41, 103), (58, 104), (40, 106), (57, 106), (39, 109), (55, 109), (56, 109), (57, 109), (53, 110), (54, 110), (38, 111), (50, 111), (51, 111), (52, 111), (47, 112), (48, 112), (49, 112), (45, 113), (46, 113), (37, 114), (38, 114), (42, 114), (43, 114), (44, 114)]
[(55, 109), (56, 109), (57, 109), (53, 110), (54, 110), (58, 110), (50, 111), (51, 111), (52, 111), (47, 112), (48, 112), (49, 112), (57, 112), (45, 113), (46, 113), (42, 114), (43, 114), (44, 114)]
[(74, 104), (75, 104), (76, 104), (72, 105), (73, 105), (77, 105), (69, 106), (70, 106), (71, 106), (66, 107), (67, 107), (68, 107), (76, 107), (64, 108), (65, 108), (61, 109), (62, 109), (63, 109), (58, 110), (59, 110), (60, 110), (75, 110), (57, 112), (74, 112)]
[(36, 114), (37, 114), (38, 114)]
