[(94, 23), (95, 23), (96, 23), (92, 24), (93, 24), (97, 24), (89, 25), (90, 25), (91, 25), (98, 25), (86, 26), (87, 26), (88, 26), (99, 26), (84, 27), (85, 27), (100, 27), (81, 28), (82, 28), (83, 28), (101, 28), (78, 29), (79, 29), (80, 29), (102, 29), (77, 31), (101, 31), (76, 34), (100, 34), (75, 37), (99, 37), (74, 39), (98, 39), (73, 42), (97, 42), (72, 45), (96, 45), (71, 47), (72, 47), (94, 47), (95, 47), (96, 47), (73, 48), (92, 48), (93, 48), (74, 49), (89, 49), (90, 49), (91, 49), (75, 50), (86, 50), (87, 50), (88, 50), (76, 51), (84, 51), (85, 51), (77, 52), (81, 52), (82, 52), (83, 52), (78, 53), (79, 53), (80, 53)]
[(113, 25), (114, 25), (110, 26), (111, 26), (112, 26), (108, 27), (109, 27), (105, 28), (106, 28), (107, 28), (102, 29), (103, 29), (104, 29), (101, 31), (100, 34), (99, 37), (98, 39), (97, 42), (96, 45), (95, 47), (96, 47), (97, 48), (98, 49), (113, 49), (114, 49), (99, 50), (110, 50), (111, 50), (112, 50), (100, 51), (108, 51), (109, 51), (101, 52), (105, 52), (106, 52), (107, 52), (102, 53), (103, 53), (104, 53)]
[(113, 49), (114, 49), (110, 50), (111, 50), (112, 50), (108, 51), (109, 51), (105, 52), (106, 52), (107, 52), (102, 53), (103, 53), (104, 53), (101, 55), (100, 58), (99, 61), (98, 63), (97, 66), (96, 69), (95, 71), (96, 71), (97, 72), (98, 73), (113, 73), (114, 73), (99, 74), (110, 74), (111, 74), (112, 74), (100, 75), (108, 75), (109, 75), (101, 76), (105, 76), (106, 76), (107, 76), (102, 77), (103, 77), (104, 77)]
[(46, 23), (47, 23), (48, 23), (44, 24), (45, 24), (49, 24), (41, 25), (42, 25), (43, 25), (50, 25), (38, 26), (39, 26), (40, 26), (51, 26), (36, 27), (37, 27), (52, 27), (33, 28), (34, 28), (35, 28), (53, 28), (30, 29), (31, 29), (32, 29), (54, 29), (29, 31), (53, 31), (28, 34), (52, 34), (27, 37), (51, 37), (26, 39), (50, 39), (25, 42), (49, 42), (24, 45), (48, 45), (23, 47), (24, 47), (46, 47), (47, 47), (48, 47), (25, 48), (44, 48), (45, 48), (26, 49), (41, 49), (42, 49), (43, 49), (27, 50), (38, 50), (39, 50), (40, 50), (28, 51), (36, 51), (37, 51), (29, 52), (33, 52), (34, 52), (35, 52), (30, 53), (31, 53), (32, 53)]
[(70, 23), (71, 23), (72, 23), (68, 24), (69, 24), (73, 24), (65, 25), (66, 25), (67, 25), (74, 25), (62, 26), (63, 26), (64, 26), (75, 26), (60, 27), (61, 27), (76, 27), (57, 28), (58, 28), (59, 28), (77, 28), (54, 29), (55, 29), (56, 29), (78, 29), (53, 31), (77, 31), (52, 34), (76, 34), (51, 37), (75, 37), (50, 39), (74, 39), (49, 42), (73, 42), (48, 45), (72, 45), (47, 47), (48, 47), (70, 47), (71, 47), (72, 47), (49, 48), (68, 48), (69, 48), (50, 49), (65, 49), (66, 49), (67, 49), (51, 50), (62, 50), (63, 50), (64, 50), (52, 51), (60, 51), (61, 51), (53, 52), (57, 52), (58, 52), (59, 52), (54, 53), (55, 53), (56, 53)]
[(70, 47), (71, 47), (72, 47), (68, 48), (69, 48), (73, 48), (65, 49), (66, 49), (67, 49), (74, 49), (62, 50), (63, 50), (64, 50), (75, 50), (60, 51), (61, 51), (76, 51), (57, 52), (58, 52), (59, 52), (77, 52), (54, 53), (55, 53), (56, 53), (78, 53), (53, 55), (77, 55), (52, 58), (76, 58), (51, 61), (75, 61), (50, 63), (74, 63), (49, 66), (73, 66), (48, 69), (72, 69), (47, 71), (48, 71), (70, 71), (71, 71), (72, 71), (49, 72), (68, 72), (69, 72), (50, 73), (65, 73), (66, 73), (67, 73), (51, 74), (62, 74), (63, 74), (64, 74), (52, 75), (60, 75), (61, 75), (53, 76), (57, 76), (58, 76), (59, 76), (54, 77), (55, 77), (56, 77)]
[(94, 47), (95, 47), (96, 47), (92, 48), (93, 48), (97, 48), (89, 49), (90, 49), (91, 49), (98, 49), (86, 50), (87, 50), (88, 50), (99, 50), (84, 51), (85, 51), (100, 51), (81, 52), (82, 52), (83, 52), (101, 52), (78, 53), (79, 53), (80, 53), (102, 53), (77, 55), (101, 55), (76, 58), (100, 58), (75, 61), (99, 61), (74, 63), (98, 63), (73, 66), (97, 66), (72, 69), (96, 69), (71, 71), (72, 71), (94, 71), (95, 71), (96, 71), (73, 72), (92, 72), (93, 72), (74, 73), (89, 73), (90, 73), (91, 73), (75, 74), (86, 74), (87, 74), (88, 74), (76, 75), (84, 75), (85, 75), (77, 76), (81, 76), (82, 76), (83, 76), (78, 77), (79, 77), (80, 77)]
[(94, 71), (95, 71), (96, 71), (92, 72), (93, 72), (97, 72), (89, 73), (90, 73), (91, 73), (98, 73), (86, 74), (87, 74), (88, 74), (99, 74), (84, 75), (85, 75), (100, 75), (81, 76), (82, 76), (83, 76), (101, 76), (78, 77), (79, 77), (80, 77), (102, 77), (77, 79), (101, 79), (76, 82), (100, 82), (75, 85), (99, 85), (74, 87), (98, 87), (73, 90), (97, 90), (72, 93), (96, 93), (71, 95), (72, 95), (94, 95), (95, 95), (96, 95), (73, 96), (92, 96), (93, 96), (74, 97), (89, 97), (90, 97), (91, 97), (75, 98), (86, 98), (87, 98), (88, 98), (76, 99), (84, 99), (85, 99), (77, 100), (81, 100), (82, 100), (83, 100), (78, 101), (79, 101), (80, 101)]
[(113, 73), (114, 73), (110, 74), (111, 74), (112, 74), (108, 75), (109, 75), (105, 76), (106, 76), (107, 76), (102, 77), (103, 77), (104, 77), (101, 79), (100, 82), (99, 85), (98, 87), (97, 90), (96, 93), (95, 95), (96, 95), (97, 96), (98, 97), (113, 97), (114, 97), (99, 98), (110, 98), (111, 98), (112, 98), (100, 99), (108, 99), (109, 99), (101, 100), (105, 100), (106, 100), (107, 100), (102, 101), (103, 101), (104, 101)]
[(113, 97), (114, 97), (110, 98), (111, 98), (112, 98), (108, 99), (109, 99), (105, 100), (106, 100), (107, 100), (102, 101), (103, 101), (104, 101), (101, 103), (100, 106), (99, 109), (98, 111), (97, 114)]
[(22, 47), (23, 47), (24, 47), (20, 48), (21, 48), (25, 48), (17, 49), (18, 49), (19, 49), (26, 49), (14, 50), (15, 50), (16, 50), (27, 50), (12, 51), (13, 51), (28, 51), (9, 52), (10, 52), (11, 52), (29, 52), (6, 53), (7, 53), (8, 53), (30, 53), (5, 55), (29, 55), (4, 58), (28, 58), (3, 61), (27, 61), (2, 63), (26, 63), (1, 66), (25, 66), (0, 69), (24, 69), (0, 71), (22, 71), (23, 71), (24, 71), (1, 72), (20, 72), (21, 72), (2, 73), (17, 73), (18, 73), (19, 73), (3, 74), (14, 74), (15, 74), (16, 74), (4, 75), (12, 75), (13, 75), (5, 76), (9, 76), (10, 76), (11, 76), (6, 77), (7, 77), (8, 77)]
[(46, 47), (47, 47), (48, 47), (44, 48), (45, 48), (49, 48), (41, 49), (42, 49), (43, 49), (50, 49), (38, 50), (39, 50), (40, 50), (51, 50), (36, 51), (37, 51), (52, 51), (33, 52), (34, 52), (35, 52), (53, 52), (30, 53), (31, 53), (32, 53), (54, 53), (29, 55), (53, 55), (28, 58), (52, 58), (27, 61), (51, 61), (26, 63), (50, 63), (25, 66), (49, 66), (24, 69), (48, 69), (23, 71), (24, 71), (46, 71), (47, 71), (48, 71), (25, 72), (44, 72), (45, 72), (26, 73), (41, 73), (42, 73), (43, 73), (27, 74), (38, 74), (39, 74), (40, 74), (28, 75), (36, 75), (37, 75), (29, 76), (33, 76), (34, 76), (35, 76), (30, 77), (31, 77), (32, 77)]
[(46, 71), (47, 71), (48, 71), (44, 72), (45, 72), (49, 72), (41, 73), (42, 73), (43, 73), (50, 73), (38, 74), (39, 74), (40, 74), (51, 74), (36, 75), (37, 75), (52, 75), (33, 76), (34, 76), (35, 76), (53, 76), (30, 77), (31, 77), (32, 77), (54, 77), (29, 79), (53, 79), (28, 82), (52, 82), (27, 85), (51, 85), (26, 87), (50, 87), (25, 90), (49, 90), (24, 93), (48, 93), (23, 95), (24, 95), (46, 95), (47, 95), (48, 95), (25, 96), (44, 96), (45, 96), (26, 97), (41, 97), (42, 97), (43, 97), (27, 98), (38, 98), (39, 98), (40, 98), (28, 99), (36, 99), (37, 99), (29, 100), (33, 100), (34, 100), (35, 100), (30, 101), (31, 101), (32, 101)]
[(70, 71), (71, 71), (72, 71), (68, 72), (69, 72), (73, 72), (65, 73), (66, 73), (67, 73), (74, 73), (62, 74), (63, 74), (64, 74), (75, 74), (60, 75), (61, 75), (76, 75), (57, 76), (58, 76), (59, 76), (77, 76), (54, 77), (55, 77), (56, 77), (78, 77), (53, 79), (77, 79), (52, 82), (76, 82), (51, 85), (75, 85), (50, 87), (74, 87), (49, 90), (73, 90), (48, 93), (72, 93), (47, 95), (48, 95), (70, 95), (71, 95), (72, 95), (49, 96), (68, 96), (69, 96), (50, 97), (65, 97), (66, 97), (67, 97), (51, 98), (62, 98), (63, 98), (64, 98), (52, 99), (60, 99), (61, 99), (53, 100), (57, 100), (58, 100), (59, 100), (54, 101), (55, 101), (56, 101)]
[(70, 95), (71, 95), (72, 95), (68, 96), (69, 96), (73, 96), (65, 97), (66, 97), (67, 97), (74, 97), (62, 98), (63, 98), (64, 98), (75, 98), (60, 99), (61, 99), (76, 99), (57, 100), (58, 100), (59, 100), (77, 100), (54, 101), (55, 101), (56, 101), (78, 101), (53, 103), (77, 103), (52, 106), (76, 106), (51, 109), (75, 109), (50, 111), (74, 111), (49, 114), (73, 114)]
[(94, 95), (95, 95), (96, 95), (92, 96), (93, 96), (97, 96), (89, 97), (90, 97), (91, 97), (98, 97), (86, 98), (87, 98), (88, 98), (99, 98), (84, 99), (85, 99), (100, 99), (81, 100), (82, 100), (83, 100), (101, 100), (78, 101), (79, 101), (80, 101), (102, 101), (77, 103), (101, 103), (76, 106), (100, 106), (75, 109), (99, 109), (74, 111), (98, 111), (73, 114), (97, 114)]
[(22, 71), (23, 71), (24, 71), (20, 72), (21, 72), (25, 72), (17, 73), (18, 73), (19, 73), (26, 73), (14, 74), (15, 74), (16, 74), (27, 74), (12, 75), (13, 75), (28, 75), (9, 76), (10, 76), (11, 76), (29, 76), (6, 77), (7, 77), (8, 77), (30, 77), (5, 79), (29, 79), (4, 82), (28, 82), (3, 85), (27, 85), (2, 87), (26, 87), (1, 90), (25, 90), (0, 93), (24, 93), (0, 95), (22, 95), (23, 95), (24, 95), (1, 96), (20, 96), (21, 96), (2, 97), (17, 97), (18, 97), (19, 97), (3, 98), (14, 98), (15, 98), (16, 98), (4, 99), (12, 99), (13, 99), (5, 100), (9, 100), (10, 100), (11, 100), (6, 101), (7, 101), (8, 101)]
[(22, 95), (23, 95), (24, 95), (20, 96), (21, 96), (25, 96), (17, 97), (18, 97), (19, 97), (26, 97), (14, 98), (15, 98), (16, 98), (27, 98), (12, 99), (13, 99), (28, 99), (9, 100), (10, 100), (11, 100), (29, 100), (6, 101), (7, 101), (8, 101), (30, 101), (5, 103), (29, 103), (4, 106), (28, 106), (3, 109), (27, 109), (2, 111), (26, 111), (1, 114), (25, 114)]
[(46, 95), (47, 95), (48, 95), (44, 96), (45, 96), (49, 96), (41, 97), (42, 97), (43, 97), (50, 97), (38, 98), (39, 98), (40, 98), (51, 98), (36, 99), (37, 99), (52, 99), (33, 100), (34, 100), (35, 100), (53, 100), (30, 101), (31, 101), (32, 101), (54, 101), (29, 103), (53, 103), (28, 106), (52, 106), (27, 109), (51, 109), (26, 111), (50, 111), (25, 114), (49, 114)]
