[(75, 27), (76, 27), (77, 27), (78, 27), (71, 28), (72, 28), (73, 28), (74, 28), (79, 28), (67, 29), (68, 29), (69, 29), (70, 29), (80, 29), (63, 30), (64, 30), (65, 30), (66, 30), (81, 30), (59, 31), (60, 31), (61, 31), (62, 31), (80, 33), (58, 34), (79, 37), (57, 38), (78, 41), (56, 42), (77, 45), (55, 46), (74, 49), (75, 49), (76, 49), (77, 49), (54, 50), (55, 50), (70, 50), (71, 50), (72, 50), (73, 50), (56, 51), (66, 51), (67, 51), (68, 51), (69, 51), (57, 52), (62, 52), (63, 52), (64, 52), (65, 52), (58, 53), (59, 53), (60, 53), (61, 53)]
[(97, 26), (98, 26), (99, 26), (100, 26), (93, 27), (94, 27), (95, 27), (96, 27), (101, 27), (89, 28), (90, 28), (91, 28), (92, 28), (102, 28), (85, 29), (86, 29), (87, 29), (88, 29), (103, 29), (81, 30), (82, 30), (83, 30), (84, 30), (102, 32), (80, 33), (101, 36), (79, 37), (100, 40), (78, 41), (99, 44), (77, 45), (96, 48), (97, 48), (98, 48), (99, 48), (76, 49), (77, 49), (92, 49), (93, 49), (94, 49), (95, 49), (78, 50), (88, 50), (89, 50), (90, 50), (91, 50), (79, 51), (84, 51), (85, 51), (86, 51), (87, 51), (80, 52), (81, 52), (82, 52), (83, 52)]
[(96, 48), (97, 48), (98, 48), (99, 48), (92, 49), (93, 49), (94, 49), (95, 49), (100, 49), (88, 50), (89, 50), (90, 50), (91, 50), (101, 50), (84, 51), (85, 51), (86, 51), (87, 51), (102, 51), (80, 52), (81, 52), (82, 52), (83, 52), (101, 54), (79, 55), (100, 58), (78, 59), (99, 62), (77, 63), (98, 66), (76, 67), (95, 70), (96, 70), (97, 70), (98, 70), (75, 71), (76, 71), (91, 71), (92, 71), (93, 71), (94, 71), (77, 72), (87, 72), (88, 72), (89, 72), (90, 72), (78, 73), (83, 73), (84, 73), (85, 73), (86, 73), (79, 74), (80, 74), (81, 74), (82, 74)]
[(114, 48), (110, 49), (111, 49), (112, 49), (113, 49), (106, 50), (107, 50), (108, 50), (109, 50), (102, 51), (103, 51), (104, 51), (105, 51), (101, 54), (100, 58), (99, 62), (98, 66), (97, 70), (98, 70), (113, 70), (114, 70), (99, 71), (109, 71), (110, 71), (111, 71), (112, 71), (100, 72), (105, 72), (106, 72), (107, 72), (108, 72), (101, 73), (102, 73), (103, 73), (104, 73)]
[(113, 70), (114, 70), (109, 71), (110, 71), (111, 71), (112, 71), (105, 72), (106, 72), (107, 72), (108, 72), (101, 73), (102, 73), (103, 73), (104, 73), (100, 76), (99, 80), (98, 84), (97, 88), (96, 92), (97, 92), (112, 92), (113, 92), (114, 92), (98, 93), (108, 93), (109, 93), (110, 93), (111, 93), (99, 94), (104, 94), (105, 94), (106, 94), (107, 94), (100, 95), (101, 95), (102, 95), (103, 95)]
[(31, 29), (32, 29), (33, 29), (34, 29), (27, 30), (28, 30), (29, 30), (30, 30), (35, 30), (23, 31), (24, 31), (25, 31), (26, 31), (36, 31), (19, 32), (20, 32), (21, 32), (22, 32), (37, 32), (15, 33), (16, 33), (17, 33), (18, 33), (36, 35), (14, 36), (35, 39), (13, 40), (34, 43), (12, 44), (33, 47), (11, 48), (30, 51), (31, 51), (32, 51), (33, 51), (10, 52), (11, 52), (26, 52), (27, 52), (28, 52), (29, 52), (12, 53), (22, 53), (23, 53), (24, 53), (25, 53), (13, 54), (18, 54), (19, 54), (20, 54), (21, 54), (14, 55), (15, 55), (16, 55), (17, 55)]
[(53, 28), (54, 28), (55, 28), (56, 28), (49, 29), (50, 29), (51, 29), (52, 29), (57, 29), (45, 30), (46, 30), (47, 30), (48, 30), (58, 30), (41, 31), (42, 31), (43, 31), (44, 31), (59, 31), (37, 32), (38, 32), (39, 32), (40, 32), (58, 34), (36, 35), (57, 38), (35, 39), (56, 42), (34, 43), (55, 46), (33, 47), (52, 50), (53, 50), (54, 50), (55, 50), (32, 51), (33, 51), (48, 51), (49, 51), (50, 51), (51, 51), (34, 52), (44, 52), (45, 52), (46, 52), (47, 52), (35, 53), (40, 53), (41, 53), (42, 53), (43, 53), (36, 54), (37, 54), (38, 54), (39, 54)]
[(52, 50), (53, 50), (54, 50), (55, 50), (48, 51), (49, 51), (50, 51), (51, 51), (56, 51), (44, 52), (45, 52), (46, 52), (47, 52), (57, 52), (40, 53), (41, 53), (42, 53), (43, 53), (58, 53), (36, 54), (37, 54), (38, 54), (39, 54), (57, 56), (35, 57), (56, 60), (34, 61), (55, 64), (33, 65), (54, 68), (32, 69), (51, 72), (52, 72), (53, 72), (54, 72), (31, 73), (32, 73), (47, 73), (48, 73), (49, 73), (50, 73), (33, 74), (43, 74), (44, 74), (45, 74), (46, 74), (34, 75), (39, 75), (40, 75), (41, 75), (42, 75), (35, 76), (36, 76), (37, 76), (38, 76)]
[(74, 49), (75, 49), (76, 49), (77, 49), (70, 50), (71, 50), (72, 50), (73, 50), (78, 50), (66, 51), (67, 51), (68, 51), (69, 51), (79, 51), (62, 52), (63, 52), (64, 52), (65, 52), (80, 52), (58, 53), (59, 53), (60, 53), (61, 53), (79, 55), (57, 56), (78, 59), (56, 60), (77, 63), (55, 64), (76, 67), (54, 68), (73, 71), (74, 71), (75, 71), (76, 71), (53, 72), (54, 72), (69, 72), (70, 72), (71, 72), (72, 72), (55, 73), (65, 73), (66, 73), (67, 73), (68, 73), (56, 74), (61, 74), (62, 74), (63, 74), (64, 74), (57, 75), (58, 75), (59, 75), (60, 75)]
[(73, 71), (74, 71), (75, 71), (76, 71), (69, 72), (70, 72), (71, 72), (72, 72), (77, 72), (65, 73), (66, 73), (67, 73), (68, 73), (78, 73), (61, 74), (62, 74), (63, 74), (64, 74), (79, 74), (57, 75), (58, 75), (59, 75), (60, 75), (78, 77), (56, 78), (77, 81), (55, 82), (76, 85), (54, 86), (75, 89), (53, 90), (72, 93), (73, 93), (74, 93), (75, 93), (52, 94), (53, 94), (68, 94), (69, 94), (70, 94), (71, 94), (54, 95), (64, 95), (65, 95), (66, 95), (67, 95), (55, 96), (60, 96), (61, 96), (62, 96), (63, 96), (56, 97), (57, 97), (58, 97), (59, 97)]
[(95, 70), (96, 70), (97, 70), (98, 70), (91, 71), (92, 71), (93, 71), (94, 71), (99, 71), (87, 72), (88, 72), (89, 72), (90, 72), (100, 72), (83, 73), (84, 73), (85, 73), (86, 73), (101, 73), (79, 74), (80, 74), (81, 74), (82, 74), (100, 76), (78, 77), (99, 80), (77, 81), (98, 84), (76, 85), (97, 88), (75, 89), (94, 92), (95, 92), (96, 92), (97, 92), (74, 93), (75, 93), (90, 93), (91, 93), (92, 93), (93, 93), (76, 94), (86, 94), (87, 94), (88, 94), (89, 94), (77, 95), (82, 95), (83, 95), (84, 95), (85, 95), (78, 96), (79, 96), (80, 96), (81, 96)]
[(94, 92), (95, 92), (96, 92), (97, 92), (90, 93), (91, 93), (92, 93), (93, 93), (98, 93), (86, 94), (87, 94), (88, 94), (89, 94), (99, 94), (82, 95), (83, 95), (84, 95), (85, 95), (100, 95), (78, 96), (79, 96), (80, 96), (81, 96), (99, 98), (77, 99), (98, 102), (76, 103), (97, 106), (75, 107), (96, 110), (74, 111), (93, 114), (94, 114), (95, 114), (96, 114)]
[(112, 92), (113, 92), (114, 92), (108, 93), (109, 93), (110, 93), (111, 93), (104, 94), (105, 94), (106, 94), (107, 94), (100, 95), (101, 95), (102, 95), (103, 95), (99, 98), (98, 102), (97, 106), (96, 110), (95, 114), (96, 114), (111, 114), (112, 114), (113, 114), (114, 114)]
[(8, 52), (9, 52), (10, 52), (11, 52), (4, 53), (5, 53), (6, 53), (7, 53), (12, 53), (0, 54), (1, 54), (2, 54), (3, 54), (13, 54), (14, 55), (13, 58), (12, 62), (11, 66), (10, 70), (7, 74), (8, 74), (9, 74), (10, 74), (3, 75), (4, 75), (5, 75), (6, 75), (0, 76), (1, 76), (2, 76)]
[(30, 51), (31, 51), (32, 51), (33, 51), (26, 52), (27, 52), (28, 52), (29, 52), (34, 52), (22, 53), (23, 53), (24, 53), (25, 53), (35, 53), (18, 54), (19, 54), (20, 54), (21, 54), (36, 54), (14, 55), (15, 55), (16, 55), (17, 55), (35, 57), (13, 58), (34, 61), (12, 62), (33, 65), (11, 66), (32, 69), (10, 70), (29, 73), (30, 73), (31, 73), (32, 73), (9, 74), (10, 74), (25, 74), (26, 74), (27, 74), (28, 74), (11, 75), (21, 75), (22, 75), (23, 75), (24, 75), (12, 76), (17, 76), (18, 76), (19, 76), (20, 76), (13, 77), (14, 77), (15, 77), (16, 77)]
[(29, 73), (30, 73), (31, 73), (32, 73), (25, 74), (26, 74), (27, 74), (28, 74), (33, 74), (21, 75), (22, 75), (23, 75), (24, 75), (34, 75), (17, 76), (18, 76), (19, 76), (20, 76), (35, 76), (13, 77), (14, 77), (15, 77), (16, 77), (34, 79), (12, 80), (33, 83), (11, 84), (32, 87), (10, 88), (31, 91), (9, 92), (28, 95), (29, 95), (30, 95), (31, 95), (8, 96), (9, 96), (24, 96), (25, 96), (26, 96), (27, 96), (10, 97), (20, 97), (21, 97), (22, 97), (23, 97), (11, 98), (16, 98), (17, 98), (18, 98), (19, 98), (12, 99), (13, 99), (14, 99), (15, 99)]
[(51, 72), (52, 72), (53, 72), (54, 72), (47, 73), (48, 73), (49, 73), (50, 73), (55, 73), (43, 74), (44, 74), (45, 74), (46, 74), (56, 74), (39, 75), (40, 75), (41, 75), (42, 75), (57, 75), (35, 76), (36, 76), (37, 76), (38, 76), (56, 78), (34, 79), (55, 82), (33, 83), (54, 86), (32, 87), (53, 90), (31, 91), (50, 94), (51, 94), (52, 94), (53, 94), (30, 95), (31, 95), (46, 95), (47, 95), (48, 95), (49, 95), (32, 96), (42, 96), (43, 96), (44, 96), (45, 96), (33, 97), (38, 97), (39, 97), (40, 97), (41, 97), (34, 98), (35, 98), (36, 98), (37, 98)]
[(50, 94), (51, 94), (52, 94), (53, 94), (46, 95), (47, 95), (48, 95), (49, 95), (54, 95), (42, 96), (43, 96), (44, 96), (45, 96), (55, 96), (38, 97), (39, 97), (40, 97), (41, 97), (56, 97), (34, 98), (35, 98), (36, 98), (37, 98), (55, 100), (33, 101), (54, 104), (32, 105), (53, 108), (31, 109), (52, 112), (30, 113)]
[(72, 93), (73, 93), (74, 93), (75, 93), (68, 94), (69, 94), (70, 94), (71, 94), (76, 94), (64, 95), (65, 95), (66, 95), (67, 95), (77, 95), (60, 96), (61, 96), (62, 96), (63, 96), (78, 96), (56, 97), (57, 97), (58, 97), (59, 97), (77, 99), (55, 100), (76, 103), (54, 104), (75, 107), (53, 108), (74, 111), (52, 112)]
[(93, 114), (94, 114), (95, 114), (96, 114)]
[(7, 74), (8, 74), (9, 74), (10, 74), (3, 75), (4, 75), (5, 75), (6, 75), (11, 75), (0, 76), (1, 76), (2, 76), (12, 76), (13, 77), (12, 80), (11, 84), (10, 88), (9, 92), (6, 96), (7, 96), (8, 96), (9, 96), (2, 97), (3, 97), (4, 97), (5, 97), (0, 98), (1, 98)]
[(6, 96), (7, 96), (8, 96), (9, 96), (2, 97), (3, 97), (4, 97), (5, 97), (10, 97), (0, 98), (1, 98), (11, 98), (12, 99), (11, 102), (10, 106), (9, 110), (8, 114)]
[(28, 95), (29, 95), (30, 95), (31, 95), (24, 96), (25, 96), (26, 96), (27, 96), (32, 96), (20, 97), (21, 97), (22, 97), (23, 97), (33, 97), (16, 98), (17, 98), (18, 98), (19, 98), (34, 98), (12, 99), (13, 99), (14, 99), (15, 99), (33, 101), (11, 102), (32, 105), (10, 106), (31, 109), (9, 110), (30, 113), (8, 114)]
