[(93, 5), (94, 5), (91, 6), (92, 6), (95, 6), (88, 7), (89, 7), (90, 7), (96, 7), (85, 8), (86, 8), (87, 8), (97, 8), (83, 9), (84, 9), (98, 9), (80, 10), (81, 10), (82, 10), (99, 10), (77, 11), (78, 11), (79, 11), (98, 12), (76, 13), (97, 15), (75, 16), (96, 17), (74, 18), (95, 20), (73, 21), (94, 23), (72, 24), (93, 25), (71, 26), (92, 27), (93, 27), (71, 28), (90, 28), (91, 28), (72, 29), (87, 29), (88, 29), (89, 29), (73, 30), (84, 30), (85, 30), (86, 30), (74, 31), (82, 31), (83, 31), (75, 32), (79, 32), (80, 32), (81, 32), (76, 33), (77, 33), (78, 33)]
[(113, 5), (114, 5), (110, 6), (111, 6), (112, 6), (107, 7), (108, 7), (109, 7), (105, 8), (106, 8), (102, 9), (103, 9), (104, 9), (99, 10), (100, 10), (101, 10), (98, 12), (97, 15), (96, 17), (95, 20), (94, 23), (93, 25), (114, 26), (93, 27), (112, 27), (113, 27), (94, 28), (109, 28), (110, 28), (111, 28), (95, 29), (106, 29), (107, 29), (108, 29), (96, 30), (104, 30), (105, 30), (97, 31), (101, 31), (102, 31), (103, 31), (98, 32), (99, 32), (100, 32)]
[(114, 26), (112, 27), (113, 27), (109, 28), (110, 28), (111, 28), (106, 29), (107, 29), (108, 29), (104, 30), (105, 30), (101, 31), (102, 31), (103, 31), (98, 32), (99, 32), (100, 32), (97, 34), (96, 37), (95, 39), (94, 42), (93, 45), (114, 46), (92, 47), (113, 48), (114, 48), (92, 49), (111, 49), (112, 49), (93, 50), (108, 50), (109, 50), (110, 50), (94, 51), (105, 51), (106, 51), (107, 51), (95, 52), (103, 52), (104, 52), (96, 53), (100, 53), (101, 53), (102, 53), (97, 54), (98, 54), (99, 54)]
[(114, 46), (114, 48)]
[(114, 66), (113, 68), (113, 70), (114, 71)]
[(49, 7), (50, 7), (47, 8), (48, 8), (51, 8), (44, 9), (45, 9), (46, 9), (52, 9), (41, 10), (42, 10), (43, 10), (53, 10), (39, 11), (40, 11), (54, 11), (36, 12), (37, 12), (38, 12), (55, 12), (33, 13), (34, 13), (35, 13), (54, 14), (32, 15), (53, 17), (31, 18), (52, 19), (30, 20), (51, 22), (29, 23), (50, 25), (28, 26), (49, 27), (27, 28), (48, 29), (49, 29), (27, 30), (46, 30), (47, 30), (28, 31), (43, 31), (44, 31), (45, 31), (29, 32), (40, 32), (41, 32), (42, 32), (30, 33), (38, 33), (39, 33), (31, 34), (35, 34), (36, 34), (37, 34), (32, 35), (33, 35), (34, 35)]
[(71, 6), (72, 6), (69, 7), (70, 7), (73, 7), (66, 8), (67, 8), (68, 8), (74, 8), (63, 9), (64, 9), (65, 9), (75, 9), (61, 10), (62, 10), (76, 10), (58, 11), (59, 11), (60, 11), (77, 11), (55, 12), (56, 12), (57, 12), (76, 13), (54, 14), (75, 16), (53, 17), (74, 18), (52, 19), (73, 21), (51, 22), (72, 24), (50, 25), (71, 26), (49, 27), (70, 28), (71, 28), (49, 29), (68, 29), (69, 29), (50, 30), (65, 30), (66, 30), (67, 30), (51, 31), (62, 31), (63, 31), (64, 31), (52, 32), (60, 32), (61, 32), (53, 33), (57, 33), (58, 33), (59, 33), (54, 34), (55, 34), (56, 34)]
[(70, 28), (71, 28), (68, 29), (69, 29), (72, 29), (65, 30), (66, 30), (67, 30), (73, 30), (62, 31), (63, 31), (64, 31), (74, 31), (60, 32), (61, 32), (75, 32), (57, 33), (58, 33), (59, 33), (76, 33), (54, 34), (55, 34), (56, 34), (75, 35), (53, 36), (74, 38), (52, 39), (73, 40), (51, 41), (72, 43), (50, 44), (71, 46), (49, 47), (70, 48), (48, 49), (69, 50), (70, 50), (48, 51), (67, 51), (68, 51), (49, 52), (64, 52), (65, 52), (66, 52), (50, 53), (61, 53), (62, 53), (63, 53), (51, 54), (59, 54), (60, 54), (52, 55), (56, 55), (57, 55), (58, 55), (53, 56), (54, 56), (55, 56)]
[(92, 27), (93, 27), (90, 28), (91, 28), (94, 28), (87, 29), (88, 29), (89, 29), (95, 29), (84, 30), (85, 30), (86, 30), (96, 30), (82, 31), (83, 31), (97, 31), (79, 32), (80, 32), (81, 32), (98, 32), (76, 33), (77, 33), (78, 33), (97, 34), (75, 35), (96, 37), (74, 38), (95, 39), (73, 40), (94, 42), (72, 43), (93, 45), (71, 46), (92, 47), (70, 48), (91, 49), (92, 49), (70, 50), (89, 50), (90, 50), (71, 51), (86, 51), (87, 51), (88, 51), (72, 52), (83, 52), (84, 52), (85, 52), (73, 53), (81, 53), (82, 53), (74, 54), (78, 54), (79, 54), (80, 54), (75, 55), (76, 55), (77, 55)]
[(91, 49), (92, 49), (89, 50), (90, 50), (93, 50), (86, 51), (87, 51), (88, 51), (94, 51), (83, 52), (84, 52), (85, 52), (95, 52), (81, 53), (82, 53), (96, 53), (78, 54), (79, 54), (80, 54), (97, 54), (75, 55), (76, 55), (77, 55), (96, 56), (74, 57), (95, 59), (73, 60), (94, 61), (72, 62), (93, 64), (71, 65), (92, 67), (70, 68), (91, 69), (69, 70), (90, 71), (91, 71), (69, 72), (88, 72), (89, 72), (70, 73), (85, 73), (86, 73), (87, 73), (71, 74), (82, 74), (83, 74), (84, 74), (72, 75), (80, 75), (81, 75), (73, 76), (77, 76), (78, 76), (79, 76), (74, 77), (75, 77), (76, 77)]
[(113, 48), (114, 48), (111, 49), (112, 49), (108, 50), (109, 50), (110, 50), (105, 51), (106, 51), (107, 51), (103, 52), (104, 52), (100, 53), (101, 53), (102, 53), (97, 54), (98, 54), (99, 54), (96, 56), (95, 59), (94, 61), (93, 64), (114, 66), (92, 67), (113, 68), (91, 69), (112, 70), (113, 70), (91, 71), (110, 71), (111, 71), (92, 72), (107, 72), (108, 72), (109, 72), (93, 73), (104, 73), (105, 73), (106, 73), (94, 74), (102, 74), (103, 74), (95, 75), (99, 75), (100, 75), (101, 75), (96, 76), (97, 76), (98, 76)]
[(112, 70), (113, 70), (110, 71), (111, 71), (114, 71), (107, 72), (108, 72), (109, 72), (104, 73), (105, 73), (106, 73), (102, 74), (103, 74), (99, 75), (100, 75), (101, 75), (96, 76), (97, 76), (98, 76), (95, 78), (94, 81), (93, 83), (114, 85), (92, 86), (113, 88), (91, 89), (112, 90), (90, 91), (111, 92), (112, 92), (90, 93), (109, 93), (110, 93), (91, 94), (106, 94), (107, 94), (108, 94), (92, 95), (103, 95), (104, 95), (105, 95), (93, 96), (101, 96), (102, 96), (94, 97), (98, 97), (99, 97), (100, 97), (95, 98), (96, 98), (97, 98)]
[(114, 85), (113, 88), (112, 90), (112, 92), (113, 93), (114, 94)]
[(26, 30), (27, 30), (24, 31), (25, 31), (28, 31), (21, 32), (22, 32), (23, 32), (29, 32), (18, 33), (19, 33), (20, 33), (30, 33), (16, 34), (17, 34), (31, 34), (13, 35), (14, 35), (15, 35), (32, 35), (10, 36), (11, 36), (12, 36), (31, 37), (9, 38), (30, 40), (8, 41), (29, 42), (7, 43), (28, 45), (6, 46), (27, 48), (5, 49), (26, 50), (4, 51), (25, 52), (26, 52), (4, 53), (23, 53), (24, 53), (5, 54), (20, 54), (21, 54), (22, 54), (6, 55), (17, 55), (18, 55), (19, 55), (7, 56), (15, 56), (16, 56), (8, 57), (12, 57), (13, 57), (14, 57), (9, 58), (10, 58), (11, 58)]
[(48, 29), (49, 29), (46, 30), (47, 30), (50, 30), (43, 31), (44, 31), (45, 31), (51, 31), (40, 32), (41, 32), (42, 32), (52, 32), (38, 33), (39, 33), (53, 33), (35, 34), (36, 34), (37, 34), (54, 34), (32, 35), (33, 35), (34, 35), (53, 36), (31, 37), (52, 39), (30, 40), (51, 41), (29, 42), (50, 44), (28, 45), (49, 47), (27, 48), (48, 49), (26, 50), (47, 51), (48, 51), (26, 52), (45, 52), (46, 52), (27, 53), (42, 53), (43, 53), (44, 53), (28, 54), (39, 54), (40, 54), (41, 54), (29, 55), (37, 55), (38, 55), (30, 56), (34, 56), (35, 56), (36, 56), (31, 57), (32, 57), (33, 57)]
[(47, 51), (48, 51), (45, 52), (46, 52), (49, 52), (42, 53), (43, 53), (44, 53), (50, 53), (39, 54), (40, 54), (41, 54), (51, 54), (37, 55), (38, 55), (52, 55), (34, 56), (35, 56), (36, 56), (53, 56), (31, 57), (32, 57), (33, 57), (52, 58), (30, 59), (51, 61), (29, 62), (50, 63), (28, 64), (49, 66), (27, 67), (48, 69), (26, 70), (47, 71), (25, 72), (46, 73), (47, 73), (25, 74), (44, 74), (45, 74), (26, 75), (41, 75), (42, 75), (43, 75), (27, 76), (38, 76), (39, 76), (40, 76), (28, 77), (36, 77), (37, 77), (29, 78), (33, 78), (34, 78), (35, 78), (30, 79), (31, 79), (32, 79)]
[(69, 50), (70, 50), (67, 51), (68, 51), (71, 51), (64, 52), (65, 52), (66, 52), (72, 52), (61, 53), (62, 53), (63, 53), (73, 53), (59, 54), (60, 54), (74, 54), (56, 55), (57, 55), (58, 55), (75, 55), (53, 56), (54, 56), (55, 56), (74, 57), (52, 58), (73, 60), (51, 61), (72, 62), (50, 63), (71, 65), (49, 66), (70, 68), (48, 69), (69, 70), (47, 71), (68, 72), (69, 72), (47, 73), (66, 73), (67, 73), (48, 74), (63, 74), (64, 74), (65, 74), (49, 75), (60, 75), (61, 75), (62, 75), (50, 76), (58, 76), (59, 76), (51, 77), (55, 77), (56, 77), (57, 77), (52, 78), (53, 78), (54, 78)]
[(68, 72), (69, 72), (66, 73), (67, 73), (70, 73), (63, 74), (64, 74), (65, 74), (71, 74), (60, 75), (61, 75), (62, 75), (72, 75), (58, 76), (59, 76), (73, 76), (55, 77), (56, 77), (57, 77), (74, 77), (52, 78), (53, 78), (54, 78), (73, 79), (51, 80), (72, 82), (50, 83), (71, 84), (49, 85), (70, 87), (48, 88), (69, 90), (47, 91), (68, 92), (46, 93), (67, 94), (68, 94), (46, 95), (65, 95), (66, 95), (47, 96), (62, 96), (63, 96), (64, 96), (48, 97), (59, 97), (60, 97), (61, 97), (49, 98), (57, 98), (58, 98), (50, 99), (54, 99), (55, 99), (56, 99), (51, 100), (52, 100), (53, 100)]
[(90, 71), (91, 71), (88, 72), (89, 72), (92, 72), (85, 73), (86, 73), (87, 73), (93, 73), (82, 74), (83, 74), (84, 74), (94, 74), (80, 75), (81, 75), (95, 75), (77, 76), (78, 76), (79, 76), (96, 76), (74, 77), (75, 77), (76, 77), (95, 78), (73, 79), (94, 81), (72, 82), (93, 83), (71, 84), (92, 86), (70, 87), (91, 89), (69, 90), (90, 91), (68, 92), (89, 93), (90, 93), (68, 94), (87, 94), (88, 94), (69, 95), (84, 95), (85, 95), (86, 95), (70, 96), (81, 96), (82, 96), (83, 96), (71, 97), (79, 97), (80, 97), (72, 98), (76, 98), (77, 98), (78, 98), (73, 99), (74, 99), (75, 99)]
[(89, 93), (90, 93), (87, 94), (88, 94), (91, 94), (84, 95), (85, 95), (86, 95), (92, 95), (81, 96), (82, 96), (83, 96), (93, 96), (79, 97), (80, 97), (94, 97), (76, 98), (77, 98), (78, 98), (95, 98), (73, 99), (74, 99), (75, 99), (94, 100), (72, 101), (93, 103), (71, 104), (92, 105), (70, 106), (91, 108), (69, 109), (90, 111), (68, 112), (89, 113), (67, 114)]
[(111, 92), (112, 92), (109, 93), (110, 93), (113, 93), (106, 94), (107, 94), (108, 94), (114, 94), (103, 95), (104, 95), (105, 95), (101, 96), (102, 96), (98, 97), (99, 97), (100, 97), (95, 98), (96, 98), (97, 98), (94, 100), (93, 103), (114, 104), (92, 105), (113, 107), (91, 108), (112, 110), (90, 111), (111, 112), (89, 113), (110, 114), (111, 114)]
[(25, 52), (26, 52), (23, 53), (24, 53), (27, 53), (20, 54), (21, 54), (22, 54), (28, 54), (17, 55), (18, 55), (19, 55), (29, 55), (15, 56), (16, 56), (30, 56), (12, 57), (13, 57), (14, 57), (31, 57), (9, 58), (10, 58), (11, 58), (30, 59), (8, 60), (29, 62), (7, 63), (28, 64), (6, 65), (27, 67), (5, 68), (26, 70), (4, 71), (25, 72), (3, 73), (24, 74), (25, 74), (3, 75), (22, 75), (23, 75), (4, 76), (19, 76), (20, 76), (21, 76), (5, 77), (16, 77), (17, 77), (18, 77), (6, 78), (14, 78), (15, 78), (7, 79), (11, 79), (12, 79), (13, 79), (8, 80), (9, 80), (10, 80)]
[(24, 74), (25, 74), (22, 75), (23, 75), (26, 75), (19, 76), (20, 76), (21, 76), (27, 76), (16, 77), (17, 77), (18, 77), (28, 77), (14, 78), (15, 78), (29, 78), (11, 79), (12, 79), (13, 79), (30, 79), (8, 80), (9, 80), (10, 80), (29, 81), (7, 82), (28, 84), (6, 85), (27, 86), (5, 87), (26, 89), (4, 90), (25, 92), (3, 93), (24, 94), (2, 95), (23, 96), (24, 96), (2, 97), (21, 97), (22, 97), (3, 98), (18, 98), (19, 98), (20, 98), (4, 99), (15, 99), (16, 99), (17, 99), (5, 100), (13, 100), (14, 100), (6, 101), (10, 101), (11, 101), (12, 101), (7, 102), (8, 102), (9, 102)]
[(46, 73), (47, 73), (44, 74), (45, 74), (48, 74), (41, 75), (42, 75), (43, 75), (49, 75), (38, 76), (39, 76), (40, 76), (50, 76), (36, 77), (37, 77), (51, 77), (33, 78), (34, 78), (35, 78), (52, 78), (30, 79), (31, 79), (32, 79), (51, 80), (29, 81), (50, 83), (28, 84), (49, 85), (27, 86), (48, 88), (26, 89), (47, 91), (25, 92), (46, 93), (24, 94), (45, 95), (46, 95), (24, 96), (43, 96), (44, 96), (25, 97), (40, 97), (41, 97), (42, 97), (26, 98), (37, 98), (38, 98), (39, 98), (27, 99), (35, 99), (36, 99), (28, 100), (32, 100), (33, 100), (34, 100), (29, 101), (30, 101), (31, 101)]
[(45, 95), (46, 95), (43, 96), (44, 96), (47, 96), (40, 97), (41, 97), (42, 97), (48, 97), (37, 98), (38, 98), (39, 98), (49, 98), (35, 99), (36, 99), (50, 99), (32, 100), (33, 100), (34, 100), (51, 100), (29, 101), (30, 101), (31, 101), (50, 102), (28, 103), (49, 105), (27, 106), (48, 107), (26, 108), (47, 110), (25, 111), (46, 113), (24, 114)]
[(67, 94), (68, 94), (65, 95), (66, 95), (69, 95), (62, 96), (63, 96), (64, 96), (70, 96), (59, 97), (60, 97), (61, 97), (71, 97), (57, 98), (58, 98), (72, 98), (54, 99), (55, 99), (56, 99), (73, 99), (51, 100), (52, 100), (53, 100), (72, 101), (50, 102), (71, 104), (49, 105), (70, 106), (48, 107), (69, 109), (47, 110), (68, 112), (46, 113), (67, 114)]
[(23, 96), (24, 96), (21, 97), (22, 97), (25, 97), (18, 98), (19, 98), (20, 98), (26, 98), (15, 99), (16, 99), (17, 99), (27, 99), (13, 100), (14, 100), (28, 100), (10, 101), (11, 101), (12, 101), (29, 101), (7, 102), (8, 102), (9, 102), (28, 103), (6, 104), (27, 106), (5, 107), (26, 108), (4, 109), (25, 111), (3, 112), (24, 114)]
