[(109, 29), (110, 29), (111, 29), (107, 30), (108, 30), (112, 30), (104, 31), (105, 31), (106, 31), (113, 31), (101, 32), (102, 32), (103, 32), (114, 32), (99, 33), (100, 33), (96, 34), (97, 34), (98, 34), (93, 35), (94, 35), (95, 35), (92, 37), (91, 40), (90, 43), (114, 43), (89, 45), (113, 45), (88, 48), (112, 48), (87, 51), (111, 51), (86, 53), (87, 53), (109, 53), (110, 53), (111, 53), (88, 54), (107, 54), (108, 54), (89, 55), (104, 55), (105, 55), (106, 55), (90, 56), (101, 56), (102, 56), (103, 56), (91, 57), (99, 57), (100, 57), (92, 58), (96, 58), (97, 58), (98, 58), (93, 59), (94, 59), (95, 59)]
[(114, 43), (113, 45), (112, 48), (111, 51), (110, 53), (111, 53), (112, 54), (113, 55), (114, 56)]
[(114, 67), (113, 69), (112, 72), (111, 75), (110, 77), (111, 77), (112, 78), (113, 79), (114, 80)]
[(61, 29), (62, 29), (63, 29), (59, 30), (60, 30), (64, 30), (56, 31), (57, 31), (58, 31), (65, 31), (53, 32), (54, 32), (55, 32), (66, 32), (51, 33), (52, 33), (67, 33), (48, 34), (49, 34), (50, 34), (68, 34), (45, 35), (46, 35), (47, 35), (69, 35), (44, 37), (68, 37), (43, 40), (67, 40), (42, 43), (66, 43), (41, 45), (65, 45), (40, 48), (64, 48), (39, 51), (63, 51), (38, 53), (39, 53), (61, 53), (62, 53), (63, 53), (40, 54), (59, 54), (60, 54), (41, 55), (56, 55), (57, 55), (58, 55), (42, 56), (53, 56), (54, 56), (55, 56), (43, 57), (51, 57), (52, 57), (44, 58), (48, 58), (49, 58), (50, 58), (45, 59), (46, 59), (47, 59)]
[(85, 29), (86, 29), (87, 29), (83, 30), (84, 30), (88, 30), (80, 31), (81, 31), (82, 31), (89, 31), (77, 32), (78, 32), (79, 32), (90, 32), (75, 33), (76, 33), (91, 33), (72, 34), (73, 34), (74, 34), (92, 34), (69, 35), (70, 35), (71, 35), (93, 35), (68, 37), (92, 37), (67, 40), (91, 40), (66, 43), (90, 43), (65, 45), (89, 45), (64, 48), (88, 48), (63, 51), (87, 51), (62, 53), (63, 53), (85, 53), (86, 53), (87, 53), (64, 54), (83, 54), (84, 54), (65, 55), (80, 55), (81, 55), (82, 55), (66, 56), (77, 56), (78, 56), (79, 56), (67, 57), (75, 57), (76, 57), (68, 58), (72, 58), (73, 58), (74, 58), (69, 59), (70, 59), (71, 59)]
[(85, 53), (86, 53), (87, 53), (83, 54), (84, 54), (88, 54), (80, 55), (81, 55), (82, 55), (89, 55), (77, 56), (78, 56), (79, 56), (90, 56), (75, 57), (76, 57), (91, 57), (72, 58), (73, 58), (74, 58), (92, 58), (69, 59), (70, 59), (71, 59), (93, 59), (68, 61), (92, 61), (67, 64), (91, 64), (66, 67), (90, 67), (65, 69), (89, 69), (64, 72), (88, 72), (63, 75), (87, 75), (62, 77), (63, 77), (85, 77), (86, 77), (87, 77), (64, 78), (83, 78), (84, 78), (65, 79), (80, 79), (81, 79), (82, 79), (66, 80), (77, 80), (78, 80), (79, 80), (67, 81), (75, 81), (76, 81), (68, 82), (72, 82), (73, 82), (74, 82), (69, 83), (70, 83), (71, 83)]
[(109, 53), (110, 53), (111, 53), (107, 54), (108, 54), (112, 54), (104, 55), (105, 55), (106, 55), (113, 55), (101, 56), (102, 56), (103, 56), (114, 56), (99, 57), (100, 57), (96, 58), (97, 58), (98, 58), (93, 59), (94, 59), (95, 59), (92, 61), (91, 64), (90, 67), (114, 67), (89, 69), (113, 69), (88, 72), (112, 72), (87, 75), (111, 75), (86, 77), (87, 77), (109, 77), (110, 77), (111, 77), (88, 78), (107, 78), (108, 78), (89, 79), (104, 79), (105, 79), (106, 79), (90, 80), (101, 80), (102, 80), (103, 80), (91, 81), (99, 81), (100, 81), (92, 82), (96, 82), (97, 82), (98, 82), (93, 83), (94, 83), (95, 83)]
[(109, 77), (110, 77), (111, 77), (107, 78), (108, 78), (112, 78), (104, 79), (105, 79), (106, 79), (113, 79), (101, 80), (102, 80), (103, 80), (114, 80), (99, 81), (100, 81), (96, 82), (97, 82), (98, 82), (93, 83), (94, 83), (95, 83), (92, 85), (91, 88), (90, 91), (114, 91), (89, 93), (113, 93), (88, 96), (112, 96), (87, 99), (111, 99), (86, 101), (87, 101), (109, 101), (110, 101), (111, 101), (88, 102), (107, 102), (108, 102), (89, 103), (104, 103), (105, 103), (106, 103), (90, 104), (101, 104), (102, 104), (103, 104), (91, 105), (99, 105), (100, 105), (92, 106), (96, 106), (97, 106), (98, 106), (93, 107), (94, 107), (95, 107)]
[(114, 91), (113, 93), (112, 96), (111, 99), (110, 101), (111, 101), (112, 102), (113, 103), (114, 104)]
[(37, 53), (38, 53), (39, 53), (35, 54), (36, 54), (40, 54), (32, 55), (33, 55), (34, 55), (41, 55), (29, 56), (30, 56), (31, 56), (42, 56), (27, 57), (28, 57), (43, 57), (24, 58), (25, 58), (26, 58), (44, 58), (21, 59), (22, 59), (23, 59), (45, 59), (20, 61), (44, 61), (19, 64), (43, 64), (18, 67), (42, 67), (17, 69), (41, 69), (16, 72), (40, 72), (15, 75), (39, 75), (14, 77), (15, 77), (37, 77), (38, 77), (39, 77), (16, 78), (35, 78), (36, 78), (17, 79), (32, 79), (33, 79), (34, 79), (18, 80), (29, 80), (30, 80), (31, 80), (19, 81), (27, 81), (28, 81), (20, 82), (24, 82), (25, 82), (26, 82), (21, 83), (22, 83), (23, 83)]
[(61, 53), (62, 53), (63, 53), (59, 54), (60, 54), (64, 54), (56, 55), (57, 55), (58, 55), (65, 55), (53, 56), (54, 56), (55, 56), (66, 56), (51, 57), (52, 57), (67, 57), (48, 58), (49, 58), (50, 58), (68, 58), (45, 59), (46, 59), (47, 59), (69, 59), (44, 61), (68, 61), (43, 64), (67, 64), (42, 67), (66, 67), (41, 69), (65, 69), (40, 72), (64, 72), (39, 75), (63, 75), (38, 77), (39, 77), (61, 77), (62, 77), (63, 77), (40, 78), (59, 78), (60, 78), (41, 79), (56, 79), (57, 79), (58, 79), (42, 80), (53, 80), (54, 80), (55, 80), (43, 81), (51, 81), (52, 81), (44, 82), (48, 82), (49, 82), (50, 82), (45, 83), (46, 83), (47, 83)]
[(61, 77), (62, 77), (63, 77), (59, 78), (60, 78), (64, 78), (56, 79), (57, 79), (58, 79), (65, 79), (53, 80), (54, 80), (55, 80), (66, 80), (51, 81), (52, 81), (67, 81), (48, 82), (49, 82), (50, 82), (68, 82), (45, 83), (46, 83), (47, 83), (69, 83), (44, 85), (68, 85), (43, 88), (67, 88), (42, 91), (66, 91), (41, 93), (65, 93), (40, 96), (64, 96), (39, 99), (63, 99), (38, 101), (39, 101), (61, 101), (62, 101), (63, 101), (40, 102), (59, 102), (60, 102), (41, 103), (56, 103), (57, 103), (58, 103), (42, 104), (53, 104), (54, 104), (55, 104), (43, 105), (51, 105), (52, 105), (44, 106), (48, 106), (49, 106), (50, 106), (45, 107), (46, 107), (47, 107)]
[(85, 77), (86, 77), (87, 77), (83, 78), (84, 78), (88, 78), (80, 79), (81, 79), (82, 79), (89, 79), (77, 80), (78, 80), (79, 80), (90, 80), (75, 81), (76, 81), (91, 81), (72, 82), (73, 82), (74, 82), (92, 82), (69, 83), (70, 83), (71, 83), (93, 83), (68, 85), (92, 85), (67, 88), (91, 88), (66, 91), (90, 91), (65, 93), (89, 93), (64, 96), (88, 96), (63, 99), (87, 99), (62, 101), (63, 101), (85, 101), (86, 101), (87, 101), (64, 102), (83, 102), (84, 102), (65, 103), (80, 103), (81, 103), (82, 103), (66, 104), (77, 104), (78, 104), (79, 104), (67, 105), (75, 105), (76, 105), (68, 106), (72, 106), (73, 106), (74, 106), (69, 107), (70, 107), (71, 107)]
[(85, 101), (86, 101), (87, 101), (83, 102), (84, 102), (88, 102), (80, 103), (81, 103), (82, 103), (89, 103), (77, 104), (78, 104), (79, 104), (90, 104), (75, 105), (76, 105), (91, 105), (72, 106), (73, 106), (74, 106), (92, 106), (69, 107), (70, 107), (71, 107), (93, 107), (68, 109), (92, 109), (67, 112), (91, 112)]
[(109, 101), (110, 101), (111, 101), (107, 102), (108, 102), (112, 102), (104, 103), (105, 103), (106, 103), (113, 103), (101, 104), (102, 104), (103, 104), (114, 104), (99, 105), (100, 105), (96, 106), (97, 106), (98, 106), (93, 107), (94, 107), (95, 107), (92, 109), (91, 112)]
[(37, 77), (38, 77), (39, 77), (35, 78), (36, 78), (40, 78), (32, 79), (33, 79), (34, 79), (41, 79), (29, 80), (30, 80), (31, 80), (42, 80), (27, 81), (28, 81), (43, 81), (24, 82), (25, 82), (26, 82), (44, 82), (21, 83), (22, 83), (23, 83), (45, 83), (20, 85), (44, 85), (19, 88), (43, 88), (18, 91), (42, 91), (17, 93), (41, 93), (16, 96), (40, 96), (15, 99), (39, 99), (14, 101), (15, 101), (37, 101), (38, 101), (39, 101), (16, 102), (35, 102), (36, 102), (17, 103), (32, 103), (33, 103), (34, 103), (18, 104), (29, 104), (30, 104), (31, 104), (19, 105), (27, 105), (28, 105), (20, 106), (24, 106), (25, 106), (26, 106), (21, 107), (22, 107), (23, 107)]
[(37, 101), (38, 101), (39, 101), (35, 102), (36, 102), (40, 102), (32, 103), (33, 103), (34, 103), (41, 103), (29, 104), (30, 104), (31, 104), (42, 104), (27, 105), (28, 105), (43, 105), (24, 106), (25, 106), (26, 106), (44, 106), (21, 107), (22, 107), (23, 107), (45, 107), (20, 109), (44, 109), (19, 112), (43, 112)]
[(61, 101), (62, 101), (63, 101), (59, 102), (60, 102), (64, 102), (56, 103), (57, 103), (58, 103), (65, 103), (53, 104), (54, 104), (55, 104), (66, 104), (51, 105), (52, 105), (67, 105), (48, 106), (49, 106), (50, 106), (68, 106), (45, 107), (46, 107), (47, 107), (69, 107), (44, 109), (68, 109), (43, 112), (67, 112)]
