[(112, 16), (113, 16), (114, 16), (108, 17), (109, 17), (110, 17), (111, 17), (104, 18), (105, 18), (106, 18), (107, 18), (100, 19), (101, 19), (102, 19), (103, 19), (99, 22), (98, 26), (97, 30), (96, 33), (95, 37), (96, 37), (97, 38), (112, 38), (113, 38), (114, 38), (98, 39), (108, 39), (109, 39), (110, 39), (111, 39), (99, 40), (104, 40), (105, 40), (106, 40), (107, 40), (100, 41), (101, 41), (102, 41), (103, 41)]
[(71, 15), (72, 15), (73, 15), (74, 15), (68, 16), (69, 16), (70, 16), (75, 16), (64, 17), (65, 17), (66, 17), (67, 17), (76, 17), (60, 18), (61, 18), (62, 18), (63, 18), (77, 18), (56, 19), (57, 19), (58, 19), (59, 19), (78, 19), (55, 22), (77, 22), (54, 26), (76, 26), (53, 30), (75, 30), (52, 33), (74, 33), (51, 37), (52, 37), (71, 37), (72, 37), (73, 37), (74, 37), (53, 38), (68, 38), (69, 38), (70, 38), (54, 39), (64, 39), (65, 39), (66, 39), (67, 39), (55, 40), (60, 40), (61, 40), (62, 40), (63, 40), (56, 41), (57, 41), (58, 41), (59, 41)]
[(93, 15), (94, 15), (95, 15), (96, 15), (90, 16), (91, 16), (92, 16), (97, 16), (86, 17), (87, 17), (88, 17), (89, 17), (98, 17), (82, 18), (83, 18), (84, 18), (85, 18), (99, 18), (78, 19), (79, 19), (80, 19), (81, 19), (100, 19), (77, 22), (99, 22), (76, 26), (98, 26), (75, 30), (97, 30), (74, 33), (96, 33), (73, 37), (74, 37), (93, 37), (94, 37), (95, 37), (96, 37), (75, 38), (90, 38), (91, 38), (92, 38), (76, 39), (86, 39), (87, 39), (88, 39), (89, 39), (77, 40), (82, 40), (83, 40), (84, 40), (85, 40), (78, 41), (79, 41), (80, 41), (81, 41)]
[(93, 37), (94, 37), (95, 37), (96, 37), (90, 38), (91, 38), (92, 38), (97, 38), (86, 39), (87, 39), (88, 39), (89, 39), (98, 39), (82, 40), (83, 40), (84, 40), (85, 40), (99, 40), (78, 41), (79, 41), (80, 41), (81, 41), (100, 41), (77, 44), (99, 44), (76, 48), (98, 48), (75, 52), (97, 52), (74, 55), (96, 55), (73, 59), (74, 59), (93, 59), (94, 59), (95, 59), (96, 59), (75, 60), (90, 60), (91, 60), (92, 60), (76, 61), (86, 61), (87, 61), (88, 61), (89, 61), (77, 62), (82, 62), (83, 62), (84, 62), (85, 62), (78, 63), (79, 63), (80, 63), (81, 63)]
[(112, 38), (113, 38), (114, 38), (108, 39), (109, 39), (110, 39), (111, 39), (104, 40), (105, 40), (106, 40), (107, 40), (100, 41), (101, 41), (102, 41), (103, 41), (99, 44), (98, 48), (97, 52), (96, 55), (95, 59), (96, 59), (97, 60), (112, 60), (113, 60), (114, 60), (98, 61), (108, 61), (109, 61), (110, 61), (111, 61), (99, 62), (104, 62), (105, 62), (106, 62), (107, 62), (100, 63), (101, 63), (102, 63), (103, 63)]
[(112, 60), (113, 60), (114, 60), (108, 61), (109, 61), (110, 61), (111, 61), (104, 62), (105, 62), (106, 62), (107, 62), (100, 63), (101, 63), (102, 63), (103, 63), (99, 66), (98, 70), (97, 74), (96, 77), (95, 81), (96, 81), (97, 82), (112, 82), (113, 82), (114, 82), (98, 83), (108, 83), (109, 83), (110, 83), (111, 83), (99, 84), (104, 84), (105, 84), (106, 84), (107, 84), (100, 85), (101, 85), (102, 85), (103, 85)]
[(49, 37), (50, 37), (51, 37), (52, 37), (46, 38), (47, 38), (48, 38), (53, 38), (42, 39), (43, 39), (44, 39), (45, 39), (54, 39), (38, 40), (39, 40), (40, 40), (41, 40), (55, 40), (34, 41), (35, 41), (36, 41), (37, 41), (56, 41), (33, 44), (55, 44), (32, 48), (54, 48), (31, 52), (53, 52), (30, 55), (52, 55), (29, 59), (30, 59), (49, 59), (50, 59), (51, 59), (52, 59), (31, 60), (46, 60), (47, 60), (48, 60), (32, 61), (42, 61), (43, 61), (44, 61), (45, 61), (33, 62), (38, 62), (39, 62), (40, 62), (41, 62), (34, 63), (35, 63), (36, 63), (37, 63)]
[(71, 37), (72, 37), (73, 37), (74, 37), (68, 38), (69, 38), (70, 38), (75, 38), (64, 39), (65, 39), (66, 39), (67, 39), (76, 39), (60, 40), (61, 40), (62, 40), (63, 40), (77, 40), (56, 41), (57, 41), (58, 41), (59, 41), (78, 41), (55, 44), (77, 44), (54, 48), (76, 48), (53, 52), (75, 52), (52, 55), (74, 55), (51, 59), (52, 59), (71, 59), (72, 59), (73, 59), (74, 59), (53, 60), (68, 60), (69, 60), (70, 60), (54, 61), (64, 61), (65, 61), (66, 61), (67, 61), (55, 62), (60, 62), (61, 62), (62, 62), (63, 62), (56, 63), (57, 63), (58, 63), (59, 63)]
[(71, 59), (72, 59), (73, 59), (74, 59), (68, 60), (69, 60), (70, 60), (75, 60), (64, 61), (65, 61), (66, 61), (67, 61), (76, 61), (60, 62), (61, 62), (62, 62), (63, 62), (77, 62), (56, 63), (57, 63), (58, 63), (59, 63), (78, 63), (55, 66), (77, 66), (54, 70), (76, 70), (53, 74), (75, 74), (52, 77), (74, 77), (51, 81), (52, 81), (71, 81), (72, 81), (73, 81), (74, 81), (53, 82), (68, 82), (69, 82), (70, 82), (54, 83), (64, 83), (65, 83), (66, 83), (67, 83), (55, 84), (60, 84), (61, 84), (62, 84), (63, 84), (56, 85), (57, 85), (58, 85), (59, 85)]
[(93, 59), (94, 59), (95, 59), (96, 59), (90, 60), (91, 60), (92, 60), (97, 60), (86, 61), (87, 61), (88, 61), (89, 61), (98, 61), (82, 62), (83, 62), (84, 62), (85, 62), (99, 62), (78, 63), (79, 63), (80, 63), (81, 63), (100, 63), (77, 66), (99, 66), (76, 70), (98, 70), (75, 74), (97, 74), (74, 77), (96, 77), (73, 81), (74, 81), (93, 81), (94, 81), (95, 81), (96, 81), (75, 82), (90, 82), (91, 82), (92, 82), (76, 83), (86, 83), (87, 83), (88, 83), (89, 83), (77, 84), (82, 84), (83, 84), (84, 84), (85, 84), (78, 85), (79, 85), (80, 85), (81, 85)]
[(93, 81), (94, 81), (95, 81), (96, 81), (90, 82), (91, 82), (92, 82), (97, 82), (86, 83), (87, 83), (88, 83), (89, 83), (98, 83), (82, 84), (83, 84), (84, 84), (85, 84), (99, 84), (78, 85), (79, 85), (80, 85), (81, 85), (100, 85), (77, 88), (99, 88), (76, 92), (98, 92), (75, 96), (97, 96), (74, 99), (96, 99), (73, 103), (74, 103), (93, 103), (94, 103), (95, 103), (96, 103), (75, 104), (90, 104), (91, 104), (92, 104), (76, 105), (86, 105), (87, 105), (88, 105), (89, 105), (77, 106), (82, 106), (83, 106), (84, 106), (85, 106), (78, 107), (79, 107), (80, 107), (81, 107)]
[(112, 82), (113, 82), (114, 82), (108, 83), (109, 83), (110, 83), (111, 83), (104, 84), (105, 84), (106, 84), (107, 84), (100, 85), (101, 85), (102, 85), (103, 85), (99, 88), (98, 92), (97, 96), (96, 99), (95, 103), (96, 103), (97, 104), (112, 104), (113, 104), (114, 104), (98, 105), (108, 105), (109, 105), (110, 105), (111, 105), (99, 106), (104, 106), (105, 106), (106, 106), (107, 106), (100, 107), (101, 107), (102, 107), (103, 107)]
[(49, 59), (50, 59), (51, 59), (52, 59), (46, 60), (47, 60), (48, 60), (53, 60), (42, 61), (43, 61), (44, 61), (45, 61), (54, 61), (38, 62), (39, 62), (40, 62), (41, 62), (55, 62), (34, 63), (35, 63), (36, 63), (37, 63), (56, 63), (33, 66), (55, 66), (32, 70), (54, 70), (31, 74), (53, 74), (30, 77), (52, 77), (29, 81), (30, 81), (49, 81), (50, 81), (51, 81), (52, 81), (31, 82), (46, 82), (47, 82), (48, 82), (32, 83), (42, 83), (43, 83), (44, 83), (45, 83), (33, 84), (38, 84), (39, 84), (40, 84), (41, 84), (34, 85), (35, 85), (36, 85), (37, 85)]
[(49, 81), (50, 81), (51, 81), (52, 81), (46, 82), (47, 82), (48, 82), (53, 82), (42, 83), (43, 83), (44, 83), (45, 83), (54, 83), (38, 84), (39, 84), (40, 84), (41, 84), (55, 84), (34, 85), (35, 85), (36, 85), (37, 85), (56, 85), (33, 88), (55, 88), (32, 92), (54, 92), (31, 96), (53, 96), (30, 99), (52, 99), (29, 103), (30, 103), (49, 103), (50, 103), (51, 103), (52, 103), (31, 104), (46, 104), (47, 104), (48, 104), (32, 105), (42, 105), (43, 105), (44, 105), (45, 105), (33, 106), (38, 106), (39, 106), (40, 106), (41, 106), (34, 107), (35, 107), (36, 107), (37, 107)]
[(71, 81), (72, 81), (73, 81), (74, 81), (68, 82), (69, 82), (70, 82), (75, 82), (64, 83), (65, 83), (66, 83), (67, 83), (76, 83), (60, 84), (61, 84), (62, 84), (63, 84), (77, 84), (56, 85), (57, 85), (58, 85), (59, 85), (78, 85), (55, 88), (77, 88), (54, 92), (76, 92), (53, 96), (75, 96), (52, 99), (74, 99), (51, 103), (52, 103), (71, 103), (72, 103), (73, 103), (74, 103), (53, 104), (68, 104), (69, 104), (70, 104), (54, 105), (64, 105), (65, 105), (66, 105), (67, 105), (55, 106), (60, 106), (61, 106), (62, 106), (63, 106), (56, 107), (57, 107), (58, 107), (59, 107)]
[(71, 103), (72, 103), (73, 103), (74, 103), (68, 104), (69, 104), (70, 104), (75, 104), (64, 105), (65, 105), (66, 105), (67, 105), (76, 105), (60, 106), (61, 106), (62, 106), (63, 106), (77, 106), (56, 107), (57, 107), (58, 107), (59, 107), (78, 107), (55, 110), (77, 110), (54, 114), (76, 114)]
[(93, 103), (94, 103), (95, 103), (96, 103), (90, 104), (91, 104), (92, 104), (97, 104), (86, 105), (87, 105), (88, 105), (89, 105), (98, 105), (82, 106), (83, 106), (84, 106), (85, 106), (99, 106), (78, 107), (79, 107), (80, 107), (81, 107), (100, 107), (77, 110), (99, 110), (76, 114), (98, 114)]
[(49, 103), (50, 103), (51, 103), (52, 103), (46, 104), (47, 104), (48, 104), (53, 104), (42, 105), (43, 105), (44, 105), (45, 105), (54, 105), (38, 106), (39, 106), (40, 106), (41, 106), (55, 106), (34, 107), (35, 107), (36, 107), (37, 107), (56, 107), (33, 110), (55, 110), (32, 114), (54, 114)]
