[(114, 24), (112, 25), (113, 25), (110, 26), (111, 26), (108, 27), (109, 27), (106, 28), (107, 28), (104, 29), (105, 29), (102, 30), (103, 30), (99, 31), (100, 31), (101, 31), (98, 33), (97, 35), (96, 37), (95, 39), (94, 41), (93, 43), (114, 44), (92, 45), (113, 46), (114, 46), (91, 47), (111, 47), (112, 47), (109, 48), (110, 48), (90, 49), (107, 49), (108, 49), (105, 50), (106, 50), (89, 51), (103, 51), (104, 51), (101, 52), (102, 52), (88, 53), (89, 53), (99, 53), (100, 53), (90, 54), (97, 54), (98, 54), (91, 55), (95, 55), (96, 55), (92, 56), (93, 56), (94, 56)]
[(114, 44), (113, 46), (114, 46)]
[(114, 55), (113, 57), (112, 59), (111, 61), (110, 63), (109, 65), (108, 67), (107, 69), (106, 71), (107, 71), (108, 72), (109, 73), (113, 73), (114, 73), (110, 74), (111, 74), (112, 74)]
[(70, 35), (71, 35), (68, 36), (69, 36), (72, 36), (66, 37), (67, 37), (73, 37), (64, 38), (65, 38), (74, 38), (62, 39), (63, 39), (60, 40), (61, 40), (73, 40), (58, 41), (59, 41), (56, 42), (57, 42), (72, 42), (54, 43), (55, 43), (52, 44), (53, 44), (71, 44), (49, 45), (50, 45), (51, 45), (70, 46), (48, 47), (69, 48), (47, 49), (68, 50), (46, 51), (67, 52), (45, 53), (66, 54), (44, 55), (65, 56), (43, 57), (64, 58), (42, 59), (63, 60), (64, 60), (41, 61), (61, 61), (62, 61), (59, 62), (60, 62), (40, 63), (57, 63), (58, 63), (55, 64), (56, 64), (39, 65), (53, 65), (54, 65), (51, 66), (52, 66), (38, 67), (39, 67), (49, 67), (50, 67), (40, 68), (47, 68), (48, 68), (41, 69), (45, 69), (46, 69), (42, 70), (43, 70), (44, 70)]
[(95, 28), (96, 28), (93, 29), (94, 29), (97, 29), (91, 30), (92, 30), (98, 30), (89, 31), (90, 31), (99, 31), (87, 32), (88, 32), (85, 33), (86, 33), (98, 33), (83, 34), (84, 34), (81, 35), (82, 35), (97, 35), (79, 36), (80, 36), (77, 37), (78, 37), (96, 37), (74, 38), (75, 38), (76, 38), (95, 39), (73, 40), (94, 41), (72, 42), (93, 43), (71, 44), (92, 45), (70, 46), (91, 47), (69, 48), (90, 49), (68, 50), (89, 51), (67, 52), (88, 53), (89, 53), (66, 54), (86, 54), (87, 54), (84, 55), (85, 55), (65, 56), (82, 56), (83, 56), (80, 57), (81, 57), (64, 58), (78, 58), (79, 58), (76, 59), (77, 59), (63, 60), (64, 60), (74, 60), (75, 60), (65, 61), (72, 61), (73, 61), (66, 62), (70, 62), (71, 62), (67, 63), (68, 63), (69, 63)]
[(88, 53), (89, 53), (86, 54), (87, 54), (90, 54), (84, 55), (85, 55), (91, 55), (82, 56), (83, 56), (92, 56), (80, 57), (81, 57), (78, 58), (79, 58), (91, 58), (76, 59), (77, 59), (74, 60), (75, 60), (90, 60), (72, 61), (73, 61), (70, 62), (71, 62), (89, 62), (67, 63), (68, 63), (69, 63), (88, 64), (66, 65), (87, 66), (65, 67), (86, 68), (64, 69), (85, 70), (63, 71), (84, 72), (62, 73), (83, 74), (61, 75), (82, 76), (60, 77), (81, 78), (82, 78), (59, 79), (79, 79), (80, 79), (77, 80), (78, 80), (58, 81), (75, 81), (76, 81), (73, 82), (74, 82), (57, 83), (71, 83), (72, 83), (69, 84), (70, 84), (56, 85), (57, 85), (67, 85), (68, 85), (58, 86), (65, 86), (66, 86), (59, 87), (63, 87), (64, 87), (60, 88), (61, 88), (62, 88)]
[(113, 46), (114, 46), (111, 47), (112, 47), (109, 48), (110, 48), (107, 49), (108, 49), (105, 50), (106, 50), (103, 51), (104, 51), (101, 52), (102, 52), (99, 53), (100, 53), (97, 54), (98, 54), (95, 55), (96, 55), (114, 55), (92, 56), (93, 56), (94, 56), (113, 57), (91, 58), (112, 59), (90, 60), (111, 61), (89, 62), (110, 63), (88, 64), (109, 65), (87, 66), (108, 67), (86, 68), (107, 69), (85, 70), (106, 71), (107, 71), (84, 72), (104, 72), (105, 72), (102, 73), (103, 73), (83, 74), (100, 74), (101, 74), (98, 75), (99, 75), (82, 76), (96, 76), (97, 76), (94, 77), (95, 77), (81, 78), (82, 78), (92, 78), (93, 78), (83, 79), (90, 79), (91, 79), (84, 80), (88, 80), (89, 80), (85, 81), (86, 81), (87, 81)]
[(106, 71), (107, 71), (104, 72), (105, 72), (108, 72), (102, 73), (103, 73), (109, 73), (100, 74), (101, 74), (110, 74), (98, 75), (99, 75), (96, 76), (97, 76), (109, 76), (94, 77), (95, 77), (92, 78), (93, 78), (108, 78), (90, 79), (91, 79), (88, 80), (89, 80), (107, 80), (85, 81), (86, 81), (87, 81), (106, 82), (84, 83), (105, 84), (83, 85), (104, 86), (82, 87), (103, 88), (81, 89), (102, 90), (80, 91), (101, 92), (79, 93), (100, 94), (78, 95), (99, 96), (100, 96), (77, 97), (97, 97), (98, 97), (95, 98), (96, 98), (76, 99), (93, 99), (94, 99), (91, 100), (92, 100), (75, 101), (89, 101), (90, 101), (87, 102), (88, 102), (74, 103), (75, 103), (85, 103), (86, 103), (76, 104), (83, 104), (84, 104), (77, 105), (81, 105), (82, 105), (78, 106), (79, 106), (80, 106)]
[(113, 73), (114, 73), (110, 74), (111, 74), (112, 74), (109, 76), (108, 78), (107, 80), (106, 82), (105, 84), (104, 86), (103, 88), (102, 90), (101, 92), (100, 94), (114, 94), (112, 95), (113, 95), (99, 96), (100, 96), (110, 96), (111, 96), (101, 97), (108, 97), (109, 97), (102, 98), (106, 98), (107, 98), (103, 99), (104, 99), (105, 99)]
[(114, 94), (112, 95), (113, 95), (110, 96), (111, 96), (108, 97), (109, 97), (106, 98), (107, 98), (103, 99), (104, 99), (105, 99), (102, 101), (101, 103), (100, 105), (99, 107), (98, 109), (97, 111), (96, 113)]
[(38, 67), (39, 67), (36, 68), (37, 68), (40, 68), (34, 69), (35, 69), (41, 69), (32, 70), (33, 70), (42, 70), (30, 71), (31, 71), (28, 72), (29, 72), (41, 72), (26, 73), (27, 73), (24, 74), (25, 74), (40, 74), (22, 75), (23, 75), (20, 76), (21, 76), (39, 76), (17, 77), (18, 77), (19, 77), (38, 78), (16, 79), (37, 80), (15, 81), (36, 82), (14, 83), (35, 84), (13, 85), (34, 86), (12, 87), (33, 88), (11, 89), (32, 90), (10, 91), (31, 92), (32, 92), (9, 93), (29, 93), (30, 93), (27, 94), (28, 94), (8, 95), (25, 95), (26, 95), (23, 96), (24, 96), (7, 97), (21, 97), (22, 97), (19, 98), (20, 98), (6, 99), (7, 99), (17, 99), (18, 99), (8, 100), (15, 100), (16, 100), (9, 101), (13, 101), (14, 101), (10, 102), (11, 102), (12, 102)]
[(63, 60), (64, 60), (61, 61), (62, 61), (65, 61), (59, 62), (60, 62), (66, 62), (57, 63), (58, 63), (67, 63), (55, 64), (56, 64), (53, 65), (54, 65), (66, 65), (51, 66), (52, 66), (49, 67), (50, 67), (65, 67), (47, 68), (48, 68), (45, 69), (46, 69), (64, 69), (42, 70), (43, 70), (44, 70), (63, 71), (41, 72), (62, 73), (40, 74), (61, 75), (39, 76), (60, 77), (38, 78), (59, 79), (37, 80), (58, 81), (36, 82), (57, 83), (35, 84), (56, 85), (57, 85), (34, 86), (54, 86), (55, 86), (52, 87), (53, 87), (33, 88), (50, 88), (51, 88), (48, 89), (49, 89), (32, 90), (46, 90), (47, 90), (44, 91), (45, 91), (31, 92), (32, 92), (42, 92), (43, 92), (33, 93), (40, 93), (41, 93), (34, 94), (38, 94), (39, 94), (35, 95), (36, 95), (37, 95)]
[(56, 85), (57, 85), (54, 86), (55, 86), (58, 86), (52, 87), (53, 87), (59, 87), (50, 88), (51, 88), (60, 88), (48, 89), (49, 89), (46, 90), (47, 90), (59, 90), (44, 91), (45, 91), (42, 92), (43, 92), (58, 92), (40, 93), (41, 93), (38, 94), (39, 94), (57, 94), (35, 95), (36, 95), (37, 95), (56, 96), (34, 97), (55, 98), (33, 99), (54, 100), (32, 101), (53, 102), (31, 103), (52, 104), (30, 105), (51, 106), (29, 107), (50, 108), (28, 109), (49, 110), (50, 110), (27, 111), (47, 111), (48, 111), (45, 112), (46, 112), (26, 113), (43, 113), (44, 113), (41, 114), (42, 114)]
[(81, 78), (82, 78), (79, 79), (80, 79), (83, 79), (77, 80), (78, 80), (84, 80), (75, 81), (76, 81), (85, 81), (73, 82), (74, 82), (71, 83), (72, 83), (84, 83), (69, 84), (70, 84), (67, 85), (68, 85), (83, 85), (65, 86), (66, 86), (63, 87), (64, 87), (82, 87), (60, 88), (61, 88), (62, 88), (81, 89), (59, 90), (80, 91), (58, 92), (79, 93), (57, 94), (78, 95), (56, 96), (77, 97), (55, 98), (76, 99), (54, 100), (75, 101), (53, 102), (74, 103), (75, 103), (52, 104), (72, 104), (73, 104), (70, 105), (71, 105), (51, 106), (68, 106), (69, 106), (66, 107), (67, 107), (50, 108), (64, 108), (65, 108), (62, 109), (63, 109), (49, 110), (50, 110), (60, 110), (61, 110), (51, 111), (58, 111), (59, 111), (52, 112), (56, 112), (57, 112), (53, 113), (54, 113), (55, 113)]
[(74, 103), (75, 103), (72, 104), (73, 104), (76, 104), (70, 105), (71, 105), (77, 105), (68, 106), (69, 106), (78, 106), (66, 107), (67, 107), (64, 108), (65, 108), (77, 108), (62, 109), (63, 109), (60, 110), (61, 110), (76, 110), (58, 111), (59, 111), (56, 112), (57, 112), (75, 112), (53, 113), (54, 113), (55, 113), (74, 114)]
[(99, 96), (100, 96), (97, 97), (98, 97), (101, 97), (95, 98), (96, 98), (102, 98), (93, 99), (94, 99), (103, 99), (91, 100), (92, 100), (89, 101), (90, 101), (102, 101), (87, 102), (88, 102), (85, 103), (86, 103), (101, 103), (83, 104), (84, 104), (81, 105), (82, 105), (100, 105), (78, 106), (79, 106), (80, 106), (99, 107), (77, 108), (98, 109), (76, 110), (97, 111), (75, 112), (96, 113), (74, 114)]
[(31, 92), (32, 92), (29, 93), (30, 93), (33, 93), (27, 94), (28, 94), (34, 94), (25, 95), (26, 95), (35, 95), (23, 96), (24, 96), (21, 97), (22, 97), (34, 97), (19, 98), (20, 98), (17, 99), (18, 99), (33, 99), (15, 100), (16, 100), (13, 101), (14, 101), (32, 101), (10, 102), (11, 102), (12, 102), (31, 103), (9, 104), (30, 105), (8, 106), (29, 107), (7, 108), (28, 109), (6, 110), (27, 111), (5, 112), (26, 113), (4, 114)]
[(49, 110), (50, 110), (47, 111), (48, 111), (51, 111), (45, 112), (46, 112), (52, 112), (43, 113), (44, 113), (53, 113), (41, 114), (42, 114)]
