[(86, 42), (87, 42), (88, 42), (89, 42), (82, 43), (83, 43), (84, 43), (85, 43), (90, 43), (78, 44), (79, 44), (80, 44), (81, 44), (91, 44), (74, 45), (75, 45), (76, 45), (77, 45), (92, 45), (70, 46), (71, 46), (72, 46), (73, 46), (91, 48), (69, 49), (90, 52), (68, 53), (89, 56), (67, 57), (88, 60), (66, 61), (85, 64), (86, 64), (87, 64), (88, 64), (65, 65), (66, 65), (81, 65), (82, 65), (83, 65), (84, 65), (67, 66), (77, 66), (78, 66), (79, 66), (80, 66), (68, 67), (73, 67), (74, 67), (75, 67), (76, 67), (69, 68), (70, 68), (71, 68), (72, 68)]
[(108, 41), (109, 41), (110, 41), (111, 41), (104, 42), (105, 42), (106, 42), (107, 42), (112, 42), (100, 43), (101, 43), (102, 43), (103, 43), (113, 43), (96, 44), (97, 44), (98, 44), (99, 44), (114, 44), (92, 45), (93, 45), (94, 45), (95, 45), (113, 47), (91, 48), (112, 51), (90, 52), (111, 55), (89, 56), (110, 59), (88, 60), (107, 63), (108, 63), (109, 63), (110, 63), (87, 64), (88, 64), (103, 64), (104, 64), (105, 64), (106, 64), (89, 65), (99, 65), (100, 65), (101, 65), (102, 65), (90, 66), (95, 66), (96, 66), (97, 66), (98, 66), (91, 67), (92, 67), (93, 67), (94, 67)]
[(107, 63), (108, 63), (109, 63), (110, 63), (103, 64), (104, 64), (105, 64), (106, 64), (111, 64), (99, 65), (100, 65), (101, 65), (102, 65), (112, 65), (95, 66), (96, 66), (97, 66), (98, 66), (113, 66), (91, 67), (92, 67), (93, 67), (94, 67), (112, 69), (90, 70), (111, 73), (89, 74), (110, 77), (88, 78), (109, 81), (87, 82), (106, 85), (107, 85), (108, 85), (109, 85), (86, 86), (87, 86), (102, 86), (103, 86), (104, 86), (105, 86), (88, 87), (98, 87), (99, 87), (100, 87), (101, 87), (89, 88), (94, 88), (95, 88), (96, 88), (97, 88), (90, 89), (91, 89), (92, 89), (93, 89)]
[(113, 66), (114, 66), (112, 69), (111, 73), (110, 77), (109, 81), (108, 85), (109, 85), (110, 86), (111, 87), (112, 88), (113, 88), (114, 88)]
[(112, 88), (113, 88), (114, 88), (111, 91), (110, 95), (109, 99), (108, 103), (107, 107), (108, 107), (109, 108), (110, 109), (111, 110), (112, 110), (113, 110), (114, 110)]
[(42, 44), (43, 44), (44, 44), (45, 44), (38, 45), (39, 45), (40, 45), (41, 45), (46, 45), (34, 46), (35, 46), (36, 46), (37, 46), (47, 46), (30, 47), (31, 47), (32, 47), (33, 47), (48, 47), (26, 48), (27, 48), (28, 48), (29, 48), (47, 50), (25, 51), (46, 54), (24, 55), (45, 58), (23, 59), (44, 62), (22, 63), (41, 66), (42, 66), (43, 66), (44, 66), (21, 67), (22, 67), (37, 67), (38, 67), (39, 67), (40, 67), (23, 68), (33, 68), (34, 68), (35, 68), (36, 68), (24, 69), (29, 69), (30, 69), (31, 69), (32, 69), (25, 70), (26, 70), (27, 70), (28, 70)]
[(64, 43), (65, 43), (66, 43), (67, 43), (60, 44), (61, 44), (62, 44), (63, 44), (68, 44), (56, 45), (57, 45), (58, 45), (59, 45), (69, 45), (52, 46), (53, 46), (54, 46), (55, 46), (70, 46), (48, 47), (49, 47), (50, 47), (51, 47), (69, 49), (47, 50), (68, 53), (46, 54), (67, 57), (45, 58), (66, 61), (44, 62), (63, 65), (64, 65), (65, 65), (66, 65), (43, 66), (44, 66), (59, 66), (60, 66), (61, 66), (62, 66), (45, 67), (55, 67), (56, 67), (57, 67), (58, 67), (46, 68), (51, 68), (52, 68), (53, 68), (54, 68), (47, 69), (48, 69), (49, 69), (50, 69)]
[(63, 65), (64, 65), (65, 65), (66, 65), (59, 66), (60, 66), (61, 66), (62, 66), (67, 66), (55, 67), (56, 67), (57, 67), (58, 67), (68, 67), (51, 68), (52, 68), (53, 68), (54, 68), (69, 68), (47, 69), (48, 69), (49, 69), (50, 69), (68, 71), (46, 72), (67, 75), (45, 76), (66, 79), (44, 80), (65, 83), (43, 84), (62, 87), (63, 87), (64, 87), (65, 87), (42, 88), (43, 88), (58, 88), (59, 88), (60, 88), (61, 88), (44, 89), (54, 89), (55, 89), (56, 89), (57, 89), (45, 90), (50, 90), (51, 90), (52, 90), (53, 90), (46, 91), (47, 91), (48, 91), (49, 91)]
[(85, 64), (86, 64), (87, 64), (88, 64), (81, 65), (82, 65), (83, 65), (84, 65), (89, 65), (77, 66), (78, 66), (79, 66), (80, 66), (90, 66), (73, 67), (74, 67), (75, 67), (76, 67), (91, 67), (69, 68), (70, 68), (71, 68), (72, 68), (90, 70), (68, 71), (89, 74), (67, 75), (88, 78), (66, 79), (87, 82), (65, 83), (84, 86), (85, 86), (86, 86), (87, 86), (64, 87), (65, 87), (80, 87), (81, 87), (82, 87), (83, 87), (66, 88), (76, 88), (77, 88), (78, 88), (79, 88), (67, 89), (72, 89), (73, 89), (74, 89), (75, 89), (68, 90), (69, 90), (70, 90), (71, 90)]
[(84, 86), (85, 86), (86, 86), (87, 86), (80, 87), (81, 87), (82, 87), (83, 87), (88, 87), (76, 88), (77, 88), (78, 88), (79, 88), (89, 88), (72, 89), (73, 89), (74, 89), (75, 89), (90, 89), (68, 90), (69, 90), (70, 90), (71, 90), (89, 92), (67, 93), (88, 96), (66, 97), (87, 100), (65, 101), (86, 104), (64, 105), (83, 108), (84, 108), (85, 108), (86, 108), (63, 109), (64, 109), (79, 109), (80, 109), (81, 109), (82, 109), (65, 110), (75, 110), (76, 110), (77, 110), (78, 110), (66, 111), (71, 111), (72, 111), (73, 111), (74, 111), (67, 112), (68, 112), (69, 112), (70, 112)]
[(106, 85), (107, 85), (108, 85), (109, 85), (102, 86), (103, 86), (104, 86), (105, 86), (110, 86), (98, 87), (99, 87), (100, 87), (101, 87), (111, 87), (94, 88), (95, 88), (96, 88), (97, 88), (112, 88), (90, 89), (91, 89), (92, 89), (93, 89), (111, 91), (89, 92), (110, 95), (88, 96), (109, 99), (87, 100), (108, 103), (86, 104), (105, 107), (106, 107), (107, 107), (108, 107), (85, 108), (86, 108), (101, 108), (102, 108), (103, 108), (104, 108), (87, 109), (97, 109), (98, 109), (99, 109), (100, 109), (88, 110), (93, 110), (94, 110), (95, 110), (96, 110), (89, 111), (90, 111), (91, 111), (92, 111)]
[(105, 107), (106, 107), (107, 107), (108, 107), (101, 108), (102, 108), (103, 108), (104, 108), (109, 108), (97, 109), (98, 109), (99, 109), (100, 109), (110, 109), (93, 110), (94, 110), (95, 110), (96, 110), (111, 110), (89, 111), (90, 111), (91, 111), (92, 111), (110, 113), (88, 114)]
[(111, 110), (112, 110), (113, 110), (114, 110), (110, 113)]
[(19, 67), (20, 67), (21, 67), (22, 67), (15, 68), (16, 68), (17, 68), (18, 68), (23, 68), (11, 69), (12, 69), (13, 69), (14, 69), (24, 69), (7, 70), (8, 70), (9, 70), (10, 70), (25, 70), (3, 71), (4, 71), (5, 71), (6, 71), (24, 73), (2, 74), (23, 77), (1, 78), (22, 81), (0, 82), (21, 85), (18, 89), (19, 89), (20, 89), (21, 89), (14, 90), (15, 90), (16, 90), (17, 90), (0, 91), (10, 91), (11, 91), (12, 91), (13, 91), (1, 92), (6, 92), (7, 92), (8, 92), (9, 92), (2, 93), (3, 93), (4, 93), (5, 93)]
[(41, 66), (42, 66), (43, 66), (44, 66), (37, 67), (38, 67), (39, 67), (40, 67), (45, 67), (33, 68), (34, 68), (35, 68), (36, 68), (46, 68), (29, 69), (30, 69), (31, 69), (32, 69), (47, 69), (25, 70), (26, 70), (27, 70), (28, 70), (46, 72), (24, 73), (45, 76), (23, 77), (44, 80), (22, 81), (43, 84), (21, 85), (40, 88), (41, 88), (42, 88), (43, 88), (20, 89), (21, 89), (36, 89), (37, 89), (38, 89), (39, 89), (22, 90), (32, 90), (33, 90), (34, 90), (35, 90), (23, 91), (28, 91), (29, 91), (30, 91), (31, 91), (24, 92), (25, 92), (26, 92), (27, 92)]
[(40, 88), (41, 88), (42, 88), (43, 88), (36, 89), (37, 89), (38, 89), (39, 89), (44, 89), (32, 90), (33, 90), (34, 90), (35, 90), (45, 90), (28, 91), (29, 91), (30, 91), (31, 91), (46, 91), (24, 92), (25, 92), (26, 92), (27, 92), (45, 94), (23, 95), (44, 98), (22, 99), (43, 102), (21, 103), (42, 106), (20, 107), (39, 110), (40, 110), (41, 110), (42, 110), (19, 111), (20, 111), (35, 111), (36, 111), (37, 111), (38, 111), (21, 112), (31, 112), (32, 112), (33, 112), (34, 112), (22, 113), (27, 113), (28, 113), (29, 113), (30, 113), (23, 114), (24, 114), (25, 114), (26, 114)]
[(62, 87), (63, 87), (64, 87), (65, 87), (58, 88), (59, 88), (60, 88), (61, 88), (66, 88), (54, 89), (55, 89), (56, 89), (57, 89), (67, 89), (50, 90), (51, 90), (52, 90), (53, 90), (68, 90), (46, 91), (47, 91), (48, 91), (49, 91), (67, 93), (45, 94), (66, 97), (44, 98), (65, 101), (43, 102), (64, 105), (42, 106), (61, 109), (62, 109), (63, 109), (64, 109), (41, 110), (42, 110), (57, 110), (58, 110), (59, 110), (60, 110), (43, 111), (53, 111), (54, 111), (55, 111), (56, 111), (44, 112), (49, 112), (50, 112), (51, 112), (52, 112), (45, 113), (46, 113), (47, 113), (48, 113)]
[(61, 109), (62, 109), (63, 109), (64, 109), (57, 110), (58, 110), (59, 110), (60, 110), (65, 110), (53, 111), (54, 111), (55, 111), (56, 111), (66, 111), (49, 112), (50, 112), (51, 112), (52, 112), (67, 112), (45, 113), (46, 113), (47, 113), (48, 113)]
[(83, 108), (84, 108), (85, 108), (86, 108), (79, 109), (80, 109), (81, 109), (82, 109), (87, 109), (75, 110), (76, 110), (77, 110), (78, 110), (88, 110), (71, 111), (72, 111), (73, 111), (74, 111), (89, 111), (67, 112), (68, 112), (69, 112), (70, 112), (88, 114)]
[(18, 89), (19, 89), (20, 89), (21, 89), (14, 90), (15, 90), (16, 90), (17, 90), (22, 90), (10, 91), (11, 91), (12, 91), (13, 91), (23, 91), (6, 92), (7, 92), (8, 92), (9, 92), (24, 92), (2, 93), (3, 93), (4, 93), (5, 93), (23, 95), (1, 96), (22, 99), (0, 100), (21, 103), (20, 107), (17, 111), (18, 111), (19, 111), (20, 111), (13, 112), (14, 112), (15, 112), (16, 112), (9, 113), (10, 113), (11, 113), (12, 113), (0, 114), (5, 114), (6, 114), (7, 114), (8, 114)]
[(17, 111), (18, 111), (19, 111), (20, 111), (13, 112), (14, 112), (15, 112), (16, 112), (21, 112), (9, 113), (10, 113), (11, 113), (12, 113), (22, 113), (5, 114), (6, 114), (7, 114), (8, 114), (23, 114)]
[(39, 110), (40, 110), (41, 110), (42, 110), (35, 111), (36, 111), (37, 111), (38, 111), (43, 111), (31, 112), (32, 112), (33, 112), (34, 112), (44, 112), (27, 113), (28, 113), (29, 113), (30, 113), (45, 113), (23, 114), (24, 114), (25, 114), (26, 114)]
