[(114, 49), (113, 51), (112, 53), (111, 55), (110, 57), (110, 59), (111, 60), (112, 61), (113, 62), (114, 63)]
[(83, 33), (84, 33), (81, 34), (82, 34), (85, 34), (79, 35), (80, 35), (86, 35), (77, 36), (78, 36), (87, 36), (75, 37), (76, 37), (88, 37), (73, 38), (74, 38), (89, 38), (71, 39), (72, 39), (90, 39), (69, 40), (70, 40), (67, 41), (68, 41), (89, 41), (65, 42), (66, 42), (63, 43), (64, 43), (88, 43), (61, 44), (62, 44), (58, 45), (59, 45), (60, 45), (87, 45), (57, 47), (86, 47), (56, 49), (85, 49), (55, 51), (84, 51), (54, 53), (83, 53), (53, 55), (82, 55), (52, 57), (81, 57), (51, 59), (80, 59), (50, 61), (79, 61), (49, 63), (78, 63), (48, 65), (77, 65), (78, 65), (75, 66), (76, 66), (47, 67), (73, 67), (74, 67), (71, 68), (72, 68), (46, 69), (69, 69), (70, 69), (67, 70), (68, 70), (46, 71), (65, 71), (66, 71), (47, 72), (63, 72), (64, 72), (48, 73), (61, 73), (62, 73), (49, 74), (59, 74), (60, 74), (50, 75), (57, 75), (58, 75), (51, 76), (55, 76), (56, 76), (52, 77), (53, 77), (54, 77)]
[(113, 28), (114, 28), (111, 29), (112, 29), (109, 30), (110, 30), (107, 31), (108, 31), (105, 32), (106, 32), (103, 33), (104, 33), (101, 34), (102, 34), (99, 35), (100, 35), (97, 36), (98, 36), (95, 37), (96, 37), (93, 38), (94, 38), (90, 39), (91, 39), (92, 39), (89, 41), (88, 43), (87, 45), (86, 47), (85, 49), (114, 49), (84, 51), (113, 51), (83, 53), (112, 53), (82, 55), (111, 55), (81, 57), (110, 57), (80, 59), (109, 59), (110, 59), (107, 60), (108, 60), (79, 61), (105, 61), (106, 61), (103, 62), (104, 62), (78, 63), (101, 63), (102, 63), (99, 64), (100, 64), (78, 65), (97, 65), (98, 65), (79, 66), (95, 66), (96, 66), (80, 67), (93, 67), (94, 67), (81, 68), (91, 68), (92, 68), (82, 69), (89, 69), (90, 69), (83, 70), (87, 70), (88, 70), (84, 71), (85, 71), (86, 71)]
[(109, 59), (110, 59), (107, 60), (108, 60), (111, 60), (105, 61), (106, 61), (112, 61), (103, 62), (104, 62), (113, 62), (101, 63), (102, 63), (114, 63), (99, 64), (100, 64), (97, 65), (98, 65), (95, 66), (96, 66), (93, 67), (94, 67), (91, 68), (92, 68), (89, 69), (90, 69), (114, 69), (87, 70), (88, 70), (84, 71), (85, 71), (86, 71), (113, 71), (83, 73), (112, 73), (82, 75), (111, 75), (81, 77), (110, 77), (80, 79), (109, 79), (79, 81), (108, 81), (78, 83), (107, 83), (77, 85), (106, 85), (76, 87), (105, 87), (75, 89), (104, 89), (74, 91), (103, 91), (104, 91), (101, 92), (102, 92), (73, 93), (99, 93), (100, 93), (97, 94), (98, 94), (72, 95), (95, 95), (96, 95), (93, 96), (94, 96), (72, 97), (91, 97), (92, 97), (73, 98), (89, 98), (90, 98), (74, 99), (87, 99), (88, 99), (75, 100), (85, 100), (86, 100), (76, 101), (83, 101), (84, 101), (77, 102), (81, 102), (82, 102), (78, 103), (79, 103), (80, 103)]
[(114, 69), (113, 71), (112, 73), (111, 75), (110, 77), (109, 79), (108, 81), (107, 83), (106, 85), (105, 87), (104, 89), (104, 91), (105, 92), (106, 93), (107, 94), (108, 95), (109, 96), (113, 96), (114, 96), (110, 97), (111, 97), (112, 97)]
[(113, 96), (114, 96), (110, 97), (111, 97), (112, 97), (109, 99), (108, 101), (107, 103), (106, 105), (105, 107), (104, 109), (103, 111), (102, 113)]
[(45, 71), (46, 71), (43, 72), (44, 72), (47, 72), (41, 73), (42, 73), (48, 73), (39, 74), (40, 74), (49, 74), (37, 75), (38, 75), (50, 75), (35, 76), (36, 76), (51, 76), (33, 77), (34, 77), (52, 77), (31, 78), (32, 78), (29, 79), (30, 79), (51, 79), (27, 80), (28, 80), (25, 81), (26, 81), (50, 81), (23, 82), (24, 82), (20, 83), (21, 83), (22, 83), (49, 83), (19, 85), (48, 85), (18, 87), (47, 87), (17, 89), (46, 89), (16, 91), (45, 91), (15, 93), (44, 93), (14, 95), (43, 95), (13, 97), (42, 97), (12, 99), (41, 99), (11, 101), (40, 101), (10, 103), (39, 103), (40, 103), (37, 104), (38, 104), (9, 105), (35, 105), (36, 105), (33, 106), (34, 106), (8, 107), (31, 107), (32, 107), (29, 108), (30, 108), (8, 109), (27, 109), (28, 109), (9, 110), (25, 110), (26, 110), (10, 111), (23, 111), (24, 111), (11, 112), (21, 112), (22, 112), (12, 113), (19, 113), (20, 113), (13, 114), (17, 114), (18, 114)]
[(77, 65), (78, 65), (75, 66), (76, 66), (79, 66), (73, 67), (74, 67), (80, 67), (71, 68), (72, 68), (81, 68), (69, 69), (70, 69), (82, 69), (67, 70), (68, 70), (83, 70), (65, 71), (66, 71), (84, 71), (63, 72), (64, 72), (61, 73), (62, 73), (83, 73), (59, 74), (60, 74), (57, 75), (58, 75), (82, 75), (55, 76), (56, 76), (52, 77), (53, 77), (54, 77), (81, 77), (51, 79), (80, 79), (50, 81), (79, 81), (49, 83), (78, 83), (48, 85), (77, 85), (47, 87), (76, 87), (46, 89), (75, 89), (45, 91), (74, 91), (44, 93), (73, 93), (43, 95), (72, 95), (42, 97), (71, 97), (72, 97), (69, 98), (70, 98), (41, 99), (67, 99), (68, 99), (65, 100), (66, 100), (40, 101), (63, 101), (64, 101), (61, 102), (62, 102), (40, 103), (59, 103), (60, 103), (41, 104), (57, 104), (58, 104), (42, 105), (55, 105), (56, 105), (43, 106), (53, 106), (54, 106), (44, 107), (51, 107), (52, 107), (45, 108), (49, 108), (50, 108), (46, 109), (47, 109), (48, 109)]
[(71, 97), (72, 97), (69, 98), (70, 98), (73, 98), (67, 99), (68, 99), (74, 99), (65, 100), (66, 100), (75, 100), (63, 101), (64, 101), (76, 101), (61, 102), (62, 102), (77, 102), (59, 103), (60, 103), (78, 103), (57, 104), (58, 104), (55, 105), (56, 105), (77, 105), (53, 106), (54, 106), (51, 107), (52, 107), (76, 107), (49, 108), (50, 108), (46, 109), (47, 109), (48, 109), (75, 109), (45, 111), (74, 111), (44, 113), (73, 113)]
[(103, 91), (104, 91), (101, 92), (102, 92), (105, 92), (99, 93), (100, 93), (106, 93), (97, 94), (98, 94), (107, 94), (95, 95), (96, 95), (108, 95), (93, 96), (94, 96), (109, 96), (91, 97), (92, 97), (110, 97), (89, 98), (90, 98), (87, 99), (88, 99), (109, 99), (85, 100), (86, 100), (83, 101), (84, 101), (108, 101), (81, 102), (82, 102), (78, 103), (79, 103), (80, 103), (107, 103), (77, 105), (106, 105), (76, 107), (105, 107), (75, 109), (104, 109), (74, 111), (103, 111), (73, 113), (102, 113)]
[(39, 103), (40, 103), (37, 104), (38, 104), (41, 104), (35, 105), (36, 105), (42, 105), (33, 106), (34, 106), (43, 106), (31, 107), (32, 107), (44, 107), (29, 108), (30, 108), (45, 108), (27, 109), (28, 109), (46, 109), (25, 110), (26, 110), (23, 111), (24, 111), (45, 111), (21, 112), (22, 112), (19, 113), (20, 113), (44, 113), (17, 114), (18, 114)]
