[(107, 8), (108, 8), (109, 8), (105, 9), (106, 9), (110, 9), (102, 10), (103, 10), (104, 10), (111, 10), (99, 11), (100, 11), (101, 11), (112, 11), (97, 12), (98, 12), (113, 12), (94, 13), (95, 13), (96, 13), (114, 13), (91, 14), (92, 14), (93, 14), (90, 16), (114, 16), (89, 19), (113, 19), (88, 22), (112, 22), (87, 24), (111, 24), (86, 27), (110, 27), (85, 30), (109, 30), (84, 32), (85, 32), (107, 32), (108, 32), (109, 32), (86, 33), (105, 33), (106, 33), (87, 34), (102, 34), (103, 34), (104, 34), (88, 35), (99, 35), (100, 35), (101, 35), (89, 36), (97, 36), (98, 36), (90, 37), (94, 37), (95, 37), (96, 37), (91, 38), (92, 38), (93, 38)]
[(114, 16), (113, 19), (112, 22), (111, 24), (110, 27), (109, 30), (108, 32), (109, 32), (110, 33), (111, 34), (112, 35), (113, 36), (114, 37)]
[(114, 40), (113, 43), (112, 46), (111, 48), (110, 51), (109, 54), (108, 56), (109, 56), (110, 57), (111, 58), (112, 59), (113, 60), (114, 61)]
[(59, 8), (60, 8), (61, 8), (57, 9), (58, 9), (62, 9), (54, 10), (55, 10), (56, 10), (63, 10), (51, 11), (52, 11), (53, 11), (64, 11), (49, 12), (50, 12), (65, 12), (46, 13), (47, 13), (48, 13), (66, 13), (43, 14), (44, 14), (45, 14), (67, 14), (42, 16), (66, 16), (41, 19), (65, 19), (40, 22), (64, 22), (39, 24), (63, 24), (38, 27), (62, 27), (37, 30), (61, 30), (36, 32), (37, 32), (59, 32), (60, 32), (61, 32), (38, 33), (57, 33), (58, 33), (39, 34), (54, 34), (55, 34), (56, 34), (40, 35), (51, 35), (52, 35), (53, 35), (41, 36), (49, 36), (50, 36), (42, 37), (46, 37), (47, 37), (48, 37), (43, 38), (44, 38), (45, 38)]
[(83, 8), (84, 8), (85, 8), (81, 9), (82, 9), (86, 9), (78, 10), (79, 10), (80, 10), (87, 10), (75, 11), (76, 11), (77, 11), (88, 11), (73, 12), (74, 12), (89, 12), (70, 13), (71, 13), (72, 13), (90, 13), (67, 14), (68, 14), (69, 14), (91, 14), (66, 16), (90, 16), (65, 19), (89, 19), (64, 22), (88, 22), (63, 24), (87, 24), (62, 27), (86, 27), (61, 30), (85, 30), (60, 32), (61, 32), (83, 32), (84, 32), (85, 32), (62, 33), (81, 33), (82, 33), (63, 34), (78, 34), (79, 34), (80, 34), (64, 35), (75, 35), (76, 35), (77, 35), (65, 36), (73, 36), (74, 36), (66, 37), (70, 37), (71, 37), (72, 37), (67, 38), (68, 38), (69, 38)]
[(83, 32), (84, 32), (85, 32), (81, 33), (82, 33), (86, 33), (78, 34), (79, 34), (80, 34), (87, 34), (75, 35), (76, 35), (77, 35), (88, 35), (73, 36), (74, 36), (89, 36), (70, 37), (71, 37), (72, 37), (90, 37), (67, 38), (68, 38), (69, 38), (91, 38), (66, 40), (90, 40), (65, 43), (89, 43), (64, 46), (88, 46), (63, 48), (87, 48), (62, 51), (86, 51), (61, 54), (85, 54), (60, 56), (61, 56), (83, 56), (84, 56), (85, 56), (62, 57), (81, 57), (82, 57), (63, 58), (78, 58), (79, 58), (80, 58), (64, 59), (75, 59), (76, 59), (77, 59), (65, 60), (73, 60), (74, 60), (66, 61), (70, 61), (71, 61), (72, 61), (67, 62), (68, 62), (69, 62)]
[(107, 32), (108, 32), (109, 32), (105, 33), (106, 33), (110, 33), (102, 34), (103, 34), (104, 34), (111, 34), (99, 35), (100, 35), (101, 35), (112, 35), (97, 36), (98, 36), (113, 36), (94, 37), (95, 37), (96, 37), (114, 37), (91, 38), (92, 38), (93, 38), (90, 40), (114, 40), (89, 43), (113, 43), (88, 46), (112, 46), (87, 48), (111, 48), (86, 51), (110, 51), (85, 54), (109, 54), (84, 56), (85, 56), (107, 56), (108, 56), (109, 56), (86, 57), (105, 57), (106, 57), (87, 58), (102, 58), (103, 58), (104, 58), (88, 59), (99, 59), (100, 59), (101, 59), (89, 60), (97, 60), (98, 60), (90, 61), (94, 61), (95, 61), (96, 61), (91, 62), (92, 62), (93, 62)]
[(107, 56), (108, 56), (109, 56), (105, 57), (106, 57), (110, 57), (102, 58), (103, 58), (104, 58), (111, 58), (99, 59), (100, 59), (101, 59), (112, 59), (97, 60), (98, 60), (113, 60), (94, 61), (95, 61), (96, 61), (114, 61), (91, 62), (92, 62), (93, 62), (90, 64), (114, 64), (89, 67), (113, 67), (88, 70), (112, 70), (87, 72), (111, 72), (86, 75), (110, 75), (85, 78), (109, 78), (84, 80), (85, 80), (107, 80), (108, 80), (109, 80), (86, 81), (105, 81), (106, 81), (87, 82), (102, 82), (103, 82), (104, 82), (88, 83), (99, 83), (100, 83), (101, 83), (89, 84), (97, 84), (98, 84), (90, 85), (94, 85), (95, 85), (96, 85), (91, 86), (92, 86), (93, 86)]
[(114, 64), (113, 67), (112, 70), (111, 72), (110, 75), (109, 78), (108, 80), (109, 80), (110, 81), (111, 82), (112, 83), (113, 84), (114, 85)]
[(35, 32), (36, 32), (37, 32), (33, 33), (34, 33), (38, 33), (30, 34), (31, 34), (32, 34), (39, 34), (27, 35), (28, 35), (29, 35), (40, 35), (25, 36), (26, 36), (41, 36), (22, 37), (23, 37), (24, 37), (42, 37), (19, 38), (20, 38), (21, 38), (43, 38), (18, 40), (42, 40), (17, 43), (41, 43), (16, 46), (40, 46), (15, 48), (39, 48), (14, 51), (38, 51), (13, 54), (37, 54), (12, 56), (13, 56), (35, 56), (36, 56), (37, 56), (14, 57), (33, 57), (34, 57), (15, 58), (30, 58), (31, 58), (32, 58), (16, 59), (27, 59), (28, 59), (29, 59), (17, 60), (25, 60), (26, 60), (18, 61), (22, 61), (23, 61), (24, 61), (19, 62), (20, 62), (21, 62)]
[(59, 32), (60, 32), (61, 32), (57, 33), (58, 33), (62, 33), (54, 34), (55, 34), (56, 34), (63, 34), (51, 35), (52, 35), (53, 35), (64, 35), (49, 36), (50, 36), (65, 36), (46, 37), (47, 37), (48, 37), (66, 37), (43, 38), (44, 38), (45, 38), (67, 38), (42, 40), (66, 40), (41, 43), (65, 43), (40, 46), (64, 46), (39, 48), (63, 48), (38, 51), (62, 51), (37, 54), (61, 54), (36, 56), (37, 56), (59, 56), (60, 56), (61, 56), (38, 57), (57, 57), (58, 57), (39, 58), (54, 58), (55, 58), (56, 58), (40, 59), (51, 59), (52, 59), (53, 59), (41, 60), (49, 60), (50, 60), (42, 61), (46, 61), (47, 61), (48, 61), (43, 62), (44, 62), (45, 62)]
[(59, 56), (60, 56), (61, 56), (57, 57), (58, 57), (62, 57), (54, 58), (55, 58), (56, 58), (63, 58), (51, 59), (52, 59), (53, 59), (64, 59), (49, 60), (50, 60), (65, 60), (46, 61), (47, 61), (48, 61), (66, 61), (43, 62), (44, 62), (45, 62), (67, 62), (42, 64), (66, 64), (41, 67), (65, 67), (40, 70), (64, 70), (39, 72), (63, 72), (38, 75), (62, 75), (37, 78), (61, 78), (36, 80), (37, 80), (59, 80), (60, 80), (61, 80), (38, 81), (57, 81), (58, 81), (39, 82), (54, 82), (55, 82), (56, 82), (40, 83), (51, 83), (52, 83), (53, 83), (41, 84), (49, 84), (50, 84), (42, 85), (46, 85), (47, 85), (48, 85), (43, 86), (44, 86), (45, 86)]
[(83, 56), (84, 56), (85, 56), (81, 57), (82, 57), (86, 57), (78, 58), (79, 58), (80, 58), (87, 58), (75, 59), (76, 59), (77, 59), (88, 59), (73, 60), (74, 60), (89, 60), (70, 61), (71, 61), (72, 61), (90, 61), (67, 62), (68, 62), (69, 62), (91, 62), (66, 64), (90, 64), (65, 67), (89, 67), (64, 70), (88, 70), (63, 72), (87, 72), (62, 75), (86, 75), (61, 78), (85, 78), (60, 80), (61, 80), (83, 80), (84, 80), (85, 80), (62, 81), (81, 81), (82, 81), (63, 82), (78, 82), (79, 82), (80, 82), (64, 83), (75, 83), (76, 83), (77, 83), (65, 84), (73, 84), (74, 84), (66, 85), (70, 85), (71, 85), (72, 85), (67, 86), (68, 86), (69, 86)]
[(83, 80), (84, 80), (85, 80), (81, 81), (82, 81), (86, 81), (78, 82), (79, 82), (80, 82), (87, 82), (75, 83), (76, 83), (77, 83), (88, 83), (73, 84), (74, 84), (89, 84), (70, 85), (71, 85), (72, 85), (90, 85), (67, 86), (68, 86), (69, 86), (91, 86), (66, 88), (90, 88), (65, 91), (89, 91), (64, 94), (88, 94), (63, 96), (87, 96), (62, 99), (86, 99), (61, 102), (85, 102), (60, 104), (61, 104), (83, 104), (84, 104), (85, 104), (62, 105), (81, 105), (82, 105), (63, 106), (78, 106), (79, 106), (80, 106), (64, 107), (75, 107), (76, 107), (77, 107), (65, 108), (73, 108), (74, 108), (66, 109), (70, 109), (71, 109), (72, 109), (67, 110), (68, 110), (69, 110)]
[(107, 80), (108, 80), (109, 80), (105, 81), (106, 81), (110, 81), (102, 82), (103, 82), (104, 82), (111, 82), (99, 83), (100, 83), (101, 83), (112, 83), (97, 84), (98, 84), (113, 84), (94, 85), (95, 85), (96, 85), (114, 85), (91, 86), (92, 86), (93, 86), (90, 88), (114, 88), (89, 91), (113, 91), (88, 94), (112, 94), (87, 96), (111, 96), (86, 99), (110, 99), (85, 102), (109, 102), (84, 104), (85, 104), (107, 104), (108, 104), (109, 104), (86, 105), (105, 105), (106, 105), (87, 106), (102, 106), (103, 106), (104, 106), (88, 107), (99, 107), (100, 107), (101, 107), (89, 108), (97, 108), (98, 108), (90, 109), (94, 109), (95, 109), (96, 109), (91, 110), (92, 110), (93, 110)]
[(35, 56), (36, 56), (37, 56), (33, 57), (34, 57), (38, 57), (30, 58), (31, 58), (32, 58), (39, 58), (27, 59), (28, 59), (29, 59), (40, 59), (25, 60), (26, 60), (41, 60), (22, 61), (23, 61), (24, 61), (42, 61), (19, 62), (20, 62), (21, 62), (43, 62), (18, 64), (42, 64), (17, 67), (41, 67), (16, 70), (40, 70), (15, 72), (39, 72), (14, 75), (38, 75), (13, 78), (37, 78), (12, 80), (13, 80), (35, 80), (36, 80), (37, 80), (14, 81), (33, 81), (34, 81), (15, 82), (30, 82), (31, 82), (32, 82), (16, 83), (27, 83), (28, 83), (29, 83), (17, 84), (25, 84), (26, 84), (18, 85), (22, 85), (23, 85), (24, 85), (19, 86), (20, 86), (21, 86)]
[(35, 80), (36, 80), (37, 80), (33, 81), (34, 81), (38, 81), (30, 82), (31, 82), (32, 82), (39, 82), (27, 83), (28, 83), (29, 83), (40, 83), (25, 84), (26, 84), (41, 84), (22, 85), (23, 85), (24, 85), (42, 85), (19, 86), (20, 86), (21, 86), (43, 86), (18, 88), (42, 88), (17, 91), (41, 91), (16, 94), (40, 94), (15, 96), (39, 96), (14, 99), (38, 99), (13, 102), (37, 102), (12, 104), (13, 104), (35, 104), (36, 104), (37, 104), (14, 105), (33, 105), (34, 105), (15, 106), (30, 106), (31, 106), (32, 106), (16, 107), (27, 107), (28, 107), (29, 107), (17, 108), (25, 108), (26, 108), (18, 109), (22, 109), (23, 109), (24, 109), (19, 110), (20, 110), (21, 110)]
[(59, 80), (60, 80), (61, 80), (57, 81), (58, 81), (62, 81), (54, 82), (55, 82), (56, 82), (63, 82), (51, 83), (52, 83), (53, 83), (64, 83), (49, 84), (50, 84), (65, 84), (46, 85), (47, 85), (48, 85), (66, 85), (43, 86), (44, 86), (45, 86), (67, 86), (42, 88), (66, 88), (41, 91), (65, 91), (40, 94), (64, 94), (39, 96), (63, 96), (38, 99), (62, 99), (37, 102), (61, 102), (36, 104), (37, 104), (59, 104), (60, 104), (61, 104), (38, 105), (57, 105), (58, 105), (39, 106), (54, 106), (55, 106), (56, 106), (40, 107), (51, 107), (52, 107), (53, 107), (41, 108), (49, 108), (50, 108), (42, 109), (46, 109), (47, 109), (48, 109), (43, 110), (44, 110), (45, 110)]
[(59, 104), (60, 104), (61, 104), (57, 105), (58, 105), (62, 105), (54, 106), (55, 106), (56, 106), (63, 106), (51, 107), (52, 107), (53, 107), (64, 107), (49, 108), (50, 108), (65, 108), (46, 109), (47, 109), (48, 109), (66, 109), (43, 110), (44, 110), (45, 110), (67, 110), (42, 112), (66, 112)]
[(83, 104), (84, 104), (85, 104), (81, 105), (82, 105), (86, 105), (78, 106), (79, 106), (80, 106), (87, 106), (75, 107), (76, 107), (77, 107), (88, 107), (73, 108), (74, 108), (89, 108), (70, 109), (71, 109), (72, 109), (90, 109), (67, 110), (68, 110), (69, 110), (91, 110), (66, 112), (90, 112)]
[(35, 104), (36, 104), (37, 104), (33, 105), (34, 105), (38, 105), (30, 106), (31, 106), (32, 106), (39, 106), (27, 107), (28, 107), (29, 107), (40, 107), (25, 108), (26, 108), (41, 108), (22, 109), (23, 109), (24, 109), (42, 109), (19, 110), (20, 110), (21, 110), (43, 110), (18, 112), (42, 112)]
