[(84, 33), (85, 33), (86, 33), (81, 34), (82, 34), (83, 34), (87, 34), (78, 35), (79, 35), (80, 35), (88, 35), (75, 36), (76, 36), (77, 36), (72, 37), (73, 37), (74, 37), (69, 38), (70, 38), (71, 38), (87, 38), (65, 39), (66, 39), (67, 39), (68, 39), (86, 41), (64, 42), (85, 44), (63, 45), (84, 47), (62, 48), (83, 50), (61, 51), (82, 53), (60, 54), (80, 56), (81, 56), (82, 56), (59, 57), (77, 57), (78, 57), (79, 57), (74, 58), (75, 58), (76, 58), (71, 59), (72, 59), (73, 59), (59, 60), (68, 60), (69, 60), (70, 60), (60, 61), (65, 61), (66, 61), (67, 61), (61, 62), (62, 62), (63, 62), (64, 62)]
[(107, 29), (108, 29), (109, 29), (104, 30), (105, 30), (106, 30), (110, 30), (101, 31), (102, 31), (103, 31), (111, 31), (98, 32), (99, 32), (100, 32), (95, 33), (96, 33), (97, 33), (92, 34), (93, 34), (94, 34), (110, 34), (88, 35), (89, 35), (90, 35), (91, 35), (109, 37), (87, 38), (108, 40), (86, 41), (107, 43), (85, 44), (106, 46), (84, 47), (105, 49), (83, 50), (103, 52), (104, 52), (105, 52), (82, 53), (100, 53), (101, 53), (102, 53), (97, 54), (98, 54), (99, 54), (94, 55), (95, 55), (96, 55), (82, 56), (91, 56), (92, 56), (93, 56), (83, 57), (88, 57), (89, 57), (90, 57), (84, 58), (85, 58), (86, 58), (87, 58)]
[(103, 52), (104, 52), (105, 52), (100, 53), (101, 53), (102, 53), (106, 53), (97, 54), (98, 54), (99, 54), (107, 54), (94, 55), (95, 55), (96, 55), (91, 56), (92, 56), (93, 56), (88, 57), (89, 57), (90, 57), (106, 57), (84, 58), (85, 58), (86, 58), (87, 58), (105, 60), (83, 61), (104, 63), (82, 64), (103, 66), (81, 67), (102, 69), (80, 70), (101, 72), (79, 73), (99, 75), (100, 75), (101, 75), (78, 76), (96, 76), (97, 76), (98, 76), (93, 77), (94, 77), (95, 77), (90, 78), (91, 78), (92, 78), (78, 79), (87, 79), (88, 79), (89, 79), (79, 80), (84, 80), (85, 80), (86, 80), (80, 81), (81, 81), (82, 81), (83, 81)]
[(114, 52), (111, 53), (112, 53), (113, 53), (107, 54), (108, 54), (109, 54), (110, 54), (106, 57), (105, 60), (104, 63), (103, 66), (102, 69), (101, 72), (113, 74), (114, 74), (101, 75), (110, 75), (111, 75), (112, 75), (102, 76), (107, 76), (108, 76), (109, 76), (103, 77), (104, 77), (105, 77), (106, 77)]
[(113, 74), (114, 74), (110, 75), (111, 75), (112, 75), (107, 76), (108, 76), (109, 76), (103, 77), (104, 77), (105, 77), (106, 77), (102, 80), (101, 83), (100, 86), (99, 89), (98, 92), (97, 95), (112, 96), (113, 96), (114, 96), (109, 97), (110, 97), (111, 97), (97, 98), (106, 98), (107, 98), (108, 98), (98, 99), (103, 99), (104, 99), (105, 99), (99, 100), (100, 100), (101, 100), (102, 100)]
[(38, 41), (39, 41), (40, 41), (35, 42), (36, 42), (37, 42), (41, 42), (32, 43), (33, 43), (34, 43), (42, 43), (29, 44), (30, 44), (31, 44), (26, 45), (27, 45), (28, 45), (23, 46), (24, 46), (25, 46), (41, 46), (19, 47), (20, 47), (21, 47), (22, 47), (40, 49), (18, 50), (39, 52), (17, 53), (38, 55), (16, 56), (37, 58), (15, 59), (36, 61), (14, 62), (34, 64), (35, 64), (36, 64), (13, 65), (31, 65), (32, 65), (33, 65), (28, 66), (29, 66), (30, 66), (25, 67), (26, 67), (27, 67), (13, 68), (22, 68), (23, 68), (24, 68), (14, 69), (19, 69), (20, 69), (21, 69), (15, 70), (16, 70), (17, 70), (18, 70)]
[(61, 37), (62, 37), (63, 37), (58, 38), (59, 38), (60, 38), (64, 38), (55, 39), (56, 39), (57, 39), (65, 39), (52, 40), (53, 40), (54, 40), (49, 41), (50, 41), (51, 41), (46, 42), (47, 42), (48, 42), (64, 42), (42, 43), (43, 43), (44, 43), (45, 43), (63, 45), (41, 46), (62, 48), (40, 49), (61, 51), (39, 52), (60, 54), (38, 55), (59, 57), (37, 58), (57, 60), (58, 60), (59, 60), (36, 61), (54, 61), (55, 61), (56, 61), (51, 62), (52, 62), (53, 62), (48, 63), (49, 63), (50, 63), (36, 64), (45, 64), (46, 64), (47, 64), (37, 65), (42, 65), (43, 65), (44, 65), (38, 66), (39, 66), (40, 66), (41, 66)]
[(57, 60), (58, 60), (59, 60), (54, 61), (55, 61), (56, 61), (60, 61), (51, 62), (52, 62), (53, 62), (61, 62), (48, 63), (49, 63), (50, 63), (45, 64), (46, 64), (47, 64), (42, 65), (43, 65), (44, 65), (60, 65), (38, 66), (39, 66), (40, 66), (41, 66), (59, 68), (37, 69), (58, 71), (36, 72), (57, 74), (35, 75), (56, 77), (34, 78), (55, 80), (33, 81), (53, 83), (54, 83), (55, 83), (32, 84), (50, 84), (51, 84), (52, 84), (47, 85), (48, 85), (49, 85), (44, 86), (45, 86), (46, 86), (32, 87), (41, 87), (42, 87), (43, 87), (33, 88), (38, 88), (39, 88), (40, 88), (34, 89), (35, 89), (36, 89), (37, 89)]
[(80, 56), (81, 56), (82, 56), (77, 57), (78, 57), (79, 57), (83, 57), (74, 58), (75, 58), (76, 58), (84, 58), (71, 59), (72, 59), (73, 59), (68, 60), (69, 60), (70, 60), (65, 61), (66, 61), (67, 61), (83, 61), (61, 62), (62, 62), (63, 62), (64, 62), (82, 64), (60, 65), (81, 67), (59, 68), (80, 70), (58, 71), (79, 73), (57, 74), (78, 76), (56, 77), (76, 79), (77, 79), (78, 79), (55, 80), (73, 80), (74, 80), (75, 80), (70, 81), (71, 81), (72, 81), (67, 82), (68, 82), (69, 82), (55, 83), (64, 83), (65, 83), (66, 83), (56, 84), (61, 84), (62, 84), (63, 84), (57, 85), (58, 85), (59, 85), (60, 85)]
[(76, 79), (77, 79), (78, 79), (73, 80), (74, 80), (75, 80), (79, 80), (70, 81), (71, 81), (72, 81), (80, 81), (67, 82), (68, 82), (69, 82), (64, 83), (65, 83), (66, 83), (61, 84), (62, 84), (63, 84), (79, 84), (57, 85), (58, 85), (59, 85), (60, 85), (78, 87), (56, 88), (77, 90), (55, 91), (76, 93), (54, 94), (75, 96), (53, 97), (74, 99), (52, 100), (72, 102), (73, 102), (74, 102), (51, 103), (69, 103), (70, 103), (71, 103), (66, 104), (67, 104), (68, 104), (63, 105), (64, 105), (65, 105), (51, 106), (60, 106), (61, 106), (62, 106), (52, 107), (57, 107), (58, 107), (59, 107), (53, 108), (54, 108), (55, 108), (56, 108)]
[(99, 75), (100, 75), (101, 75), (96, 76), (97, 76), (98, 76), (102, 76), (93, 77), (94, 77), (95, 77), (103, 77), (90, 78), (91, 78), (92, 78), (87, 79), (88, 79), (89, 79), (84, 80), (85, 80), (86, 80), (102, 80), (80, 81), (81, 81), (82, 81), (83, 81), (101, 83), (79, 84), (100, 86), (78, 87), (99, 89), (77, 90), (98, 92), (76, 93), (97, 95), (75, 96), (95, 98), (96, 98), (97, 98), (74, 99), (92, 99), (93, 99), (94, 99), (89, 100), (90, 100), (91, 100), (86, 101), (87, 101), (88, 101), (74, 102), (83, 102), (84, 102), (85, 102), (75, 103), (80, 103), (81, 103), (82, 103), (76, 104), (77, 104), (78, 104), (79, 104)]
[(95, 98), (96, 98), (97, 98), (92, 99), (93, 99), (94, 99), (98, 99), (89, 100), (90, 100), (91, 100), (99, 100), (86, 101), (87, 101), (88, 101), (83, 102), (84, 102), (85, 102), (80, 103), (81, 103), (82, 103), (98, 103), (76, 104), (77, 104), (78, 104), (79, 104), (97, 106), (75, 107), (96, 109), (74, 110), (95, 112), (73, 113)]
[(112, 96), (113, 96), (114, 96), (109, 97), (110, 97), (111, 97), (106, 98), (107, 98), (108, 98), (103, 99), (104, 99), (105, 99), (99, 100), (100, 100), (101, 100), (102, 100), (98, 103), (97, 106), (96, 109), (95, 112)]
[(11, 68), (12, 68), (13, 68), (8, 69), (9, 69), (10, 69), (14, 69), (5, 70), (6, 70), (7, 70), (15, 70), (2, 71), (3, 71), (4, 71), (0, 72), (1, 72), (14, 73), (13, 76), (12, 79), (11, 82), (10, 85), (9, 88), (7, 91), (8, 91), (9, 91), (4, 92), (5, 92), (6, 92), (1, 93), (2, 93), (3, 93), (0, 94)]
[(34, 64), (35, 64), (36, 64), (31, 65), (32, 65), (33, 65), (37, 65), (28, 66), (29, 66), (30, 66), (38, 66), (25, 67), (26, 67), (27, 67), (22, 68), (23, 68), (24, 68), (19, 69), (20, 69), (21, 69), (37, 69), (15, 70), (16, 70), (17, 70), (18, 70), (36, 72), (14, 73), (35, 75), (13, 76), (34, 78), (12, 79), (33, 81), (11, 82), (32, 84), (10, 85), (30, 87), (31, 87), (32, 87), (9, 88), (27, 88), (28, 88), (29, 88), (24, 89), (25, 89), (26, 89), (21, 90), (22, 90), (23, 90), (9, 91), (18, 91), (19, 91), (20, 91), (10, 92), (15, 92), (16, 92), (17, 92), (11, 93), (12, 93), (13, 93), (14, 93)]
[(30, 87), (31, 87), (32, 87), (27, 88), (28, 88), (29, 88), (33, 88), (24, 89), (25, 89), (26, 89), (34, 89), (21, 90), (22, 90), (23, 90), (18, 91), (19, 91), (20, 91), (15, 92), (16, 92), (17, 92), (33, 92), (11, 93), (12, 93), (13, 93), (14, 93), (32, 95), (10, 96), (31, 98), (9, 99), (30, 101), (8, 102), (29, 104), (7, 105), (28, 107), (6, 108), (26, 110), (27, 110), (28, 110), (5, 111), (23, 111), (24, 111), (25, 111), (20, 112), (21, 112), (22, 112), (17, 113), (18, 113), (19, 113), (5, 114), (14, 114), (15, 114), (16, 114)]
[(53, 83), (54, 83), (55, 83), (50, 84), (51, 84), (52, 84), (56, 84), (47, 85), (48, 85), (49, 85), (57, 85), (44, 86), (45, 86), (46, 86), (41, 87), (42, 87), (43, 87), (38, 88), (39, 88), (40, 88), (56, 88), (34, 89), (35, 89), (36, 89), (37, 89), (55, 91), (33, 92), (54, 94), (32, 95), (53, 97), (31, 98), (52, 100), (30, 101), (51, 103), (29, 104), (49, 106), (50, 106), (51, 106), (28, 107), (46, 107), (47, 107), (48, 107), (43, 108), (44, 108), (45, 108), (40, 109), (41, 109), (42, 109), (28, 110), (37, 110), (38, 110), (39, 110), (29, 111), (34, 111), (35, 111), (36, 111), (30, 112), (31, 112), (32, 112), (33, 112)]
[(49, 106), (50, 106), (51, 106), (46, 107), (47, 107), (48, 107), (52, 107), (43, 108), (44, 108), (45, 108), (53, 108), (40, 109), (41, 109), (42, 109), (37, 110), (38, 110), (39, 110), (34, 111), (35, 111), (36, 111), (52, 111), (30, 112), (31, 112), (32, 112), (33, 112), (51, 114)]
[(72, 102), (73, 102), (74, 102), (69, 103), (70, 103), (71, 103), (75, 103), (66, 104), (67, 104), (68, 104), (76, 104), (63, 105), (64, 105), (65, 105), (60, 106), (61, 106), (62, 106), (57, 107), (58, 107), (59, 107), (75, 107), (53, 108), (54, 108), (55, 108), (56, 108), (74, 110), (52, 111), (73, 113), (51, 114)]
[(7, 91), (8, 91), (9, 91), (4, 92), (5, 92), (6, 92), (10, 92), (1, 93), (2, 93), (3, 93), (11, 93), (0, 94), (10, 96), (9, 99), (8, 102), (7, 105), (6, 108), (5, 111), (3, 114), (4, 114), (5, 114)]
[(3, 114), (4, 114), (5, 114)]
[(26, 110), (27, 110), (28, 110), (23, 111), (24, 111), (25, 111), (29, 111), (20, 112), (21, 112), (22, 112), (30, 112), (17, 113), (18, 113), (19, 113), (14, 114), (15, 114), (16, 114)]
