[(114, 12), (112, 13), (113, 13), (109, 14), (110, 14), (111, 14), (106, 15), (107, 15), (108, 15), (105, 17), (104, 20), (103, 23), (102, 25), (101, 28), (101, 30), (102, 31), (103, 32), (104, 33), (105, 34), (113, 34), (114, 34), (106, 35), (110, 35), (111, 35), (112, 35), (107, 36), (108, 36), (109, 36)]
[(78, 8), (79, 8), (75, 9), (76, 9), (77, 9), (80, 9), (72, 10), (73, 10), (74, 10), (81, 10), (70, 11), (71, 11), (82, 11), (67, 12), (68, 12), (69, 12), (83, 12), (64, 13), (65, 13), (66, 13), (84, 13), (85, 14), (63, 15), (84, 16), (62, 18), (83, 19), (61, 21), (82, 22), (60, 23), (81, 24), (59, 26), (80, 27), (59, 28), (60, 29), (79, 29), (80, 29), (61, 30), (76, 30), (77, 30), (78, 30), (62, 31), (73, 31), (74, 31), (75, 31), (63, 32), (71, 32), (72, 32), (64, 33), (68, 33), (69, 33), (70, 33), (65, 34), (66, 34), (67, 34)]
[(99, 9), (100, 9), (96, 10), (97, 10), (98, 10), (101, 10), (93, 11), (94, 11), (95, 11), (102, 11), (91, 12), (92, 12), (103, 12), (88, 13), (89, 13), (90, 13), (104, 13), (85, 14), (86, 14), (87, 14), (105, 14), (106, 15), (84, 16), (105, 17), (83, 19), (104, 20), (82, 22), (103, 23), (81, 24), (102, 25), (80, 27), (101, 28), (80, 29), (81, 30), (100, 30), (101, 30), (82, 31), (97, 31), (98, 31), (99, 31), (83, 32), (94, 32), (95, 32), (96, 32), (84, 33), (92, 33), (93, 33), (85, 34), (89, 34), (90, 34), (91, 34), (86, 35), (87, 35), (88, 35)]
[(100, 30), (101, 30), (97, 31), (98, 31), (99, 31), (102, 31), (94, 32), (95, 32), (96, 32), (103, 32), (92, 33), (93, 33), (104, 33), (89, 34), (90, 34), (91, 34), (105, 34), (86, 35), (87, 35), (88, 35), (106, 35), (107, 36), (85, 37), (106, 38), (84, 40), (105, 41), (83, 43), (104, 44), (82, 45), (103, 46), (81, 48), (102, 49), (81, 50), (82, 51), (101, 51), (102, 51), (83, 52), (98, 52), (99, 52), (100, 52), (84, 53), (95, 53), (96, 53), (97, 53), (85, 54), (93, 54), (94, 54), (86, 55), (90, 55), (91, 55), (92, 55), (87, 56), (88, 56), (89, 56)]
[(113, 34), (114, 34), (110, 35), (111, 35), (112, 35), (107, 36), (108, 36), (109, 36), (106, 38), (105, 41), (104, 44), (103, 46), (102, 49), (102, 51), (103, 52), (104, 53), (105, 54), (106, 55), (114, 55), (107, 56), (111, 56), (112, 56), (113, 56), (108, 57), (109, 57), (110, 57)]
[(114, 55), (111, 56), (112, 56), (113, 56), (108, 57), (109, 57), (110, 57), (107, 59), (106, 62), (105, 65), (104, 67), (103, 70), (103, 72), (104, 73), (105, 74), (106, 75), (107, 76), (108, 77), (112, 77), (113, 77), (114, 77), (109, 78), (110, 78), (111, 78)]
[(58, 28), (59, 28), (55, 29), (56, 29), (57, 29), (60, 29), (52, 30), (53, 30), (54, 30), (61, 30), (50, 31), (51, 31), (62, 31), (47, 32), (48, 32), (49, 32), (63, 32), (44, 33), (45, 33), (46, 33), (64, 33), (65, 34), (43, 35), (64, 36), (42, 38), (63, 39), (41, 41), (62, 42), (40, 43), (61, 44), (39, 46), (60, 47), (39, 48), (40, 49), (59, 49), (60, 49), (41, 50), (56, 50), (57, 50), (58, 50), (42, 51), (53, 51), (54, 51), (55, 51), (43, 52), (51, 52), (52, 52), (44, 53), (48, 53), (49, 53), (50, 53), (45, 54), (46, 54), (47, 54)]
[(79, 29), (80, 29), (76, 30), (77, 30), (78, 30), (81, 30), (73, 31), (74, 31), (75, 31), (82, 31), (71, 32), (72, 32), (83, 32), (68, 33), (69, 33), (70, 33), (84, 33), (65, 34), (66, 34), (67, 34), (85, 34), (86, 35), (64, 36), (85, 37), (63, 39), (84, 40), (62, 42), (83, 43), (61, 44), (82, 45), (60, 47), (81, 48), (60, 49), (61, 50), (80, 50), (81, 50), (62, 51), (77, 51), (78, 51), (79, 51), (63, 52), (74, 52), (75, 52), (76, 52), (64, 53), (72, 53), (73, 53), (65, 54), (69, 54), (70, 54), (71, 54), (66, 55), (67, 55), (68, 55)]
[(80, 50), (81, 50), (77, 51), (78, 51), (79, 51), (82, 51), (74, 52), (75, 52), (76, 52), (83, 52), (72, 53), (73, 53), (84, 53), (69, 54), (70, 54), (71, 54), (85, 54), (66, 55), (67, 55), (68, 55), (86, 55), (87, 56), (65, 57), (86, 58), (64, 60), (85, 61), (63, 63), (84, 64), (62, 65), (83, 66), (61, 68), (82, 69), (61, 70), (62, 71), (81, 71), (82, 71), (63, 72), (78, 72), (79, 72), (80, 72), (64, 73), (75, 73), (76, 73), (77, 73), (65, 74), (73, 74), (74, 74), (66, 75), (70, 75), (71, 75), (72, 75), (67, 76), (68, 76), (69, 76)]
[(101, 51), (102, 51), (98, 52), (99, 52), (100, 52), (103, 52), (95, 53), (96, 53), (97, 53), (104, 53), (93, 54), (94, 54), (105, 54), (90, 55), (91, 55), (92, 55), (106, 55), (87, 56), (88, 56), (89, 56), (107, 56), (108, 57), (86, 58), (107, 59), (85, 61), (106, 62), (84, 64), (105, 65), (83, 66), (104, 67), (82, 69), (103, 70), (82, 71), (83, 72), (102, 72), (103, 72), (84, 73), (99, 73), (100, 73), (101, 73), (85, 74), (96, 74), (97, 74), (98, 74), (86, 75), (94, 75), (95, 75), (87, 76), (91, 76), (92, 76), (93, 76), (88, 77), (89, 77), (90, 77)]
[(102, 72), (103, 72), (99, 73), (100, 73), (101, 73), (104, 73), (96, 74), (97, 74), (98, 74), (105, 74), (94, 75), (95, 75), (106, 75), (91, 76), (92, 76), (93, 76), (107, 76), (88, 77), (89, 77), (90, 77), (108, 77), (109, 78), (87, 79), (108, 80), (86, 82), (107, 83), (85, 85), (106, 86), (84, 87), (105, 88), (83, 90), (104, 91), (83, 92), (84, 93), (103, 93), (104, 93), (85, 94), (100, 94), (101, 94), (102, 94), (86, 95), (97, 95), (98, 95), (99, 95), (87, 96), (95, 96), (96, 96), (88, 97), (92, 97), (93, 97), (94, 97), (89, 98), (90, 98), (91, 98)]
[(112, 77), (113, 77), (114, 77), (109, 78), (110, 78), (111, 78), (108, 80), (107, 83), (106, 86), (105, 88), (104, 91), (104, 93), (105, 94), (106, 95), (107, 96), (108, 97), (109, 98), (113, 98), (114, 98), (110, 99), (111, 99), (112, 99)]
[(59, 49), (60, 49), (56, 50), (57, 50), (58, 50), (61, 50), (53, 51), (54, 51), (55, 51), (62, 51), (51, 52), (52, 52), (63, 52), (48, 53), (49, 53), (50, 53), (64, 53), (45, 54), (46, 54), (47, 54), (65, 54), (66, 55), (44, 56), (65, 57), (43, 59), (64, 60), (42, 62), (63, 63), (41, 64), (62, 65), (40, 67), (61, 68), (40, 69), (41, 70), (60, 70), (61, 70), (42, 71), (57, 71), (58, 71), (59, 71), (43, 72), (54, 72), (55, 72), (56, 72), (44, 73), (52, 73), (53, 73), (45, 74), (49, 74), (50, 74), (51, 74), (46, 75), (47, 75), (48, 75)]
[(60, 70), (61, 70), (57, 71), (58, 71), (59, 71), (62, 71), (54, 72), (55, 72), (56, 72), (63, 72), (52, 73), (53, 73), (64, 73), (49, 74), (50, 74), (51, 74), (65, 74), (46, 75), (47, 75), (48, 75), (66, 75), (67, 76), (45, 77), (66, 78), (44, 80), (65, 81), (43, 83), (64, 84), (42, 85), (63, 86), (41, 88), (62, 89), (41, 90), (42, 91), (61, 91), (62, 91), (43, 92), (58, 92), (59, 92), (60, 92), (44, 93), (55, 93), (56, 93), (57, 93), (45, 94), (53, 94), (54, 94), (46, 95), (50, 95), (51, 95), (52, 95), (47, 96), (48, 96), (49, 96)]
[(81, 71), (82, 71), (78, 72), (79, 72), (80, 72), (83, 72), (75, 73), (76, 73), (77, 73), (84, 73), (73, 74), (74, 74), (85, 74), (70, 75), (71, 75), (72, 75), (86, 75), (67, 76), (68, 76), (69, 76), (87, 76), (88, 77), (66, 78), (87, 79), (65, 81), (86, 82), (64, 84), (85, 85), (63, 86), (84, 87), (62, 89), (83, 90), (62, 91), (63, 92), (82, 92), (83, 92), (64, 93), (79, 93), (80, 93), (81, 93), (65, 94), (76, 94), (77, 94), (78, 94), (66, 95), (74, 95), (75, 95), (67, 96), (71, 96), (72, 96), (73, 96), (68, 97), (69, 97), (70, 97)]
[(82, 92), (83, 92), (79, 93), (80, 93), (81, 93), (84, 93), (76, 94), (77, 94), (78, 94), (85, 94), (74, 95), (75, 95), (86, 95), (71, 96), (72, 96), (73, 96), (87, 96), (68, 97), (69, 97), (70, 97), (88, 97), (89, 98), (67, 99), (88, 100), (66, 102), (87, 103), (65, 105), (86, 106), (64, 107), (85, 108), (63, 110), (84, 111), (63, 112), (64, 113), (83, 113), (84, 113), (65, 114), (80, 114), (81, 114), (82, 114)]
[(103, 93), (104, 93), (100, 94), (101, 94), (102, 94), (105, 94), (97, 95), (98, 95), (99, 95), (106, 95), (95, 96), (96, 96), (107, 96), (92, 97), (93, 97), (94, 97), (108, 97), (89, 98), (90, 98), (91, 98), (109, 98), (110, 99), (88, 100), (109, 101), (87, 103), (108, 104), (86, 106), (107, 107), (85, 108), (106, 109), (84, 111), (105, 112), (84, 113), (85, 114), (104, 114), (105, 114)]
[(61, 91), (62, 91), (58, 92), (59, 92), (60, 92), (63, 92), (55, 93), (56, 93), (57, 93), (64, 93), (53, 94), (54, 94), (65, 94), (50, 95), (51, 95), (52, 95), (66, 95), (47, 96), (48, 96), (49, 96), (67, 96), (68, 97), (46, 98), (67, 99), (45, 101), (66, 102), (44, 104), (65, 105), (43, 106), (64, 107), (42, 109), (63, 110), (42, 111), (43, 112), (62, 112), (63, 112), (44, 113), (59, 113), (60, 113), (61, 113), (45, 114), (56, 114), (57, 114), (58, 114)]
[(62, 112), (63, 112), (59, 113), (60, 113), (61, 113), (64, 113), (56, 114), (57, 114), (58, 114), (65, 114)]
[(83, 113), (84, 113), (80, 114), (81, 114), (82, 114), (85, 114)]
