[(76, 28), (73, 29), (74, 29), (75, 29), (77, 29), (71, 30), (72, 30), (78, 30), (68, 31), (69, 31), (70, 31), (79, 31), (66, 32), (67, 32), (80, 32), (63, 33), (64, 33), (65, 33), (81, 33), (60, 34), (61, 34), (62, 34), (80, 35), (59, 36), (79, 38), (58, 39), (78, 40), (57, 41), (77, 43), (56, 44), (76, 45), (55, 46), (75, 48), (54, 49), (75, 49), (54, 50), (72, 50), (73, 50), (74, 50), (55, 51), (70, 51), (71, 51), (56, 52), (67, 52), (68, 52), (69, 52), (57, 53), (65, 53), (66, 53), (58, 54), (62, 54), (63, 54), (64, 54), (59, 55), (60, 55), (61, 55)]
[(97, 27), (94, 28), (95, 28), (96, 28), (98, 28), (92, 29), (93, 29), (99, 29), (89, 30), (90, 30), (91, 30), (100, 30), (87, 31), (88, 31), (101, 31), (84, 32), (85, 32), (86, 32), (102, 32), (81, 33), (82, 33), (83, 33), (101, 34), (80, 35), (100, 37), (79, 38), (99, 39), (78, 40), (98, 42), (77, 43), (97, 44), (76, 45), (96, 47), (75, 48), (96, 48), (75, 49), (93, 49), (94, 49), (95, 49), (76, 50), (91, 50), (92, 50), (77, 51), (88, 51), (89, 51), (90, 51), (78, 52), (86, 52), (87, 52), (79, 53), (83, 53), (84, 53), (85, 53), (80, 54), (81, 54), (82, 54)]
[(96, 48), (93, 49), (94, 49), (95, 49), (97, 49), (91, 50), (92, 50), (98, 50), (88, 51), (89, 51), (90, 51), (99, 51), (86, 52), (87, 52), (100, 52), (83, 53), (84, 53), (85, 53), (101, 53), (80, 54), (81, 54), (82, 54), (100, 55), (79, 56), (99, 58), (78, 59), (98, 60), (77, 61), (97, 63), (76, 64), (96, 65), (75, 66), (95, 68), (74, 69), (95, 69), (74, 70), (92, 70), (93, 70), (94, 70), (75, 71), (90, 71), (91, 71), (76, 72), (87, 72), (88, 72), (89, 72), (77, 73), (85, 73), (86, 73), (78, 74), (82, 74), (83, 74), (84, 74), (79, 75), (80, 75), (81, 75)]
[(114, 48), (112, 49), (113, 49), (109, 50), (110, 50), (111, 50), (107, 51), (108, 51), (104, 52), (105, 52), (106, 52), (101, 53), (102, 53), (103, 53), (100, 55), (99, 58), (98, 60), (97, 63), (96, 65), (95, 68), (95, 69), (113, 69), (114, 69), (96, 70), (111, 70), (112, 70), (97, 71), (108, 71), (109, 71), (110, 71), (98, 72), (106, 72), (107, 72), (99, 73), (103, 73), (104, 73), (105, 73), (100, 74), (101, 74), (102, 74)]
[(113, 69), (114, 69), (111, 70), (112, 70), (108, 71), (109, 71), (110, 71), (106, 72), (107, 72), (103, 73), (104, 73), (105, 73), (100, 74), (101, 74), (102, 74), (99, 76), (98, 79), (97, 81), (96, 84), (95, 86), (94, 89), (94, 90), (112, 90), (113, 90), (114, 90), (95, 91), (110, 91), (111, 91), (96, 92), (107, 92), (108, 92), (109, 92), (97, 93), (105, 93), (106, 93), (98, 94), (102, 94), (103, 94), (104, 94), (99, 95), (100, 95), (101, 95)]
[(34, 30), (31, 31), (32, 31), (33, 31), (35, 31), (29, 32), (30, 32), (36, 32), (26, 33), (27, 33), (28, 33), (37, 33), (24, 34), (25, 34), (38, 34), (21, 35), (22, 35), (23, 35), (39, 35), (18, 36), (19, 36), (20, 36), (38, 37), (17, 38), (37, 40), (16, 41), (36, 42), (15, 43), (35, 45), (14, 46), (34, 47), (13, 48), (33, 50), (12, 51), (33, 51), (12, 52), (30, 52), (31, 52), (32, 52), (13, 53), (28, 53), (29, 53), (14, 54), (25, 54), (26, 54), (27, 54), (15, 55), (23, 55), (24, 55), (16, 56), (20, 56), (21, 56), (22, 56), (17, 57), (18, 57), (19, 57)]
[(55, 29), (52, 30), (53, 30), (54, 30), (56, 30), (50, 31), (51, 31), (57, 31), (47, 32), (48, 32), (49, 32), (58, 32), (45, 33), (46, 33), (59, 33), (42, 34), (43, 34), (44, 34), (60, 34), (39, 35), (40, 35), (41, 35), (59, 36), (38, 37), (58, 39), (37, 40), (57, 41), (36, 42), (56, 44), (35, 45), (55, 46), (34, 47), (54, 49), (33, 50), (54, 50), (33, 51), (51, 51), (52, 51), (53, 51), (34, 52), (49, 52), (50, 52), (35, 53), (46, 53), (47, 53), (48, 53), (36, 54), (44, 54), (45, 54), (37, 55), (41, 55), (42, 55), (43, 55), (38, 56), (39, 56), (40, 56)]
[(54, 50), (51, 51), (52, 51), (53, 51), (55, 51), (49, 52), (50, 52), (56, 52), (46, 53), (47, 53), (48, 53), (57, 53), (44, 54), (45, 54), (58, 54), (41, 55), (42, 55), (43, 55), (59, 55), (38, 56), (39, 56), (40, 56), (58, 57), (37, 58), (57, 60), (36, 61), (56, 62), (35, 63), (55, 65), (34, 66), (54, 67), (33, 68), (53, 70), (32, 71), (53, 71), (32, 72), (50, 72), (51, 72), (52, 72), (33, 73), (48, 73), (49, 73), (34, 74), (45, 74), (46, 74), (47, 74), (35, 75), (43, 75), (44, 75), (36, 76), (40, 76), (41, 76), (42, 76), (37, 77), (38, 77), (39, 77)]
[(75, 49), (72, 50), (73, 50), (74, 50), (76, 50), (70, 51), (71, 51), (77, 51), (67, 52), (68, 52), (69, 52), (78, 52), (65, 53), (66, 53), (79, 53), (62, 54), (63, 54), (64, 54), (80, 54), (59, 55), (60, 55), (61, 55), (79, 56), (58, 57), (78, 59), (57, 60), (77, 61), (56, 62), (76, 64), (55, 65), (75, 66), (54, 67), (74, 69), (53, 70), (74, 70), (53, 71), (71, 71), (72, 71), (73, 71), (54, 72), (69, 72), (70, 72), (55, 73), (66, 73), (67, 73), (68, 73), (56, 74), (64, 74), (65, 74), (57, 75), (61, 75), (62, 75), (63, 75), (58, 76), (59, 76), (60, 76)]
[(74, 70), (71, 71), (72, 71), (73, 71), (75, 71), (69, 72), (70, 72), (76, 72), (66, 73), (67, 73), (68, 73), (77, 73), (64, 74), (65, 74), (78, 74), (61, 75), (62, 75), (63, 75), (79, 75), (58, 76), (59, 76), (60, 76), (78, 77), (57, 78), (77, 80), (56, 81), (76, 82), (55, 83), (75, 85), (54, 86), (74, 87), (53, 88), (73, 90), (52, 91), (73, 91), (52, 92), (70, 92), (71, 92), (72, 92), (53, 93), (68, 93), (69, 93), (54, 94), (65, 94), (66, 94), (67, 94), (55, 95), (63, 95), (64, 95), (56, 96), (60, 96), (61, 96), (62, 96), (57, 97), (58, 97), (59, 97)]
[(95, 69), (92, 70), (93, 70), (94, 70), (96, 70), (90, 71), (91, 71), (97, 71), (87, 72), (88, 72), (89, 72), (98, 72), (85, 73), (86, 73), (99, 73), (82, 74), (83, 74), (84, 74), (100, 74), (79, 75), (80, 75), (81, 75), (99, 76), (78, 77), (98, 79), (77, 80), (97, 81), (76, 82), (96, 84), (75, 85), (95, 86), (74, 87), (94, 89), (73, 90), (94, 90), (73, 91), (91, 91), (92, 91), (93, 91), (74, 92), (89, 92), (90, 92), (75, 93), (86, 93), (87, 93), (88, 93), (76, 94), (84, 94), (85, 94), (77, 95), (81, 95), (82, 95), (83, 95), (78, 96), (79, 96), (80, 96)]
[(94, 90), (91, 91), (92, 91), (93, 91), (95, 91), (89, 92), (90, 92), (96, 92), (86, 93), (87, 93), (88, 93), (97, 93), (84, 94), (85, 94), (98, 94), (81, 95), (82, 95), (83, 95), (99, 95), (78, 96), (79, 96), (80, 96), (98, 97), (77, 98), (97, 100), (76, 101), (96, 102), (75, 103), (95, 105), (74, 106), (94, 107), (73, 108), (93, 110), (72, 111), (93, 111), (72, 112), (90, 112), (91, 112), (92, 112), (73, 113), (88, 113), (89, 113), (74, 114), (85, 114), (86, 114), (87, 114)]
[(112, 90), (113, 90), (114, 90), (110, 91), (111, 91), (107, 92), (108, 92), (109, 92), (105, 93), (106, 93), (102, 94), (103, 94), (104, 94), (99, 95), (100, 95), (101, 95), (98, 97), (97, 100), (96, 102), (95, 105), (94, 107), (114, 109), (93, 110), (114, 110), (93, 111), (111, 111), (112, 111), (113, 111), (94, 112), (109, 112), (110, 112), (95, 113), (106, 113), (107, 113), (108, 113), (96, 114), (104, 114), (105, 114)]
[(12, 52), (9, 53), (10, 53), (11, 53), (13, 53), (7, 54), (8, 54), (14, 54), (4, 55), (5, 55), (6, 55), (15, 55), (2, 56), (3, 56), (16, 56), (0, 57), (1, 57), (17, 57), (16, 59), (15, 62), (14, 64), (13, 67), (12, 69), (11, 72), (11, 73), (8, 74), (9, 74), (10, 74), (6, 75), (7, 75), (3, 76), (4, 76), (5, 76), (1, 77), (2, 77), (0, 78)]
[(33, 51), (30, 52), (31, 52), (32, 52), (34, 52), (28, 53), (29, 53), (35, 53), (25, 54), (26, 54), (27, 54), (36, 54), (23, 55), (24, 55), (37, 55), (20, 56), (21, 56), (22, 56), (38, 56), (17, 57), (18, 57), (19, 57), (37, 58), (16, 59), (36, 61), (15, 62), (35, 63), (14, 64), (34, 66), (13, 67), (33, 68), (12, 69), (32, 71), (11, 72), (32, 72), (11, 73), (29, 73), (30, 73), (31, 73), (12, 74), (27, 74), (28, 74), (13, 75), (24, 75), (25, 75), (26, 75), (14, 76), (22, 76), (23, 76), (15, 77), (19, 77), (20, 77), (21, 77), (16, 78), (17, 78), (18, 78)]
[(32, 72), (29, 73), (30, 73), (31, 73), (33, 73), (27, 74), (28, 74), (34, 74), (24, 75), (25, 75), (26, 75), (35, 75), (22, 76), (23, 76), (36, 76), (19, 77), (20, 77), (21, 77), (37, 77), (16, 78), (17, 78), (18, 78), (36, 79), (15, 80), (35, 82), (14, 83), (34, 84), (13, 85), (33, 87), (12, 88), (32, 89), (11, 90), (31, 92), (10, 93), (31, 93), (10, 94), (28, 94), (29, 94), (30, 94), (11, 95), (26, 95), (27, 95), (12, 96), (23, 96), (24, 96), (25, 96), (13, 97), (21, 97), (22, 97), (14, 98), (18, 98), (19, 98), (20, 98), (15, 99), (16, 99), (17, 99)]
[(53, 71), (50, 72), (51, 72), (52, 72), (54, 72), (48, 73), (49, 73), (55, 73), (45, 74), (46, 74), (47, 74), (56, 74), (43, 75), (44, 75), (57, 75), (40, 76), (41, 76), (42, 76), (58, 76), (37, 77), (38, 77), (39, 77), (57, 78), (36, 79), (56, 81), (35, 82), (55, 83), (34, 84), (54, 86), (33, 87), (53, 88), (32, 89), (52, 91), (31, 92), (52, 92), (31, 93), (49, 93), (50, 93), (51, 93), (32, 94), (47, 94), (48, 94), (33, 95), (44, 95), (45, 95), (46, 95), (34, 96), (42, 96), (43, 96), (35, 97), (39, 97), (40, 97), (41, 97), (36, 98), (37, 98), (38, 98)]
[(52, 92), (49, 93), (50, 93), (51, 93), (53, 93), (47, 94), (48, 94), (54, 94), (44, 95), (45, 95), (46, 95), (55, 95), (42, 96), (43, 96), (56, 96), (39, 97), (40, 97), (41, 97), (57, 97), (36, 98), (37, 98), (38, 98), (56, 99), (35, 100), (55, 102), (34, 103), (54, 104), (33, 105), (53, 107), (32, 108), (52, 109), (31, 110), (51, 112), (30, 113), (51, 113), (30, 114), (48, 114), (49, 114), (50, 114)]
[(73, 91), (70, 92), (71, 92), (72, 92), (74, 92), (68, 93), (69, 93), (75, 93), (65, 94), (66, 94), (67, 94), (76, 94), (63, 95), (64, 95), (77, 95), (60, 96), (61, 96), (62, 96), (78, 96), (57, 97), (58, 97), (59, 97), (77, 98), (56, 99), (76, 101), (55, 102), (75, 103), (54, 104), (74, 106), (53, 107), (73, 108), (52, 109), (72, 111), (51, 112), (72, 112), (51, 113), (69, 113), (70, 113), (71, 113), (52, 114), (67, 114), (68, 114)]
[(72, 112), (69, 113), (70, 113), (71, 113), (73, 113), (67, 114), (68, 114), (74, 114)]
[(93, 111), (90, 112), (91, 112), (92, 112), (94, 112), (88, 113), (89, 113), (95, 113), (85, 114), (86, 114), (87, 114), (96, 114)]
[(11, 73), (8, 74), (9, 74), (10, 74), (12, 74), (6, 75), (7, 75), (13, 75), (3, 76), (4, 76), (5, 76), (14, 76), (1, 77), (2, 77), (15, 77), (0, 78), (16, 78), (15, 80), (14, 83), (13, 85), (12, 88), (11, 90), (10, 93), (10, 94), (7, 95), (8, 95), (9, 95), (5, 96), (6, 96), (2, 97), (3, 97), (4, 97), (0, 98), (1, 98)]
[(10, 94), (7, 95), (8, 95), (9, 95), (11, 95), (5, 96), (6, 96), (12, 96), (2, 97), (3, 97), (4, 97), (13, 97), (0, 98), (1, 98), (14, 98), (15, 99), (14, 101), (13, 104), (12, 106), (11, 109), (10, 111), (9, 114)]
[(31, 93), (28, 94), (29, 94), (30, 94), (32, 94), (26, 95), (27, 95), (33, 95), (23, 96), (24, 96), (25, 96), (34, 96), (21, 97), (22, 97), (35, 97), (18, 98), (19, 98), (20, 98), (36, 98), (15, 99), (16, 99), (17, 99), (35, 100), (14, 101), (34, 103), (13, 104), (33, 105), (12, 106), (32, 108), (11, 109), (31, 110), (10, 111), (30, 113), (9, 114), (30, 114)]
[(30, 114)]
[(51, 113), (48, 114), (49, 114), (50, 114), (52, 114)]
