[(114, 35), (111, 36), (112, 36), (113, 36), (109, 37), (110, 37), (106, 38), (107, 38), (108, 38), (104, 39), (105, 39), (101, 40), (102, 40), (103, 40), (98, 41), (99, 41), (100, 41), (97, 43), (96, 46), (95, 48), (94, 51), (93, 53), (92, 56), (91, 58), (90, 61), (91, 61), (92, 62), (114, 62), (93, 63), (111, 63), (112, 63), (113, 63), (94, 64), (109, 64), (110, 64), (95, 65), (106, 65), (107, 65), (108, 65), (96, 66), (104, 66), (105, 66), (97, 67), (101, 67), (102, 67), (103, 67), (98, 68), (99, 68), (100, 68)]
[(62, 34), (63, 34), (64, 34), (60, 35), (61, 35), (65, 35), (57, 36), (58, 36), (59, 36), (66, 36), (55, 37), (56, 37), (67, 37), (52, 38), (53, 38), (54, 38), (68, 38), (50, 39), (51, 39), (69, 39), (47, 40), (48, 40), (49, 40), (70, 40), (44, 41), (45, 41), (46, 41), (71, 41), (43, 43), (70, 43), (42, 46), (69, 46), (41, 48), (68, 48), (40, 51), (67, 51), (39, 53), (66, 53), (38, 56), (65, 56), (37, 58), (64, 58), (36, 61), (37, 61), (62, 61), (63, 61), (64, 61), (38, 62), (60, 62), (61, 62), (39, 63), (57, 63), (58, 63), (59, 63), (40, 64), (55, 64), (56, 64), (41, 65), (52, 65), (53, 65), (54, 65), (42, 66), (50, 66), (51, 66), (43, 67), (47, 67), (48, 67), (49, 67), (44, 68), (45, 68), (46, 68)]
[(89, 34), (90, 34), (91, 34), (87, 35), (88, 35), (92, 35), (84, 36), (85, 36), (86, 36), (93, 36), (82, 37), (83, 37), (94, 37), (79, 38), (80, 38), (81, 38), (95, 38), (77, 39), (78, 39), (96, 39), (74, 40), (75, 40), (76, 40), (97, 40), (71, 41), (72, 41), (73, 41), (98, 41), (70, 43), (97, 43), (69, 46), (96, 46), (68, 48), (95, 48), (67, 51), (94, 51), (66, 53), (93, 53), (65, 56), (92, 56), (64, 58), (91, 58), (63, 61), (64, 61), (89, 61), (90, 61), (91, 61), (65, 62), (87, 62), (88, 62), (66, 63), (84, 63), (85, 63), (86, 63), (67, 64), (82, 64), (83, 64), (68, 65), (79, 65), (80, 65), (81, 65), (69, 66), (77, 66), (78, 66), (70, 67), (74, 67), (75, 67), (76, 67), (71, 68), (72, 68), (73, 68)]
[(89, 61), (90, 61), (91, 61), (87, 62), (88, 62), (92, 62), (84, 63), (85, 63), (86, 63), (93, 63), (82, 64), (83, 64), (94, 64), (79, 65), (80, 65), (81, 65), (95, 65), (77, 66), (78, 66), (96, 66), (74, 67), (75, 67), (76, 67), (97, 67), (71, 68), (72, 68), (73, 68), (98, 68), (70, 70), (97, 70), (69, 73), (96, 73), (68, 75), (95, 75), (67, 78), (94, 78), (66, 80), (93, 80), (65, 83), (92, 83), (64, 85), (91, 85), (63, 88), (64, 88), (89, 88), (90, 88), (91, 88), (65, 89), (87, 89), (88, 89), (66, 90), (84, 90), (85, 90), (86, 90), (67, 91), (82, 91), (83, 91), (68, 92), (79, 92), (80, 92), (81, 92), (69, 93), (77, 93), (78, 93), (70, 94), (74, 94), (75, 94), (76, 94), (71, 95), (72, 95), (73, 95)]
[(114, 62), (111, 63), (112, 63), (113, 63), (109, 64), (110, 64), (106, 65), (107, 65), (108, 65), (104, 66), (105, 66), (101, 67), (102, 67), (103, 67), (98, 68), (99, 68), (100, 68), (97, 70), (96, 73), (95, 75), (94, 78), (93, 80), (92, 83), (91, 85), (90, 88), (91, 88), (92, 89), (114, 89), (93, 90), (111, 90), (112, 90), (113, 90), (94, 91), (109, 91), (110, 91), (95, 92), (106, 92), (107, 92), (108, 92), (96, 93), (104, 93), (105, 93), (97, 94), (101, 94), (102, 94), (103, 94), (98, 95), (99, 95), (100, 95)]
[(114, 89), (111, 90), (112, 90), (113, 90), (109, 91), (110, 91), (106, 92), (107, 92), (108, 92), (104, 93), (105, 93), (101, 94), (102, 94), (103, 94), (98, 95), (99, 95), (100, 95), (97, 97), (96, 100), (95, 102), (94, 105), (93, 107), (92, 110), (91, 112)]
[(35, 61), (36, 61), (37, 61), (33, 62), (34, 62), (38, 62), (30, 63), (31, 63), (32, 63), (39, 63), (28, 64), (29, 64), (40, 64), (25, 65), (26, 65), (27, 65), (41, 65), (23, 66), (24, 66), (42, 66), (20, 67), (21, 67), (22, 67), (43, 67), (17, 68), (18, 68), (19, 68), (44, 68), (16, 70), (43, 70), (15, 73), (42, 73), (14, 75), (41, 75), (13, 78), (40, 78), (12, 80), (39, 80), (11, 83), (38, 83), (10, 85), (37, 85), (9, 88), (10, 88), (35, 88), (36, 88), (37, 88), (11, 89), (33, 89), (34, 89), (12, 90), (30, 90), (31, 90), (32, 90), (13, 91), (28, 91), (29, 91), (14, 92), (25, 92), (26, 92), (27, 92), (15, 93), (23, 93), (24, 93), (16, 94), (20, 94), (21, 94), (22, 94), (17, 95), (18, 95), (19, 95)]
[(62, 61), (63, 61), (64, 61), (60, 62), (61, 62), (65, 62), (57, 63), (58, 63), (59, 63), (66, 63), (55, 64), (56, 64), (67, 64), (52, 65), (53, 65), (54, 65), (68, 65), (50, 66), (51, 66), (69, 66), (47, 67), (48, 67), (49, 67), (70, 67), (44, 68), (45, 68), (46, 68), (71, 68), (43, 70), (70, 70), (42, 73), (69, 73), (41, 75), (68, 75), (40, 78), (67, 78), (39, 80), (66, 80), (38, 83), (65, 83), (37, 85), (64, 85), (36, 88), (37, 88), (62, 88), (63, 88), (64, 88), (38, 89), (60, 89), (61, 89), (39, 90), (57, 90), (58, 90), (59, 90), (40, 91), (55, 91), (56, 91), (41, 92), (52, 92), (53, 92), (54, 92), (42, 93), (50, 93), (51, 93), (43, 94), (47, 94), (48, 94), (49, 94), (44, 95), (45, 95), (46, 95)]
[(62, 88), (63, 88), (64, 88), (60, 89), (61, 89), (65, 89), (57, 90), (58, 90), (59, 90), (66, 90), (55, 91), (56, 91), (67, 91), (52, 92), (53, 92), (54, 92), (68, 92), (50, 93), (51, 93), (69, 93), (47, 94), (48, 94), (49, 94), (70, 94), (44, 95), (45, 95), (46, 95), (71, 95), (43, 97), (70, 97), (42, 100), (69, 100), (41, 102), (68, 102), (40, 105), (67, 105), (39, 107), (66, 107), (38, 110), (65, 110), (37, 112), (64, 112)]
[(89, 88), (90, 88), (91, 88), (87, 89), (88, 89), (92, 89), (84, 90), (85, 90), (86, 90), (93, 90), (82, 91), (83, 91), (94, 91), (79, 92), (80, 92), (81, 92), (95, 92), (77, 93), (78, 93), (96, 93), (74, 94), (75, 94), (76, 94), (97, 94), (71, 95), (72, 95), (73, 95), (98, 95), (70, 97), (97, 97), (69, 100), (96, 100), (68, 102), (95, 102), (67, 105), (94, 105), (66, 107), (93, 107), (65, 110), (92, 110), (64, 112), (91, 112)]
[(35, 88), (36, 88), (37, 88), (33, 89), (34, 89), (38, 89), (30, 90), (31, 90), (32, 90), (39, 90), (28, 91), (29, 91), (40, 91), (25, 92), (26, 92), (27, 92), (41, 92), (23, 93), (24, 93), (42, 93), (20, 94), (21, 94), (22, 94), (43, 94), (17, 95), (18, 95), (19, 95), (44, 95), (16, 97), (43, 97), (15, 100), (42, 100), (14, 102), (41, 102), (13, 105), (40, 105), (12, 107), (39, 107), (11, 110), (38, 110), (10, 112), (37, 112)]
