[(110, 24), (111, 24), (112, 24), (113, 24), (106, 25), (107, 25), (108, 25), (109, 25), (114, 25), (102, 26), (103, 26), (104, 26), (105, 26), (98, 27), (99, 27), (100, 27), (101, 27), (94, 28), (95, 28), (96, 28), (97, 28), (93, 31), (114, 34), (92, 35), (113, 38), (91, 39), (112, 42), (90, 43), (109, 46), (110, 46), (111, 46), (112, 46), (89, 47), (90, 47), (105, 47), (106, 47), (107, 47), (108, 47), (91, 48), (101, 48), (102, 48), (103, 48), (104, 48), (92, 49), (97, 49), (98, 49), (99, 49), (100, 49), (93, 50), (94, 50), (95, 50), (96, 50)]
[(114, 34), (113, 38), (112, 42), (111, 46), (112, 46), (113, 47), (114, 48)]
[(114, 52), (113, 56), (112, 60), (111, 64), (110, 68), (111, 68), (112, 69), (113, 70), (114, 71)]
[(66, 26), (67, 26), (68, 26), (69, 26), (62, 27), (63, 27), (64, 27), (65, 27), (70, 27), (58, 28), (59, 28), (60, 28), (61, 28), (71, 28), (54, 29), (55, 29), (56, 29), (57, 29), (72, 29), (50, 30), (51, 30), (52, 30), (53, 30), (71, 32), (49, 33), (70, 36), (48, 37), (69, 40), (47, 41), (68, 44), (46, 45), (65, 48), (66, 48), (67, 48), (68, 48), (45, 49), (46, 49), (61, 49), (62, 49), (63, 49), (64, 49), (47, 50), (57, 50), (58, 50), (59, 50), (60, 50), (48, 51), (53, 51), (54, 51), (55, 51), (56, 51), (49, 52), (50, 52), (51, 52), (52, 52)]
[(88, 25), (89, 25), (90, 25), (91, 25), (84, 26), (85, 26), (86, 26), (87, 26), (92, 26), (80, 27), (81, 27), (82, 27), (83, 27), (93, 27), (76, 28), (77, 28), (78, 28), (79, 28), (94, 28), (72, 29), (73, 29), (74, 29), (75, 29), (93, 31), (71, 32), (92, 35), (70, 36), (91, 39), (69, 40), (90, 43), (68, 44), (87, 47), (88, 47), (89, 47), (90, 47), (67, 48), (68, 48), (83, 48), (84, 48), (85, 48), (86, 48), (69, 49), (79, 49), (80, 49), (81, 49), (82, 49), (70, 50), (75, 50), (76, 50), (77, 50), (78, 50), (71, 51), (72, 51), (73, 51), (74, 51)]
[(87, 47), (88, 47), (89, 47), (90, 47), (83, 48), (84, 48), (85, 48), (86, 48), (91, 48), (79, 49), (80, 49), (81, 49), (82, 49), (92, 49), (75, 50), (76, 50), (77, 50), (78, 50), (93, 50), (71, 51), (72, 51), (73, 51), (74, 51), (92, 53), (70, 54), (91, 57), (69, 58), (90, 61), (68, 62), (89, 65), (67, 66), (86, 69), (87, 69), (88, 69), (89, 69), (66, 70), (67, 70), (82, 70), (83, 70), (84, 70), (85, 70), (68, 71), (78, 71), (79, 71), (80, 71), (81, 71), (69, 72), (74, 72), (75, 72), (76, 72), (77, 72), (70, 73), (71, 73), (72, 73), (73, 73)]
[(109, 46), (110, 46), (111, 46), (112, 46), (105, 47), (106, 47), (107, 47), (108, 47), (113, 47), (101, 48), (102, 48), (103, 48), (104, 48), (114, 48), (97, 49), (98, 49), (99, 49), (100, 49), (93, 50), (94, 50), (95, 50), (96, 50), (114, 52), (92, 53), (113, 56), (91, 57), (112, 60), (90, 61), (111, 64), (89, 65), (108, 68), (109, 68), (110, 68), (111, 68), (88, 69), (89, 69), (104, 69), (105, 69), (106, 69), (107, 69), (90, 70), (100, 70), (101, 70), (102, 70), (103, 70), (91, 71), (96, 71), (97, 71), (98, 71), (99, 71), (92, 72), (93, 72), (94, 72), (95, 72)]
[(108, 68), (109, 68), (110, 68), (111, 68), (104, 69), (105, 69), (106, 69), (107, 69), (112, 69), (100, 70), (101, 70), (102, 70), (103, 70), (113, 70), (96, 71), (97, 71), (98, 71), (99, 71), (114, 71), (92, 72), (93, 72), (94, 72), (95, 72), (113, 74), (91, 75), (112, 78), (90, 79), (111, 82), (89, 83), (110, 86), (88, 87), (107, 90), (108, 90), (109, 90), (110, 90), (87, 91), (88, 91), (103, 91), (104, 91), (105, 91), (106, 91), (89, 92), (99, 92), (100, 92), (101, 92), (102, 92), (90, 93), (95, 93), (96, 93), (97, 93), (98, 93), (91, 94), (92, 94), (93, 94), (94, 94)]
[(114, 71), (113, 74), (112, 78), (111, 82), (110, 86), (109, 90), (110, 90), (111, 91), (112, 92), (113, 93), (114, 93)]
[(113, 93), (114, 93), (112, 96), (111, 100), (110, 104), (109, 108), (108, 112), (109, 112), (110, 113), (111, 114)]
[(43, 49), (44, 49), (45, 49), (46, 49), (39, 50), (40, 50), (41, 50), (42, 50), (47, 50), (35, 51), (36, 51), (37, 51), (38, 51), (48, 51), (31, 52), (32, 52), (33, 52), (34, 52), (49, 52), (27, 53), (28, 53), (29, 53), (30, 53), (48, 55), (26, 56), (47, 59), (25, 60), (46, 63), (24, 64), (45, 67), (23, 68), (42, 71), (43, 71), (44, 71), (45, 71), (22, 72), (23, 72), (38, 72), (39, 72), (40, 72), (41, 72), (24, 73), (34, 73), (35, 73), (36, 73), (37, 73), (25, 74), (30, 74), (31, 74), (32, 74), (33, 74), (26, 75), (27, 75), (28, 75), (29, 75)]
[(65, 48), (66, 48), (67, 48), (68, 48), (61, 49), (62, 49), (63, 49), (64, 49), (69, 49), (57, 50), (58, 50), (59, 50), (60, 50), (70, 50), (53, 51), (54, 51), (55, 51), (56, 51), (71, 51), (49, 52), (50, 52), (51, 52), (52, 52), (70, 54), (48, 55), (69, 58), (47, 59), (68, 62), (46, 63), (67, 66), (45, 67), (64, 70), (65, 70), (66, 70), (67, 70), (44, 71), (45, 71), (60, 71), (61, 71), (62, 71), (63, 71), (46, 72), (56, 72), (57, 72), (58, 72), (59, 72), (47, 73), (52, 73), (53, 73), (54, 73), (55, 73), (48, 74), (49, 74), (50, 74), (51, 74)]
[(64, 70), (65, 70), (66, 70), (67, 70), (60, 71), (61, 71), (62, 71), (63, 71), (68, 71), (56, 72), (57, 72), (58, 72), (59, 72), (69, 72), (52, 73), (53, 73), (54, 73), (55, 73), (70, 73), (48, 74), (49, 74), (50, 74), (51, 74), (69, 76), (47, 77), (68, 80), (46, 81), (67, 84), (45, 85), (66, 88), (44, 89), (63, 92), (64, 92), (65, 92), (66, 92), (43, 93), (44, 93), (59, 93), (60, 93), (61, 93), (62, 93), (45, 94), (55, 94), (56, 94), (57, 94), (58, 94), (46, 95), (51, 95), (52, 95), (53, 95), (54, 95), (47, 96), (48, 96), (49, 96), (50, 96)]
[(86, 69), (87, 69), (88, 69), (89, 69), (82, 70), (83, 70), (84, 70), (85, 70), (90, 70), (78, 71), (79, 71), (80, 71), (81, 71), (91, 71), (74, 72), (75, 72), (76, 72), (77, 72), (92, 72), (70, 73), (71, 73), (72, 73), (73, 73), (91, 75), (69, 76), (90, 79), (68, 80), (89, 83), (67, 84), (88, 87), (66, 88), (85, 91), (86, 91), (87, 91), (88, 91), (65, 92), (66, 92), (81, 92), (82, 92), (83, 92), (84, 92), (67, 93), (77, 93), (78, 93), (79, 93), (80, 93), (68, 94), (73, 94), (74, 94), (75, 94), (76, 94), (69, 95), (70, 95), (71, 95), (72, 95)]
[(85, 91), (86, 91), (87, 91), (88, 91), (81, 92), (82, 92), (83, 92), (84, 92), (89, 92), (77, 93), (78, 93), (79, 93), (80, 93), (90, 93), (73, 94), (74, 94), (75, 94), (76, 94), (91, 94), (69, 95), (70, 95), (71, 95), (72, 95), (90, 97), (68, 98), (89, 101), (67, 102), (88, 105), (66, 106), (87, 109), (65, 110), (84, 113), (85, 113), (86, 113), (87, 113), (64, 114), (65, 114), (80, 114), (81, 114), (82, 114), (83, 114)]
[(107, 90), (108, 90), (109, 90), (110, 90), (103, 91), (104, 91), (105, 91), (106, 91), (111, 91), (99, 92), (100, 92), (101, 92), (102, 92), (112, 92), (95, 93), (96, 93), (97, 93), (98, 93), (113, 93), (91, 94), (92, 94), (93, 94), (94, 94), (112, 96), (90, 97), (111, 100), (89, 101), (110, 104), (88, 105), (109, 108), (87, 109), (106, 112), (107, 112), (108, 112), (109, 112), (86, 113), (87, 113), (102, 113), (103, 113), (104, 113), (105, 113), (88, 114), (98, 114), (99, 114), (100, 114), (101, 114)]
[(106, 112), (107, 112), (108, 112), (109, 112), (102, 113), (103, 113), (104, 113), (105, 113), (110, 113), (98, 114), (99, 114), (100, 114), (101, 114), (111, 114)]
[(42, 71), (43, 71), (44, 71), (45, 71), (38, 72), (39, 72), (40, 72), (41, 72), (46, 72), (34, 73), (35, 73), (36, 73), (37, 73), (47, 73), (30, 74), (31, 74), (32, 74), (33, 74), (48, 74), (26, 75), (27, 75), (28, 75), (29, 75), (47, 77), (25, 78), (46, 81), (24, 82), (45, 85), (23, 86), (44, 89), (22, 90), (41, 93), (42, 93), (43, 93), (44, 93), (21, 94), (22, 94), (37, 94), (38, 94), (39, 94), (40, 94), (23, 95), (33, 95), (34, 95), (35, 95), (36, 95), (24, 96), (29, 96), (30, 96), (31, 96), (32, 96), (25, 97), (26, 97), (27, 97), (28, 97)]
[(41, 93), (42, 93), (43, 93), (44, 93), (37, 94), (38, 94), (39, 94), (40, 94), (45, 94), (33, 95), (34, 95), (35, 95), (36, 95), (46, 95), (29, 96), (30, 96), (31, 96), (32, 96), (47, 96), (25, 97), (26, 97), (27, 97), (28, 97), (46, 99), (24, 100), (45, 103), (23, 104), (44, 107), (22, 108), (43, 111), (21, 112)]
[(63, 92), (64, 92), (65, 92), (66, 92), (59, 93), (60, 93), (61, 93), (62, 93), (67, 93), (55, 94), (56, 94), (57, 94), (58, 94), (68, 94), (51, 95), (52, 95), (53, 95), (54, 95), (69, 95), (47, 96), (48, 96), (49, 96), (50, 96), (68, 98), (46, 99), (67, 102), (45, 103), (66, 106), (44, 107), (65, 110), (43, 111), (62, 114), (63, 114), (64, 114), (65, 114)]
[(62, 114), (63, 114), (64, 114), (65, 114)]
[(84, 113), (85, 113), (86, 113), (87, 113), (80, 114), (81, 114), (82, 114), (83, 114), (88, 114)]
