[(84, 19), (85, 19), (86, 19), (82, 20), (83, 20), (87, 20), (79, 21), (80, 21), (81, 21), (76, 22), (77, 22), (78, 22), (86, 22), (74, 23), (75, 23), (71, 24), (72, 24), (73, 24), (68, 25), (69, 25), (70, 25), (85, 25), (67, 27), (84, 27), (66, 30), (83, 30), (65, 32), (82, 33), (64, 35), (81, 35), (63, 38), (79, 38), (80, 38), (81, 38), (77, 39), (78, 39), (62, 40), (74, 40), (75, 40), (76, 40), (71, 41), (72, 41), (73, 41), (69, 42), (70, 42), (61, 43), (62, 43), (66, 43), (67, 43), (68, 43), (63, 44), (64, 44), (65, 44)]
[(103, 14), (104, 14), (105, 14), (101, 15), (102, 15), (106, 15), (98, 16), (99, 16), (100, 16), (95, 17), (96, 17), (97, 17), (105, 17), (93, 18), (94, 18), (90, 19), (91, 19), (92, 19), (87, 20), (88, 20), (89, 20), (104, 20), (86, 22), (103, 22), (85, 25), (102, 25), (84, 27), (101, 28), (83, 30), (100, 30), (82, 33), (98, 33), (99, 33), (100, 33), (96, 34), (97, 34), (81, 35), (93, 35), (94, 35), (95, 35), (90, 36), (91, 36), (92, 36), (88, 37), (89, 37), (80, 38), (81, 38), (85, 38), (86, 38), (87, 38), (82, 39), (83, 39), (84, 39)]
[(98, 33), (99, 33), (100, 33), (96, 34), (97, 34), (101, 34), (93, 35), (94, 35), (95, 35), (90, 36), (91, 36), (92, 36), (100, 36), (88, 37), (89, 37), (85, 38), (86, 38), (87, 38), (82, 39), (83, 39), (84, 39), (99, 39), (81, 41), (98, 41), (80, 44), (97, 44), (79, 46), (96, 47), (78, 49), (95, 49), (77, 52), (93, 52), (94, 52), (95, 52), (91, 53), (92, 53), (76, 54), (88, 54), (89, 54), (90, 54), (85, 55), (86, 55), (87, 55), (83, 56), (84, 56), (75, 57), (76, 57), (80, 57), (81, 57), (82, 57), (77, 58), (78, 58), (79, 58)]
[(112, 30), (113, 30), (114, 30), (109, 31), (110, 31), (111, 31), (107, 32), (108, 32), (104, 33), (105, 33), (106, 33), (101, 34), (102, 34), (103, 34), (100, 36), (99, 39), (98, 41), (97, 44), (114, 44), (96, 47), (112, 47), (113, 47), (114, 47), (110, 48), (111, 48), (95, 49), (107, 49), (108, 49), (109, 49), (104, 50), (105, 50), (106, 50), (102, 51), (103, 51), (94, 52), (95, 52), (99, 52), (100, 52), (101, 52), (96, 53), (97, 53), (98, 53)]
[(112, 47), (113, 47), (114, 47), (110, 48), (111, 48), (107, 49), (108, 49), (109, 49), (104, 50), (105, 50), (106, 50), (114, 50), (102, 51), (103, 51), (99, 52), (100, 52), (101, 52), (96, 53), (97, 53), (98, 53), (113, 53), (95, 55), (112, 55), (94, 58), (111, 58), (93, 60), (110, 61), (92, 63), (109, 63), (91, 66), (107, 66), (108, 66), (109, 66), (105, 67), (106, 67), (90, 68), (102, 68), (103, 68), (104, 68), (99, 69), (100, 69), (101, 69), (97, 70), (98, 70), (89, 71), (90, 71), (94, 71), (95, 71), (96, 71), (91, 72), (92, 72), (93, 72)]
[(114, 50), (113, 53), (112, 55), (111, 58), (110, 61), (109, 63), (108, 66), (109, 66), (113, 66), (114, 66), (110, 67), (111, 67), (112, 67)]
[(113, 66), (114, 66), (110, 67), (111, 67), (112, 67), (109, 69), (108, 72), (107, 74), (106, 77), (105, 80), (104, 82), (113, 83), (114, 83), (111, 84), (112, 84), (103, 85), (104, 85), (108, 85), (109, 85), (110, 85), (105, 86), (106, 86), (107, 86)]
[(46, 29), (47, 29), (48, 29), (44, 30), (45, 30), (49, 30), (41, 31), (42, 31), (43, 31), (38, 32), (39, 32), (40, 32), (48, 32), (36, 33), (37, 33), (33, 34), (34, 34), (35, 34), (30, 35), (31, 35), (32, 35), (47, 35), (29, 37), (46, 37), (28, 40), (45, 40), (27, 42), (44, 43), (26, 45), (43, 45), (25, 48), (41, 48), (42, 48), (43, 48), (39, 49), (40, 49), (24, 50), (36, 50), (37, 50), (38, 50), (33, 51), (34, 51), (35, 51), (31, 52), (32, 52), (23, 53), (24, 53), (28, 53), (29, 53), (30, 53), (25, 54), (26, 54), (27, 54)]
[(65, 24), (66, 24), (67, 24), (63, 25), (64, 25), (68, 25), (60, 26), (61, 26), (62, 26), (57, 27), (58, 27), (59, 27), (67, 27), (55, 28), (56, 28), (52, 29), (53, 29), (54, 29), (49, 30), (50, 30), (51, 30), (66, 30), (48, 32), (65, 32), (47, 35), (64, 35), (46, 37), (63, 38), (45, 40), (62, 40), (44, 43), (60, 43), (61, 43), (62, 43), (58, 44), (59, 44), (43, 45), (55, 45), (56, 45), (57, 45), (52, 46), (53, 46), (54, 46), (50, 47), (51, 47), (42, 48), (43, 48), (47, 48), (48, 48), (49, 48), (44, 49), (45, 49), (46, 49)]
[(60, 43), (61, 43), (62, 43), (58, 44), (59, 44), (63, 44), (55, 45), (56, 45), (57, 45), (52, 46), (53, 46), (54, 46), (62, 46), (50, 47), (51, 47), (47, 48), (48, 48), (49, 48), (44, 49), (45, 49), (46, 49), (61, 49), (43, 51), (60, 51), (42, 54), (59, 54), (41, 56), (58, 57), (40, 59), (57, 59), (39, 62), (55, 62), (56, 62), (57, 62), (53, 63), (54, 63), (38, 64), (50, 64), (51, 64), (52, 64), (47, 65), (48, 65), (49, 65), (45, 66), (46, 66), (37, 67), (38, 67), (42, 67), (43, 67), (44, 67), (39, 68), (40, 68), (41, 68)]
[(79, 38), (80, 38), (81, 38), (77, 39), (78, 39), (82, 39), (74, 40), (75, 40), (76, 40), (71, 41), (72, 41), (73, 41), (81, 41), (69, 42), (70, 42), (66, 43), (67, 43), (68, 43), (63, 44), (64, 44), (65, 44), (80, 44), (62, 46), (79, 46), (61, 49), (78, 49), (60, 51), (77, 52), (59, 54), (76, 54), (58, 57), (74, 57), (75, 57), (76, 57), (72, 58), (73, 58), (57, 59), (69, 59), (70, 59), (71, 59), (66, 60), (67, 60), (68, 60), (64, 61), (65, 61), (56, 62), (57, 62), (61, 62), (62, 62), (63, 62), (58, 63), (59, 63), (60, 63)]
[(74, 57), (75, 57), (76, 57), (72, 58), (73, 58), (77, 58), (69, 59), (70, 59), (71, 59), (66, 60), (67, 60), (68, 60), (76, 60), (64, 61), (65, 61), (61, 62), (62, 62), (63, 62), (58, 63), (59, 63), (60, 63), (75, 63), (57, 65), (74, 65), (56, 68), (73, 68), (55, 70), (72, 71), (54, 73), (71, 73), (53, 76), (69, 76), (70, 76), (71, 76), (67, 77), (68, 77), (52, 78), (64, 78), (65, 78), (66, 78), (61, 79), (62, 79), (63, 79), (59, 80), (60, 80), (51, 81), (52, 81), (56, 81), (57, 81), (58, 81), (53, 82), (54, 82), (55, 82)]
[(93, 52), (94, 52), (95, 52), (91, 53), (92, 53), (96, 53), (88, 54), (89, 54), (90, 54), (85, 55), (86, 55), (87, 55), (95, 55), (83, 56), (84, 56), (80, 57), (81, 57), (82, 57), (77, 58), (78, 58), (79, 58), (94, 58), (76, 60), (93, 60), (75, 63), (92, 63), (74, 65), (91, 66), (73, 68), (90, 68), (72, 71), (88, 71), (89, 71), (90, 71), (86, 72), (87, 72), (71, 73), (83, 73), (84, 73), (85, 73), (80, 74), (81, 74), (82, 74), (78, 75), (79, 75), (70, 76), (71, 76), (75, 76), (76, 76), (77, 76), (72, 77), (73, 77), (74, 77)]
[(88, 71), (89, 71), (90, 71), (86, 72), (87, 72), (91, 72), (83, 73), (84, 73), (85, 73), (80, 74), (81, 74), (82, 74), (90, 74), (78, 75), (79, 75), (75, 76), (76, 76), (77, 76), (72, 77), (73, 77), (74, 77), (89, 77), (71, 79), (88, 79), (70, 82), (87, 82), (69, 84), (86, 85), (68, 87), (85, 87), (67, 90), (83, 90), (84, 90), (85, 90), (81, 91), (82, 91), (66, 92), (78, 92), (79, 92), (80, 92), (75, 93), (76, 93), (77, 93), (73, 94), (74, 94), (65, 95), (66, 95), (70, 95), (71, 95), (72, 95), (67, 96), (68, 96), (69, 96)]
[(107, 66), (108, 66), (109, 66), (105, 67), (106, 67), (110, 67), (102, 68), (103, 68), (104, 68), (99, 69), (100, 69), (101, 69), (109, 69), (97, 70), (98, 70), (94, 71), (95, 71), (96, 71), (91, 72), (92, 72), (93, 72), (108, 72), (90, 74), (107, 74), (89, 77), (106, 77), (88, 79), (105, 80), (87, 82), (104, 82), (86, 85), (102, 85), (103, 85), (104, 85), (100, 86), (101, 86), (85, 87), (97, 87), (98, 87), (99, 87), (94, 88), (95, 88), (96, 88), (92, 89), (93, 89), (84, 90), (85, 90), (89, 90), (90, 90), (91, 90), (86, 91), (87, 91), (88, 91)]
[(102, 85), (103, 85), (104, 85), (100, 86), (101, 86), (105, 86), (97, 87), (98, 87), (99, 87), (94, 88), (95, 88), (96, 88), (104, 88), (92, 89), (93, 89), (89, 90), (90, 90), (91, 90), (86, 91), (87, 91), (88, 91), (103, 91), (85, 93), (102, 93), (84, 96), (101, 96), (83, 98), (100, 99), (82, 101), (99, 101), (81, 104), (97, 104), (98, 104), (99, 104), (95, 105), (96, 105), (80, 106), (92, 106), (93, 106), (94, 106), (89, 107), (90, 107), (91, 107), (87, 108), (88, 108), (79, 109), (80, 109), (84, 109), (85, 109), (86, 109), (81, 110), (82, 110), (83, 110)]
[(113, 83), (114, 83), (111, 84), (112, 84), (108, 85), (109, 85), (110, 85), (105, 86), (106, 86), (107, 86), (104, 88), (103, 91), (102, 93), (101, 96), (100, 99), (114, 100), (99, 101), (111, 101), (112, 101), (113, 101), (108, 102), (109, 102), (110, 102), (106, 103), (107, 103), (98, 104), (99, 104), (103, 104), (104, 104), (105, 104), (100, 105), (101, 105), (102, 105)]
[(114, 100), (111, 101), (112, 101), (113, 101), (108, 102), (109, 102), (110, 102), (106, 103), (107, 103), (103, 104), (104, 104), (105, 104), (100, 105), (101, 105), (102, 105), (99, 107), (98, 110), (97, 112), (114, 113)]
[(114, 113)]
[(22, 53), (23, 53), (24, 53), (20, 54), (21, 54), (25, 54), (17, 55), (18, 55), (19, 55), (14, 56), (15, 56), (16, 56), (24, 56), (12, 57), (13, 57), (9, 58), (10, 58), (11, 58), (6, 59), (7, 59), (8, 59), (23, 59), (5, 61), (22, 61), (4, 64), (21, 64), (3, 66), (20, 67), (2, 69), (19, 69), (1, 72), (17, 72), (18, 72), (19, 72), (15, 73), (16, 73), (0, 74), (12, 74), (13, 74), (14, 74), (9, 75), (10, 75), (11, 75), (7, 76), (8, 76), (0, 77), (4, 77), (5, 77), (6, 77), (1, 78), (2, 78), (3, 78)]
[(41, 48), (42, 48), (43, 48), (39, 49), (40, 49), (44, 49), (36, 50), (37, 50), (38, 50), (33, 51), (34, 51), (35, 51), (43, 51), (31, 52), (32, 52), (28, 53), (29, 53), (30, 53), (25, 54), (26, 54), (27, 54), (42, 54), (24, 56), (41, 56), (23, 59), (40, 59), (22, 61), (39, 62), (21, 64), (38, 64), (20, 67), (36, 67), (37, 67), (38, 67), (34, 68), (35, 68), (19, 69), (31, 69), (32, 69), (33, 69), (28, 70), (29, 70), (30, 70), (26, 71), (27, 71), (18, 72), (19, 72), (23, 72), (24, 72), (25, 72), (20, 73), (21, 73), (22, 73)]
[(36, 67), (37, 67), (38, 67), (34, 68), (35, 68), (39, 68), (31, 69), (32, 69), (33, 69), (28, 70), (29, 70), (30, 70), (38, 70), (26, 71), (27, 71), (23, 72), (24, 72), (25, 72), (20, 73), (21, 73), (22, 73), (37, 73), (19, 75), (36, 75), (18, 78), (35, 78), (17, 80), (34, 81), (16, 83), (33, 83), (15, 86), (31, 86), (32, 86), (33, 86), (29, 87), (30, 87), (14, 88), (26, 88), (27, 88), (28, 88), (23, 89), (24, 89), (25, 89), (21, 90), (22, 90), (13, 91), (14, 91), (18, 91), (19, 91), (20, 91), (15, 92), (16, 92), (17, 92)]
[(55, 62), (56, 62), (57, 62), (53, 63), (54, 63), (58, 63), (50, 64), (51, 64), (52, 64), (47, 65), (48, 65), (49, 65), (57, 65), (45, 66), (46, 66), (42, 67), (43, 67), (44, 67), (39, 68), (40, 68), (41, 68), (56, 68), (38, 70), (55, 70), (37, 73), (54, 73), (36, 75), (53, 76), (35, 78), (52, 78), (34, 81), (50, 81), (51, 81), (52, 81), (48, 82), (49, 82), (33, 83), (45, 83), (46, 83), (47, 83), (42, 84), (43, 84), (44, 84), (40, 85), (41, 85), (32, 86), (33, 86), (37, 86), (38, 86), (39, 86), (34, 87), (35, 87), (36, 87)]
[(50, 81), (51, 81), (52, 81), (48, 82), (49, 82), (53, 82), (45, 83), (46, 83), (47, 83), (42, 84), (43, 84), (44, 84), (52, 84), (40, 85), (41, 85), (37, 86), (38, 86), (39, 86), (34, 87), (35, 87), (36, 87), (51, 87), (33, 89), (50, 89), (32, 92), (49, 92), (31, 94), (48, 95), (30, 97), (47, 97), (29, 100), (45, 100), (46, 100), (47, 100), (43, 101), (44, 101), (28, 102), (40, 102), (41, 102), (42, 102), (37, 103), (38, 103), (39, 103), (35, 104), (36, 104), (27, 105), (28, 105), (32, 105), (33, 105), (34, 105), (29, 106), (30, 106), (31, 106)]
[(69, 76), (70, 76), (71, 76), (67, 77), (68, 77), (72, 77), (64, 78), (65, 78), (66, 78), (61, 79), (62, 79), (63, 79), (71, 79), (59, 80), (60, 80), (56, 81), (57, 81), (58, 81), (53, 82), (54, 82), (55, 82), (70, 82), (52, 84), (69, 84), (51, 87), (68, 87), (50, 89), (67, 90), (49, 92), (66, 92), (48, 95), (64, 95), (65, 95), (66, 95), (62, 96), (63, 96), (47, 97), (59, 97), (60, 97), (61, 97), (56, 98), (57, 98), (58, 98), (54, 99), (55, 99), (46, 100), (47, 100), (51, 100), (52, 100), (53, 100), (48, 101), (49, 101), (50, 101)]
[(64, 95), (65, 95), (66, 95), (62, 96), (63, 96), (67, 96), (59, 97), (60, 97), (61, 97), (56, 98), (57, 98), (58, 98), (66, 98), (54, 99), (55, 99), (51, 100), (52, 100), (53, 100), (48, 101), (49, 101), (50, 101), (65, 101), (47, 103), (64, 103), (46, 106), (63, 106), (45, 108), (62, 109), (44, 111), (61, 111), (43, 114), (59, 114), (60, 114), (61, 114)]
[(83, 90), (84, 90), (85, 90), (81, 91), (82, 91), (86, 91), (78, 92), (79, 92), (80, 92), (75, 93), (76, 93), (77, 93), (85, 93), (73, 94), (74, 94), (70, 95), (71, 95), (72, 95), (67, 96), (68, 96), (69, 96), (84, 96), (66, 98), (83, 98), (65, 101), (82, 101), (64, 103), (81, 104), (63, 106), (80, 106), (62, 109), (78, 109), (79, 109), (80, 109), (76, 110), (77, 110), (61, 111), (73, 111), (74, 111), (75, 111), (70, 112), (71, 112), (72, 112), (68, 113), (69, 113), (60, 114), (61, 114), (65, 114), (66, 114), (67, 114)]
[(78, 109), (79, 109), (80, 109), (76, 110), (77, 110), (81, 110), (73, 111), (74, 111), (75, 111), (70, 112), (71, 112), (72, 112), (80, 112), (68, 113), (69, 113), (65, 114), (66, 114), (67, 114)]
[(97, 104), (98, 104), (99, 104), (95, 105), (96, 105), (100, 105), (92, 106), (93, 106), (94, 106), (89, 107), (90, 107), (91, 107), (99, 107), (87, 108), (88, 108), (84, 109), (85, 109), (86, 109), (81, 110), (82, 110), (83, 110), (98, 110), (80, 112), (97, 112)]
[(17, 72), (18, 72), (19, 72), (15, 73), (16, 73), (20, 73), (12, 74), (13, 74), (14, 74), (9, 75), (10, 75), (11, 75), (19, 75), (7, 76), (8, 76), (4, 77), (5, 77), (6, 77), (1, 78), (2, 78), (3, 78), (18, 78), (0, 80), (17, 80), (16, 83), (15, 86), (14, 88), (12, 91), (13, 91), (14, 91), (10, 92), (11, 92), (7, 93), (8, 93), (9, 93), (4, 94), (5, 94), (6, 94), (2, 95), (3, 95), (0, 96), (1, 96)]
[(12, 91), (13, 91), (14, 91), (10, 92), (11, 92), (15, 92), (7, 93), (8, 93), (9, 93), (4, 94), (5, 94), (6, 94), (14, 94), (2, 95), (3, 95), (0, 96), (1, 96), (13, 97), (12, 99), (11, 102), (10, 105), (9, 107), (7, 110), (8, 110), (9, 110), (5, 111), (6, 111), (2, 112), (3, 112), (4, 112), (0, 113), (1, 113)]
[(31, 86), (32, 86), (33, 86), (29, 87), (30, 87), (34, 87), (26, 88), (27, 88), (28, 88), (23, 89), (24, 89), (25, 89), (33, 89), (21, 90), (22, 90), (18, 91), (19, 91), (20, 91), (15, 92), (16, 92), (17, 92), (32, 92), (14, 94), (31, 94), (13, 97), (30, 97), (12, 99), (29, 100), (11, 102), (28, 102), (10, 105), (26, 105), (27, 105), (28, 105), (24, 106), (25, 106), (9, 107), (21, 107), (22, 107), (23, 107), (18, 108), (19, 108), (20, 108), (16, 109), (17, 109), (8, 110), (9, 110), (13, 110), (14, 110), (15, 110), (10, 111), (11, 111), (12, 111)]
[(26, 105), (27, 105), (28, 105), (24, 106), (25, 106), (29, 106), (21, 107), (22, 107), (23, 107), (18, 108), (19, 108), (20, 108), (28, 108), (16, 109), (17, 109), (13, 110), (14, 110), (15, 110), (10, 111), (11, 111), (12, 111), (27, 111), (9, 113), (26, 113)]
[(45, 100), (46, 100), (47, 100), (43, 101), (44, 101), (48, 101), (40, 102), (41, 102), (42, 102), (37, 103), (38, 103), (39, 103), (47, 103), (35, 104), (36, 104), (32, 105), (33, 105), (34, 105), (29, 106), (30, 106), (31, 106), (46, 106), (28, 108), (45, 108), (27, 111), (44, 111), (26, 113), (43, 114)]
[(59, 114), (60, 114), (61, 114)]
[(7, 110), (8, 110), (9, 110), (5, 111), (6, 111), (10, 111), (2, 112), (3, 112), (4, 112), (0, 113), (1, 113), (9, 113)]
