[(100, 40), (101, 40), (98, 41), (99, 41), (102, 41), (95, 42), (96, 42), (97, 42), (103, 42), (92, 43), (93, 43), (94, 43), (104, 43), (90, 44), (91, 44), (105, 44), (87, 45), (88, 45), (89, 45), (106, 45), (84, 46), (85, 46), (86, 46), (105, 47), (83, 48), (104, 50), (82, 51), (103, 52), (81, 53), (102, 55), (80, 56), (101, 58), (79, 59), (100, 60), (78, 61), (99, 62), (100, 62), (78, 63), (97, 63), (98, 63), (79, 64), (94, 64), (95, 64), (96, 64), (80, 65), (91, 65), (92, 65), (93, 65), (81, 66), (89, 66), (90, 66), (82, 67), (86, 67), (87, 67), (88, 67), (83, 68), (84, 68), (85, 68)]
[(114, 42), (112, 43), (113, 43), (109, 44), (110, 44), (111, 44), (106, 45), (107, 45), (108, 45), (105, 47), (104, 50), (103, 52), (102, 55), (101, 58), (100, 60), (100, 62), (101, 63), (102, 64), (113, 64), (114, 64), (103, 65), (111, 65), (112, 65), (104, 66), (108, 66), (109, 66), (110, 66), (105, 67), (106, 67), (107, 67)]
[(113, 64), (114, 64), (111, 65), (112, 65), (108, 66), (109, 66), (110, 66), (105, 67), (106, 67), (107, 67), (104, 69), (103, 72), (102, 74), (101, 77), (100, 80), (99, 82), (99, 84), (100, 85), (101, 86), (112, 86), (113, 86), (114, 86), (102, 87), (110, 87), (111, 87), (103, 88), (107, 88), (108, 88), (109, 88), (104, 89), (105, 89), (106, 89)]
[(56, 42), (57, 42), (54, 43), (55, 43), (58, 43), (51, 44), (52, 44), (53, 44), (59, 44), (48, 45), (49, 45), (50, 45), (60, 45), (46, 46), (47, 46), (61, 46), (43, 47), (44, 47), (45, 47), (62, 47), (40, 48), (41, 48), (42, 48), (61, 49), (39, 50), (60, 52), (38, 53), (59, 54), (37, 55), (58, 57), (36, 58), (57, 60), (35, 61), (56, 62), (34, 63), (55, 64), (56, 64), (34, 65), (53, 65), (54, 65), (35, 66), (50, 66), (51, 66), (52, 66), (36, 67), (47, 67), (48, 67), (49, 67), (37, 68), (45, 68), (46, 68), (38, 69), (42, 69), (43, 69), (44, 69), (39, 70), (40, 70), (41, 70)]
[(78, 41), (79, 41), (76, 42), (77, 42), (80, 42), (73, 43), (74, 43), (75, 43), (81, 43), (70, 44), (71, 44), (72, 44), (82, 44), (68, 45), (69, 45), (83, 45), (65, 46), (66, 46), (67, 46), (84, 46), (62, 47), (63, 47), (64, 47), (83, 48), (61, 49), (82, 51), (60, 52), (81, 53), (59, 54), (80, 56), (58, 57), (79, 59), (57, 60), (78, 61), (56, 62), (77, 63), (78, 63), (56, 64), (75, 64), (76, 64), (57, 65), (72, 65), (73, 65), (74, 65), (58, 66), (69, 66), (70, 66), (71, 66), (59, 67), (67, 67), (68, 67), (60, 68), (64, 68), (65, 68), (66, 68), (61, 69), (62, 69), (63, 69)]
[(77, 63), (78, 63), (75, 64), (76, 64), (79, 64), (72, 65), (73, 65), (74, 65), (80, 65), (69, 66), (70, 66), (71, 66), (81, 66), (67, 67), (68, 67), (82, 67), (64, 68), (65, 68), (66, 68), (83, 68), (61, 69), (62, 69), (63, 69), (82, 70), (60, 71), (81, 73), (59, 74), (80, 75), (58, 76), (79, 78), (57, 79), (78, 81), (56, 82), (77, 83), (55, 84), (76, 85), (77, 85), (55, 86), (74, 86), (75, 86), (56, 87), (71, 87), (72, 87), (73, 87), (57, 88), (68, 88), (69, 88), (70, 88), (58, 89), (66, 89), (67, 89), (59, 90), (63, 90), (64, 90), (65, 90), (60, 91), (61, 91), (62, 91)]
[(99, 62), (100, 62), (97, 63), (98, 63), (101, 63), (94, 64), (95, 64), (96, 64), (102, 64), (91, 65), (92, 65), (93, 65), (103, 65), (89, 66), (90, 66), (104, 66), (86, 67), (87, 67), (88, 67), (105, 67), (83, 68), (84, 68), (85, 68), (104, 69), (82, 70), (103, 72), (81, 73), (102, 74), (80, 75), (101, 77), (79, 78), (100, 80), (78, 81), (99, 82), (77, 83), (98, 84), (99, 84), (77, 85), (96, 85), (97, 85), (78, 86), (93, 86), (94, 86), (95, 86), (79, 87), (90, 87), (91, 87), (92, 87), (80, 88), (88, 88), (89, 88), (81, 89), (85, 89), (86, 89), (87, 89), (82, 90), (83, 90), (84, 90)]
[(98, 84), (99, 84), (96, 85), (97, 85), (100, 85), (93, 86), (94, 86), (95, 86), (101, 86), (90, 87), (91, 87), (92, 87), (102, 87), (88, 88), (89, 88), (103, 88), (85, 89), (86, 89), (87, 89), (104, 89), (82, 90), (83, 90), (84, 90), (103, 91), (81, 92), (102, 94), (80, 95), (101, 96), (79, 97), (100, 99), (78, 100), (99, 102), (77, 103), (98, 104), (76, 105), (97, 106), (98, 106), (76, 107), (95, 107), (96, 107), (77, 108), (92, 108), (93, 108), (94, 108), (78, 109), (89, 109), (90, 109), (91, 109), (79, 110), (87, 110), (88, 110), (80, 111), (84, 111), (85, 111), (86, 111), (81, 112), (82, 112), (83, 112)]
[(112, 86), (113, 86), (114, 86), (110, 87), (111, 87), (107, 88), (108, 88), (109, 88), (104, 89), (105, 89), (106, 89), (103, 91), (102, 94), (101, 96), (100, 99), (99, 102), (98, 104), (98, 106), (99, 107), (114, 107), (100, 108), (111, 108), (112, 108), (113, 108), (101, 109), (109, 109), (110, 109), (102, 110), (106, 110), (107, 110), (108, 110), (103, 111), (104, 111), (105, 111)]
[(114, 107), (111, 108), (112, 108), (113, 108), (109, 109), (110, 109), (106, 110), (107, 110), (108, 110), (103, 111), (104, 111), (105, 111), (102, 113)]
[(33, 65), (34, 65), (31, 66), (32, 66), (35, 66), (28, 67), (29, 67), (30, 67), (36, 67), (25, 68), (26, 68), (27, 68), (37, 68), (23, 69), (24, 69), (38, 69), (20, 70), (21, 70), (22, 70), (39, 70), (17, 71), (18, 71), (19, 71), (38, 72), (16, 73), (37, 75), (15, 76), (36, 77), (14, 78), (35, 80), (13, 81), (34, 83), (12, 84), (33, 85), (11, 86), (32, 87), (33, 87), (11, 88), (30, 88), (31, 88), (12, 89), (27, 89), (28, 89), (29, 89), (13, 90), (24, 90), (25, 90), (26, 90), (14, 91), (22, 91), (23, 91), (15, 92), (19, 92), (20, 92), (21, 92), (16, 93), (17, 93), (18, 93)]
[(55, 64), (56, 64), (53, 65), (54, 65), (57, 65), (50, 66), (51, 66), (52, 66), (58, 66), (47, 67), (48, 67), (49, 67), (59, 67), (45, 68), (46, 68), (60, 68), (42, 69), (43, 69), (44, 69), (61, 69), (39, 70), (40, 70), (41, 70), (60, 71), (38, 72), (59, 74), (37, 75), (58, 76), (36, 77), (57, 79), (35, 80), (56, 82), (34, 83), (55, 84), (33, 85), (54, 86), (55, 86), (33, 87), (52, 87), (53, 87), (34, 88), (49, 88), (50, 88), (51, 88), (35, 89), (46, 89), (47, 89), (48, 89), (36, 90), (44, 90), (45, 90), (37, 91), (41, 91), (42, 91), (43, 91), (38, 92), (39, 92), (40, 92)]
[(54, 86), (55, 86), (52, 87), (53, 87), (56, 87), (49, 88), (50, 88), (51, 88), (57, 88), (46, 89), (47, 89), (48, 89), (58, 89), (44, 90), (45, 90), (59, 90), (41, 91), (42, 91), (43, 91), (60, 91), (38, 92), (39, 92), (40, 92), (59, 93), (37, 94), (58, 96), (36, 97), (57, 98), (35, 99), (56, 101), (34, 102), (55, 104), (33, 105), (54, 106), (32, 107), (53, 108), (54, 108), (32, 109), (51, 109), (52, 109), (33, 110), (48, 110), (49, 110), (50, 110), (34, 111), (45, 111), (46, 111), (47, 111), (35, 112), (43, 112), (44, 112), (36, 113), (40, 113), (41, 113), (42, 113), (37, 114), (38, 114), (39, 114)]
[(76, 85), (77, 85), (74, 86), (75, 86), (78, 86), (71, 87), (72, 87), (73, 87), (79, 87), (68, 88), (69, 88), (70, 88), (80, 88), (66, 89), (67, 89), (81, 89), (63, 90), (64, 90), (65, 90), (82, 90), (60, 91), (61, 91), (62, 91), (81, 92), (59, 93), (80, 95), (58, 96), (79, 97), (57, 98), (78, 100), (56, 101), (77, 103), (55, 104), (76, 105), (54, 106), (75, 107), (76, 107), (54, 108), (73, 108), (74, 108), (55, 109), (70, 109), (71, 109), (72, 109), (56, 110), (67, 110), (68, 110), (69, 110), (57, 111), (65, 111), (66, 111), (58, 112), (62, 112), (63, 112), (64, 112), (59, 113), (60, 113), (61, 113)]
[(75, 107), (76, 107), (73, 108), (74, 108), (77, 108), (70, 109), (71, 109), (72, 109), (78, 109), (67, 110), (68, 110), (69, 110), (79, 110), (65, 111), (66, 111), (80, 111), (62, 112), (63, 112), (64, 112), (81, 112), (59, 113), (60, 113), (61, 113), (80, 114)]
[(97, 106), (98, 106), (95, 107), (96, 107), (99, 107), (92, 108), (93, 108), (94, 108), (100, 108), (89, 109), (90, 109), (91, 109), (101, 109), (87, 110), (88, 110), (102, 110), (84, 111), (85, 111), (86, 111), (103, 111), (81, 112), (82, 112), (83, 112), (102, 113), (80, 114)]
[(32, 87), (33, 87), (30, 88), (31, 88), (34, 88), (27, 89), (28, 89), (29, 89), (35, 89), (24, 90), (25, 90), (26, 90), (36, 90), (22, 91), (23, 91), (37, 91), (19, 92), (20, 92), (21, 92), (38, 92), (16, 93), (17, 93), (18, 93), (37, 94), (15, 95), (36, 97), (14, 98), (35, 99), (13, 100), (34, 102), (12, 103), (33, 105), (11, 106), (32, 107), (10, 108), (31, 109), (32, 109), (10, 110), (29, 110), (30, 110), (11, 111), (26, 111), (27, 111), (28, 111), (12, 112), (23, 112), (24, 112), (25, 112), (13, 113), (21, 113), (22, 113), (14, 114), (18, 114), (19, 114), (20, 114)]
[(31, 109), (32, 109), (29, 110), (30, 110), (33, 110), (26, 111), (27, 111), (28, 111), (34, 111), (23, 112), (24, 112), (25, 112), (35, 112), (21, 113), (22, 113), (36, 113), (18, 114), (19, 114), (20, 114), (37, 114)]
[(53, 108), (54, 108), (51, 109), (52, 109), (55, 109), (48, 110), (49, 110), (50, 110), (56, 110), (45, 111), (46, 111), (47, 111), (57, 111), (43, 112), (44, 112), (58, 112), (40, 113), (41, 113), (42, 113), (59, 113), (37, 114), (38, 114), (39, 114)]
