[(105, 22), (102, 23), (103, 23), (104, 23), (106, 23), (100, 24), (101, 24), (107, 24), (98, 25), (99, 25), (108, 25), (96, 26), (97, 26), (109, 26), (93, 27), (94, 27), (95, 27), (110, 27), (91, 28), (92, 28), (111, 28), (89, 29), (90, 29), (112, 29), (87, 30), (88, 30), (113, 30), (84, 31), (85, 31), (86, 31), (112, 32), (83, 33), (111, 34), (82, 35), (110, 36), (81, 37), (109, 38), (80, 39), (108, 41), (79, 42), (107, 43), (78, 44), (106, 45), (77, 46), (105, 47), (76, 48), (104, 50), (75, 51), (104, 51), (75, 52), (101, 52), (102, 52), (103, 52), (76, 53), (99, 53), (100, 53), (77, 54), (97, 54), (98, 54), (78, 55), (95, 55), (96, 55), (79, 56), (92, 56), (93, 56), (94, 56), (80, 57), (90, 57), (91, 57), (81, 58), (88, 58), (89, 58), (82, 59), (86, 59), (87, 59), (83, 60), (84, 60), (85, 60)]
[(113, 30), (114, 30), (112, 32), (111, 34), (110, 36), (109, 38), (108, 41), (107, 43), (106, 45), (105, 47), (104, 50), (104, 51), (105, 52), (106, 53), (107, 54), (108, 55), (109, 56), (110, 57), (111, 58), (112, 59), (113, 59), (114, 59)]
[(112, 59), (113, 59), (114, 59), (111, 61), (110, 63), (109, 65), (108, 67), (107, 70), (106, 72), (105, 74), (104, 76), (103, 79), (103, 80), (104, 81), (105, 82), (106, 83), (107, 84), (108, 85), (109, 86), (110, 87), (114, 87), (111, 88), (112, 88), (113, 88)]
[(47, 24), (44, 25), (45, 25), (46, 25), (48, 25), (42, 26), (43, 26), (49, 26), (40, 27), (41, 27), (50, 27), (38, 28), (39, 28), (51, 28), (35, 29), (36, 29), (37, 29), (52, 29), (33, 30), (34, 30), (53, 30), (31, 31), (32, 31), (54, 31), (29, 32), (30, 32), (55, 32), (26, 33), (27, 33), (28, 33), (54, 34), (25, 35), (53, 36), (24, 37), (52, 38), (23, 39), (51, 40), (22, 41), (50, 43), (21, 44), (49, 45), (20, 46), (48, 47), (19, 48), (47, 49), (18, 50), (46, 52), (17, 53), (46, 53), (17, 54), (43, 54), (44, 54), (45, 54), (18, 55), (41, 55), (42, 55), (19, 56), (39, 56), (40, 56), (20, 57), (37, 57), (38, 57), (21, 58), (34, 58), (35, 58), (36, 58), (22, 59), (32, 59), (33, 59), (23, 60), (30, 60), (31, 60), (24, 61), (28, 61), (29, 61), (25, 62), (26, 62), (27, 62)]
[(76, 23), (73, 24), (74, 24), (75, 24), (77, 24), (71, 25), (72, 25), (78, 25), (69, 26), (70, 26), (79, 26), (67, 27), (68, 27), (80, 27), (64, 28), (65, 28), (66, 28), (81, 28), (62, 29), (63, 29), (82, 29), (60, 30), (61, 30), (83, 30), (58, 31), (59, 31), (84, 31), (55, 32), (56, 32), (57, 32), (83, 33), (54, 34), (82, 35), (53, 36), (81, 37), (52, 38), (80, 39), (51, 40), (79, 42), (50, 43), (78, 44), (49, 45), (77, 46), (48, 47), (76, 48), (47, 49), (75, 51), (46, 52), (75, 52), (46, 53), (72, 53), (73, 53), (74, 53), (47, 54), (70, 54), (71, 54), (48, 55), (68, 55), (69, 55), (49, 56), (66, 56), (67, 56), (50, 57), (63, 57), (64, 57), (65, 57), (51, 58), (61, 58), (62, 58), (52, 59), (59, 59), (60, 59), (53, 60), (57, 60), (58, 60), (54, 61), (55, 61), (56, 61)]
[(75, 52), (72, 53), (73, 53), (74, 53), (76, 53), (70, 54), (71, 54), (77, 54), (68, 55), (69, 55), (78, 55), (66, 56), (67, 56), (79, 56), (63, 57), (64, 57), (65, 57), (80, 57), (61, 58), (62, 58), (81, 58), (59, 59), (60, 59), (82, 59), (57, 60), (58, 60), (83, 60), (54, 61), (55, 61), (56, 61), (82, 62), (53, 63), (81, 64), (52, 65), (80, 66), (51, 67), (79, 68), (50, 69), (78, 71), (49, 72), (77, 73), (48, 74), (76, 75), (47, 76), (75, 77), (46, 78), (74, 80), (45, 81), (74, 81), (45, 82), (71, 82), (72, 82), (73, 82), (46, 83), (69, 83), (70, 83), (47, 84), (67, 84), (68, 84), (48, 85), (65, 85), (66, 85), (49, 86), (62, 86), (63, 86), (64, 86), (50, 87), (60, 87), (61, 87), (51, 88), (58, 88), (59, 88), (52, 89), (56, 89), (57, 89), (53, 90), (54, 90), (55, 90)]
[(104, 51), (101, 52), (102, 52), (103, 52), (105, 52), (99, 53), (100, 53), (106, 53), (97, 54), (98, 54), (107, 54), (95, 55), (96, 55), (108, 55), (92, 56), (93, 56), (94, 56), (109, 56), (90, 57), (91, 57), (110, 57), (88, 58), (89, 58), (111, 58), (86, 59), (87, 59), (112, 59), (83, 60), (84, 60), (85, 60), (111, 61), (82, 62), (110, 63), (81, 64), (109, 65), (80, 66), (108, 67), (79, 68), (107, 70), (78, 71), (106, 72), (77, 73), (105, 74), (76, 75), (104, 76), (75, 77), (103, 79), (74, 80), (103, 80), (74, 81), (100, 81), (101, 81), (102, 81), (75, 82), (98, 82), (99, 82), (76, 83), (96, 83), (97, 83), (77, 84), (94, 84), (95, 84), (78, 85), (91, 85), (92, 85), (93, 85), (79, 86), (89, 86), (90, 86), (80, 87), (87, 87), (88, 87), (81, 88), (85, 88), (86, 88), (82, 89), (83, 89), (84, 89)]
[(103, 80), (100, 81), (101, 81), (102, 81), (104, 81), (98, 82), (99, 82), (105, 82), (96, 83), (97, 83), (106, 83), (94, 84), (95, 84), (107, 84), (91, 85), (92, 85), (93, 85), (108, 85), (89, 86), (90, 86), (109, 86), (87, 87), (88, 87), (110, 87), (85, 88), (86, 88), (111, 88), (82, 89), (83, 89), (84, 89), (110, 90), (81, 91), (109, 92), (80, 93), (108, 94), (79, 95), (107, 96), (78, 97), (106, 99), (77, 100), (105, 101), (76, 102), (104, 103), (75, 104), (103, 105), (74, 106), (102, 108), (73, 109), (102, 109), (73, 110), (99, 110), (100, 110), (101, 110), (74, 111), (97, 111), (98, 111), (75, 112), (95, 112), (96, 112), (76, 113), (93, 113), (94, 113), (77, 114), (90, 114), (91, 114), (92, 114)]
[(114, 87), (111, 88), (112, 88), (113, 88), (110, 90), (109, 92), (108, 94), (107, 96), (106, 99), (105, 101), (104, 103), (103, 105), (102, 108), (102, 109), (103, 110), (104, 111), (105, 112), (106, 113), (107, 114)]
[(17, 54), (14, 55), (15, 55), (16, 55), (18, 55), (12, 56), (13, 56), (19, 56), (10, 57), (11, 57), (20, 57), (8, 58), (9, 58), (21, 58), (5, 59), (6, 59), (7, 59), (22, 59), (3, 60), (4, 60), (23, 60), (1, 61), (2, 61), (24, 61), (0, 62), (25, 62), (24, 64), (23, 66), (22, 68), (21, 70), (20, 73), (19, 75), (18, 77), (17, 79), (16, 82), (16, 83), (13, 84), (14, 84), (15, 84), (11, 85), (12, 85), (9, 86), (10, 86), (7, 87), (8, 87), (4, 88), (5, 88), (6, 88), (2, 89), (3, 89), (0, 90), (1, 90)]
[(46, 53), (43, 54), (44, 54), (45, 54), (47, 54), (41, 55), (42, 55), (48, 55), (39, 56), (40, 56), (49, 56), (37, 57), (38, 57), (50, 57), (34, 58), (35, 58), (36, 58), (51, 58), (32, 59), (33, 59), (52, 59), (30, 60), (31, 60), (53, 60), (28, 61), (29, 61), (54, 61), (25, 62), (26, 62), (27, 62), (53, 63), (24, 64), (52, 65), (23, 66), (51, 67), (22, 68), (50, 69), (21, 70), (49, 72), (20, 73), (48, 74), (19, 75), (47, 76), (18, 77), (46, 78), (17, 79), (45, 81), (16, 82), (45, 82), (16, 83), (42, 83), (43, 83), (44, 83), (17, 84), (40, 84), (41, 84), (18, 85), (38, 85), (39, 85), (19, 86), (36, 86), (37, 86), (20, 87), (33, 87), (34, 87), (35, 87), (21, 88), (31, 88), (32, 88), (22, 89), (29, 89), (30, 89), (23, 90), (27, 90), (28, 90), (24, 91), (25, 91), (26, 91)]
[(45, 82), (42, 83), (43, 83), (44, 83), (46, 83), (40, 84), (41, 84), (47, 84), (38, 85), (39, 85), (48, 85), (36, 86), (37, 86), (49, 86), (33, 87), (34, 87), (35, 87), (50, 87), (31, 88), (32, 88), (51, 88), (29, 89), (30, 89), (52, 89), (27, 90), (28, 90), (53, 90), (24, 91), (25, 91), (26, 91), (52, 92), (23, 93), (51, 94), (22, 95), (50, 96), (21, 97), (49, 98), (20, 99), (48, 101), (19, 102), (47, 103), (18, 104), (46, 105), (17, 106), (45, 107), (16, 108), (44, 110), (15, 111), (44, 111), (15, 112), (41, 112), (42, 112), (43, 112), (16, 113), (39, 113), (40, 113), (17, 114), (37, 114), (38, 114)]
[(74, 81), (71, 82), (72, 82), (73, 82), (75, 82), (69, 83), (70, 83), (76, 83), (67, 84), (68, 84), (77, 84), (65, 85), (66, 85), (78, 85), (62, 86), (63, 86), (64, 86), (79, 86), (60, 87), (61, 87), (80, 87), (58, 88), (59, 88), (81, 88), (56, 89), (57, 89), (82, 89), (53, 90), (54, 90), (55, 90), (81, 91), (52, 92), (80, 93), (51, 94), (79, 95), (50, 96), (78, 97), (49, 98), (77, 100), (48, 101), (76, 102), (47, 103), (75, 104), (46, 105), (74, 106), (45, 107), (73, 109), (44, 110), (73, 110), (44, 111), (70, 111), (71, 111), (72, 111), (45, 112), (68, 112), (69, 112), (46, 113), (66, 113), (67, 113), (47, 114), (64, 114), (65, 114)]
[(73, 110), (70, 111), (71, 111), (72, 111), (74, 111), (68, 112), (69, 112), (75, 112), (66, 113), (67, 113), (76, 113), (64, 114), (65, 114), (77, 114)]
[(102, 109), (99, 110), (100, 110), (101, 110), (103, 110), (97, 111), (98, 111), (104, 111), (95, 112), (96, 112), (105, 112), (93, 113), (94, 113), (106, 113), (90, 114), (91, 114), (92, 114), (107, 114)]
[(16, 83), (13, 84), (14, 84), (15, 84), (17, 84), (11, 85), (12, 85), (18, 85), (9, 86), (10, 86), (19, 86), (7, 87), (8, 87), (20, 87), (4, 88), (5, 88), (6, 88), (21, 88), (2, 89), (3, 89), (22, 89), (0, 90), (1, 90), (23, 90), (24, 91), (23, 93), (22, 95), (21, 97), (20, 99), (19, 102), (18, 104), (17, 106), (16, 108), (15, 111), (15, 112), (12, 113), (13, 113), (14, 113), (10, 114), (11, 114)]
[(15, 112), (12, 113), (13, 113), (14, 113), (16, 113), (10, 114), (11, 114), (17, 114)]
[(44, 111), (41, 112), (42, 112), (43, 112), (45, 112), (39, 113), (40, 113), (46, 113), (37, 114), (38, 114), (47, 114)]
