[(83, 7), (81, 8), (82, 8), (84, 8), (79, 9), (80, 9), (76, 10), (77, 10), (78, 10), (83, 10), (74, 11), (75, 11), (72, 12), (73, 12), (82, 12), (70, 13), (71, 13), (68, 14), (69, 14), (81, 14), (66, 15), (67, 15), (64, 16), (65, 16), (80, 16), (61, 17), (62, 17), (63, 17), (79, 18), (60, 19), (78, 20), (59, 21), (77, 22), (58, 23), (57, 25), (76, 25), (56, 27), (75, 27), (55, 29), (74, 29), (74, 30), (54, 31), (72, 31), (73, 31), (70, 32), (71, 32), (67, 33), (68, 33), (69, 33), (53, 34), (65, 34), (66, 34), (63, 35), (64, 35), (52, 36), (61, 36), (62, 36), (59, 37), (60, 37), (51, 38), (57, 38), (58, 38), (51, 39), (55, 39), (56, 39), (52, 40), (53, 40), (54, 40)]
[(102, 0), (103, 0), (99, 1), (100, 1), (101, 1), (106, 1), (97, 2), (98, 2), (95, 3), (96, 3), (105, 3), (93, 4), (94, 4), (91, 5), (92, 5), (104, 5), (89, 6), (90, 6), (87, 7), (88, 7), (103, 7), (84, 8), (85, 8), (86, 8), (102, 9), (83, 10), (101, 11), (82, 12), (100, 13), (81, 14), (80, 16), (99, 16), (79, 18), (98, 18), (78, 20), (97, 20), (97, 21), (77, 22), (95, 22), (96, 22), (93, 23), (94, 23), (90, 24), (91, 24), (92, 24), (76, 25), (88, 25), (89, 25), (86, 26), (87, 26), (75, 27), (84, 27), (85, 27), (82, 28), (83, 28), (74, 29), (80, 29), (81, 29), (74, 30), (78, 30), (79, 30), (75, 31), (76, 31), (77, 31)]
[(97, 21), (95, 22), (96, 22), (98, 22), (93, 23), (94, 23), (90, 24), (91, 24), (92, 24), (97, 24), (88, 25), (89, 25), (86, 26), (87, 26), (96, 26), (84, 27), (85, 27), (82, 28), (83, 28), (95, 28), (80, 29), (81, 29), (78, 30), (79, 30), (94, 30), (75, 31), (76, 31), (77, 31), (93, 32), (74, 33), (92, 34), (73, 35), (91, 36), (72, 37), (71, 39), (90, 39), (70, 41), (89, 41), (69, 43), (88, 43), (88, 44), (68, 45), (86, 45), (87, 45), (84, 46), (85, 46), (81, 47), (82, 47), (83, 47), (67, 48), (79, 48), (80, 48), (77, 49), (78, 49), (66, 50), (75, 50), (76, 50), (73, 51), (74, 51), (65, 52), (71, 52), (72, 52), (65, 53), (69, 53), (70, 53), (66, 54), (67, 54), (68, 54)]
[(113, 15), (114, 15), (111, 16), (112, 16), (109, 17), (110, 17), (107, 18), (108, 18), (105, 19), (106, 19), (103, 20), (104, 20), (101, 21), (102, 21), (98, 22), (99, 22), (100, 22), (97, 24), (96, 26), (114, 27), (95, 28), (94, 30), (113, 30), (93, 32), (112, 32), (92, 34), (111, 34), (111, 35), (91, 36), (109, 36), (110, 36), (107, 37), (108, 37), (104, 38), (105, 38), (106, 38), (90, 39), (102, 39), (103, 39), (100, 40), (101, 40), (89, 41), (98, 41), (99, 41), (96, 42), (97, 42), (88, 43), (94, 43), (95, 43), (88, 44), (92, 44), (93, 44), (89, 45), (90, 45), (91, 45)]
[(111, 35), (109, 36), (110, 36), (112, 36), (107, 37), (108, 37), (104, 38), (105, 38), (106, 38), (111, 38), (102, 39), (103, 39), (100, 40), (101, 40), (110, 40), (98, 41), (99, 41), (96, 42), (97, 42), (109, 42), (94, 43), (95, 43), (92, 44), (93, 44), (108, 44), (89, 45), (90, 45), (91, 45), (107, 46), (88, 47), (106, 48), (87, 49), (105, 50), (86, 51), (85, 53), (104, 53), (84, 55), (103, 55), (83, 57), (102, 57), (102, 58), (82, 59), (100, 59), (101, 59), (98, 60), (99, 60), (95, 61), (96, 61), (97, 61), (81, 62), (93, 62), (94, 62), (91, 63), (92, 63), (80, 64), (89, 64), (90, 64), (87, 65), (88, 65), (79, 66), (85, 66), (86, 66), (79, 67), (83, 67), (84, 67), (80, 68), (81, 68), (82, 68)]
[(112, 36), (113, 36), (114, 36), (111, 38), (110, 40), (109, 42), (108, 44), (107, 46), (106, 48), (105, 50), (104, 53), (114, 54), (103, 55), (112, 55), (113, 55), (110, 56), (111, 56), (102, 57), (108, 57), (109, 57), (102, 58), (106, 58), (107, 58), (103, 59), (104, 59), (105, 59)]
[(114, 54), (112, 55), (113, 55), (110, 56), (111, 56), (108, 57), (109, 57), (106, 58), (107, 58), (103, 59), (104, 59), (105, 59), (102, 61), (101, 63), (100, 65), (99, 67), (98, 69), (97, 71), (96, 73), (114, 73), (112, 74), (113, 74), (109, 75), (110, 75), (111, 75), (95, 76), (107, 76), (108, 76), (105, 77), (106, 77), (94, 78), (103, 78), (104, 78), (101, 79), (102, 79), (93, 80), (99, 80), (100, 80), (93, 81), (97, 81), (98, 81), (94, 82), (95, 82), (96, 82)]
[(114, 79), (113, 81), (112, 83), (111, 85), (110, 87), (109, 90), (108, 92), (107, 94), (113, 94), (114, 94), (107, 95), (111, 95), (112, 95), (108, 96), (109, 96), (110, 96)]
[(37, 25), (35, 26), (36, 26), (38, 26), (33, 27), (34, 27), (30, 28), (31, 28), (32, 28), (37, 28), (28, 29), (29, 29), (26, 30), (27, 30), (36, 30), (24, 31), (25, 31), (22, 32), (23, 32), (35, 32), (20, 33), (21, 33), (18, 34), (19, 34), (34, 34), (15, 35), (16, 35), (17, 35), (33, 36), (14, 37), (32, 38), (13, 39), (31, 40), (12, 41), (11, 43), (30, 43), (10, 45), (29, 45), (9, 47), (28, 47), (28, 48), (8, 49), (26, 49), (27, 49), (24, 50), (25, 50), (21, 51), (22, 51), (23, 51), (7, 52), (19, 52), (20, 52), (17, 53), (18, 53), (6, 54), (15, 54), (16, 54), (13, 55), (14, 55), (5, 56), (11, 56), (12, 56), (5, 57), (9, 57), (10, 57), (6, 58), (7, 58), (8, 58)]
[(60, 16), (58, 17), (59, 17), (61, 17), (56, 18), (57, 18), (53, 19), (54, 19), (55, 19), (60, 19), (51, 20), (52, 20), (49, 21), (50, 21), (59, 21), (47, 22), (48, 22), (45, 23), (46, 23), (58, 23), (43, 24), (44, 24), (41, 25), (42, 25), (57, 25), (38, 26), (39, 26), (40, 26), (56, 27), (37, 28), (55, 29), (36, 30), (54, 31), (35, 32), (34, 34), (53, 34), (33, 36), (52, 36), (32, 38), (51, 38), (51, 39), (31, 40), (49, 40), (50, 40), (47, 41), (48, 41), (44, 42), (45, 42), (46, 42), (30, 43), (42, 43), (43, 43), (40, 44), (41, 44), (29, 45), (38, 45), (39, 45), (36, 46), (37, 46), (28, 47), (34, 47), (35, 47), (28, 48), (32, 48), (33, 48), (29, 49), (30, 49), (31, 49)]
[(51, 39), (49, 40), (50, 40), (52, 40), (47, 41), (48, 41), (44, 42), (45, 42), (46, 42), (51, 42), (42, 43), (43, 43), (40, 44), (41, 44), (50, 44), (38, 45), (39, 45), (36, 46), (37, 46), (49, 46), (34, 47), (35, 47), (32, 48), (33, 48), (48, 48), (29, 49), (30, 49), (31, 49), (47, 50), (28, 51), (46, 52), (27, 53), (45, 54), (26, 55), (25, 57), (44, 57), (24, 59), (43, 59), (23, 61), (42, 61), (42, 62), (22, 63), (40, 63), (41, 63), (38, 64), (39, 64), (35, 65), (36, 65), (37, 65), (21, 66), (33, 66), (34, 66), (31, 67), (32, 67), (20, 68), (29, 68), (30, 68), (27, 69), (28, 69), (19, 70), (25, 70), (26, 70), (19, 71), (23, 71), (24, 71), (20, 72), (21, 72), (22, 72)]
[(74, 30), (72, 31), (73, 31), (75, 31), (70, 32), (71, 32), (67, 33), (68, 33), (69, 33), (74, 33), (65, 34), (66, 34), (63, 35), (64, 35), (73, 35), (61, 36), (62, 36), (59, 37), (60, 37), (72, 37), (57, 38), (58, 38), (55, 39), (56, 39), (71, 39), (52, 40), (53, 40), (54, 40), (70, 41), (51, 42), (69, 43), (50, 44), (68, 45), (49, 46), (48, 48), (67, 48), (47, 50), (66, 50), (46, 52), (65, 52), (65, 53), (45, 54), (63, 54), (64, 54), (61, 55), (62, 55), (58, 56), (59, 56), (60, 56), (44, 57), (56, 57), (57, 57), (54, 58), (55, 58), (43, 59), (52, 59), (53, 59), (50, 60), (51, 60), (42, 61), (48, 61), (49, 61), (42, 62), (46, 62), (47, 62), (43, 63), (44, 63), (45, 63)]
[(65, 53), (63, 54), (64, 54), (66, 54), (61, 55), (62, 55), (58, 56), (59, 56), (60, 56), (65, 56), (56, 57), (57, 57), (54, 58), (55, 58), (64, 58), (52, 59), (53, 59), (50, 60), (51, 60), (63, 60), (48, 61), (49, 61), (46, 62), (47, 62), (62, 62), (43, 63), (44, 63), (45, 63), (61, 64), (42, 65), (60, 66), (41, 67), (59, 68), (40, 69), (39, 71), (58, 71), (38, 73), (57, 73), (37, 75), (56, 75), (56, 76), (36, 77), (54, 77), (55, 77), (52, 78), (53, 78), (49, 79), (50, 79), (51, 79), (35, 80), (47, 80), (48, 80), (45, 81), (46, 81), (34, 82), (43, 82), (44, 82), (41, 83), (42, 83), (33, 84), (39, 84), (40, 84), (33, 85), (37, 85), (38, 85), (34, 86), (35, 86), (36, 86)]
[(88, 44), (86, 45), (87, 45), (89, 45), (84, 46), (85, 46), (81, 47), (82, 47), (83, 47), (88, 47), (79, 48), (80, 48), (77, 49), (78, 49), (87, 49), (75, 50), (76, 50), (73, 51), (74, 51), (86, 51), (71, 52), (72, 52), (69, 53), (70, 53), (85, 53), (66, 54), (67, 54), (68, 54), (84, 55), (65, 56), (83, 57), (64, 58), (82, 59), (63, 60), (62, 62), (81, 62), (61, 64), (80, 64), (60, 66), (79, 66), (79, 67), (59, 68), (77, 68), (78, 68), (75, 69), (76, 69), (72, 70), (73, 70), (74, 70), (58, 71), (70, 71), (71, 71), (68, 72), (69, 72), (57, 73), (66, 73), (67, 73), (64, 74), (65, 74), (56, 75), (62, 75), (63, 75), (56, 76), (60, 76), (61, 76), (57, 77), (58, 77), (59, 77)]
[(79, 67), (77, 68), (78, 68), (80, 68), (75, 69), (76, 69), (72, 70), (73, 70), (74, 70), (79, 70), (70, 71), (71, 71), (68, 72), (69, 72), (78, 72), (66, 73), (67, 73), (64, 74), (65, 74), (77, 74), (62, 75), (63, 75), (60, 76), (61, 76), (76, 76), (57, 77), (58, 77), (59, 77), (75, 78), (56, 79), (74, 80), (55, 81), (73, 82), (54, 83), (53, 85), (72, 85), (52, 87), (71, 87), (51, 89), (70, 89), (70, 90), (50, 91), (68, 91), (69, 91), (66, 92), (67, 92), (63, 93), (64, 93), (65, 93), (49, 94), (61, 94), (62, 94), (59, 95), (60, 95), (48, 96), (57, 96), (58, 96), (55, 97), (56, 97), (47, 98), (53, 98), (54, 98), (47, 99), (51, 99), (52, 99), (48, 100), (49, 100), (50, 100)]
[(102, 58), (100, 59), (101, 59), (103, 59), (98, 60), (99, 60), (95, 61), (96, 61), (97, 61), (102, 61), (93, 62), (94, 62), (91, 63), (92, 63), (101, 63), (89, 64), (90, 64), (87, 65), (88, 65), (100, 65), (85, 66), (86, 66), (83, 67), (84, 67), (99, 67), (80, 68), (81, 68), (82, 68), (98, 69), (79, 70), (97, 71), (78, 72), (96, 73), (77, 74), (76, 76), (95, 76), (75, 78), (94, 78), (74, 80), (93, 80), (93, 81), (73, 82), (91, 82), (92, 82), (89, 83), (90, 83), (86, 84), (87, 84), (88, 84), (72, 85), (84, 85), (85, 85), (82, 86), (83, 86), (71, 87), (80, 87), (81, 87), (78, 88), (79, 88), (70, 89), (76, 89), (77, 89), (70, 90), (74, 90), (75, 90), (71, 91), (72, 91), (73, 91)]
[(93, 81), (91, 82), (92, 82), (94, 82), (89, 83), (90, 83), (86, 84), (87, 84), (88, 84), (93, 84), (84, 85), (85, 85), (82, 86), (83, 86), (92, 86), (80, 87), (81, 87), (78, 88), (79, 88), (91, 88), (76, 89), (77, 89), (74, 90), (75, 90), (90, 90), (71, 91), (72, 91), (73, 91), (89, 92), (70, 93), (88, 94), (69, 95), (87, 96), (68, 97), (67, 99), (86, 99), (66, 101), (85, 101), (65, 103), (84, 103), (84, 104), (64, 105), (82, 105), (83, 105), (80, 106), (81, 106), (77, 107), (78, 107), (79, 107), (63, 108), (75, 108), (76, 108), (73, 109), (74, 109), (62, 110), (71, 110), (72, 110), (69, 111), (70, 111), (61, 112), (67, 112), (68, 112), (61, 113), (65, 113), (66, 113), (62, 114), (63, 114), (64, 114)]
[(114, 73), (112, 74), (113, 74), (109, 75), (110, 75), (111, 75), (107, 76), (108, 76), (105, 77), (106, 77), (103, 78), (104, 78), (101, 79), (102, 79), (114, 79), (99, 80), (100, 80), (97, 81), (98, 81), (113, 81), (94, 82), (95, 82), (96, 82), (112, 83), (93, 84), (111, 85), (92, 86), (110, 87), (91, 88), (90, 90), (109, 90), (89, 92), (108, 92), (88, 94), (107, 94), (107, 95), (87, 96), (105, 96), (106, 96), (103, 97), (104, 97), (100, 98), (101, 98), (102, 98), (86, 99), (98, 99), (99, 99), (96, 100), (97, 100), (85, 101), (94, 101), (95, 101), (92, 102), (93, 102), (84, 103), (90, 103), (91, 103), (84, 104), (88, 104), (89, 104), (85, 105), (86, 105), (87, 105)]
[(107, 95), (105, 96), (106, 96), (108, 96), (103, 97), (104, 97), (100, 98), (101, 98), (102, 98), (107, 98), (98, 99), (99, 99), (96, 100), (97, 100), (106, 100), (94, 101), (95, 101), (92, 102), (93, 102), (105, 102), (90, 103), (91, 103), (88, 104), (89, 104), (104, 104), (85, 105), (86, 105), (87, 105), (103, 106), (84, 107), (102, 108), (83, 109), (101, 110), (82, 111), (81, 113), (100, 113)]
[(113, 94), (114, 94), (111, 95), (112, 95), (108, 96), (109, 96), (110, 96), (107, 98), (106, 100), (105, 102), (104, 104), (103, 106), (102, 108), (101, 110), (114, 112), (100, 113), (112, 113), (113, 113), (110, 114), (111, 114)]
[(5, 57), (3, 58), (4, 58), (6, 58), (1, 59), (2, 59), (0, 60), (5, 60), (4, 62), (3, 64), (2, 66), (1, 68), (0, 70)]
[(28, 48), (26, 49), (27, 49), (29, 49), (24, 50), (25, 50), (21, 51), (22, 51), (23, 51), (28, 51), (19, 52), (20, 52), (17, 53), (18, 53), (27, 53), (15, 54), (16, 54), (13, 55), (14, 55), (26, 55), (11, 56), (12, 56), (9, 57), (10, 57), (25, 57), (6, 58), (7, 58), (8, 58), (24, 59), (5, 60), (23, 61), (4, 62), (22, 63), (3, 64), (2, 66), (21, 66), (1, 68), (20, 68), (0, 70), (19, 70), (19, 71), (17, 72), (18, 72), (15, 73), (16, 73), (12, 74), (13, 74), (14, 74), (10, 75), (11, 75), (8, 76), (9, 76), (6, 77), (7, 77), (4, 78), (5, 78), (2, 79), (3, 79), (0, 80), (1, 80)]
[(19, 71), (17, 72), (18, 72), (20, 72), (15, 73), (16, 73), (12, 74), (13, 74), (14, 74), (19, 74), (10, 75), (11, 75), (8, 76), (9, 76), (18, 76), (6, 77), (7, 77), (4, 78), (5, 78), (17, 78), (2, 79), (3, 79), (0, 80), (1, 80), (16, 80), (15, 82), (14, 84), (13, 86), (12, 89), (11, 91), (10, 93), (10, 94), (8, 95), (9, 95), (6, 96), (7, 96), (3, 97), (4, 97), (5, 97), (1, 98), (2, 98), (0, 99)]
[(42, 62), (40, 63), (41, 63), (43, 63), (38, 64), (39, 64), (35, 65), (36, 65), (37, 65), (42, 65), (33, 66), (34, 66), (31, 67), (32, 67), (41, 67), (29, 68), (30, 68), (27, 69), (28, 69), (40, 69), (25, 70), (26, 70), (23, 71), (24, 71), (39, 71), (20, 72), (21, 72), (22, 72), (38, 73), (19, 74), (37, 75), (18, 76), (36, 77), (17, 78), (16, 80), (35, 80), (15, 82), (34, 82), (14, 84), (33, 84), (33, 85), (13, 86), (31, 86), (32, 86), (29, 87), (30, 87), (26, 88), (27, 88), (28, 88), (12, 89), (24, 89), (25, 89), (22, 90), (23, 90), (11, 91), (20, 91), (21, 91), (18, 92), (19, 92), (10, 93), (16, 93), (17, 93), (10, 94), (14, 94), (15, 94), (11, 95), (12, 95), (13, 95)]
[(33, 85), (31, 86), (32, 86), (34, 86), (29, 87), (30, 87), (26, 88), (27, 88), (28, 88), (33, 88), (24, 89), (25, 89), (22, 90), (23, 90), (32, 90), (20, 91), (21, 91), (18, 92), (19, 92), (31, 92), (16, 93), (17, 93), (14, 94), (15, 94), (30, 94), (11, 95), (12, 95), (13, 95), (29, 96), (10, 97), (28, 98), (9, 99), (27, 100), (8, 101), (7, 103), (26, 103), (6, 105), (25, 105), (5, 107), (24, 107), (24, 108), (4, 109), (22, 109), (23, 109), (20, 110), (21, 110), (17, 111), (18, 111), (19, 111), (3, 112), (15, 112), (16, 112), (13, 113), (14, 113), (2, 114), (11, 114), (12, 114)]
[(56, 76), (54, 77), (55, 77), (57, 77), (52, 78), (53, 78), (49, 79), (50, 79), (51, 79), (56, 79), (47, 80), (48, 80), (45, 81), (46, 81), (55, 81), (43, 82), (44, 82), (41, 83), (42, 83), (54, 83), (39, 84), (40, 84), (37, 85), (38, 85), (53, 85), (34, 86), (35, 86), (36, 86), (52, 87), (33, 88), (51, 89), (32, 90), (50, 91), (31, 92), (30, 94), (49, 94), (29, 96), (48, 96), (28, 98), (47, 98), (47, 99), (27, 100), (45, 100), (46, 100), (43, 101), (44, 101), (40, 102), (41, 102), (42, 102), (26, 103), (38, 103), (39, 103), (36, 104), (37, 104), (25, 105), (34, 105), (35, 105), (32, 106), (33, 106), (24, 107), (30, 107), (31, 107), (24, 108), (28, 108), (29, 108), (25, 109), (26, 109), (27, 109)]
[(47, 99), (45, 100), (46, 100), (48, 100), (43, 101), (44, 101), (40, 102), (41, 102), (42, 102), (47, 102), (38, 103), (39, 103), (36, 104), (37, 104), (46, 104), (34, 105), (35, 105), (32, 106), (33, 106), (45, 106), (30, 107), (31, 107), (28, 108), (29, 108), (44, 108), (25, 109), (26, 109), (27, 109), (43, 110), (24, 111), (42, 112), (23, 113), (41, 114)]
[(70, 90), (68, 91), (69, 91), (71, 91), (66, 92), (67, 92), (63, 93), (64, 93), (65, 93), (70, 93), (61, 94), (62, 94), (59, 95), (60, 95), (69, 95), (57, 96), (58, 96), (55, 97), (56, 97), (68, 97), (53, 98), (54, 98), (51, 99), (52, 99), (67, 99), (48, 100), (49, 100), (50, 100), (66, 101), (47, 102), (65, 103), (46, 104), (64, 105), (45, 106), (44, 108), (63, 108), (43, 110), (62, 110), (42, 112), (61, 112), (61, 113), (41, 114), (59, 114), (60, 114)]
[(61, 113), (59, 114), (60, 114), (62, 114)]
[(84, 104), (82, 105), (83, 105), (85, 105), (80, 106), (81, 106), (77, 107), (78, 107), (79, 107), (84, 107), (75, 108), (76, 108), (73, 109), (74, 109), (83, 109), (71, 110), (72, 110), (69, 111), (70, 111), (82, 111), (67, 112), (68, 112), (65, 113), (66, 113), (81, 113), (62, 114), (63, 114), (64, 114)]
[(10, 94), (8, 95), (9, 95), (11, 95), (6, 96), (7, 96), (3, 97), (4, 97), (5, 97), (10, 97), (1, 98), (2, 98), (0, 99), (9, 99), (8, 101), (7, 103), (6, 105), (5, 107), (4, 109), (3, 112), (2, 114)]
[(24, 108), (22, 109), (23, 109), (25, 109), (20, 110), (21, 110), (17, 111), (18, 111), (19, 111), (24, 111), (15, 112), (16, 112), (13, 113), (14, 113), (23, 113), (11, 114), (12, 114)]
