[(75, 17), (76, 17), (77, 17), (71, 18), (72, 18), (73, 18), (74, 18), (78, 18), (68, 19), (69, 19), (70, 19), (79, 19), (64, 20), (65, 20), (66, 20), (67, 20), (80, 20), (60, 21), (61, 21), (62, 21), (63, 21), (79, 23), (59, 24), (78, 27), (58, 28), (77, 30), (57, 31), (76, 34), (56, 35), (74, 37), (75, 37), (76, 37), (56, 38), (70, 38), (71, 38), (72, 38), (73, 38), (57, 39), (67, 39), (68, 39), (69, 39), (58, 40), (63, 40), (64, 40), (65, 40), (66, 40), (59, 41), (60, 41), (61, 41), (62, 41)]
[(95, 16), (96, 16), (97, 16), (91, 17), (92, 17), (93, 17), (94, 17), (98, 17), (88, 18), (89, 18), (90, 18), (99, 18), (84, 19), (85, 19), (86, 19), (87, 19), (100, 19), (80, 20), (81, 20), (82, 20), (83, 20), (99, 22), (79, 23), (98, 26), (78, 27), (97, 29), (77, 30), (96, 33), (76, 34), (94, 36), (95, 36), (96, 36), (76, 37), (90, 37), (91, 37), (92, 37), (93, 37), (77, 38), (87, 38), (88, 38), (89, 38), (78, 39), (83, 39), (84, 39), (85, 39), (86, 39), (79, 40), (80, 40), (81, 40), (82, 40)]
[(94, 36), (95, 36), (96, 36), (90, 37), (91, 37), (92, 37), (93, 37), (97, 37), (87, 38), (88, 38), (89, 38), (98, 38), (83, 39), (84, 39), (85, 39), (86, 39), (99, 39), (79, 40), (80, 40), (81, 40), (82, 40), (98, 42), (78, 43), (97, 46), (77, 47), (96, 49), (76, 50), (95, 53), (75, 54), (93, 56), (94, 56), (95, 56), (75, 57), (89, 57), (90, 57), (91, 57), (92, 57), (76, 58), (86, 58), (87, 58), (88, 58), (77, 59), (82, 59), (83, 59), (84, 59), (85, 59), (78, 60), (79, 60), (80, 60), (81, 60)]
[(114, 35), (110, 36), (111, 36), (112, 36), (113, 36), (107, 37), (108, 37), (109, 37), (103, 38), (104, 38), (105, 38), (106, 38), (99, 39), (100, 39), (101, 39), (102, 39), (98, 42), (97, 46), (96, 49), (95, 53), (113, 55), (114, 55), (95, 56), (109, 56), (110, 56), (111, 56), (112, 56), (96, 57), (106, 57), (107, 57), (108, 57), (97, 58), (102, 58), (103, 58), (104, 58), (105, 58), (98, 59), (99, 59), (100, 59), (101, 59)]
[(113, 55), (114, 55), (109, 56), (110, 56), (111, 56), (112, 56), (106, 57), (107, 57), (108, 57), (102, 58), (103, 58), (104, 58), (105, 58), (98, 59), (99, 59), (100, 59), (101, 59), (97, 62), (96, 66), (95, 69), (114, 72), (94, 73), (112, 75), (113, 75), (114, 75), (94, 76), (108, 76), (109, 76), (110, 76), (111, 76), (95, 77), (105, 77), (106, 77), (107, 77), (96, 78), (101, 78), (102, 78), (103, 78), (104, 78), (97, 79), (98, 79), (99, 79), (100, 79)]
[(114, 72), (114, 75)]
[(114, 88), (113, 92), (113, 95), (114, 96)]
[(35, 19), (36, 19), (37, 19), (31, 20), (32, 20), (33, 20), (34, 20), (38, 20), (28, 21), (29, 21), (30, 21), (39, 21), (24, 22), (25, 22), (26, 22), (27, 22), (40, 22), (20, 23), (21, 23), (22, 23), (23, 23), (39, 25), (19, 26), (38, 29), (18, 30), (37, 32), (17, 33), (36, 36), (16, 37), (34, 39), (35, 39), (36, 39), (16, 40), (30, 40), (31, 40), (32, 40), (33, 40), (17, 41), (27, 41), (28, 41), (29, 41), (18, 42), (23, 42), (24, 42), (25, 42), (26, 42), (19, 43), (20, 43), (21, 43), (22, 43)]
[(55, 18), (56, 18), (57, 18), (51, 19), (52, 19), (53, 19), (54, 19), (58, 19), (48, 20), (49, 20), (50, 20), (59, 20), (44, 21), (45, 21), (46, 21), (47, 21), (60, 21), (40, 22), (41, 22), (42, 22), (43, 22), (59, 24), (39, 25), (58, 28), (38, 29), (57, 31), (37, 32), (56, 35), (36, 36), (54, 38), (55, 38), (56, 38), (36, 39), (50, 39), (51, 39), (52, 39), (53, 39), (37, 40), (47, 40), (48, 40), (49, 40), (38, 41), (43, 41), (44, 41), (45, 41), (46, 41), (39, 42), (40, 42), (41, 42), (42, 42)]
[(54, 38), (55, 38), (56, 38), (50, 39), (51, 39), (52, 39), (53, 39), (57, 39), (47, 40), (48, 40), (49, 40), (58, 40), (43, 41), (44, 41), (45, 41), (46, 41), (59, 41), (39, 42), (40, 42), (41, 42), (42, 42), (58, 44), (38, 45), (57, 48), (37, 49), (56, 51), (36, 52), (55, 55), (35, 56), (53, 58), (54, 58), (55, 58), (35, 59), (49, 59), (50, 59), (51, 59), (52, 59), (36, 60), (46, 60), (47, 60), (48, 60), (37, 61), (42, 61), (43, 61), (44, 61), (45, 61), (38, 62), (39, 62), (40, 62), (41, 62)]
[(74, 37), (75, 37), (76, 37), (70, 38), (71, 38), (72, 38), (73, 38), (77, 38), (67, 39), (68, 39), (69, 39), (78, 39), (63, 40), (64, 40), (65, 40), (66, 40), (79, 40), (59, 41), (60, 41), (61, 41), (62, 41), (78, 43), (58, 44), (77, 47), (57, 48), (76, 50), (56, 51), (75, 54), (55, 55), (73, 57), (74, 57), (75, 57), (55, 58), (69, 58), (70, 58), (71, 58), (72, 58), (56, 59), (66, 59), (67, 59), (68, 59), (57, 60), (62, 60), (63, 60), (64, 60), (65, 60), (58, 61), (59, 61), (60, 61), (61, 61)]
[(73, 57), (74, 57), (75, 57), (69, 58), (70, 58), (71, 58), (72, 58), (76, 58), (66, 59), (67, 59), (68, 59), (77, 59), (62, 60), (63, 60), (64, 60), (65, 60), (78, 60), (58, 61), (59, 61), (60, 61), (61, 61), (77, 63), (57, 64), (76, 67), (56, 68), (75, 70), (55, 71), (74, 74), (54, 75), (72, 77), (73, 77), (74, 77), (54, 78), (68, 78), (69, 78), (70, 78), (71, 78), (55, 79), (65, 79), (66, 79), (67, 79), (56, 80), (61, 80), (62, 80), (63, 80), (64, 80), (57, 81), (58, 81), (59, 81), (60, 81)]
[(93, 56), (94, 56), (95, 56), (89, 57), (90, 57), (91, 57), (92, 57), (96, 57), (86, 58), (87, 58), (88, 58), (97, 58), (82, 59), (83, 59), (84, 59), (85, 59), (98, 59), (78, 60), (79, 60), (80, 60), (81, 60), (97, 62), (77, 63), (96, 66), (76, 67), (95, 69), (75, 70), (94, 73), (74, 74), (92, 76), (93, 76), (94, 76), (74, 77), (88, 77), (89, 77), (90, 77), (91, 77), (75, 78), (85, 78), (86, 78), (87, 78), (76, 79), (81, 79), (82, 79), (83, 79), (84, 79), (77, 80), (78, 80), (79, 80), (80, 80)]
[(92, 76), (93, 76), (94, 76), (88, 77), (89, 77), (90, 77), (91, 77), (95, 77), (85, 78), (86, 78), (87, 78), (96, 78), (81, 79), (82, 79), (83, 79), (84, 79), (97, 79), (77, 80), (78, 80), (79, 80), (80, 80), (96, 82), (76, 83), (95, 86), (75, 87), (94, 89), (74, 90), (93, 93), (73, 94), (91, 96), (92, 96), (93, 96), (73, 97), (87, 97), (88, 97), (89, 97), (90, 97), (74, 98), (84, 98), (85, 98), (86, 98), (75, 99), (80, 99), (81, 99), (82, 99), (83, 99), (76, 100), (77, 100), (78, 100), (79, 100)]
[(112, 75), (113, 75), (114, 75), (108, 76), (109, 76), (110, 76), (111, 76), (105, 77), (106, 77), (107, 77), (101, 78), (102, 78), (103, 78), (104, 78), (97, 79), (98, 79), (99, 79), (100, 79), (96, 82), (95, 86), (114, 88), (94, 89), (113, 92), (93, 93), (111, 95), (112, 95), (113, 95), (93, 96), (107, 96), (108, 96), (109, 96), (110, 96), (94, 97), (104, 97), (105, 97), (106, 97), (95, 98), (100, 98), (101, 98), (102, 98), (103, 98), (96, 99), (97, 99), (98, 99), (99, 99)]
[(111, 95), (112, 95), (113, 95), (107, 96), (108, 96), (109, 96), (110, 96), (114, 96), (104, 97), (105, 97), (106, 97), (100, 98), (101, 98), (102, 98), (103, 98), (96, 99), (97, 99), (98, 99), (99, 99), (95, 102), (114, 105), (94, 106), (113, 108), (93, 109), (112, 112), (92, 113)]
[(114, 105), (113, 108), (112, 112)]
[(14, 40), (15, 40), (16, 40), (10, 41), (11, 41), (12, 41), (13, 41), (17, 41), (7, 42), (8, 42), (9, 42), (18, 42), (3, 43), (4, 43), (5, 43), (6, 43), (19, 43), (0, 44), (1, 44), (2, 44), (18, 46), (17, 50), (16, 53), (15, 57), (13, 60), (14, 60), (15, 60), (9, 61), (10, 61), (11, 61), (12, 61), (6, 62), (7, 62), (8, 62), (2, 63), (3, 63), (4, 63), (5, 63), (0, 64), (1, 64)]
[(34, 39), (35, 39), (36, 39), (30, 40), (31, 40), (32, 40), (33, 40), (37, 40), (27, 41), (28, 41), (29, 41), (38, 41), (23, 42), (24, 42), (25, 42), (26, 42), (39, 42), (19, 43), (20, 43), (21, 43), (22, 43), (38, 45), (18, 46), (37, 49), (17, 50), (36, 52), (16, 53), (35, 56), (15, 57), (33, 59), (34, 59), (35, 59), (15, 60), (29, 60), (30, 60), (31, 60), (32, 60), (16, 61), (26, 61), (27, 61), (28, 61), (17, 62), (22, 62), (23, 62), (24, 62), (25, 62), (18, 63), (19, 63), (20, 63), (21, 63)]
[(33, 59), (34, 59), (35, 59), (29, 60), (30, 60), (31, 60), (32, 60), (36, 60), (26, 61), (27, 61), (28, 61), (37, 61), (22, 62), (23, 62), (24, 62), (25, 62), (38, 62), (18, 63), (19, 63), (20, 63), (21, 63), (37, 65), (17, 66), (36, 69), (16, 70), (35, 72), (15, 73), (34, 76), (14, 77), (32, 79), (33, 79), (34, 79), (14, 80), (28, 80), (29, 80), (30, 80), (31, 80), (15, 81), (25, 81), (26, 81), (27, 81), (16, 82), (21, 82), (22, 82), (23, 82), (24, 82), (17, 83), (18, 83), (19, 83), (20, 83)]
[(53, 58), (54, 58), (55, 58), (49, 59), (50, 59), (51, 59), (52, 59), (56, 59), (46, 60), (47, 60), (48, 60), (57, 60), (42, 61), (43, 61), (44, 61), (45, 61), (58, 61), (38, 62), (39, 62), (40, 62), (41, 62), (57, 64), (37, 65), (56, 68), (36, 69), (55, 71), (35, 72), (54, 75), (34, 76), (52, 78), (53, 78), (54, 78), (34, 79), (48, 79), (49, 79), (50, 79), (51, 79), (35, 80), (45, 80), (46, 80), (47, 80), (36, 81), (41, 81), (42, 81), (43, 81), (44, 81), (37, 82), (38, 82), (39, 82), (40, 82)]
[(52, 78), (53, 78), (54, 78), (48, 79), (49, 79), (50, 79), (51, 79), (55, 79), (45, 80), (46, 80), (47, 80), (56, 80), (41, 81), (42, 81), (43, 81), (44, 81), (57, 81), (37, 82), (38, 82), (39, 82), (40, 82), (56, 84), (36, 85), (55, 88), (35, 89), (54, 91), (34, 92), (53, 95), (33, 96), (51, 98), (52, 98), (53, 98), (33, 99), (47, 99), (48, 99), (49, 99), (50, 99), (34, 100), (44, 100), (45, 100), (46, 100), (35, 101), (40, 101), (41, 101), (42, 101), (43, 101), (36, 102), (37, 102), (38, 102), (39, 102)]
[(72, 77), (73, 77), (74, 77), (68, 78), (69, 78), (70, 78), (71, 78), (75, 78), (65, 79), (66, 79), (67, 79), (76, 79), (61, 80), (62, 80), (63, 80), (64, 80), (77, 80), (57, 81), (58, 81), (59, 81), (60, 81), (76, 83), (56, 84), (75, 87), (55, 88), (74, 90), (54, 91), (73, 94), (53, 95), (71, 97), (72, 97), (73, 97), (53, 98), (67, 98), (68, 98), (69, 98), (70, 98), (54, 99), (64, 99), (65, 99), (66, 99), (55, 100), (60, 100), (61, 100), (62, 100), (63, 100), (56, 101), (57, 101), (58, 101), (59, 101)]
[(71, 97), (72, 97), (73, 97), (67, 98), (68, 98), (69, 98), (70, 98), (74, 98), (64, 99), (65, 99), (66, 99), (75, 99), (60, 100), (61, 100), (62, 100), (63, 100), (76, 100), (56, 101), (57, 101), (58, 101), (59, 101), (75, 103), (55, 104), (74, 107), (54, 108), (73, 110), (53, 111), (72, 114)]
[(91, 96), (92, 96), (93, 96), (87, 97), (88, 97), (89, 97), (90, 97), (94, 97), (84, 98), (85, 98), (86, 98), (95, 98), (80, 99), (81, 99), (82, 99), (83, 99), (96, 99), (76, 100), (77, 100), (78, 100), (79, 100), (95, 102), (75, 103), (94, 106), (74, 107), (93, 109), (73, 110), (92, 113), (72, 114)]
[(13, 60), (14, 60), (15, 60), (9, 61), (10, 61), (11, 61), (12, 61), (16, 61), (6, 62), (7, 62), (8, 62), (17, 62), (2, 63), (3, 63), (4, 63), (5, 63), (18, 63), (0, 64), (1, 64), (17, 66), (16, 70), (15, 73), (14, 77), (12, 80), (13, 80), (14, 80), (8, 81), (9, 81), (10, 81), (11, 81), (5, 82), (6, 82), (7, 82), (1, 83), (2, 83), (3, 83), (4, 83), (0, 84)]
[(12, 80), (13, 80), (14, 80), (8, 81), (9, 81), (10, 81), (11, 81), (15, 81), (5, 82), (6, 82), (7, 82), (16, 82), (1, 83), (2, 83), (3, 83), (4, 83), (17, 83), (0, 84), (16, 86), (15, 90), (14, 93), (13, 97), (11, 100), (12, 100), (13, 100), (7, 101), (8, 101), (9, 101), (10, 101), (4, 102), (5, 102), (6, 102), (0, 103), (1, 103), (2, 103), (3, 103)]
[(32, 79), (33, 79), (34, 79), (28, 80), (29, 80), (30, 80), (31, 80), (35, 80), (25, 81), (26, 81), (27, 81), (36, 81), (21, 82), (22, 82), (23, 82), (24, 82), (37, 82), (17, 83), (18, 83), (19, 83), (20, 83), (36, 85), (16, 86), (35, 89), (15, 90), (34, 92), (14, 93), (33, 96), (13, 97), (31, 99), (32, 99), (33, 99), (13, 100), (27, 100), (28, 100), (29, 100), (30, 100), (14, 101), (24, 101), (25, 101), (26, 101), (15, 102), (20, 102), (21, 102), (22, 102), (23, 102), (16, 103), (17, 103), (18, 103), (19, 103)]
[(31, 99), (32, 99), (33, 99), (27, 100), (28, 100), (29, 100), (30, 100), (34, 100), (24, 101), (25, 101), (26, 101), (35, 101), (20, 102), (21, 102), (22, 102), (23, 102), (36, 102), (16, 103), (17, 103), (18, 103), (19, 103), (35, 105), (15, 106), (34, 109), (14, 110), (33, 112), (13, 113)]
[(51, 98), (52, 98), (53, 98), (47, 99), (48, 99), (49, 99), (50, 99), (54, 99), (44, 100), (45, 100), (46, 100), (55, 100), (40, 101), (41, 101), (42, 101), (43, 101), (56, 101), (36, 102), (37, 102), (38, 102), (39, 102), (55, 104), (35, 105), (54, 108), (34, 109), (53, 111), (33, 112)]
[(11, 100), (12, 100), (13, 100), (7, 101), (8, 101), (9, 101), (10, 101), (14, 101), (4, 102), (5, 102), (6, 102), (15, 102), (0, 103), (1, 103), (2, 103), (3, 103), (16, 103), (15, 106), (14, 110), (13, 113)]
