[(90, 26), (86, 27), (87, 27), (88, 27), (89, 27), (91, 27), (82, 28), (83, 28), (84, 28), (85, 28), (92, 28), (78, 29), (79, 29), (80, 29), (81, 29), (93, 29), (74, 30), (75, 30), (76, 30), (77, 30), (94, 30), (73, 33), (93, 33), (72, 37), (92, 37), (71, 41), (91, 41), (70, 45), (90, 45), (70, 46), (90, 46), (71, 47), (86, 47), (87, 47), (88, 47), (89, 47), (72, 48), (82, 48), (83, 48), (84, 48), (85, 48), (73, 49), (78, 49), (79, 49), (80, 49), (81, 49), (74, 50), (75, 50), (76, 50), (77, 50)]
[(110, 26), (106, 27), (107, 27), (108, 27), (109, 27), (111, 27), (102, 28), (103, 28), (104, 28), (105, 28), (112, 28), (98, 29), (99, 29), (100, 29), (101, 29), (113, 29), (94, 30), (95, 30), (96, 30), (97, 30), (114, 30), (93, 33), (113, 33), (92, 37), (112, 37), (91, 41), (111, 41), (90, 45), (110, 45), (90, 46), (110, 46), (91, 47), (106, 47), (107, 47), (108, 47), (109, 47), (92, 48), (102, 48), (103, 48), (104, 48), (105, 48), (93, 49), (98, 49), (99, 49), (100, 49), (101, 49), (94, 50), (95, 50), (96, 50), (97, 50)]
[(110, 46), (106, 47), (107, 47), (108, 47), (109, 47), (111, 47), (102, 48), (103, 48), (104, 48), (105, 48), (112, 48), (98, 49), (99, 49), (100, 49), (101, 49), (113, 49), (94, 50), (95, 50), (96, 50), (97, 50), (114, 50), (93, 53), (113, 53), (92, 57), (112, 57), (91, 61), (111, 61), (90, 65), (110, 65), (90, 66), (110, 66), (91, 67), (106, 67), (107, 67), (108, 67), (109, 67), (92, 68), (102, 68), (103, 68), (104, 68), (105, 68), (93, 69), (98, 69), (99, 69), (100, 69), (101, 69), (94, 70), (95, 70), (96, 70), (97, 70)]
[(114, 50), (113, 53), (112, 57), (111, 61), (110, 65), (110, 66), (111, 67), (112, 68), (113, 69), (114, 70)]
[(114, 70), (113, 73), (112, 77), (111, 81), (110, 85), (110, 86), (111, 87), (112, 88), (113, 89), (114, 90)]
[(50, 26), (46, 27), (47, 27), (48, 27), (49, 27), (51, 27), (42, 28), (43, 28), (44, 28), (45, 28), (52, 28), (38, 29), (39, 29), (40, 29), (41, 29), (53, 29), (34, 30), (35, 30), (36, 30), (37, 30), (54, 30), (33, 33), (53, 33), (32, 37), (52, 37), (31, 41), (51, 41), (30, 45), (50, 45), (30, 46), (50, 46), (31, 47), (46, 47), (47, 47), (48, 47), (49, 47), (32, 48), (42, 48), (43, 48), (44, 48), (45, 48), (33, 49), (38, 49), (39, 49), (40, 49), (41, 49), (34, 50), (35, 50), (36, 50), (37, 50)]
[(70, 26), (66, 27), (67, 27), (68, 27), (69, 27), (71, 27), (62, 28), (63, 28), (64, 28), (65, 28), (72, 28), (58, 29), (59, 29), (60, 29), (61, 29), (73, 29), (54, 30), (55, 30), (56, 30), (57, 30), (74, 30), (53, 33), (73, 33), (52, 37), (72, 37), (51, 41), (71, 41), (50, 45), (70, 45), (50, 46), (70, 46), (51, 47), (66, 47), (67, 47), (68, 47), (69, 47), (52, 48), (62, 48), (63, 48), (64, 48), (65, 48), (53, 49), (58, 49), (59, 49), (60, 49), (61, 49), (54, 50), (55, 50), (56, 50), (57, 50)]
[(70, 46), (66, 47), (67, 47), (68, 47), (69, 47), (71, 47), (62, 48), (63, 48), (64, 48), (65, 48), (72, 48), (58, 49), (59, 49), (60, 49), (61, 49), (73, 49), (54, 50), (55, 50), (56, 50), (57, 50), (74, 50), (53, 53), (73, 53), (52, 57), (72, 57), (51, 61), (71, 61), (50, 65), (70, 65), (50, 66), (70, 66), (51, 67), (66, 67), (67, 67), (68, 67), (69, 67), (52, 68), (62, 68), (63, 68), (64, 68), (65, 68), (53, 69), (58, 69), (59, 69), (60, 69), (61, 69), (54, 70), (55, 70), (56, 70), (57, 70)]
[(90, 46), (86, 47), (87, 47), (88, 47), (89, 47), (91, 47), (82, 48), (83, 48), (84, 48), (85, 48), (92, 48), (78, 49), (79, 49), (80, 49), (81, 49), (93, 49), (74, 50), (75, 50), (76, 50), (77, 50), (94, 50), (73, 53), (93, 53), (72, 57), (92, 57), (71, 61), (91, 61), (70, 65), (90, 65), (70, 66), (90, 66), (71, 67), (86, 67), (87, 67), (88, 67), (89, 67), (72, 68), (82, 68), (83, 68), (84, 68), (85, 68), (73, 69), (78, 69), (79, 69), (80, 69), (81, 69), (74, 70), (75, 70), (76, 70), (77, 70)]
[(90, 66), (86, 67), (87, 67), (88, 67), (89, 67), (91, 67), (82, 68), (83, 68), (84, 68), (85, 68), (92, 68), (78, 69), (79, 69), (80, 69), (81, 69), (93, 69), (74, 70), (75, 70), (76, 70), (77, 70), (94, 70), (73, 73), (93, 73), (72, 77), (92, 77), (71, 81), (91, 81), (70, 85), (90, 85), (70, 86), (90, 86), (71, 87), (86, 87), (87, 87), (88, 87), (89, 87), (72, 88), (82, 88), (83, 88), (84, 88), (85, 88), (73, 89), (78, 89), (79, 89), (80, 89), (81, 89), (74, 90), (75, 90), (76, 90), (77, 90)]
[(110, 66), (106, 67), (107, 67), (108, 67), (109, 67), (111, 67), (102, 68), (103, 68), (104, 68), (105, 68), (112, 68), (98, 69), (99, 69), (100, 69), (101, 69), (113, 69), (94, 70), (95, 70), (96, 70), (97, 70), (114, 70), (93, 73), (113, 73), (92, 77), (112, 77), (91, 81), (111, 81), (90, 85), (110, 85), (90, 86), (110, 86), (91, 87), (106, 87), (107, 87), (108, 87), (109, 87), (92, 88), (102, 88), (103, 88), (104, 88), (105, 88), (93, 89), (98, 89), (99, 89), (100, 89), (101, 89), (94, 90), (95, 90), (96, 90), (97, 90)]
[(110, 86), (106, 87), (107, 87), (108, 87), (109, 87), (111, 87), (102, 88), (103, 88), (104, 88), (105, 88), (112, 88), (98, 89), (99, 89), (100, 89), (101, 89), (113, 89), (94, 90), (95, 90), (96, 90), (97, 90), (114, 90), (93, 93), (113, 93), (92, 97), (112, 97), (91, 101), (111, 101), (90, 105), (110, 105), (90, 106), (110, 106), (91, 107), (106, 107), (107, 107), (108, 107), (109, 107), (92, 108), (102, 108), (103, 108), (104, 108), (105, 108), (93, 109), (98, 109), (99, 109), (100, 109), (101, 109), (94, 110), (95, 110), (96, 110), (97, 110)]
[(114, 90), (113, 93), (112, 97), (111, 101), (110, 105), (110, 106), (111, 107), (112, 108), (113, 109), (114, 110)]
[(30, 46), (26, 47), (27, 47), (28, 47), (29, 47), (31, 47), (22, 48), (23, 48), (24, 48), (25, 48), (32, 48), (18, 49), (19, 49), (20, 49), (21, 49), (33, 49), (14, 50), (15, 50), (16, 50), (17, 50), (34, 50), (13, 53), (33, 53), (12, 57), (32, 57), (11, 61), (31, 61), (10, 65), (30, 65), (10, 66), (30, 66), (11, 67), (26, 67), (27, 67), (28, 67), (29, 67), (12, 68), (22, 68), (23, 68), (24, 68), (25, 68), (13, 69), (18, 69), (19, 69), (20, 69), (21, 69), (14, 70), (15, 70), (16, 70), (17, 70)]
[(50, 46), (46, 47), (47, 47), (48, 47), (49, 47), (51, 47), (42, 48), (43, 48), (44, 48), (45, 48), (52, 48), (38, 49), (39, 49), (40, 49), (41, 49), (53, 49), (34, 50), (35, 50), (36, 50), (37, 50), (54, 50), (33, 53), (53, 53), (32, 57), (52, 57), (31, 61), (51, 61), (30, 65), (50, 65), (30, 66), (50, 66), (31, 67), (46, 67), (47, 67), (48, 67), (49, 67), (32, 68), (42, 68), (43, 68), (44, 68), (45, 68), (33, 69), (38, 69), (39, 69), (40, 69), (41, 69), (34, 70), (35, 70), (36, 70), (37, 70)]
[(50, 66), (46, 67), (47, 67), (48, 67), (49, 67), (51, 67), (42, 68), (43, 68), (44, 68), (45, 68), (52, 68), (38, 69), (39, 69), (40, 69), (41, 69), (53, 69), (34, 70), (35, 70), (36, 70), (37, 70), (54, 70), (33, 73), (53, 73), (32, 77), (52, 77), (31, 81), (51, 81), (30, 85), (50, 85), (30, 86), (50, 86), (31, 87), (46, 87), (47, 87), (48, 87), (49, 87), (32, 88), (42, 88), (43, 88), (44, 88), (45, 88), (33, 89), (38, 89), (39, 89), (40, 89), (41, 89), (34, 90), (35, 90), (36, 90), (37, 90)]
[(70, 66), (66, 67), (67, 67), (68, 67), (69, 67), (71, 67), (62, 68), (63, 68), (64, 68), (65, 68), (72, 68), (58, 69), (59, 69), (60, 69), (61, 69), (73, 69), (54, 70), (55, 70), (56, 70), (57, 70), (74, 70), (53, 73), (73, 73), (52, 77), (72, 77), (51, 81), (71, 81), (50, 85), (70, 85), (50, 86), (70, 86), (51, 87), (66, 87), (67, 87), (68, 87), (69, 87), (52, 88), (62, 88), (63, 88), (64, 88), (65, 88), (53, 89), (58, 89), (59, 89), (60, 89), (61, 89), (54, 90), (55, 90), (56, 90), (57, 90)]
[(70, 86), (66, 87), (67, 87), (68, 87), (69, 87), (71, 87), (62, 88), (63, 88), (64, 88), (65, 88), (72, 88), (58, 89), (59, 89), (60, 89), (61, 89), (73, 89), (54, 90), (55, 90), (56, 90), (57, 90), (74, 90), (53, 93), (73, 93), (52, 97), (72, 97), (51, 101), (71, 101), (50, 105), (70, 105), (50, 106), (70, 106), (51, 107), (66, 107), (67, 107), (68, 107), (69, 107), (52, 108), (62, 108), (63, 108), (64, 108), (65, 108), (53, 109), (58, 109), (59, 109), (60, 109), (61, 109), (54, 110), (55, 110), (56, 110), (57, 110)]
[(90, 86), (86, 87), (87, 87), (88, 87), (89, 87), (91, 87), (82, 88), (83, 88), (84, 88), (85, 88), (92, 88), (78, 89), (79, 89), (80, 89), (81, 89), (93, 89), (74, 90), (75, 90), (76, 90), (77, 90), (94, 90), (73, 93), (93, 93), (72, 97), (92, 97), (71, 101), (91, 101), (70, 105), (90, 105), (70, 106), (90, 106), (71, 107), (86, 107), (87, 107), (88, 107), (89, 107), (72, 108), (82, 108), (83, 108), (84, 108), (85, 108), (73, 109), (78, 109), (79, 109), (80, 109), (81, 109), (74, 110), (75, 110), (76, 110), (77, 110)]
[(90, 106), (86, 107), (87, 107), (88, 107), (89, 107), (91, 107), (82, 108), (83, 108), (84, 108), (85, 108), (92, 108), (78, 109), (79, 109), (80, 109), (81, 109), (93, 109), (74, 110), (75, 110), (76, 110), (77, 110), (94, 110), (73, 113), (93, 113)]
[(110, 106), (106, 107), (107, 107), (108, 107), (109, 107), (111, 107), (102, 108), (103, 108), (104, 108), (105, 108), (112, 108), (98, 109), (99, 109), (100, 109), (101, 109), (113, 109), (94, 110), (95, 110), (96, 110), (97, 110), (114, 110), (93, 113), (113, 113)]
[(30, 66), (26, 67), (27, 67), (28, 67), (29, 67), (31, 67), (22, 68), (23, 68), (24, 68), (25, 68), (32, 68), (18, 69), (19, 69), (20, 69), (21, 69), (33, 69), (14, 70), (15, 70), (16, 70), (17, 70), (34, 70), (13, 73), (33, 73), (12, 77), (32, 77), (11, 81), (31, 81), (10, 85), (30, 85), (10, 86), (30, 86), (11, 87), (26, 87), (27, 87), (28, 87), (29, 87), (12, 88), (22, 88), (23, 88), (24, 88), (25, 88), (13, 89), (18, 89), (19, 89), (20, 89), (21, 89), (14, 90), (15, 90), (16, 90), (17, 90)]
[(30, 86), (26, 87), (27, 87), (28, 87), (29, 87), (31, 87), (22, 88), (23, 88), (24, 88), (25, 88), (32, 88), (18, 89), (19, 89), (20, 89), (21, 89), (33, 89), (14, 90), (15, 90), (16, 90), (17, 90), (34, 90), (13, 93), (33, 93), (12, 97), (32, 97), (11, 101), (31, 101), (10, 105), (30, 105), (10, 106), (30, 106), (11, 107), (26, 107), (27, 107), (28, 107), (29, 107), (12, 108), (22, 108), (23, 108), (24, 108), (25, 108), (13, 109), (18, 109), (19, 109), (20, 109), (21, 109), (14, 110), (15, 110), (16, 110), (17, 110)]
[(50, 86), (46, 87), (47, 87), (48, 87), (49, 87), (51, 87), (42, 88), (43, 88), (44, 88), (45, 88), (52, 88), (38, 89), (39, 89), (40, 89), (41, 89), (53, 89), (34, 90), (35, 90), (36, 90), (37, 90), (54, 90), (33, 93), (53, 93), (32, 97), (52, 97), (31, 101), (51, 101), (30, 105), (50, 105), (30, 106), (50, 106), (31, 107), (46, 107), (47, 107), (48, 107), (49, 107), (32, 108), (42, 108), (43, 108), (44, 108), (45, 108), (33, 109), (38, 109), (39, 109), (40, 109), (41, 109), (34, 110), (35, 110), (36, 110), (37, 110)]
[(50, 106), (46, 107), (47, 107), (48, 107), (49, 107), (51, 107), (42, 108), (43, 108), (44, 108), (45, 108), (52, 108), (38, 109), (39, 109), (40, 109), (41, 109), (53, 109), (34, 110), (35, 110), (36, 110), (37, 110), (54, 110), (33, 113), (53, 113)]
[(70, 106), (66, 107), (67, 107), (68, 107), (69, 107), (71, 107), (62, 108), (63, 108), (64, 108), (65, 108), (72, 108), (58, 109), (59, 109), (60, 109), (61, 109), (73, 109), (54, 110), (55, 110), (56, 110), (57, 110), (74, 110), (53, 113), (73, 113)]
[(30, 106), (26, 107), (27, 107), (28, 107), (29, 107), (31, 107), (22, 108), (23, 108), (24, 108), (25, 108), (32, 108), (18, 109), (19, 109), (20, 109), (21, 109), (33, 109), (14, 110), (15, 110), (16, 110), (17, 110), (34, 110), (13, 113), (33, 113)]
