[(114, 49), (111, 50), (112, 50), (113, 50), (107, 51), (108, 51), (109, 51), (110, 51), (106, 54), (105, 57), (104, 61), (103, 64), (102, 67), (103, 67), (104, 68), (105, 69), (106, 70), (107, 71), (108, 72), (113, 72), (114, 72), (109, 73), (110, 73), (111, 73), (112, 73)]
[(77, 43), (78, 43), (79, 43), (74, 44), (75, 44), (76, 44), (80, 44), (70, 45), (71, 45), (72, 45), (73, 45), (81, 45), (67, 46), (68, 46), (69, 46), (82, 46), (63, 47), (64, 47), (65, 47), (66, 47), (83, 47), (84, 48), (85, 49), (62, 50), (84, 52), (61, 53), (83, 55), (60, 57), (82, 59), (59, 60), (81, 62), (58, 63), (59, 63), (60, 64), (61, 65), (79, 65), (80, 65), (81, 65), (62, 66), (76, 66), (77, 66), (78, 66), (63, 67), (72, 67), (73, 67), (74, 67), (75, 67), (64, 68), (69, 68), (70, 68), (71, 68), (65, 69), (66, 69), (67, 69), (68, 69)]
[(99, 45), (100, 45), (101, 45), (96, 46), (97, 46), (98, 46), (102, 46), (92, 47), (93, 47), (94, 47), (95, 47), (103, 47), (89, 48), (90, 48), (91, 48), (104, 48), (85, 49), (86, 49), (87, 49), (88, 49), (105, 49), (106, 50), (107, 51), (84, 52), (106, 54), (83, 55), (105, 57), (82, 59), (104, 61), (81, 62), (103, 64), (80, 65), (81, 65), (82, 66), (83, 67), (101, 67), (102, 67), (103, 67), (84, 68), (98, 68), (99, 68), (100, 68), (85, 69), (94, 69), (95, 69), (96, 69), (97, 69), (86, 70), (91, 70), (92, 70), (93, 70), (87, 71), (88, 71), (89, 71), (90, 71)]
[(101, 67), (102, 67), (103, 67), (98, 68), (99, 68), (100, 68), (104, 68), (94, 69), (95, 69), (96, 69), (97, 69), (105, 69), (91, 70), (92, 70), (93, 70), (106, 70), (87, 71), (88, 71), (89, 71), (90, 71), (107, 71), (108, 72), (109, 73), (86, 74), (108, 76), (85, 77), (107, 79), (84, 81), (106, 83), (83, 84), (105, 86), (82, 87), (83, 87), (84, 88), (85, 89), (103, 89), (104, 89), (105, 89), (86, 90), (100, 90), (101, 90), (102, 90), (87, 91), (96, 91), (97, 91), (98, 91), (99, 91), (88, 92), (93, 92), (94, 92), (95, 92), (89, 93), (90, 93), (91, 93), (92, 93)]
[(113, 72), (114, 72), (109, 73), (110, 73), (111, 73), (112, 73), (108, 76), (107, 79), (106, 83), (105, 86), (104, 89), (105, 89), (106, 90), (107, 91), (108, 92), (109, 93), (110, 94), (111, 95), (112, 95), (113, 95), (114, 95)]
[(111, 95), (112, 95), (113, 95), (114, 95), (110, 98), (109, 101), (108, 105), (107, 108), (106, 111), (107, 111), (108, 112), (109, 113), (110, 114)]
[(57, 63), (58, 63), (59, 63), (54, 64), (55, 64), (56, 64), (60, 64), (50, 65), (51, 65), (52, 65), (53, 65), (61, 65), (47, 66), (48, 66), (49, 66), (62, 66), (43, 67), (44, 67), (45, 67), (46, 67), (63, 67), (64, 68), (65, 69), (42, 70), (64, 72), (41, 73), (63, 75), (40, 77), (62, 79), (39, 80), (61, 82), (38, 83), (39, 83), (40, 84), (41, 85), (59, 85), (60, 85), (61, 85), (42, 86), (56, 86), (57, 86), (58, 86), (43, 87), (52, 87), (53, 87), (54, 87), (55, 87), (44, 88), (49, 88), (50, 88), (51, 88), (45, 89), (46, 89), (47, 89), (48, 89)]
[(79, 65), (80, 65), (81, 65), (76, 66), (77, 66), (78, 66), (82, 66), (72, 67), (73, 67), (74, 67), (75, 67), (83, 67), (69, 68), (70, 68), (71, 68), (84, 68), (65, 69), (66, 69), (67, 69), (68, 69), (85, 69), (86, 70), (87, 71), (64, 72), (86, 74), (63, 75), (85, 77), (62, 79), (84, 81), (61, 82), (83, 84), (60, 85), (61, 85), (62, 86), (63, 87), (81, 87), (82, 87), (83, 87), (64, 88), (78, 88), (79, 88), (80, 88), (65, 89), (74, 89), (75, 89), (76, 89), (77, 89), (66, 90), (71, 90), (72, 90), (73, 90), (67, 91), (68, 91), (69, 91), (70, 91)]
[(81, 87), (82, 87), (83, 87), (78, 88), (79, 88), (80, 88), (84, 88), (74, 89), (75, 89), (76, 89), (77, 89), (85, 89), (71, 90), (72, 90), (73, 90), (86, 90), (67, 91), (68, 91), (69, 91), (70, 91), (87, 91), (88, 92), (89, 93), (66, 94), (88, 96), (65, 97), (87, 99), (64, 101), (86, 103), (63, 104), (85, 106), (62, 107), (63, 107), (64, 108), (65, 109), (83, 109), (84, 109), (85, 109), (66, 110), (80, 110), (81, 110), (82, 110), (67, 111), (76, 111), (77, 111), (78, 111), (79, 111), (68, 112), (73, 112), (74, 112), (75, 112), (69, 113), (70, 113), (71, 113), (72, 113)]
[(103, 89), (104, 89), (105, 89), (100, 90), (101, 90), (102, 90), (106, 90), (96, 91), (97, 91), (98, 91), (99, 91), (107, 91), (93, 92), (94, 92), (95, 92), (108, 92), (89, 93), (90, 93), (91, 93), (92, 93), (109, 93), (110, 94), (111, 95), (88, 96), (110, 98), (87, 99), (109, 101), (86, 103), (108, 105), (85, 106), (107, 108), (84, 109), (85, 109), (86, 110), (87, 111), (105, 111), (106, 111), (107, 111), (88, 112), (102, 112), (103, 112), (104, 112), (89, 113), (98, 113), (99, 113), (100, 113), (101, 113), (90, 114), (95, 114), (96, 114), (97, 114)]
[(105, 111), (106, 111), (107, 111), (102, 112), (103, 112), (104, 112), (108, 112), (98, 113), (99, 113), (100, 113), (101, 113), (109, 113), (95, 114), (96, 114), (97, 114), (110, 114)]
[(59, 85), (60, 85), (61, 85), (56, 86), (57, 86), (58, 86), (62, 86), (52, 87), (53, 87), (54, 87), (55, 87), (63, 87), (49, 88), (50, 88), (51, 88), (64, 88), (45, 89), (46, 89), (47, 89), (48, 89), (65, 89), (66, 90), (67, 91), (44, 92), (66, 94), (43, 95), (65, 97), (42, 99), (64, 101), (41, 102), (63, 104), (40, 105), (41, 105), (42, 106), (43, 107), (61, 107), (62, 107), (63, 107), (44, 108), (58, 108), (59, 108), (60, 108), (45, 109), (54, 109), (55, 109), (56, 109), (57, 109), (46, 110), (51, 110), (52, 110), (53, 110), (47, 111), (48, 111), (49, 111), (50, 111)]
[(61, 107), (62, 107), (63, 107), (58, 108), (59, 108), (60, 108), (64, 108), (54, 109), (55, 109), (56, 109), (57, 109), (65, 109), (51, 110), (52, 110), (53, 110), (66, 110), (47, 111), (48, 111), (49, 111), (50, 111), (67, 111), (68, 112), (69, 113), (46, 114)]
[(83, 109), (84, 109), (85, 109), (80, 110), (81, 110), (82, 110), (86, 110), (76, 111), (77, 111), (78, 111), (79, 111), (87, 111), (73, 112), (74, 112), (75, 112), (88, 112), (69, 113), (70, 113), (71, 113), (72, 113), (89, 113), (90, 114)]
