[(84, 15), (85, 15), (86, 15), (81, 16), (82, 16), (83, 16), (87, 16), (78, 17), (79, 17), (80, 17), (88, 17), (75, 18), (76, 18), (77, 18), (72, 19), (73, 19), (74, 19), (69, 20), (70, 20), (71, 20), (87, 20), (65, 21), (66, 21), (67, 21), (68, 21), (86, 23), (64, 24), (85, 26), (63, 27), (84, 29), (62, 30), (83, 32), (61, 33), (82, 35), (60, 36), (80, 38), (81, 38), (82, 38), (59, 39), (77, 39), (78, 39), (79, 39), (74, 40), (75, 40), (76, 40), (71, 41), (72, 41), (73, 41), (59, 42), (68, 42), (69, 42), (70, 42), (60, 43), (65, 43), (66, 43), (67, 43), (61, 44), (62, 44), (63, 44), (64, 44)]
[(107, 11), (108, 11), (109, 11), (104, 12), (105, 12), (106, 12), (110, 12), (101, 13), (102, 13), (103, 13), (111, 13), (98, 14), (99, 14), (100, 14), (95, 15), (96, 15), (97, 15), (92, 16), (93, 16), (94, 16), (110, 16), (88, 17), (89, 17), (90, 17), (91, 17), (109, 19), (87, 20), (108, 22), (86, 23), (107, 25), (85, 26), (106, 28), (84, 29), (105, 31), (83, 32), (103, 34), (104, 34), (105, 34), (82, 35), (100, 35), (101, 35), (102, 35), (97, 36), (98, 36), (99, 36), (94, 37), (95, 37), (96, 37), (82, 38), (91, 38), (92, 38), (93, 38), (83, 39), (88, 39), (89, 39), (90, 39), (84, 40), (85, 40), (86, 40), (87, 40)]
[(103, 34), (104, 34), (105, 34), (100, 35), (101, 35), (102, 35), (106, 35), (97, 36), (98, 36), (99, 36), (107, 36), (94, 37), (95, 37), (96, 37), (91, 38), (92, 38), (93, 38), (88, 39), (89, 39), (90, 39), (106, 39), (84, 40), (85, 40), (86, 40), (87, 40), (105, 42), (83, 43), (104, 45), (82, 46), (103, 48), (81, 49), (102, 51), (80, 52), (101, 54), (79, 55), (99, 57), (100, 57), (101, 57), (78, 58), (96, 58), (97, 58), (98, 58), (93, 59), (94, 59), (95, 59), (90, 60), (91, 60), (92, 60), (78, 61), (87, 61), (88, 61), (89, 61), (79, 62), (84, 62), (85, 62), (86, 62), (80, 63), (81, 63), (82, 63), (83, 63)]
[(114, 34), (111, 35), (112, 35), (113, 35), (107, 36), (108, 36), (109, 36), (110, 36), (106, 39), (105, 42), (104, 45), (103, 48), (102, 51), (101, 54), (113, 56), (114, 56), (101, 57), (110, 57), (111, 57), (112, 57), (102, 58), (107, 58), (108, 58), (109, 58), (103, 59), (104, 59), (105, 59), (106, 59)]
[(113, 56), (114, 56), (110, 57), (111, 57), (112, 57), (107, 58), (108, 58), (109, 58), (103, 59), (104, 59), (105, 59), (106, 59), (102, 62), (101, 65), (100, 68), (99, 71), (98, 74), (97, 77), (112, 78), (113, 78), (114, 78), (109, 79), (110, 79), (111, 79), (97, 80), (106, 80), (107, 80), (108, 80), (98, 81), (103, 81), (104, 81), (105, 81), (99, 82), (100, 82), (101, 82), (102, 82)]
[(38, 23), (39, 23), (40, 23), (35, 24), (36, 24), (37, 24), (41, 24), (32, 25), (33, 25), (34, 25), (42, 25), (29, 26), (30, 26), (31, 26), (26, 27), (27, 27), (28, 27), (23, 28), (24, 28), (25, 28), (41, 28), (19, 29), (20, 29), (21, 29), (22, 29), (40, 31), (18, 32), (39, 34), (17, 35), (38, 37), (16, 38), (37, 40), (15, 41), (36, 43), (14, 44), (34, 46), (35, 46), (36, 46), (13, 47), (31, 47), (32, 47), (33, 47), (28, 48), (29, 48), (30, 48), (25, 49), (26, 49), (27, 49), (13, 50), (22, 50), (23, 50), (24, 50), (14, 51), (19, 51), (20, 51), (21, 51), (15, 52), (16, 52), (17, 52), (18, 52)]
[(61, 19), (62, 19), (63, 19), (58, 20), (59, 20), (60, 20), (64, 20), (55, 21), (56, 21), (57, 21), (65, 21), (52, 22), (53, 22), (54, 22), (49, 23), (50, 23), (51, 23), (46, 24), (47, 24), (48, 24), (64, 24), (42, 25), (43, 25), (44, 25), (45, 25), (63, 27), (41, 28), (62, 30), (40, 31), (61, 33), (39, 34), (60, 36), (38, 37), (59, 39), (37, 40), (57, 42), (58, 42), (59, 42), (36, 43), (54, 43), (55, 43), (56, 43), (51, 44), (52, 44), (53, 44), (48, 45), (49, 45), (50, 45), (36, 46), (45, 46), (46, 46), (47, 46), (37, 47), (42, 47), (43, 47), (44, 47), (38, 48), (39, 48), (40, 48), (41, 48)]
[(57, 42), (58, 42), (59, 42), (54, 43), (55, 43), (56, 43), (60, 43), (51, 44), (52, 44), (53, 44), (61, 44), (48, 45), (49, 45), (50, 45), (45, 46), (46, 46), (47, 46), (42, 47), (43, 47), (44, 47), (60, 47), (38, 48), (39, 48), (40, 48), (41, 48), (59, 50), (37, 51), (58, 53), (36, 54), (57, 56), (35, 57), (56, 59), (34, 60), (55, 62), (33, 63), (53, 65), (54, 65), (55, 65), (32, 66), (50, 66), (51, 66), (52, 66), (47, 67), (48, 67), (49, 67), (44, 68), (45, 68), (46, 68), (32, 69), (41, 69), (42, 69), (43, 69), (33, 70), (38, 70), (39, 70), (40, 70), (34, 71), (35, 71), (36, 71), (37, 71)]
[(80, 38), (81, 38), (82, 38), (77, 39), (78, 39), (79, 39), (83, 39), (74, 40), (75, 40), (76, 40), (84, 40), (71, 41), (72, 41), (73, 41), (68, 42), (69, 42), (70, 42), (65, 43), (66, 43), (67, 43), (83, 43), (61, 44), (62, 44), (63, 44), (64, 44), (82, 46), (60, 47), (81, 49), (59, 50), (80, 52), (58, 53), (79, 55), (57, 56), (78, 58), (56, 59), (76, 61), (77, 61), (78, 61), (55, 62), (73, 62), (74, 62), (75, 62), (70, 63), (71, 63), (72, 63), (67, 64), (68, 64), (69, 64), (55, 65), (64, 65), (65, 65), (66, 65), (56, 66), (61, 66), (62, 66), (63, 66), (57, 67), (58, 67), (59, 67), (60, 67)]
[(76, 61), (77, 61), (78, 61), (73, 62), (74, 62), (75, 62), (79, 62), (70, 63), (71, 63), (72, 63), (80, 63), (67, 64), (68, 64), (69, 64), (64, 65), (65, 65), (66, 65), (61, 66), (62, 66), (63, 66), (79, 66), (57, 67), (58, 67), (59, 67), (60, 67), (78, 69), (56, 70), (77, 72), (55, 73), (76, 75), (54, 76), (75, 78), (53, 79), (74, 81), (52, 82), (72, 84), (73, 84), (74, 84), (51, 85), (69, 85), (70, 85), (71, 85), (66, 86), (67, 86), (68, 86), (63, 87), (64, 87), (65, 87), (51, 88), (60, 88), (61, 88), (62, 88), (52, 89), (57, 89), (58, 89), (59, 89), (53, 90), (54, 90), (55, 90), (56, 90)]
[(99, 57), (100, 57), (101, 57), (96, 58), (97, 58), (98, 58), (102, 58), (93, 59), (94, 59), (95, 59), (103, 59), (90, 60), (91, 60), (92, 60), (87, 61), (88, 61), (89, 61), (84, 62), (85, 62), (86, 62), (102, 62), (80, 63), (81, 63), (82, 63), (83, 63), (101, 65), (79, 66), (100, 68), (78, 69), (99, 71), (77, 72), (98, 74), (76, 75), (97, 77), (75, 78), (95, 80), (96, 80), (97, 80), (74, 81), (92, 81), (93, 81), (94, 81), (89, 82), (90, 82), (91, 82), (86, 83), (87, 83), (88, 83), (74, 84), (83, 84), (84, 84), (85, 84), (75, 85), (80, 85), (81, 85), (82, 85), (76, 86), (77, 86), (78, 86), (79, 86)]
[(95, 80), (96, 80), (97, 80), (92, 81), (93, 81), (94, 81), (98, 81), (89, 82), (90, 82), (91, 82), (99, 82), (86, 83), (87, 83), (88, 83), (83, 84), (84, 84), (85, 84), (80, 85), (81, 85), (82, 85), (98, 85), (76, 86), (77, 86), (78, 86), (79, 86), (97, 88), (75, 89), (96, 91), (74, 92), (95, 94), (73, 95), (94, 97), (72, 98), (93, 100), (71, 101), (91, 103), (92, 103), (93, 103), (70, 104), (88, 104), (89, 104), (90, 104), (85, 105), (86, 105), (87, 105), (82, 106), (83, 106), (84, 106), (70, 107), (79, 107), (80, 107), (81, 107), (71, 108), (76, 108), (77, 108), (78, 108), (72, 109), (73, 109), (74, 109), (75, 109)]
[(112, 78), (113, 78), (114, 78), (109, 79), (110, 79), (111, 79), (106, 80), (107, 80), (108, 80), (103, 81), (104, 81), (105, 81), (99, 82), (100, 82), (101, 82), (102, 82), (98, 85), (97, 88), (96, 91), (95, 94), (94, 97), (114, 99), (93, 100), (111, 100), (112, 100), (113, 100), (108, 101), (109, 101), (110, 101), (105, 102), (106, 102), (107, 102), (93, 103), (102, 103), (103, 103), (104, 103), (94, 104), (99, 104), (100, 104), (101, 104), (95, 105), (96, 105), (97, 105), (98, 105)]
[(114, 99), (111, 100), (112, 100), (113, 100), (108, 101), (109, 101), (110, 101), (105, 102), (106, 102), (107, 102), (102, 103), (103, 103), (104, 103), (99, 104), (100, 104), (101, 104), (95, 105), (96, 105), (97, 105), (98, 105), (94, 108), (93, 111), (114, 113), (92, 114)]
[(114, 113)]
[(11, 50), (12, 50), (13, 50), (8, 51), (9, 51), (10, 51), (14, 51), (5, 52), (6, 52), (7, 52), (15, 52), (2, 53), (3, 53), (4, 53), (0, 54), (1, 54), (14, 55), (13, 58), (12, 61), (11, 64), (10, 67), (9, 70), (7, 73), (8, 73), (9, 73), (4, 74), (5, 74), (6, 74), (1, 75), (2, 75), (3, 75), (0, 76)]
[(34, 46), (35, 46), (36, 46), (31, 47), (32, 47), (33, 47), (37, 47), (28, 48), (29, 48), (30, 48), (38, 48), (25, 49), (26, 49), (27, 49), (22, 50), (23, 50), (24, 50), (19, 51), (20, 51), (21, 51), (37, 51), (15, 52), (16, 52), (17, 52), (18, 52), (36, 54), (14, 55), (35, 57), (13, 58), (34, 60), (12, 61), (33, 63), (11, 64), (32, 66), (10, 67), (30, 69), (31, 69), (32, 69), (9, 70), (27, 70), (28, 70), (29, 70), (24, 71), (25, 71), (26, 71), (21, 72), (22, 72), (23, 72), (9, 73), (18, 73), (19, 73), (20, 73), (10, 74), (15, 74), (16, 74), (17, 74), (11, 75), (12, 75), (13, 75), (14, 75)]
[(30, 69), (31, 69), (32, 69), (27, 70), (28, 70), (29, 70), (33, 70), (24, 71), (25, 71), (26, 71), (34, 71), (21, 72), (22, 72), (23, 72), (18, 73), (19, 73), (20, 73), (15, 74), (16, 74), (17, 74), (33, 74), (11, 75), (12, 75), (13, 75), (14, 75), (32, 77), (10, 78), (31, 80), (9, 81), (30, 83), (8, 84), (29, 86), (7, 87), (28, 89), (6, 90), (26, 92), (27, 92), (28, 92), (5, 93), (23, 93), (24, 93), (25, 93), (20, 94), (21, 94), (22, 94), (17, 95), (18, 95), (19, 95), (5, 96), (14, 96), (15, 96), (16, 96), (6, 97), (11, 97), (12, 97), (13, 97), (7, 98), (8, 98), (9, 98), (10, 98)]
[(53, 65), (54, 65), (55, 65), (50, 66), (51, 66), (52, 66), (56, 66), (47, 67), (48, 67), (49, 67), (57, 67), (44, 68), (45, 68), (46, 68), (41, 69), (42, 69), (43, 69), (38, 70), (39, 70), (40, 70), (56, 70), (34, 71), (35, 71), (36, 71), (37, 71), (55, 73), (33, 74), (54, 76), (32, 77), (53, 79), (31, 80), (52, 82), (30, 83), (51, 85), (29, 86), (49, 88), (50, 88), (51, 88), (28, 89), (46, 89), (47, 89), (48, 89), (43, 90), (44, 90), (45, 90), (40, 91), (41, 91), (42, 91), (28, 92), (37, 92), (38, 92), (39, 92), (29, 93), (34, 93), (35, 93), (36, 93), (30, 94), (31, 94), (32, 94), (33, 94)]
[(49, 88), (50, 88), (51, 88), (46, 89), (47, 89), (48, 89), (52, 89), (43, 90), (44, 90), (45, 90), (53, 90), (40, 91), (41, 91), (42, 91), (37, 92), (38, 92), (39, 92), (34, 93), (35, 93), (36, 93), (52, 93), (30, 94), (31, 94), (32, 94), (33, 94), (51, 96), (29, 97), (50, 99), (28, 100), (49, 102), (27, 103), (48, 105), (26, 106), (47, 108), (25, 109), (45, 111), (46, 111), (47, 111), (24, 112), (42, 112), (43, 112), (44, 112), (39, 113), (40, 113), (41, 113), (36, 114), (37, 114), (38, 114)]
[(72, 84), (73, 84), (74, 84), (69, 85), (70, 85), (71, 85), (75, 85), (66, 86), (67, 86), (68, 86), (76, 86), (63, 87), (64, 87), (65, 87), (60, 88), (61, 88), (62, 88), (57, 89), (58, 89), (59, 89), (75, 89), (53, 90), (54, 90), (55, 90), (56, 90), (74, 92), (52, 93), (73, 95), (51, 96), (72, 98), (50, 99), (71, 101), (49, 102), (70, 104), (48, 105), (68, 107), (69, 107), (70, 107), (47, 108), (65, 108), (66, 108), (67, 108), (62, 109), (63, 109), (64, 109), (59, 110), (60, 110), (61, 110), (47, 111), (56, 111), (57, 111), (58, 111), (48, 112), (53, 112), (54, 112), (55, 112), (49, 113), (50, 113), (51, 113), (52, 113)]
[(68, 107), (69, 107), (70, 107), (65, 108), (66, 108), (67, 108), (71, 108), (62, 109), (63, 109), (64, 109), (72, 109), (59, 110), (60, 110), (61, 110), (56, 111), (57, 111), (58, 111), (53, 112), (54, 112), (55, 112), (71, 112), (49, 113), (50, 113), (51, 113), (52, 113)]
[(91, 103), (92, 103), (93, 103), (88, 104), (89, 104), (90, 104), (94, 104), (85, 105), (86, 105), (87, 105), (95, 105), (82, 106), (83, 106), (84, 106), (79, 107), (80, 107), (81, 107), (76, 108), (77, 108), (78, 108), (94, 108), (72, 109), (73, 109), (74, 109), (75, 109), (93, 111), (71, 112), (92, 114)]
[(7, 73), (8, 73), (9, 73), (4, 74), (5, 74), (6, 74), (10, 74), (1, 75), (2, 75), (3, 75), (11, 75), (0, 76), (10, 78), (9, 81), (8, 84), (7, 87), (6, 90), (5, 93), (3, 96), (4, 96), (5, 96), (0, 97), (1, 97), (2, 97)]
[(3, 96), (4, 96), (5, 96), (0, 97), (1, 97), (2, 97), (6, 97), (7, 98), (6, 101), (5, 104), (4, 107), (3, 110), (2, 113)]
[(26, 92), (27, 92), (28, 92), (23, 93), (24, 93), (25, 93), (29, 93), (20, 94), (21, 94), (22, 94), (30, 94), (17, 95), (18, 95), (19, 95), (14, 96), (15, 96), (16, 96), (11, 97), (12, 97), (13, 97), (29, 97), (7, 98), (8, 98), (9, 98), (10, 98), (28, 100), (6, 101), (27, 103), (5, 104), (26, 106), (4, 107), (25, 109), (3, 110), (24, 112), (2, 113)]
[(45, 111), (46, 111), (47, 111), (42, 112), (43, 112), (44, 112), (48, 112), (39, 113), (40, 113), (41, 113), (49, 113), (36, 114), (37, 114), (38, 114)]
