[(80, 13), (81, 13), (82, 13), (77, 14), (78, 14), (79, 14), (83, 14), (73, 15), (74, 15), (75, 15), (76, 15), (84, 15), (70, 16), (71, 16), (72, 16), (85, 16), (66, 17), (67, 17), (68, 17), (69, 17), (86, 17), (87, 18), (88, 19), (65, 20), (87, 22), (64, 23), (86, 25), (63, 27), (85, 29), (62, 30), (84, 32), (61, 33), (62, 33), (63, 34), (64, 35), (82, 35), (83, 35), (84, 35), (65, 36), (79, 36), (80, 36), (81, 36), (66, 37), (75, 37), (76, 37), (77, 37), (78, 37), (67, 38), (72, 38), (73, 38), (74, 38), (68, 39), (69, 39), (70, 39), (71, 39)]
[(102, 15), (103, 15), (104, 15), (99, 16), (100, 16), (101, 16), (105, 16), (95, 17), (96, 17), (97, 17), (98, 17), (106, 17), (92, 18), (93, 18), (94, 18), (107, 18), (88, 19), (89, 19), (90, 19), (91, 19), (108, 19), (109, 20), (110, 21), (87, 22), (109, 24), (86, 25), (108, 27), (85, 29), (107, 31), (84, 32), (106, 34), (83, 35), (84, 35), (85, 36), (86, 37), (104, 37), (105, 37), (106, 37), (87, 38), (101, 38), (102, 38), (103, 38), (88, 39), (97, 39), (98, 39), (99, 39), (100, 39), (89, 40), (94, 40), (95, 40), (96, 40), (90, 41), (91, 41), (92, 41), (93, 41)]
[(104, 37), (105, 37), (106, 37), (101, 38), (102, 38), (103, 38), (107, 38), (97, 39), (98, 39), (99, 39), (100, 39), (108, 39), (94, 40), (95, 40), (96, 40), (109, 40), (90, 41), (91, 41), (92, 41), (93, 41), (110, 41), (111, 42), (112, 43), (89, 44), (111, 46), (88, 47), (110, 49), (87, 51), (109, 53), (86, 54), (108, 56), (85, 57), (86, 57), (87, 58), (88, 59), (106, 59), (107, 59), (108, 59), (89, 60), (103, 60), (104, 60), (105, 60), (90, 61), (99, 61), (100, 61), (101, 61), (102, 61), (91, 62), (96, 62), (97, 62), (98, 62), (92, 63), (93, 63), (94, 63), (95, 63)]
[(112, 43), (113, 43), (114, 43), (111, 46), (110, 49), (109, 53), (108, 56), (107, 59), (108, 59), (109, 60), (110, 61), (111, 62), (112, 63), (113, 64), (114, 65)]
[(114, 65), (113, 68), (112, 71), (111, 75), (110, 78), (109, 81), (110, 81), (111, 82), (112, 83), (113, 84), (114, 85)]
[(36, 9), (37, 9), (38, 9), (33, 10), (34, 10), (35, 10), (39, 10), (29, 11), (30, 11), (31, 11), (32, 11), (40, 11), (26, 12), (27, 12), (28, 12), (41, 12), (22, 13), (23, 13), (24, 13), (25, 13), (42, 13), (43, 14), (44, 15), (21, 16), (43, 18), (20, 19), (42, 21), (19, 23), (41, 25), (18, 26), (40, 28), (17, 29), (18, 29), (19, 30), (20, 31), (38, 31), (39, 31), (40, 31), (21, 32), (35, 32), (36, 32), (37, 32), (22, 33), (31, 33), (32, 33), (33, 33), (34, 33), (23, 34), (28, 34), (29, 34), (30, 34), (24, 35), (25, 35), (26, 35), (27, 35)]
[(58, 11), (59, 11), (60, 11), (55, 12), (56, 12), (57, 12), (61, 12), (51, 13), (52, 13), (53, 13), (54, 13), (62, 13), (48, 14), (49, 14), (50, 14), (63, 14), (44, 15), (45, 15), (46, 15), (47, 15), (64, 15), (65, 16), (66, 17), (43, 18), (65, 20), (42, 21), (64, 23), (41, 25), (63, 27), (40, 28), (62, 30), (39, 31), (40, 31), (41, 32), (42, 33), (60, 33), (61, 33), (62, 33), (43, 34), (57, 34), (58, 34), (59, 34), (44, 35), (53, 35), (54, 35), (55, 35), (56, 35), (45, 36), (50, 36), (51, 36), (52, 36), (46, 37), (47, 37), (48, 37), (49, 37)]
[(60, 33), (61, 33), (62, 33), (57, 34), (58, 34), (59, 34), (63, 34), (53, 35), (54, 35), (55, 35), (56, 35), (64, 35), (50, 36), (51, 36), (52, 36), (65, 36), (46, 37), (47, 37), (48, 37), (49, 37), (66, 37), (67, 38), (68, 39), (45, 40), (67, 42), (44, 43), (66, 45), (43, 47), (65, 49), (42, 50), (64, 52), (41, 53), (42, 53), (43, 54), (44, 55), (62, 55), (63, 55), (64, 55), (45, 56), (59, 56), (60, 56), (61, 56), (46, 57), (55, 57), (56, 57), (57, 57), (58, 57), (47, 58), (52, 58), (53, 58), (54, 58), (48, 59), (49, 59), (50, 59), (51, 59)]
[(82, 35), (83, 35), (84, 35), (79, 36), (80, 36), (81, 36), (85, 36), (75, 37), (76, 37), (77, 37), (78, 37), (86, 37), (72, 38), (73, 38), (74, 38), (87, 38), (68, 39), (69, 39), (70, 39), (71, 39), (88, 39), (89, 40), (90, 41), (67, 42), (89, 44), (66, 45), (88, 47), (65, 49), (87, 51), (64, 52), (86, 54), (63, 55), (64, 55), (65, 56), (66, 57), (84, 57), (85, 57), (86, 57), (67, 58), (81, 58), (82, 58), (83, 58), (68, 59), (77, 59), (78, 59), (79, 59), (80, 59), (69, 60), (74, 60), (75, 60), (76, 60), (70, 61), (71, 61), (72, 61), (73, 61)]
[(84, 57), (85, 57), (86, 57), (81, 58), (82, 58), (83, 58), (87, 58), (77, 59), (78, 59), (79, 59), (80, 59), (88, 59), (74, 60), (75, 60), (76, 60), (89, 60), (70, 61), (71, 61), (72, 61), (73, 61), (90, 61), (91, 62), (92, 63), (69, 64), (91, 66), (68, 67), (90, 69), (67, 71), (89, 73), (66, 74), (88, 76), (65, 77), (66, 77), (67, 78), (68, 79), (86, 79), (87, 79), (88, 79), (69, 80), (83, 80), (84, 80), (85, 80), (70, 81), (79, 81), (80, 81), (81, 81), (82, 81), (71, 82), (76, 82), (77, 82), (78, 82), (72, 83), (73, 83), (74, 83), (75, 83)]
[(106, 59), (107, 59), (108, 59), (103, 60), (104, 60), (105, 60), (109, 60), (99, 61), (100, 61), (101, 61), (102, 61), (110, 61), (96, 62), (97, 62), (98, 62), (111, 62), (92, 63), (93, 63), (94, 63), (95, 63), (112, 63), (113, 64), (114, 65), (91, 66), (113, 68), (90, 69), (112, 71), (89, 73), (111, 75), (88, 76), (110, 78), (87, 79), (88, 79), (89, 80), (90, 81), (108, 81), (109, 81), (110, 81), (91, 82), (105, 82), (106, 82), (107, 82), (92, 83), (101, 83), (102, 83), (103, 83), (104, 83), (93, 84), (98, 84), (99, 84), (100, 84), (94, 85), (95, 85), (96, 85), (97, 85)]
[(108, 81), (109, 81), (110, 81), (105, 82), (106, 82), (107, 82), (111, 82), (101, 83), (102, 83), (103, 83), (104, 83), (112, 83), (98, 84), (99, 84), (100, 84), (113, 84), (94, 85), (95, 85), (96, 85), (97, 85), (114, 85), (93, 88), (92, 91), (114, 93), (91, 95), (113, 97), (90, 98), (112, 100), (89, 101), (90, 101), (91, 102), (92, 103), (110, 103), (111, 103), (112, 103), (93, 104), (107, 104), (108, 104), (109, 104), (94, 105), (103, 105), (104, 105), (105, 105), (106, 105), (95, 106), (100, 106), (101, 106), (102, 106), (96, 107), (97, 107), (98, 107), (99, 107)]
[(114, 93), (113, 97), (112, 100), (111, 103), (112, 103), (113, 104), (114, 105)]
[(16, 29), (17, 29), (18, 29), (13, 30), (14, 30), (15, 30), (19, 30), (9, 31), (10, 31), (11, 31), (12, 31), (20, 31), (6, 32), (7, 32), (8, 32), (21, 32), (2, 33), (3, 33), (4, 33), (5, 33), (22, 33), (23, 34), (24, 35), (1, 36), (23, 38), (0, 39), (22, 41), (21, 45), (20, 48), (0, 51), (18, 51), (19, 51), (20, 51), (1, 52), (15, 52), (16, 52), (17, 52), (2, 53), (11, 53), (12, 53), (13, 53), (14, 53), (3, 54), (8, 54), (9, 54), (10, 54), (4, 55), (5, 55), (6, 55), (7, 55)]
[(38, 31), (39, 31), (40, 31), (35, 32), (36, 32), (37, 32), (41, 32), (31, 33), (32, 33), (33, 33), (34, 33), (42, 33), (28, 34), (29, 34), (30, 34), (43, 34), (24, 35), (25, 35), (26, 35), (27, 35), (44, 35), (45, 36), (46, 37), (23, 38), (45, 40), (22, 41), (44, 43), (21, 45), (43, 47), (20, 48), (42, 50), (19, 51), (20, 51), (21, 52), (22, 53), (40, 53), (41, 53), (42, 53), (23, 54), (37, 54), (38, 54), (39, 54), (24, 55), (33, 55), (34, 55), (35, 55), (36, 55), (25, 56), (30, 56), (31, 56), (32, 56), (26, 57), (27, 57), (28, 57), (29, 57)]
[(40, 53), (41, 53), (42, 53), (37, 54), (38, 54), (39, 54), (43, 54), (33, 55), (34, 55), (35, 55), (36, 55), (44, 55), (30, 56), (31, 56), (32, 56), (45, 56), (26, 57), (27, 57), (28, 57), (29, 57), (46, 57), (47, 58), (48, 59), (25, 60), (47, 62), (24, 63), (46, 65), (23, 67), (45, 69), (22, 70), (44, 72), (21, 73), (22, 73), (23, 74), (24, 75), (42, 75), (43, 75), (44, 75), (25, 76), (39, 76), (40, 76), (41, 76), (26, 77), (35, 77), (36, 77), (37, 77), (38, 77), (27, 78), (32, 78), (33, 78), (34, 78), (28, 79), (29, 79), (30, 79), (31, 79)]
[(62, 55), (63, 55), (64, 55), (59, 56), (60, 56), (61, 56), (65, 56), (55, 57), (56, 57), (57, 57), (58, 57), (66, 57), (52, 58), (53, 58), (54, 58), (67, 58), (48, 59), (49, 59), (50, 59), (51, 59), (68, 59), (69, 60), (70, 61), (47, 62), (69, 64), (46, 65), (68, 67), (45, 69), (67, 71), (44, 72), (66, 74), (43, 75), (44, 75), (45, 76), (46, 77), (64, 77), (65, 77), (66, 77), (47, 78), (61, 78), (62, 78), (63, 78), (48, 79), (57, 79), (58, 79), (59, 79), (60, 79), (49, 80), (54, 80), (55, 80), (56, 80), (50, 81), (51, 81), (52, 81), (53, 81)]
[(64, 77), (65, 77), (66, 77), (61, 78), (62, 78), (63, 78), (67, 78), (57, 79), (58, 79), (59, 79), (60, 79), (68, 79), (54, 80), (55, 80), (56, 80), (69, 80), (50, 81), (51, 81), (52, 81), (53, 81), (70, 81), (71, 82), (72, 83), (49, 84), (71, 86), (48, 87), (70, 89), (47, 91), (69, 93), (46, 94), (68, 96), (45, 97), (46, 97), (47, 98), (48, 99), (66, 99), (67, 99), (68, 99), (49, 100), (63, 100), (64, 100), (65, 100), (50, 101), (59, 101), (60, 101), (61, 101), (62, 101), (51, 102), (56, 102), (57, 102), (58, 102), (52, 103), (53, 103), (54, 103), (55, 103)]
[(86, 79), (87, 79), (88, 79), (83, 80), (84, 80), (85, 80), (89, 80), (79, 81), (80, 81), (81, 81), (82, 81), (90, 81), (76, 82), (77, 82), (78, 82), (91, 82), (72, 83), (73, 83), (74, 83), (75, 83), (92, 83), (93, 84), (94, 85), (71, 86), (93, 88), (70, 89), (92, 91), (69, 93), (91, 95), (68, 96), (90, 98), (67, 99), (68, 99), (69, 100), (70, 101), (88, 101), (89, 101), (90, 101), (71, 102), (85, 102), (86, 102), (87, 102), (72, 103), (81, 103), (82, 103), (83, 103), (84, 103), (73, 104), (78, 104), (79, 104), (80, 104), (74, 105), (75, 105), (76, 105), (77, 105)]
[(88, 101), (89, 101), (90, 101), (85, 102), (86, 102), (87, 102), (91, 102), (81, 103), (82, 103), (83, 103), (84, 103), (92, 103), (78, 104), (79, 104), (80, 104), (93, 104), (74, 105), (75, 105), (76, 105), (77, 105), (94, 105), (95, 106), (96, 107), (73, 108), (95, 110), (72, 111), (94, 113)]
[(110, 103), (111, 103), (112, 103), (107, 104), (108, 104), (109, 104), (113, 104), (103, 105), (104, 105), (105, 105), (106, 105), (114, 105), (100, 106), (101, 106), (102, 106), (96, 107), (97, 107), (98, 107), (99, 107), (95, 110), (94, 113)]
[(18, 51), (19, 51), (20, 51), (15, 52), (16, 52), (17, 52), (21, 52), (11, 53), (12, 53), (13, 53), (14, 53), (22, 53), (8, 54), (9, 54), (10, 54), (23, 54), (4, 55), (5, 55), (6, 55), (7, 55), (24, 55), (25, 56), (26, 57), (3, 58), (25, 60), (2, 61), (24, 63), (1, 65), (23, 67), (0, 68), (22, 70), (0, 71), (1, 72), (2, 73), (20, 73), (21, 73), (22, 73), (3, 74), (17, 74), (18, 74), (19, 74), (4, 75), (13, 75), (14, 75), (15, 75), (16, 75), (5, 76), (10, 76), (11, 76), (12, 76), (6, 77), (7, 77), (8, 77), (9, 77)]
[(20, 73), (21, 73), (22, 73), (17, 74), (18, 74), (19, 74), (23, 74), (13, 75), (14, 75), (15, 75), (16, 75), (24, 75), (10, 76), (11, 76), (12, 76), (25, 76), (6, 77), (7, 77), (8, 77), (9, 77), (26, 77), (27, 78), (28, 79), (5, 80), (27, 82), (4, 83), (26, 85), (3, 87), (25, 89), (2, 90), (24, 92), (1, 93), (2, 93), (3, 94), (4, 95), (22, 95), (23, 95), (24, 95), (5, 96), (19, 96), (20, 96), (21, 96), (6, 97), (15, 97), (16, 97), (17, 97), (18, 97), (7, 98), (12, 98), (13, 98), (14, 98), (8, 99), (9, 99), (10, 99), (11, 99)]
[(42, 75), (43, 75), (44, 75), (39, 76), (40, 76), (41, 76), (45, 76), (35, 77), (36, 77), (37, 77), (38, 77), (46, 77), (32, 78), (33, 78), (34, 78), (47, 78), (28, 79), (29, 79), (30, 79), (31, 79), (48, 79), (49, 80), (50, 81), (27, 82), (49, 84), (26, 85), (48, 87), (25, 89), (47, 91), (24, 92), (46, 94), (23, 95), (24, 95), (25, 96), (26, 97), (44, 97), (45, 97), (46, 97), (27, 98), (41, 98), (42, 98), (43, 98), (28, 99), (37, 99), (38, 99), (39, 99), (40, 99), (29, 100), (34, 100), (35, 100), (36, 100), (30, 101), (31, 101), (32, 101), (33, 101)]
[(44, 97), (45, 97), (46, 97), (41, 98), (42, 98), (43, 98), (47, 98), (37, 99), (38, 99), (39, 99), (40, 99), (48, 99), (34, 100), (35, 100), (36, 100), (49, 100), (30, 101), (31, 101), (32, 101), (33, 101), (50, 101), (51, 102), (52, 103), (29, 104), (51, 106), (28, 107), (50, 109), (27, 111), (49, 113), (26, 114)]
[(66, 99), (67, 99), (68, 99), (63, 100), (64, 100), (65, 100), (69, 100), (59, 101), (60, 101), (61, 101), (62, 101), (70, 101), (56, 102), (57, 102), (58, 102), (71, 102), (52, 103), (53, 103), (54, 103), (55, 103), (72, 103), (73, 104), (74, 105), (51, 106), (73, 108), (50, 109), (72, 111), (49, 113)]
[(22, 95), (23, 95), (24, 95), (19, 96), (20, 96), (21, 96), (25, 96), (15, 97), (16, 97), (17, 97), (18, 97), (26, 97), (12, 98), (13, 98), (14, 98), (27, 98), (8, 99), (9, 99), (10, 99), (11, 99), (28, 99), (29, 100), (30, 101), (7, 102), (29, 104), (6, 105), (28, 107), (5, 109), (27, 111), (4, 112), (26, 114)]
