[(104, 10), (105, 10), (99, 11), (100, 11), (101, 11), (102, 11), (103, 11), (106, 11), (95, 12), (96, 12), (97, 12), (98, 12), (90, 13), (91, 13), (92, 13), (93, 13), (94, 13), (105, 15), (89, 17), (104, 19), (88, 21), (103, 24), (87, 26), (102, 26), (103, 26), (97, 27), (98, 27), (99, 27), (100, 27), (101, 27), (87, 28), (93, 28), (94, 28), (95, 28), (96, 28), (88, 29), (89, 29), (90, 29), (91, 29), (92, 29)]
[(111, 10), (112, 10), (113, 10), (114, 10), (106, 11), (107, 11), (108, 11), (109, 11), (110, 11), (105, 15), (104, 19), (103, 24), (113, 25), (114, 25), (103, 26), (109, 26), (110, 26), (111, 26), (112, 26), (104, 27), (105, 27), (106, 27), (107, 27), (108, 27)]
[(113, 25), (114, 25), (109, 26), (110, 26), (111, 26), (112, 26), (104, 27), (105, 27), (106, 27), (107, 27), (108, 27), (103, 31), (102, 35), (101, 40), (111, 41), (112, 41), (113, 41), (114, 41), (101, 42), (107, 42), (108, 42), (109, 42), (110, 42), (102, 43), (103, 43), (104, 43), (105, 43), (106, 43)]
[(72, 14), (73, 14), (67, 15), (68, 15), (69, 15), (70, 15), (71, 15), (74, 15), (63, 16), (64, 16), (65, 16), (66, 16), (58, 17), (59, 17), (60, 17), (61, 17), (62, 17), (73, 19), (57, 21), (72, 23), (56, 25), (71, 28), (55, 30), (70, 30), (71, 30), (65, 31), (66, 31), (67, 31), (68, 31), (69, 31), (55, 32), (61, 32), (62, 32), (63, 32), (64, 32), (56, 33), (57, 33), (58, 33), (59, 33), (60, 33)]
[(88, 12), (89, 12), (83, 13), (84, 13), (85, 13), (86, 13), (87, 13), (90, 13), (79, 14), (80, 14), (81, 14), (82, 14), (74, 15), (75, 15), (76, 15), (77, 15), (78, 15), (89, 17), (73, 19), (88, 21), (72, 23), (87, 26), (71, 28), (86, 28), (87, 28), (81, 29), (82, 29), (83, 29), (84, 29), (85, 29), (71, 30), (77, 30), (78, 30), (79, 30), (80, 30), (72, 31), (73, 31), (74, 31), (75, 31), (76, 31)]
[(86, 28), (87, 28), (81, 29), (82, 29), (83, 29), (84, 29), (85, 29), (88, 29), (77, 30), (78, 30), (79, 30), (80, 30), (72, 31), (73, 31), (74, 31), (75, 31), (76, 31), (87, 33), (71, 35), (86, 37), (70, 39), (85, 42), (69, 44), (84, 44), (85, 44), (79, 45), (80, 45), (81, 45), (82, 45), (83, 45), (69, 46), (75, 46), (76, 46), (77, 46), (78, 46), (70, 47), (71, 47), (72, 47), (73, 47), (74, 47)]
[(102, 26), (103, 26), (97, 27), (98, 27), (99, 27), (100, 27), (101, 27), (104, 27), (93, 28), (94, 28), (95, 28), (96, 28), (88, 29), (89, 29), (90, 29), (91, 29), (92, 29), (103, 31), (87, 33), (102, 35), (86, 37), (101, 40), (85, 42), (100, 42), (101, 42), (95, 43), (96, 43), (97, 43), (98, 43), (99, 43), (85, 44), (91, 44), (92, 44), (93, 44), (94, 44), (86, 45), (87, 45), (88, 45), (89, 45), (90, 45)]
[(100, 42), (101, 42), (95, 43), (96, 43), (97, 43), (98, 43), (99, 43), (102, 43), (91, 44), (92, 44), (93, 44), (94, 44), (86, 45), (87, 45), (88, 45), (89, 45), (90, 45), (101, 47), (85, 49), (100, 51), (84, 53), (99, 56), (83, 58), (98, 58), (99, 58), (93, 59), (94, 59), (95, 59), (96, 59), (97, 59), (83, 60), (89, 60), (90, 60), (91, 60), (92, 60), (84, 61), (85, 61), (86, 61), (87, 61), (88, 61)]
[(111, 41), (112, 41), (113, 41), (114, 41), (107, 42), (108, 42), (109, 42), (110, 42), (102, 43), (103, 43), (104, 43), (105, 43), (106, 43), (101, 47), (100, 51), (99, 56), (114, 56), (109, 57), (110, 57), (111, 57), (112, 57), (113, 57), (99, 58), (105, 58), (106, 58), (107, 58), (108, 58), (100, 59), (101, 59), (102, 59), (103, 59), (104, 59)]
[(114, 56), (109, 57), (110, 57), (111, 57), (112, 57), (113, 57), (105, 58), (106, 58), (107, 58), (108, 58), (100, 59), (101, 59), (102, 59), (103, 59), (104, 59), (99, 63), (114, 65), (98, 67), (113, 70), (97, 72), (112, 72), (113, 72), (107, 73), (108, 73), (109, 73), (110, 73), (111, 73), (97, 74), (103, 74), (104, 74), (105, 74), (106, 74), (98, 75), (99, 75), (100, 75), (101, 75), (102, 75)]
[(114, 65), (113, 70), (113, 72), (114, 73)]
[(54, 32), (55, 32), (49, 33), (50, 33), (51, 33), (52, 33), (53, 33), (56, 33), (45, 34), (46, 34), (47, 34), (48, 34), (40, 35), (41, 35), (42, 35), (43, 35), (44, 35), (55, 37), (39, 39), (54, 41), (38, 43), (53, 46), (37, 48), (52, 48), (53, 48), (47, 49), (48, 49), (49, 49), (50, 49), (51, 49), (37, 50), (43, 50), (44, 50), (45, 50), (46, 50), (38, 51), (39, 51), (40, 51), (41, 51), (42, 51)]
[(70, 30), (71, 30), (65, 31), (66, 31), (67, 31), (68, 31), (69, 31), (72, 31), (61, 32), (62, 32), (63, 32), (64, 32), (56, 33), (57, 33), (58, 33), (59, 33), (60, 33), (71, 35), (55, 37), (70, 39), (54, 41), (69, 44), (53, 46), (68, 46), (69, 46), (63, 47), (64, 47), (65, 47), (66, 47), (67, 47), (53, 48), (59, 48), (60, 48), (61, 48), (62, 48), (54, 49), (55, 49), (56, 49), (57, 49), (58, 49)]
[(68, 46), (69, 46), (63, 47), (64, 47), (65, 47), (66, 47), (67, 47), (70, 47), (59, 48), (60, 48), (61, 48), (62, 48), (54, 49), (55, 49), (56, 49), (57, 49), (58, 49), (69, 51), (53, 53), (68, 55), (52, 57), (67, 60), (51, 62), (66, 62), (67, 62), (61, 63), (62, 63), (63, 63), (64, 63), (65, 63), (51, 64), (57, 64), (58, 64), (59, 64), (60, 64), (52, 65), (53, 65), (54, 65), (55, 65), (56, 65)]
[(84, 44), (85, 44), (79, 45), (80, 45), (81, 45), (82, 45), (83, 45), (86, 45), (75, 46), (76, 46), (77, 46), (78, 46), (70, 47), (71, 47), (72, 47), (73, 47), (74, 47), (85, 49), (69, 51), (84, 53), (68, 55), (83, 58), (67, 60), (82, 60), (83, 60), (77, 61), (78, 61), (79, 61), (80, 61), (81, 61), (67, 62), (73, 62), (74, 62), (75, 62), (76, 62), (68, 63), (69, 63), (70, 63), (71, 63), (72, 63)]
[(82, 60), (83, 60), (77, 61), (78, 61), (79, 61), (80, 61), (81, 61), (84, 61), (73, 62), (74, 62), (75, 62), (76, 62), (68, 63), (69, 63), (70, 63), (71, 63), (72, 63), (83, 65), (67, 67), (82, 69), (66, 71), (81, 74), (65, 76), (80, 76), (81, 76), (75, 77), (76, 77), (77, 77), (78, 77), (79, 77), (65, 78), (71, 78), (72, 78), (73, 78), (74, 78), (66, 79), (67, 79), (68, 79), (69, 79), (70, 79)]
[(98, 58), (99, 58), (93, 59), (94, 59), (95, 59), (96, 59), (97, 59), (100, 59), (89, 60), (90, 60), (91, 60), (92, 60), (84, 61), (85, 61), (86, 61), (87, 61), (88, 61), (99, 63), (83, 65), (98, 67), (82, 69), (97, 72), (81, 74), (96, 74), (97, 74), (91, 75), (92, 75), (93, 75), (94, 75), (95, 75), (81, 76), (87, 76), (88, 76), (89, 76), (90, 76), (82, 77), (83, 77), (84, 77), (85, 77), (86, 77)]
[(96, 74), (97, 74), (91, 75), (92, 75), (93, 75), (94, 75), (95, 75), (98, 75), (87, 76), (88, 76), (89, 76), (90, 76), (82, 77), (83, 77), (84, 77), (85, 77), (86, 77), (97, 79), (81, 81), (96, 83), (80, 85), (95, 88), (79, 90), (94, 90), (95, 90), (89, 91), (90, 91), (91, 91), (92, 91), (93, 91), (79, 92), (85, 92), (86, 92), (87, 92), (88, 92), (80, 93), (81, 93), (82, 93), (83, 93), (84, 93)]
[(112, 72), (113, 72), (107, 73), (108, 73), (109, 73), (110, 73), (111, 73), (114, 73), (103, 74), (104, 74), (105, 74), (106, 74), (98, 75), (99, 75), (100, 75), (101, 75), (102, 75), (113, 77), (97, 79), (112, 81), (96, 83), (111, 86), (95, 88), (110, 88), (111, 88), (105, 89), (106, 89), (107, 89), (108, 89), (109, 89), (95, 90), (101, 90), (102, 90), (103, 90), (104, 90), (96, 91), (97, 91), (98, 91), (99, 91), (100, 91)]
[(52, 48), (53, 48), (47, 49), (48, 49), (49, 49), (50, 49), (51, 49), (54, 49), (43, 50), (44, 50), (45, 50), (46, 50), (38, 51), (39, 51), (40, 51), (41, 51), (42, 51), (53, 53), (37, 55), (52, 57), (36, 59), (51, 62), (35, 64), (50, 64), (51, 64), (45, 65), (46, 65), (47, 65), (48, 65), (49, 65), (35, 66), (41, 66), (42, 66), (43, 66), (44, 66), (36, 67), (37, 67), (38, 67), (39, 67), (40, 67)]
[(50, 64), (51, 64), (45, 65), (46, 65), (47, 65), (48, 65), (49, 65), (52, 65), (41, 66), (42, 66), (43, 66), (44, 66), (36, 67), (37, 67), (38, 67), (39, 67), (40, 67), (51, 69), (35, 71), (50, 73), (34, 75), (49, 78), (33, 80), (48, 80), (49, 80), (43, 81), (44, 81), (45, 81), (46, 81), (47, 81), (33, 82), (39, 82), (40, 82), (41, 82), (42, 82), (34, 83), (35, 83), (36, 83), (37, 83), (38, 83)]
[(66, 62), (67, 62), (61, 63), (62, 63), (63, 63), (64, 63), (65, 63), (68, 63), (57, 64), (58, 64), (59, 64), (60, 64), (52, 65), (53, 65), (54, 65), (55, 65), (56, 65), (67, 67), (51, 69), (66, 71), (50, 73), (65, 76), (49, 78), (64, 78), (65, 78), (59, 79), (60, 79), (61, 79), (62, 79), (63, 79), (49, 80), (55, 80), (56, 80), (57, 80), (58, 80), (50, 81), (51, 81), (52, 81), (53, 81), (54, 81)]
[(64, 78), (65, 78), (59, 79), (60, 79), (61, 79), (62, 79), (63, 79), (66, 79), (55, 80), (56, 80), (57, 80), (58, 80), (50, 81), (51, 81), (52, 81), (53, 81), (54, 81), (65, 83), (49, 85), (64, 87), (48, 89), (63, 92), (47, 94), (62, 94), (63, 94), (57, 95), (58, 95), (59, 95), (60, 95), (61, 95), (47, 96), (53, 96), (54, 96), (55, 96), (56, 96), (48, 97), (49, 97), (50, 97), (51, 97), (52, 97)]
[(80, 76), (81, 76), (75, 77), (76, 77), (77, 77), (78, 77), (79, 77), (82, 77), (71, 78), (72, 78), (73, 78), (74, 78), (66, 79), (67, 79), (68, 79), (69, 79), (70, 79), (81, 81), (65, 83), (80, 85), (64, 87), (79, 90), (63, 92), (78, 92), (79, 92), (73, 93), (74, 93), (75, 93), (76, 93), (77, 93), (63, 94), (69, 94), (70, 94), (71, 94), (72, 94), (64, 95), (65, 95), (66, 95), (67, 95), (68, 95)]
[(78, 92), (79, 92), (73, 93), (74, 93), (75, 93), (76, 93), (77, 93), (80, 93), (69, 94), (70, 94), (71, 94), (72, 94), (64, 95), (65, 95), (66, 95), (67, 95), (68, 95), (79, 97), (63, 99), (78, 101), (62, 103), (77, 106), (61, 108), (76, 108), (77, 108), (71, 109), (72, 109), (73, 109), (74, 109), (75, 109), (61, 110), (67, 110), (68, 110), (69, 110), (70, 110), (62, 111), (63, 111), (64, 111), (65, 111), (66, 111)]
[(94, 90), (95, 90), (89, 91), (90, 91), (91, 91), (92, 91), (93, 91), (96, 91), (85, 92), (86, 92), (87, 92), (88, 92), (80, 93), (81, 93), (82, 93), (83, 93), (84, 93), (95, 95), (79, 97), (94, 99), (78, 101), (93, 104), (77, 106), (92, 106), (93, 106), (87, 107), (88, 107), (89, 107), (90, 107), (91, 107), (77, 108), (83, 108), (84, 108), (85, 108), (86, 108), (78, 109), (79, 109), (80, 109), (81, 109), (82, 109)]
[(48, 80), (49, 80), (43, 81), (44, 81), (45, 81), (46, 81), (47, 81), (50, 81), (39, 82), (40, 82), (41, 82), (42, 82), (34, 83), (35, 83), (36, 83), (37, 83), (38, 83), (49, 85), (33, 87), (48, 89), (32, 91), (47, 94), (31, 96), (46, 96), (47, 96), (41, 97), (42, 97), (43, 97), (44, 97), (45, 97), (31, 98), (37, 98), (38, 98), (39, 98), (40, 98), (32, 99), (33, 99), (34, 99), (35, 99), (36, 99)]
[(46, 96), (47, 96), (41, 97), (42, 97), (43, 97), (44, 97), (45, 97), (48, 97), (37, 98), (38, 98), (39, 98), (40, 98), (32, 99), (33, 99), (34, 99), (35, 99), (36, 99), (47, 101), (31, 103), (46, 105), (30, 107), (45, 110), (29, 112), (44, 112), (45, 112), (39, 113), (40, 113), (41, 113), (42, 113), (43, 113), (29, 114), (35, 114), (36, 114), (37, 114), (38, 114)]
[(62, 94), (63, 94), (57, 95), (58, 95), (59, 95), (60, 95), (61, 95), (64, 95), (53, 96), (54, 96), (55, 96), (56, 96), (48, 97), (49, 97), (50, 97), (51, 97), (52, 97), (63, 99), (47, 101), (62, 103), (46, 105), (61, 108), (45, 110), (60, 110), (61, 110), (55, 111), (56, 111), (57, 111), (58, 111), (59, 111), (45, 112), (51, 112), (52, 112), (53, 112), (54, 112), (46, 113), (47, 113), (48, 113), (49, 113), (50, 113)]
[(60, 110), (61, 110), (55, 111), (56, 111), (57, 111), (58, 111), (59, 111), (62, 111), (51, 112), (52, 112), (53, 112), (54, 112), (46, 113), (47, 113), (48, 113), (49, 113), (50, 113)]
[(76, 108), (77, 108), (71, 109), (72, 109), (73, 109), (74, 109), (75, 109), (78, 109), (67, 110), (68, 110), (69, 110), (70, 110), (62, 111), (63, 111), (64, 111), (65, 111), (66, 111), (77, 113)]
[(44, 112), (45, 112), (39, 113), (40, 113), (41, 113), (42, 113), (43, 113), (46, 113), (35, 114), (36, 114), (37, 114), (38, 114)]
