[(113, 17), (114, 17), (110, 18), (111, 18), (112, 18), (107, 19), (108, 19), (109, 19), (105, 20), (106, 20), (102, 21), (103, 21), (104, 21), (100, 22), (101, 22), (97, 23), (98, 23), (99, 23), (94, 24), (95, 24), (96, 24), (93, 26), (114, 28), (92, 29), (113, 30), (91, 31), (112, 33), (90, 34), (89, 36), (111, 36), (110, 38), (88, 39), (109, 40), (110, 40), (107, 41), (108, 41), (87, 42), (104, 42), (105, 42), (106, 42), (101, 43), (102, 43), (103, 43), (86, 44), (99, 44), (100, 44), (96, 45), (97, 45), (98, 45), (86, 46), (94, 46), (95, 46), (87, 47), (91, 47), (92, 47), (93, 47), (88, 48), (89, 48), (90, 48)]
[(114, 28), (113, 30), (112, 33), (111, 36), (110, 38), (110, 40), (111, 41), (112, 42), (113, 42), (114, 42)]
[(112, 42), (113, 42), (114, 42), (111, 44), (110, 47), (109, 49), (108, 52), (107, 54), (106, 57), (105, 60), (104, 62), (114, 63), (104, 64), (112, 64), (113, 64), (105, 65), (109, 65), (110, 65), (111, 65), (106, 66), (107, 66), (108, 66)]
[(67, 28), (68, 28), (65, 29), (66, 29), (69, 29), (62, 30), (63, 30), (64, 30), (70, 30), (59, 31), (60, 31), (61, 31), (57, 32), (58, 32), (69, 32), (54, 33), (55, 33), (56, 33), (52, 34), (53, 34), (49, 35), (50, 35), (51, 35), (68, 35), (46, 36), (47, 36), (48, 36), (67, 37), (45, 38), (66, 40), (44, 41), (65, 42), (43, 43), (64, 45), (42, 46), (41, 48), (63, 48), (62, 50), (40, 51), (61, 52), (62, 52), (59, 53), (60, 53), (39, 54), (56, 54), (57, 54), (58, 54), (53, 55), (54, 55), (55, 55), (38, 56), (51, 56), (52, 56), (48, 57), (49, 57), (50, 57), (38, 58), (46, 58), (47, 58), (39, 59), (43, 59), (44, 59), (45, 59), (40, 60), (41, 60), (42, 60)]
[(91, 22), (92, 22), (89, 23), (90, 23), (93, 23), (86, 24), (87, 24), (88, 24), (94, 24), (83, 25), (84, 25), (85, 25), (81, 26), (82, 26), (93, 26), (78, 27), (79, 27), (80, 27), (76, 28), (77, 28), (73, 29), (74, 29), (75, 29), (92, 29), (70, 30), (71, 30), (72, 30), (91, 31), (69, 32), (90, 34), (68, 35), (89, 36), (67, 37), (88, 39), (66, 40), (65, 42), (87, 42), (86, 44), (64, 45), (85, 46), (86, 46), (83, 47), (84, 47), (63, 48), (80, 48), (81, 48), (82, 48), (77, 49), (78, 49), (79, 49), (62, 50), (75, 50), (76, 50), (72, 51), (73, 51), (74, 51), (62, 52), (70, 52), (71, 52), (63, 53), (67, 53), (68, 53), (69, 53), (64, 54), (65, 54), (66, 54)]
[(85, 46), (86, 46), (83, 47), (84, 47), (87, 47), (80, 48), (81, 48), (82, 48), (88, 48), (77, 49), (78, 49), (79, 49), (75, 50), (76, 50), (87, 50), (72, 51), (73, 51), (74, 51), (70, 52), (71, 52), (67, 53), (68, 53), (69, 53), (86, 53), (64, 54), (65, 54), (66, 54), (85, 55), (63, 56), (84, 58), (62, 59), (83, 60), (61, 61), (82, 63), (60, 64), (59, 66), (81, 66), (80, 68), (58, 69), (79, 70), (80, 70), (77, 71), (78, 71), (57, 72), (74, 72), (75, 72), (76, 72), (71, 73), (72, 73), (73, 73), (56, 74), (69, 74), (70, 74), (66, 75), (67, 75), (68, 75), (56, 76), (64, 76), (65, 76), (57, 77), (61, 77), (62, 77), (63, 77), (58, 78), (59, 78), (60, 78)]
[(109, 40), (110, 40), (107, 41), (108, 41), (111, 41), (104, 42), (105, 42), (106, 42), (112, 42), (101, 43), (102, 43), (103, 43), (99, 44), (100, 44), (111, 44), (96, 45), (97, 45), (98, 45), (94, 46), (95, 46), (91, 47), (92, 47), (93, 47), (110, 47), (88, 48), (89, 48), (90, 48), (109, 49), (87, 50), (108, 52), (86, 53), (107, 54), (85, 55), (106, 57), (84, 58), (83, 60), (105, 60), (104, 62), (82, 63), (103, 64), (104, 64), (101, 65), (102, 65), (81, 66), (98, 66), (99, 66), (100, 66), (95, 67), (96, 67), (97, 67), (80, 68), (93, 68), (94, 68), (90, 69), (91, 69), (92, 69), (80, 70), (88, 70), (89, 70), (81, 71), (85, 71), (86, 71), (87, 71), (82, 72), (83, 72), (84, 72)]
[(103, 64), (104, 64), (101, 65), (102, 65), (105, 65), (98, 66), (99, 66), (100, 66), (106, 66), (95, 67), (96, 67), (97, 67), (93, 68), (94, 68), (105, 68), (90, 69), (91, 69), (92, 69), (88, 70), (89, 70), (85, 71), (86, 71), (87, 71), (104, 71), (82, 72), (83, 72), (84, 72), (103, 73), (81, 74), (102, 76), (80, 77), (101, 78), (79, 79), (100, 81), (78, 82), (77, 84), (99, 84), (98, 86), (76, 87), (97, 88), (98, 88), (95, 89), (96, 89), (75, 90), (92, 90), (93, 90), (94, 90), (89, 91), (90, 91), (91, 91), (74, 92), (87, 92), (88, 92), (84, 93), (85, 93), (86, 93), (74, 94), (82, 94), (83, 94), (75, 95), (79, 95), (80, 95), (81, 95), (76, 96), (77, 96), (78, 96)]
[(114, 63), (112, 64), (113, 64), (109, 65), (110, 65), (111, 65), (106, 66), (107, 66), (108, 66), (105, 68), (104, 71), (103, 73), (102, 76), (101, 78), (100, 81), (99, 84), (113, 85), (114, 85), (98, 86), (111, 86), (112, 86), (108, 87), (109, 87), (110, 87), (98, 88), (106, 88), (107, 88), (99, 89), (103, 89), (104, 89), (105, 89), (100, 90), (101, 90), (102, 90)]
[(113, 85), (114, 85), (111, 86), (112, 86), (108, 87), (109, 87), (110, 87), (106, 88), (107, 88), (103, 89), (104, 89), (105, 89), (100, 90), (101, 90), (102, 90), (99, 92), (98, 95), (97, 97), (96, 100), (95, 102), (94, 105), (113, 107), (114, 107), (93, 108), (110, 108), (111, 108), (112, 108), (107, 109), (108, 109), (109, 109), (92, 110), (105, 110), (106, 110), (102, 111), (103, 111), (104, 111), (92, 112), (100, 112), (101, 112), (93, 113), (97, 113), (98, 113), (99, 113), (94, 114), (95, 114), (96, 114)]
[(37, 58), (38, 58), (35, 59), (36, 59), (39, 59), (32, 60), (33, 60), (34, 60), (40, 60), (29, 61), (30, 61), (31, 61), (27, 62), (28, 62), (39, 62), (24, 63), (25, 63), (26, 63), (22, 64), (23, 64), (19, 65), (20, 65), (21, 65), (38, 65), (16, 66), (17, 66), (18, 66), (37, 67), (15, 68), (36, 70), (14, 71), (35, 72), (13, 73), (34, 75), (12, 76), (11, 78), (33, 78), (32, 80), (10, 81), (31, 82), (32, 82), (29, 83), (30, 83), (9, 84), (26, 84), (27, 84), (28, 84), (23, 85), (24, 85), (25, 85), (8, 86), (21, 86), (22, 86), (18, 87), (19, 87), (20, 87), (8, 88), (16, 88), (17, 88), (9, 89), (13, 89), (14, 89), (15, 89), (10, 90), (11, 90), (12, 90)]
[(61, 52), (62, 52), (59, 53), (60, 53), (63, 53), (56, 54), (57, 54), (58, 54), (64, 54), (53, 55), (54, 55), (55, 55), (51, 56), (52, 56), (63, 56), (48, 57), (49, 57), (50, 57), (46, 58), (47, 58), (43, 59), (44, 59), (45, 59), (62, 59), (40, 60), (41, 60), (42, 60), (61, 61), (39, 62), (60, 64), (38, 65), (59, 66), (37, 67), (58, 69), (36, 70), (35, 72), (57, 72), (56, 74), (34, 75), (55, 76), (56, 76), (53, 77), (54, 77), (33, 78), (50, 78), (51, 78), (52, 78), (47, 79), (48, 79), (49, 79), (32, 80), (45, 80), (46, 80), (42, 81), (43, 81), (44, 81), (32, 82), (40, 82), (41, 82), (33, 83), (37, 83), (38, 83), (39, 83), (34, 84), (35, 84), (36, 84)]
[(55, 76), (56, 76), (53, 77), (54, 77), (57, 77), (50, 78), (51, 78), (52, 78), (58, 78), (47, 79), (48, 79), (49, 79), (45, 80), (46, 80), (57, 80), (42, 81), (43, 81), (44, 81), (40, 82), (41, 82), (37, 83), (38, 83), (39, 83), (56, 83), (34, 84), (35, 84), (36, 84), (55, 85), (33, 86), (54, 88), (32, 89), (53, 90), (31, 91), (52, 93), (30, 94), (29, 96), (51, 96), (50, 98), (28, 99), (49, 100), (50, 100), (47, 101), (48, 101), (27, 102), (44, 102), (45, 102), (46, 102), (41, 103), (42, 103), (43, 103), (26, 104), (39, 104), (40, 104), (36, 105), (37, 105), (38, 105), (26, 106), (34, 106), (35, 106), (27, 107), (31, 107), (32, 107), (33, 107), (28, 108), (29, 108), (30, 108)]
[(79, 70), (80, 70), (77, 71), (78, 71), (81, 71), (74, 72), (75, 72), (76, 72), (82, 72), (71, 73), (72, 73), (73, 73), (69, 74), (70, 74), (81, 74), (66, 75), (67, 75), (68, 75), (64, 76), (65, 76), (61, 77), (62, 77), (63, 77), (80, 77), (58, 78), (59, 78), (60, 78), (79, 79), (57, 80), (78, 82), (56, 83), (77, 84), (55, 85), (76, 87), (54, 88), (53, 90), (75, 90), (74, 92), (52, 93), (73, 94), (74, 94), (71, 95), (72, 95), (51, 96), (68, 96), (69, 96), (70, 96), (65, 97), (66, 97), (67, 97), (50, 98), (63, 98), (64, 98), (60, 99), (61, 99), (62, 99), (50, 100), (58, 100), (59, 100), (51, 101), (55, 101), (56, 101), (57, 101), (52, 102), (53, 102), (54, 102)]
[(73, 94), (74, 94), (71, 95), (72, 95), (75, 95), (68, 96), (69, 96), (70, 96), (76, 96), (65, 97), (66, 97), (67, 97), (63, 98), (64, 98), (75, 98), (60, 99), (61, 99), (62, 99), (58, 100), (59, 100), (55, 101), (56, 101), (57, 101), (74, 101), (52, 102), (53, 102), (54, 102), (73, 103), (51, 104), (72, 106), (50, 107), (71, 108), (49, 109), (70, 111), (48, 112), (47, 114), (69, 114)]
[(97, 88), (98, 88), (95, 89), (96, 89), (99, 89), (92, 90), (93, 90), (94, 90), (100, 90), (89, 91), (90, 91), (91, 91), (87, 92), (88, 92), (99, 92), (84, 93), (85, 93), (86, 93), (82, 94), (83, 94), (79, 95), (80, 95), (81, 95), (98, 95), (76, 96), (77, 96), (78, 96), (97, 97), (75, 98), (96, 100), (74, 101), (95, 102), (73, 103), (94, 105), (72, 106), (71, 108), (93, 108), (92, 110), (70, 111), (91, 112), (92, 112), (89, 113), (90, 113), (69, 114), (86, 114), (87, 114), (88, 114)]
[(91, 112), (92, 112), (89, 113), (90, 113), (93, 113), (86, 114), (87, 114), (88, 114), (94, 114)]
[(113, 107), (114, 107), (110, 108), (111, 108), (112, 108), (107, 109), (108, 109), (109, 109), (105, 110), (106, 110), (102, 111), (103, 111), (104, 111), (100, 112), (101, 112), (97, 113), (98, 113), (99, 113), (94, 114), (95, 114), (96, 114)]
[(31, 82), (32, 82), (29, 83), (30, 83), (33, 83), (26, 84), (27, 84), (28, 84), (34, 84), (23, 85), (24, 85), (25, 85), (21, 86), (22, 86), (33, 86), (18, 87), (19, 87), (20, 87), (16, 88), (17, 88), (13, 89), (14, 89), (15, 89), (32, 89), (10, 90), (11, 90), (12, 90), (31, 91), (9, 92), (30, 94), (8, 95), (29, 96), (7, 97), (28, 99), (6, 100), (5, 102), (27, 102), (26, 104), (4, 105), (25, 106), (26, 106), (23, 107), (24, 107), (3, 108), (20, 108), (21, 108), (22, 108), (17, 109), (18, 109), (19, 109), (2, 110), (15, 110), (16, 110), (12, 111), (13, 111), (14, 111), (2, 112), (10, 112), (11, 112), (3, 113), (7, 113), (8, 113), (9, 113), (4, 114), (5, 114), (6, 114)]
[(25, 106), (26, 106), (23, 107), (24, 107), (27, 107), (20, 108), (21, 108), (22, 108), (28, 108), (17, 109), (18, 109), (19, 109), (15, 110), (16, 110), (27, 110), (12, 111), (13, 111), (14, 111), (10, 112), (11, 112), (7, 113), (8, 113), (9, 113), (26, 113), (4, 114), (5, 114), (6, 114)]
[(49, 100), (50, 100), (47, 101), (48, 101), (51, 101), (44, 102), (45, 102), (46, 102), (52, 102), (41, 103), (42, 103), (43, 103), (39, 104), (40, 104), (51, 104), (36, 105), (37, 105), (38, 105), (34, 106), (35, 106), (31, 107), (32, 107), (33, 107), (50, 107), (28, 108), (29, 108), (30, 108), (49, 109), (27, 110), (48, 112), (26, 113), (47, 114)]
