[(79, 7), (80, 7), (77, 8), (78, 8), (81, 8), (74, 9), (75, 9), (76, 9), (82, 9), (71, 10), (72, 10), (73, 10), (83, 10), (69, 11), (70, 11), (84, 11), (66, 12), (67, 12), (68, 12), (85, 12), (63, 13), (64, 13), (65, 13), (84, 14), (62, 15), (83, 17), (61, 18), (82, 19), (60, 20), (81, 22), (59, 23), (80, 25), (58, 26), (79, 27), (57, 28), (78, 29), (79, 29), (57, 30), (76, 30), (77, 30), (58, 31), (73, 31), (74, 31), (75, 31), (59, 32), (70, 32), (71, 32), (72, 32), (60, 33), (68, 33), (69, 33), (61, 34), (65, 34), (66, 34), (67, 34), (62, 35), (63, 35), (64, 35)]
[(101, 6), (102, 6), (99, 7), (100, 7), (103, 7), (96, 8), (97, 8), (98, 8), (104, 8), (93, 9), (94, 9), (95, 9), (105, 9), (91, 10), (92, 10), (106, 10), (88, 11), (89, 11), (90, 11), (107, 11), (85, 12), (86, 12), (87, 12), (106, 13), (84, 14), (105, 16), (83, 17), (104, 18), (82, 19), (103, 21), (81, 22), (102, 24), (80, 25), (101, 26), (79, 27), (100, 28), (101, 28), (79, 29), (98, 29), (99, 29), (80, 30), (95, 30), (96, 30), (97, 30), (81, 31), (92, 31), (93, 31), (94, 31), (82, 32), (90, 32), (91, 32), (83, 33), (87, 33), (88, 33), (89, 33), (84, 34), (85, 34), (86, 34)]
[(100, 28), (101, 28), (98, 29), (99, 29), (102, 29), (95, 30), (96, 30), (97, 30), (103, 30), (92, 31), (93, 31), (94, 31), (104, 31), (90, 32), (91, 32), (105, 32), (87, 33), (88, 33), (89, 33), (106, 33), (84, 34), (85, 34), (86, 34), (105, 35), (83, 36), (104, 38), (82, 39), (103, 40), (81, 41), (102, 43), (80, 44), (101, 46), (79, 47), (100, 48), (78, 49), (99, 50), (100, 50), (78, 51), (97, 51), (98, 51), (79, 52), (94, 52), (95, 52), (96, 52), (80, 53), (91, 53), (92, 53), (93, 53), (81, 54), (89, 54), (90, 54), (82, 55), (86, 55), (87, 55), (88, 55), (83, 56), (84, 56), (85, 56)]
[(114, 30), (112, 31), (113, 31), (109, 32), (110, 32), (111, 32), (106, 33), (107, 33), (108, 33), (105, 35), (104, 38), (103, 40), (102, 43), (101, 46), (100, 48), (100, 50), (101, 51), (102, 52), (113, 52), (114, 52), (103, 53), (111, 53), (112, 53), (104, 54), (108, 54), (109, 54), (110, 54), (105, 55), (106, 55), (107, 55)]
[(113, 52), (114, 52), (111, 53), (112, 53), (108, 54), (109, 54), (110, 54), (105, 55), (106, 55), (107, 55), (104, 57), (103, 60), (102, 62), (101, 65), (100, 68), (99, 70), (99, 72), (100, 73), (101, 74), (112, 74), (113, 74), (114, 74), (102, 75), (110, 75), (111, 75), (103, 76), (107, 76), (108, 76), (109, 76), (104, 77), (105, 77), (106, 77)]
[(35, 9), (36, 9), (33, 10), (34, 10), (37, 10), (30, 11), (31, 11), (32, 11), (38, 11), (27, 12), (28, 12), (29, 12), (39, 12), (25, 13), (26, 13), (40, 13), (22, 14), (23, 14), (24, 14), (41, 14), (19, 15), (20, 15), (21, 15), (40, 16), (18, 17), (39, 19), (17, 20), (38, 21), (16, 22), (37, 24), (15, 25), (36, 27), (14, 28), (35, 29), (13, 30), (34, 31), (35, 31), (13, 32), (32, 32), (33, 32), (14, 33), (29, 33), (30, 33), (31, 33), (15, 34), (26, 34), (27, 34), (28, 34), (16, 35), (24, 35), (25, 35), (17, 36), (21, 36), (22, 36), (23, 36), (18, 37), (19, 37), (20, 37)]
[(57, 8), (58, 8), (55, 9), (56, 9), (59, 9), (52, 10), (53, 10), (54, 10), (60, 10), (49, 11), (50, 11), (51, 11), (61, 11), (47, 12), (48, 12), (62, 12), (44, 13), (45, 13), (46, 13), (63, 13), (41, 14), (42, 14), (43, 14), (62, 15), (40, 16), (61, 18), (39, 19), (60, 20), (38, 21), (59, 23), (37, 24), (58, 26), (36, 27), (57, 28), (35, 29), (56, 30), (57, 30), (35, 31), (54, 31), (55, 31), (36, 32), (51, 32), (52, 32), (53, 32), (37, 33), (48, 33), (49, 33), (50, 33), (38, 34), (46, 34), (47, 34), (39, 35), (43, 35), (44, 35), (45, 35), (40, 36), (41, 36), (42, 36)]
[(56, 30), (57, 30), (54, 31), (55, 31), (58, 31), (51, 32), (52, 32), (53, 32), (59, 32), (48, 33), (49, 33), (50, 33), (60, 33), (46, 34), (47, 34), (61, 34), (43, 35), (44, 35), (45, 35), (62, 35), (40, 36), (41, 36), (42, 36), (61, 37), (39, 38), (60, 40), (38, 41), (59, 42), (37, 43), (58, 45), (36, 46), (57, 48), (35, 49), (56, 50), (34, 51), (55, 52), (56, 52), (34, 53), (53, 53), (54, 53), (35, 54), (50, 54), (51, 54), (52, 54), (36, 55), (47, 55), (48, 55), (49, 55), (37, 56), (45, 56), (46, 56), (38, 57), (42, 57), (43, 57), (44, 57), (39, 58), (40, 58), (41, 58)]
[(78, 29), (79, 29), (76, 30), (77, 30), (80, 30), (73, 31), (74, 31), (75, 31), (81, 31), (70, 32), (71, 32), (72, 32), (82, 32), (68, 33), (69, 33), (83, 33), (65, 34), (66, 34), (67, 34), (84, 34), (62, 35), (63, 35), (64, 35), (83, 36), (61, 37), (82, 39), (60, 40), (81, 41), (59, 42), (80, 44), (58, 45), (79, 47), (57, 48), (78, 49), (56, 50), (77, 51), (78, 51), (56, 52), (75, 52), (76, 52), (57, 53), (72, 53), (73, 53), (74, 53), (58, 54), (69, 54), (70, 54), (71, 54), (59, 55), (67, 55), (68, 55), (60, 56), (64, 56), (65, 56), (66, 56), (61, 57), (62, 57), (63, 57)]
[(77, 51), (78, 51), (75, 52), (76, 52), (79, 52), (72, 53), (73, 53), (74, 53), (80, 53), (69, 54), (70, 54), (71, 54), (81, 54), (67, 55), (68, 55), (82, 55), (64, 56), (65, 56), (66, 56), (83, 56), (61, 57), (62, 57), (63, 57), (82, 58), (60, 59), (81, 61), (59, 62), (80, 63), (58, 64), (79, 66), (57, 67), (78, 69), (56, 70), (77, 71), (55, 72), (76, 73), (77, 73), (55, 74), (74, 74), (75, 74), (56, 75), (71, 75), (72, 75), (73, 75), (57, 76), (68, 76), (69, 76), (70, 76), (58, 77), (66, 77), (67, 77), (59, 78), (63, 78), (64, 78), (65, 78), (60, 79), (61, 79), (62, 79)]
[(99, 50), (100, 50), (97, 51), (98, 51), (101, 51), (94, 52), (95, 52), (96, 52), (102, 52), (91, 53), (92, 53), (93, 53), (103, 53), (89, 54), (90, 54), (104, 54), (86, 55), (87, 55), (88, 55), (105, 55), (83, 56), (84, 56), (85, 56), (104, 57), (82, 58), (103, 60), (81, 61), (102, 62), (80, 63), (101, 65), (79, 66), (100, 68), (78, 69), (99, 70), (77, 71), (98, 72), (99, 72), (77, 73), (96, 73), (97, 73), (78, 74), (93, 74), (94, 74), (95, 74), (79, 75), (90, 75), (91, 75), (92, 75), (80, 76), (88, 76), (89, 76), (81, 77), (85, 77), (86, 77), (87, 77), (82, 78), (83, 78), (84, 78)]
[(98, 72), (99, 72), (96, 73), (97, 73), (100, 73), (93, 74), (94, 74), (95, 74), (101, 74), (90, 75), (91, 75), (92, 75), (102, 75), (88, 76), (89, 76), (103, 76), (85, 77), (86, 77), (87, 77), (104, 77), (82, 78), (83, 78), (84, 78), (103, 79), (81, 80), (102, 82), (80, 83), (101, 84), (79, 85), (100, 87), (78, 88), (99, 90), (77, 91), (98, 92), (76, 93), (97, 94), (98, 94), (76, 95), (95, 95), (96, 95), (77, 96), (92, 96), (93, 96), (94, 96), (78, 97), (89, 97), (90, 97), (91, 97), (79, 98), (87, 98), (88, 98), (80, 99), (84, 99), (85, 99), (86, 99), (81, 100), (82, 100), (83, 100)]
[(112, 74), (113, 74), (114, 74), (110, 75), (111, 75), (107, 76), (108, 76), (109, 76), (104, 77), (105, 77), (106, 77), (103, 79), (102, 82), (101, 84), (100, 87), (99, 90), (98, 92), (98, 94), (99, 95), (114, 95), (100, 96), (111, 96), (112, 96), (113, 96), (101, 97), (109, 97), (110, 97), (102, 98), (106, 98), (107, 98), (108, 98), (103, 99), (104, 99), (105, 99)]
[(114, 95), (111, 96), (112, 96), (113, 96), (109, 97), (110, 97), (106, 98), (107, 98), (108, 98), (103, 99), (104, 99), (105, 99), (102, 101), (101, 104), (100, 106), (99, 109), (98, 112), (97, 114)]
[(12, 32), (13, 32), (10, 33), (11, 33), (14, 33), (7, 34), (8, 34), (9, 34), (15, 34), (4, 35), (5, 35), (6, 35), (16, 35), (2, 36), (3, 36), (17, 36), (0, 37), (1, 37), (18, 37), (17, 39), (16, 42), (15, 44), (14, 47), (13, 50), (12, 52), (11, 54), (12, 54), (9, 55), (10, 55), (6, 56), (7, 56), (8, 56), (3, 57), (4, 57), (5, 57), (1, 58), (2, 58), (0, 59)]
[(34, 31), (35, 31), (32, 32), (33, 32), (36, 32), (29, 33), (30, 33), (31, 33), (37, 33), (26, 34), (27, 34), (28, 34), (38, 34), (24, 35), (25, 35), (39, 35), (21, 36), (22, 36), (23, 36), (40, 36), (18, 37), (19, 37), (20, 37), (39, 38), (17, 39), (38, 41), (16, 42), (37, 43), (15, 44), (36, 46), (14, 47), (35, 49), (13, 50), (34, 51), (12, 52), (33, 53), (34, 53), (12, 54), (31, 54), (32, 54), (13, 55), (28, 55), (29, 55), (30, 55), (14, 56), (25, 56), (26, 56), (27, 56), (15, 57), (23, 57), (24, 57), (16, 58), (20, 58), (21, 58), (22, 58), (17, 59), (18, 59), (19, 59)]
[(33, 53), (34, 53), (31, 54), (32, 54), (35, 54), (28, 55), (29, 55), (30, 55), (36, 55), (25, 56), (26, 56), (27, 56), (37, 56), (23, 57), (24, 57), (38, 57), (20, 58), (21, 58), (22, 58), (39, 58), (17, 59), (18, 59), (19, 59), (38, 60), (16, 61), (37, 63), (15, 64), (36, 65), (14, 66), (35, 68), (13, 69), (34, 71), (12, 72), (33, 73), (11, 74), (32, 75), (33, 75), (11, 76), (30, 76), (31, 76), (12, 77), (27, 77), (28, 77), (29, 77), (13, 78), (24, 78), (25, 78), (26, 78), (14, 79), (22, 79), (23, 79), (15, 80), (19, 80), (20, 80), (21, 80), (16, 81), (17, 81), (18, 81)]
[(55, 52), (56, 52), (53, 53), (54, 53), (57, 53), (50, 54), (51, 54), (52, 54), (58, 54), (47, 55), (48, 55), (49, 55), (59, 55), (45, 56), (46, 56), (60, 56), (42, 57), (43, 57), (44, 57), (61, 57), (39, 58), (40, 58), (41, 58), (60, 59), (38, 60), (59, 62), (37, 63), (58, 64), (36, 65), (57, 67), (35, 68), (56, 70), (34, 71), (55, 72), (33, 73), (54, 74), (55, 74), (33, 75), (52, 75), (53, 75), (34, 76), (49, 76), (50, 76), (51, 76), (35, 77), (46, 77), (47, 77), (48, 77), (36, 78), (44, 78), (45, 78), (37, 79), (41, 79), (42, 79), (43, 79), (38, 80), (39, 80), (40, 80)]
[(54, 74), (55, 74), (52, 75), (53, 75), (56, 75), (49, 76), (50, 76), (51, 76), (57, 76), (46, 77), (47, 77), (48, 77), (58, 77), (44, 78), (45, 78), (59, 78), (41, 79), (42, 79), (43, 79), (60, 79), (38, 80), (39, 80), (40, 80), (59, 81), (37, 82), (58, 84), (36, 85), (57, 86), (35, 87), (56, 89), (34, 90), (55, 92), (33, 93), (54, 94), (32, 95), (53, 96), (54, 96), (32, 97), (51, 97), (52, 97), (33, 98), (48, 98), (49, 98), (50, 98), (34, 99), (45, 99), (46, 99), (47, 99), (35, 100), (43, 100), (44, 100), (36, 101), (40, 101), (41, 101), (42, 101), (37, 102), (38, 102), (39, 102)]
[(76, 73), (77, 73), (74, 74), (75, 74), (78, 74), (71, 75), (72, 75), (73, 75), (79, 75), (68, 76), (69, 76), (70, 76), (80, 76), (66, 77), (67, 77), (81, 77), (63, 78), (64, 78), (65, 78), (82, 78), (60, 79), (61, 79), (62, 79), (81, 80), (59, 81), (80, 83), (58, 84), (79, 85), (57, 86), (78, 88), (56, 89), (77, 91), (55, 92), (76, 93), (54, 94), (75, 95), (76, 95), (54, 96), (73, 96), (74, 96), (55, 97), (70, 97), (71, 97), (72, 97), (56, 98), (67, 98), (68, 98), (69, 98), (57, 99), (65, 99), (66, 99), (58, 100), (62, 100), (63, 100), (64, 100), (59, 101), (60, 101), (61, 101)]
[(75, 95), (76, 95), (73, 96), (74, 96), (77, 96), (70, 97), (71, 97), (72, 97), (78, 97), (67, 98), (68, 98), (69, 98), (79, 98), (65, 99), (66, 99), (80, 99), (62, 100), (63, 100), (64, 100), (81, 100), (59, 101), (60, 101), (61, 101), (80, 102), (58, 103), (79, 105), (57, 106), (78, 107), (56, 108), (77, 110), (55, 111), (76, 113), (54, 114)]
[(97, 94), (98, 94), (95, 95), (96, 95), (99, 95), (92, 96), (93, 96), (94, 96), (100, 96), (89, 97), (90, 97), (91, 97), (101, 97), (87, 98), (88, 98), (102, 98), (84, 99), (85, 99), (86, 99), (103, 99), (81, 100), (82, 100), (83, 100), (102, 101), (80, 102), (101, 104), (79, 105), (100, 106), (78, 107), (99, 109), (77, 110), (98, 112), (76, 113), (97, 114)]
[(11, 54), (12, 54), (9, 55), (10, 55), (13, 55), (6, 56), (7, 56), (8, 56), (14, 56), (3, 57), (4, 57), (5, 57), (15, 57), (1, 58), (2, 58), (16, 58), (0, 59), (17, 59), (16, 61), (15, 64), (14, 66), (13, 69), (12, 72), (11, 74), (10, 76), (11, 76), (8, 77), (9, 77), (5, 78), (6, 78), (7, 78), (2, 79), (3, 79), (4, 79), (0, 80), (1, 80)]
[(10, 76), (11, 76), (8, 77), (9, 77), (12, 77), (5, 78), (6, 78), (7, 78), (13, 78), (2, 79), (3, 79), (4, 79), (14, 79), (0, 80), (1, 80), (15, 80), (16, 81), (15, 83), (14, 86), (13, 88), (12, 91), (11, 94), (10, 96), (9, 98), (10, 98), (7, 99), (8, 99), (4, 100), (5, 100), (6, 100), (1, 101), (2, 101), (3, 101), (0, 102)]
[(32, 75), (33, 75), (30, 76), (31, 76), (34, 76), (27, 77), (28, 77), (29, 77), (35, 77), (24, 78), (25, 78), (26, 78), (36, 78), (22, 79), (23, 79), (37, 79), (19, 80), (20, 80), (21, 80), (38, 80), (16, 81), (17, 81), (18, 81), (37, 82), (15, 83), (36, 85), (14, 86), (35, 87), (13, 88), (34, 90), (12, 91), (33, 93), (11, 94), (32, 95), (10, 96), (31, 97), (32, 97), (10, 98), (29, 98), (30, 98), (11, 99), (26, 99), (27, 99), (28, 99), (12, 100), (23, 100), (24, 100), (25, 100), (13, 101), (21, 101), (22, 101), (14, 102), (18, 102), (19, 102), (20, 102), (15, 103), (16, 103), (17, 103)]
[(31, 97), (32, 97), (29, 98), (30, 98), (33, 98), (26, 99), (27, 99), (28, 99), (34, 99), (23, 100), (24, 100), (25, 100), (35, 100), (21, 101), (22, 101), (36, 101), (18, 102), (19, 102), (20, 102), (37, 102), (15, 103), (16, 103), (17, 103), (36, 104), (14, 105), (35, 107), (13, 108), (34, 109), (12, 110), (33, 112), (11, 113)]
[(53, 96), (54, 96), (51, 97), (52, 97), (55, 97), (48, 98), (49, 98), (50, 98), (56, 98), (45, 99), (46, 99), (47, 99), (57, 99), (43, 100), (44, 100), (58, 100), (40, 101), (41, 101), (42, 101), (59, 101), (37, 102), (38, 102), (39, 102), (58, 103), (36, 104), (57, 106), (35, 107), (56, 108), (34, 109), (55, 111), (33, 112), (54, 114)]
[(9, 98), (10, 98), (7, 99), (8, 99), (11, 99), (4, 100), (5, 100), (6, 100), (12, 100), (1, 101), (2, 101), (3, 101), (13, 101), (0, 102), (14, 102), (15, 103), (14, 105), (13, 108), (12, 110), (11, 113)]
