[(88, 18), (89, 18), (90, 18), (91, 18), (84, 19), (85, 19), (86, 19), (87, 19), (92, 19), (80, 20), (81, 20), (82, 20), (83, 20), (93, 20), (76, 21), (77, 21), (78, 21), (79, 21), (94, 21), (72, 22), (73, 22), (74, 22), (75, 22), (93, 24), (71, 25), (92, 28), (70, 29), (91, 32), (69, 33), (90, 36), (68, 37), (87, 40), (88, 40), (89, 40), (90, 40), (67, 41), (68, 41), (83, 41), (84, 41), (85, 41), (86, 41), (69, 42), (79, 42), (80, 42), (81, 42), (82, 42), (70, 43), (75, 43), (76, 43), (77, 43), (78, 43), (71, 44), (72, 44), (73, 44), (74, 44)]
[(110, 17), (111, 17), (112, 17), (113, 17), (106, 18), (107, 18), (108, 18), (109, 18), (114, 18), (102, 19), (103, 19), (104, 19), (105, 19), (98, 20), (99, 20), (100, 20), (101, 20), (94, 21), (95, 21), (96, 21), (97, 21), (93, 24), (114, 27), (92, 28), (113, 31), (91, 32), (112, 35), (90, 36), (109, 39), (110, 39), (111, 39), (112, 39), (89, 40), (90, 40), (105, 40), (106, 40), (107, 40), (108, 40), (91, 41), (101, 41), (102, 41), (103, 41), (104, 41), (92, 42), (97, 42), (98, 42), (99, 42), (100, 42), (93, 43), (94, 43), (95, 43), (96, 43)]
[(109, 39), (110, 39), (111, 39), (112, 39), (105, 40), (106, 40), (107, 40), (108, 40), (113, 40), (101, 41), (102, 41), (103, 41), (104, 41), (114, 41), (97, 42), (98, 42), (99, 42), (100, 42), (93, 43), (94, 43), (95, 43), (96, 43), (114, 45), (92, 46), (113, 49), (91, 50), (112, 53), (90, 54), (111, 57), (89, 58), (108, 61), (109, 61), (110, 61), (111, 61), (88, 62), (89, 62), (104, 62), (105, 62), (106, 62), (107, 62), (90, 63), (100, 63), (101, 63), (102, 63), (103, 63), (91, 64), (96, 64), (97, 64), (98, 64), (99, 64), (92, 65), (93, 65), (94, 65), (95, 65)]
[(114, 45), (113, 49), (112, 53), (111, 57), (110, 61), (111, 61), (112, 62), (113, 63), (114, 64)]
[(114, 64), (113, 67), (112, 71), (111, 75), (110, 79), (109, 83), (110, 83), (111, 84), (112, 85), (113, 86), (114, 86)]
[(44, 20), (45, 20), (46, 20), (47, 20), (40, 21), (41, 21), (42, 21), (43, 21), (48, 21), (36, 22), (37, 22), (38, 22), (39, 22), (49, 22), (32, 23), (33, 23), (34, 23), (35, 23), (50, 23), (28, 24), (29, 24), (30, 24), (31, 24), (49, 26), (27, 27), (48, 30), (26, 31), (47, 34), (25, 35), (46, 38), (24, 39), (43, 42), (44, 42), (45, 42), (46, 42), (23, 43), (24, 43), (39, 43), (40, 43), (41, 43), (42, 43), (25, 44), (35, 44), (36, 44), (37, 44), (38, 44), (26, 45), (31, 45), (32, 45), (33, 45), (34, 45), (27, 46), (28, 46), (29, 46), (30, 46)]
[(66, 19), (67, 19), (68, 19), (69, 19), (62, 20), (63, 20), (64, 20), (65, 20), (70, 20), (58, 21), (59, 21), (60, 21), (61, 21), (71, 21), (54, 22), (55, 22), (56, 22), (57, 22), (72, 22), (50, 23), (51, 23), (52, 23), (53, 23), (71, 25), (49, 26), (70, 29), (48, 30), (69, 33), (47, 34), (68, 37), (46, 38), (65, 41), (66, 41), (67, 41), (68, 41), (45, 42), (46, 42), (61, 42), (62, 42), (63, 42), (64, 42), (47, 43), (57, 43), (58, 43), (59, 43), (60, 43), (48, 44), (53, 44), (54, 44), (55, 44), (56, 44), (49, 45), (50, 45), (51, 45), (52, 45)]
[(65, 41), (66, 41), (67, 41), (68, 41), (61, 42), (62, 42), (63, 42), (64, 42), (69, 42), (57, 43), (58, 43), (59, 43), (60, 43), (70, 43), (53, 44), (54, 44), (55, 44), (56, 44), (71, 44), (49, 45), (50, 45), (51, 45), (52, 45), (70, 47), (48, 48), (69, 51), (47, 52), (68, 55), (46, 56), (67, 59), (45, 60), (64, 63), (65, 63), (66, 63), (67, 63), (44, 64), (45, 64), (60, 64), (61, 64), (62, 64), (63, 64), (46, 65), (56, 65), (57, 65), (58, 65), (59, 65), (47, 66), (52, 66), (53, 66), (54, 66), (55, 66), (48, 67), (49, 67), (50, 67), (51, 67)]
[(87, 40), (88, 40), (89, 40), (90, 40), (83, 41), (84, 41), (85, 41), (86, 41), (91, 41), (79, 42), (80, 42), (81, 42), (82, 42), (92, 42), (75, 43), (76, 43), (77, 43), (78, 43), (93, 43), (71, 44), (72, 44), (73, 44), (74, 44), (92, 46), (70, 47), (91, 50), (69, 51), (90, 54), (68, 55), (89, 58), (67, 59), (86, 62), (87, 62), (88, 62), (89, 62), (66, 63), (67, 63), (82, 63), (83, 63), (84, 63), (85, 63), (68, 64), (78, 64), (79, 64), (80, 64), (81, 64), (69, 65), (74, 65), (75, 65), (76, 65), (77, 65), (70, 66), (71, 66), (72, 66), (73, 66)]
[(86, 62), (87, 62), (88, 62), (89, 62), (82, 63), (83, 63), (84, 63), (85, 63), (90, 63), (78, 64), (79, 64), (80, 64), (81, 64), (91, 64), (74, 65), (75, 65), (76, 65), (77, 65), (92, 65), (70, 66), (71, 66), (72, 66), (73, 66), (91, 68), (69, 69), (90, 72), (68, 73), (89, 76), (67, 77), (88, 80), (66, 81), (85, 84), (86, 84), (87, 84), (88, 84), (65, 85), (66, 85), (81, 85), (82, 85), (83, 85), (84, 85), (67, 86), (77, 86), (78, 86), (79, 86), (80, 86), (68, 87), (73, 87), (74, 87), (75, 87), (76, 87), (69, 88), (70, 88), (71, 88), (72, 88)]
[(108, 61), (109, 61), (110, 61), (111, 61), (104, 62), (105, 62), (106, 62), (107, 62), (112, 62), (100, 63), (101, 63), (102, 63), (103, 63), (113, 63), (96, 64), (97, 64), (98, 64), (99, 64), (114, 64), (92, 65), (93, 65), (94, 65), (95, 65), (113, 67), (91, 68), (112, 71), (90, 72), (111, 75), (89, 76), (110, 79), (88, 80), (107, 83), (108, 83), (109, 83), (110, 83), (87, 84), (88, 84), (103, 84), (104, 84), (105, 84), (106, 84), (89, 85), (99, 85), (100, 85), (101, 85), (102, 85), (90, 86), (95, 86), (96, 86), (97, 86), (98, 86), (91, 87), (92, 87), (93, 87), (94, 87)]
[(107, 83), (108, 83), (109, 83), (110, 83), (103, 84), (104, 84), (105, 84), (106, 84), (111, 84), (99, 85), (100, 85), (101, 85), (102, 85), (112, 85), (95, 86), (96, 86), (97, 86), (98, 86), (113, 86), (91, 87), (92, 87), (93, 87), (94, 87), (112, 89), (90, 90), (111, 93), (89, 94), (110, 97), (88, 98), (109, 101), (87, 102), (106, 105), (107, 105), (108, 105), (109, 105), (86, 106), (87, 106), (102, 106), (103, 106), (104, 106), (105, 106), (88, 107), (98, 107), (99, 107), (100, 107), (101, 107), (89, 108), (94, 108), (95, 108), (96, 108), (97, 108), (90, 109), (91, 109), (92, 109), (93, 109)]
[(113, 86), (114, 86), (112, 89), (111, 93), (110, 97), (109, 101), (108, 105), (109, 105), (110, 106), (111, 107), (112, 108), (113, 108), (114, 108)]
[(112, 108), (113, 108), (114, 108), (111, 111)]
[(21, 43), (22, 43), (23, 43), (24, 43), (17, 44), (18, 44), (19, 44), (20, 44), (25, 44), (13, 45), (14, 45), (15, 45), (16, 45), (26, 45), (9, 46), (10, 46), (11, 46), (12, 46), (27, 46), (5, 47), (6, 47), (7, 47), (8, 47), (26, 49), (4, 50), (25, 53), (3, 54), (24, 57), (2, 58), (23, 61), (1, 62), (20, 65), (21, 65), (22, 65), (23, 65), (0, 66), (1, 66), (16, 66), (17, 66), (18, 66), (19, 66), (2, 67), (12, 67), (13, 67), (14, 67), (15, 67), (3, 68), (8, 68), (9, 68), (10, 68), (11, 68), (4, 69), (5, 69), (6, 69), (7, 69)]
[(43, 42), (44, 42), (45, 42), (46, 42), (39, 43), (40, 43), (41, 43), (42, 43), (47, 43), (35, 44), (36, 44), (37, 44), (38, 44), (48, 44), (31, 45), (32, 45), (33, 45), (34, 45), (49, 45), (27, 46), (28, 46), (29, 46), (30, 46), (48, 48), (26, 49), (47, 52), (25, 53), (46, 56), (24, 57), (45, 60), (23, 61), (42, 64), (43, 64), (44, 64), (45, 64), (22, 65), (23, 65), (38, 65), (39, 65), (40, 65), (41, 65), (24, 66), (34, 66), (35, 66), (36, 66), (37, 66), (25, 67), (30, 67), (31, 67), (32, 67), (33, 67), (26, 68), (27, 68), (28, 68), (29, 68)]
[(42, 64), (43, 64), (44, 64), (45, 64), (38, 65), (39, 65), (40, 65), (41, 65), (46, 65), (34, 66), (35, 66), (36, 66), (37, 66), (47, 66), (30, 67), (31, 67), (32, 67), (33, 67), (48, 67), (26, 68), (27, 68), (28, 68), (29, 68), (47, 70), (25, 71), (46, 74), (24, 75), (45, 78), (23, 79), (44, 82), (22, 83), (41, 86), (42, 86), (43, 86), (44, 86), (21, 87), (22, 87), (37, 87), (38, 87), (39, 87), (40, 87), (23, 88), (33, 88), (34, 88), (35, 88), (36, 88), (24, 89), (29, 89), (30, 89), (31, 89), (32, 89), (25, 90), (26, 90), (27, 90), (28, 90)]
[(64, 63), (65, 63), (66, 63), (67, 63), (60, 64), (61, 64), (62, 64), (63, 64), (68, 64), (56, 65), (57, 65), (58, 65), (59, 65), (69, 65), (52, 66), (53, 66), (54, 66), (55, 66), (70, 66), (48, 67), (49, 67), (50, 67), (51, 67), (69, 69), (47, 70), (68, 73), (46, 74), (67, 77), (45, 78), (66, 81), (44, 82), (63, 85), (64, 85), (65, 85), (66, 85), (43, 86), (44, 86), (59, 86), (60, 86), (61, 86), (62, 86), (45, 87), (55, 87), (56, 87), (57, 87), (58, 87), (46, 88), (51, 88), (52, 88), (53, 88), (54, 88), (47, 89), (48, 89), (49, 89), (50, 89)]
[(63, 85), (64, 85), (65, 85), (66, 85), (59, 86), (60, 86), (61, 86), (62, 86), (67, 86), (55, 87), (56, 87), (57, 87), (58, 87), (68, 87), (51, 88), (52, 88), (53, 88), (54, 88), (69, 88), (47, 89), (48, 89), (49, 89), (50, 89), (68, 91), (46, 92), (67, 95), (45, 96), (66, 99), (44, 100), (65, 103), (43, 104), (62, 107), (63, 107), (64, 107), (65, 107), (42, 108), (43, 108), (58, 108), (59, 108), (60, 108), (61, 108), (44, 109), (54, 109), (55, 109), (56, 109), (57, 109), (45, 110), (50, 110), (51, 110), (52, 110), (53, 110), (46, 111), (47, 111), (48, 111), (49, 111)]
[(85, 84), (86, 84), (87, 84), (88, 84), (81, 85), (82, 85), (83, 85), (84, 85), (89, 85), (77, 86), (78, 86), (79, 86), (80, 86), (90, 86), (73, 87), (74, 87), (75, 87), (76, 87), (91, 87), (69, 88), (70, 88), (71, 88), (72, 88), (90, 90), (68, 91), (89, 94), (67, 95), (88, 98), (66, 99), (87, 102), (65, 103), (84, 106), (85, 106), (86, 106), (87, 106), (64, 107), (65, 107), (80, 107), (81, 107), (82, 107), (83, 107), (66, 108), (76, 108), (77, 108), (78, 108), (79, 108), (67, 109), (72, 109), (73, 109), (74, 109), (75, 109), (68, 110), (69, 110), (70, 110), (71, 110)]
[(84, 106), (85, 106), (86, 106), (87, 106), (80, 107), (81, 107), (82, 107), (83, 107), (88, 107), (76, 108), (77, 108), (78, 108), (79, 108), (89, 108), (72, 109), (73, 109), (74, 109), (75, 109), (90, 109), (68, 110), (69, 110), (70, 110), (71, 110), (89, 112), (67, 113)]
[(106, 105), (107, 105), (108, 105), (109, 105), (102, 106), (103, 106), (104, 106), (105, 106), (110, 106), (98, 107), (99, 107), (100, 107), (101, 107), (111, 107), (94, 108), (95, 108), (96, 108), (97, 108), (112, 108), (90, 109), (91, 109), (92, 109), (93, 109), (111, 111), (89, 112)]
[(20, 65), (21, 65), (22, 65), (23, 65), (16, 66), (17, 66), (18, 66), (19, 66), (24, 66), (12, 67), (13, 67), (14, 67), (15, 67), (25, 67), (8, 68), (9, 68), (10, 68), (11, 68), (26, 68), (4, 69), (5, 69), (6, 69), (7, 69), (25, 71), (3, 72), (24, 75), (2, 76), (23, 79), (1, 80), (22, 83), (0, 84), (19, 87), (20, 87), (21, 87), (22, 87), (0, 88), (15, 88), (16, 88), (17, 88), (18, 88), (1, 89), (11, 89), (12, 89), (13, 89), (14, 89), (2, 90), (7, 90), (8, 90), (9, 90), (10, 90), (3, 91), (4, 91), (5, 91), (6, 91)]
[(19, 87), (20, 87), (21, 87), (22, 87), (15, 88), (16, 88), (17, 88), (18, 88), (23, 88), (11, 89), (12, 89), (13, 89), (14, 89), (24, 89), (7, 90), (8, 90), (9, 90), (10, 90), (25, 90), (3, 91), (4, 91), (5, 91), (6, 91), (24, 93), (2, 94), (23, 97), (1, 98), (22, 101), (0, 102), (21, 105), (18, 109), (19, 109), (20, 109), (21, 109), (14, 110), (15, 110), (16, 110), (17, 110), (0, 111), (10, 111), (11, 111), (12, 111), (13, 111), (1, 112), (6, 112), (7, 112), (8, 112), (9, 112), (2, 113), (3, 113), (4, 113), (5, 113)]
[(41, 86), (42, 86), (43, 86), (44, 86), (37, 87), (38, 87), (39, 87), (40, 87), (45, 87), (33, 88), (34, 88), (35, 88), (36, 88), (46, 88), (29, 89), (30, 89), (31, 89), (32, 89), (47, 89), (25, 90), (26, 90), (27, 90), (28, 90), (46, 92), (24, 93), (45, 96), (23, 97), (44, 100), (22, 101), (43, 104), (21, 105), (40, 108), (41, 108), (42, 108), (43, 108), (20, 109), (21, 109), (36, 109), (37, 109), (38, 109), (39, 109), (22, 110), (32, 110), (33, 110), (34, 110), (35, 110), (23, 111), (28, 111), (29, 111), (30, 111), (31, 111), (24, 112), (25, 112), (26, 112), (27, 112)]
[(40, 108), (41, 108), (42, 108), (43, 108), (36, 109), (37, 109), (38, 109), (39, 109), (44, 109), (32, 110), (33, 110), (34, 110), (35, 110), (45, 110), (28, 111), (29, 111), (30, 111), (31, 111), (46, 111), (24, 112), (25, 112), (26, 112), (27, 112), (45, 114)]
[(62, 107), (63, 107), (64, 107), (65, 107), (58, 108), (59, 108), (60, 108), (61, 108), (66, 108), (54, 109), (55, 109), (56, 109), (57, 109), (67, 109), (50, 110), (51, 110), (52, 110), (53, 110), (68, 110), (46, 111), (47, 111), (48, 111), (49, 111), (67, 113), (45, 114)]
[(18, 109), (19, 109), (20, 109), (21, 109), (14, 110), (15, 110), (16, 110), (17, 110), (22, 110), (10, 111), (11, 111), (12, 111), (13, 111), (23, 111), (6, 112), (7, 112), (8, 112), (9, 112), (24, 112), (2, 113), (3, 113), (4, 113), (5, 113)]
