[(114, 66), (113, 69), (112, 71), (112, 73), (113, 74), (114, 75)]
[(72, 34), (73, 34), (70, 35), (71, 35), (74, 35), (67, 36), (68, 36), (69, 36), (75, 36), (65, 37), (66, 37), (76, 37), (62, 38), (63, 38), (64, 38), (77, 38), (60, 39), (61, 39), (78, 39), (58, 40), (59, 40), (79, 40), (55, 41), (56, 41), (57, 41), (80, 41), (53, 42), (54, 42), (81, 42), (50, 43), (51, 43), (52, 43), (82, 43), (48, 44), (49, 44), (83, 44), (45, 45), (46, 45), (47, 45), (84, 45), (44, 47), (83, 47), (43, 49), (82, 49), (42, 52), (81, 52), (41, 54), (80, 54), (40, 57), (79, 57), (39, 59), (78, 59), (38, 62), (77, 62), (37, 64), (76, 64), (36, 66), (75, 66), (35, 69), (74, 69), (34, 71), (73, 71), (34, 73), (72, 73), (73, 73), (35, 74), (70, 74), (71, 74), (36, 75), (67, 75), (68, 75), (69, 75), (37, 76), (65, 76), (66, 76), (38, 77), (62, 77), (63, 77), (64, 77), (39, 78), (60, 78), (61, 78), (40, 79), (58, 79), (59, 79), (41, 80), (55, 80), (56, 80), (57, 80), (42, 81), (53, 81), (54, 81), (43, 82), (50, 82), (51, 82), (52, 82), (44, 83), (48, 83), (49, 83), (45, 84), (46, 84), (47, 84)]
[(111, 34), (112, 34), (109, 35), (110, 35), (113, 35), (106, 36), (107, 36), (108, 36), (114, 36), (104, 37), (105, 37), (101, 38), (102, 38), (103, 38), (99, 39), (100, 39), (97, 40), (98, 40), (94, 41), (95, 41), (96, 41), (92, 42), (93, 42), (89, 43), (90, 43), (91, 43), (87, 44), (88, 44), (84, 45), (85, 45), (86, 45), (83, 47), (82, 49), (81, 52), (80, 54), (79, 57), (78, 59), (77, 62), (76, 64), (75, 66), (114, 66), (74, 69), (113, 69), (73, 71), (112, 71), (73, 73), (111, 73), (112, 73), (74, 74), (109, 74), (110, 74), (75, 75), (106, 75), (107, 75), (108, 75), (76, 76), (104, 76), (105, 76), (77, 77), (101, 77), (102, 77), (103, 77), (78, 78), (99, 78), (100, 78), (79, 79), (97, 79), (98, 79), (80, 80), (94, 80), (95, 80), (96, 80), (81, 81), (92, 81), (93, 81), (82, 82), (89, 82), (90, 82), (91, 82), (83, 83), (87, 83), (88, 83), (84, 84), (85, 84), (86, 84)]
[(111, 73), (112, 73), (109, 74), (110, 74), (113, 74), (106, 75), (107, 75), (108, 75), (114, 75), (104, 76), (105, 76), (101, 77), (102, 77), (103, 77), (99, 78), (100, 78), (97, 79), (98, 79), (94, 80), (95, 80), (96, 80), (92, 81), (93, 81), (89, 82), (90, 82), (91, 82), (87, 83), (88, 83), (84, 84), (85, 84), (86, 84), (83, 86), (82, 88), (81, 91), (80, 93), (79, 96), (78, 98), (77, 101), (76, 103), (75, 105), (114, 105), (74, 108), (113, 108), (73, 110), (112, 110), (73, 112), (111, 112), (112, 112), (74, 113), (109, 113), (110, 113), (75, 114), (106, 114), (107, 114), (108, 114)]
[(114, 105), (113, 108), (112, 110), (112, 112), (113, 113), (114, 114)]
[(33, 73), (34, 73), (31, 74), (32, 74), (35, 74), (28, 75), (29, 75), (30, 75), (36, 75), (26, 76), (27, 76), (37, 76), (23, 77), (24, 77), (25, 77), (38, 77), (21, 78), (22, 78), (39, 78), (19, 79), (20, 79), (40, 79), (16, 80), (17, 80), (18, 80), (41, 80), (14, 81), (15, 81), (42, 81), (11, 82), (12, 82), (13, 82), (43, 82), (9, 83), (10, 83), (44, 83), (6, 84), (7, 84), (8, 84), (45, 84), (5, 86), (44, 86), (4, 88), (43, 88), (3, 91), (42, 91), (2, 93), (41, 93), (1, 96), (40, 96), (0, 98), (39, 98), (38, 101), (37, 103), (36, 105), (35, 108), (34, 110), (33, 112), (34, 112), (31, 113), (32, 113), (28, 114), (29, 114), (30, 114)]
[(72, 73), (73, 73), (70, 74), (71, 74), (74, 74), (67, 75), (68, 75), (69, 75), (75, 75), (65, 76), (66, 76), (76, 76), (62, 77), (63, 77), (64, 77), (77, 77), (60, 78), (61, 78), (78, 78), (58, 79), (59, 79), (79, 79), (55, 80), (56, 80), (57, 80), (80, 80), (53, 81), (54, 81), (81, 81), (50, 82), (51, 82), (52, 82), (82, 82), (48, 83), (49, 83), (83, 83), (45, 84), (46, 84), (47, 84), (84, 84), (44, 86), (83, 86), (43, 88), (82, 88), (42, 91), (81, 91), (41, 93), (80, 93), (40, 96), (79, 96), (39, 98), (78, 98), (38, 101), (77, 101), (37, 103), (76, 103), (36, 105), (75, 105), (35, 108), (74, 108), (34, 110), (73, 110), (34, 112), (72, 112), (73, 112), (35, 113), (70, 113), (71, 113), (36, 114), (67, 114), (68, 114), (69, 114)]
[(72, 112), (73, 112), (70, 113), (71, 113), (74, 113), (67, 114), (68, 114), (69, 114), (75, 114)]
[(111, 112), (112, 112), (109, 113), (110, 113), (113, 113), (106, 114), (107, 114), (108, 114), (114, 114)]
[(33, 112), (34, 112), (31, 113), (32, 113), (35, 113), (28, 114), (29, 114), (30, 114), (36, 114)]
