[(109, 31), (110, 31), (104, 32), (105, 32), (106, 32), (107, 32), (108, 32), (111, 32), (99, 33), (100, 33), (101, 33), (102, 33), (103, 33), (94, 34), (95, 34), (96, 34), (97, 34), (98, 34), (110, 36), (93, 38), (109, 41), (92, 43), (108, 46), (91, 48), (107, 48), (108, 48), (102, 49), (103, 49), (104, 49), (105, 49), (106, 49), (91, 50), (97, 50), (98, 50), (99, 50), (100, 50), (101, 50), (92, 51), (93, 51), (94, 51), (95, 51), (96, 51)]
[(111, 32), (112, 32), (113, 32), (114, 32), (110, 36), (109, 41), (108, 46), (108, 48), (114, 48), (109, 49), (110, 49), (111, 49), (112, 49), (113, 49)]
[(114, 48), (109, 49), (110, 49), (111, 49), (112, 49), (113, 49), (108, 53), (107, 58), (106, 63), (106, 65), (112, 65), (113, 65), (114, 65), (107, 66), (108, 66), (109, 66), (110, 66), (111, 66)]
[(75, 35), (76, 35), (70, 36), (71, 36), (72, 36), (73, 36), (74, 36), (77, 36), (65, 37), (66, 37), (67, 37), (68, 37), (69, 37), (60, 38), (61, 38), (62, 38), (63, 38), (64, 38), (76, 40), (59, 42), (75, 45), (58, 47), (74, 50), (57, 52), (73, 52), (74, 52), (68, 53), (69, 53), (70, 53), (71, 53), (72, 53), (57, 54), (63, 54), (64, 54), (65, 54), (66, 54), (67, 54), (58, 55), (59, 55), (60, 55), (61, 55), (62, 55)]
[(92, 33), (93, 33), (87, 34), (88, 34), (89, 34), (90, 34), (91, 34), (94, 34), (82, 35), (83, 35), (84, 35), (85, 35), (86, 35), (77, 36), (78, 36), (79, 36), (80, 36), (81, 36), (93, 38), (76, 40), (92, 43), (75, 45), (91, 48), (74, 50), (90, 50), (91, 50), (85, 51), (86, 51), (87, 51), (88, 51), (89, 51), (74, 52), (80, 52), (81, 52), (82, 52), (83, 52), (84, 52), (75, 53), (76, 53), (77, 53), (78, 53), (79, 53)]
[(90, 50), (91, 50), (85, 51), (86, 51), (87, 51), (88, 51), (89, 51), (92, 51), (80, 52), (81, 52), (82, 52), (83, 52), (84, 52), (75, 53), (76, 53), (77, 53), (78, 53), (79, 53), (91, 55), (74, 57), (90, 60), (73, 62), (89, 65), (72, 67), (88, 67), (89, 67), (83, 68), (84, 68), (85, 68), (86, 68), (87, 68), (72, 69), (78, 69), (79, 69), (80, 69), (81, 69), (82, 69), (73, 70), (74, 70), (75, 70), (76, 70), (77, 70)]
[(107, 48), (108, 48), (102, 49), (103, 49), (104, 49), (105, 49), (106, 49), (109, 49), (97, 50), (98, 50), (99, 50), (100, 50), (101, 50), (92, 51), (93, 51), (94, 51), (95, 51), (96, 51), (108, 53), (91, 55), (107, 58), (90, 60), (106, 63), (89, 65), (105, 65), (106, 65), (100, 66), (101, 66), (102, 66), (103, 66), (104, 66), (89, 67), (95, 67), (96, 67), (97, 67), (98, 67), (99, 67), (90, 68), (91, 68), (92, 68), (93, 68), (94, 68)]
[(105, 65), (106, 65), (100, 66), (101, 66), (102, 66), (103, 66), (104, 66), (107, 66), (95, 67), (96, 67), (97, 67), (98, 67), (99, 67), (90, 68), (91, 68), (92, 68), (93, 68), (94, 68), (106, 70), (89, 72), (105, 75), (88, 77), (104, 80), (87, 82), (103, 82), (104, 82), (98, 83), (99, 83), (100, 83), (101, 83), (102, 83), (87, 84), (93, 84), (94, 84), (95, 84), (96, 84), (97, 84), (88, 85), (89, 85), (90, 85), (91, 85), (92, 85)]
[(112, 65), (113, 65), (114, 65), (107, 66), (108, 66), (109, 66), (110, 66), (111, 66), (106, 70), (105, 75), (104, 80), (104, 82), (110, 82), (111, 82), (112, 82), (113, 82), (114, 82), (105, 83), (106, 83), (107, 83), (108, 83), (109, 83)]
[(110, 82), (111, 82), (112, 82), (113, 82), (114, 82), (105, 83), (106, 83), (107, 83), (108, 83), (109, 83), (104, 87), (103, 92), (102, 97), (113, 98), (114, 98), (102, 99), (108, 99), (109, 99), (110, 99), (111, 99), (112, 99), (103, 100), (104, 100), (105, 100), (106, 100), (107, 100)]
[(56, 54), (57, 54), (51, 55), (52, 55), (53, 55), (54, 55), (55, 55), (58, 55), (46, 56), (47, 56), (48, 56), (49, 56), (50, 56), (41, 57), (42, 57), (43, 57), (44, 57), (45, 57), (57, 59), (40, 61), (56, 64), (39, 66), (55, 69), (38, 71), (54, 71), (55, 71), (49, 72), (50, 72), (51, 72), (52, 72), (53, 72), (38, 73), (44, 73), (45, 73), (46, 73), (47, 73), (48, 73), (39, 74), (40, 74), (41, 74), (42, 74), (43, 74)]
[(73, 52), (74, 52), (68, 53), (69, 53), (70, 53), (71, 53), (72, 53), (75, 53), (63, 54), (64, 54), (65, 54), (66, 54), (67, 54), (58, 55), (59, 55), (60, 55), (61, 55), (62, 55), (74, 57), (57, 59), (73, 62), (56, 64), (72, 67), (55, 69), (71, 69), (72, 69), (66, 70), (67, 70), (68, 70), (69, 70), (70, 70), (55, 71), (61, 71), (62, 71), (63, 71), (64, 71), (65, 71), (56, 72), (57, 72), (58, 72), (59, 72), (60, 72)]
[(71, 69), (72, 69), (66, 70), (67, 70), (68, 70), (69, 70), (70, 70), (73, 70), (61, 71), (62, 71), (63, 71), (64, 71), (65, 71), (56, 72), (57, 72), (58, 72), (59, 72), (60, 72), (72, 74), (55, 76), (71, 79), (54, 81), (70, 84), (53, 86), (69, 86), (70, 86), (64, 87), (65, 87), (66, 87), (67, 87), (68, 87), (53, 88), (59, 88), (60, 88), (61, 88), (62, 88), (63, 88), (54, 89), (55, 89), (56, 89), (57, 89), (58, 89)]
[(88, 67), (89, 67), (83, 68), (84, 68), (85, 68), (86, 68), (87, 68), (90, 68), (78, 69), (79, 69), (80, 69), (81, 69), (82, 69), (73, 70), (74, 70), (75, 70), (76, 70), (77, 70), (89, 72), (72, 74), (88, 77), (71, 79), (87, 82), (70, 84), (86, 84), (87, 84), (81, 85), (82, 85), (83, 85), (84, 85), (85, 85), (70, 86), (76, 86), (77, 86), (78, 86), (79, 86), (80, 86), (71, 87), (72, 87), (73, 87), (74, 87), (75, 87)]
[(86, 84), (87, 84), (81, 85), (82, 85), (83, 85), (84, 85), (85, 85), (88, 85), (76, 86), (77, 86), (78, 86), (79, 86), (80, 86), (71, 87), (72, 87), (73, 87), (74, 87), (75, 87), (87, 89), (70, 91), (86, 94), (69, 96), (85, 99), (68, 101), (84, 101), (85, 101), (79, 102), (80, 102), (81, 102), (82, 102), (83, 102), (68, 103), (74, 103), (75, 103), (76, 103), (77, 103), (78, 103), (69, 104), (70, 104), (71, 104), (72, 104), (73, 104)]
[(103, 82), (104, 82), (98, 83), (99, 83), (100, 83), (101, 83), (102, 83), (105, 83), (93, 84), (94, 84), (95, 84), (96, 84), (97, 84), (88, 85), (89, 85), (90, 85), (91, 85), (92, 85), (104, 87), (87, 89), (103, 92), (86, 94), (102, 97), (85, 99), (101, 99), (102, 99), (96, 100), (97, 100), (98, 100), (99, 100), (100, 100), (85, 101), (91, 101), (92, 101), (93, 101), (94, 101), (95, 101), (86, 102), (87, 102), (88, 102), (89, 102), (90, 102)]
[(101, 99), (102, 99), (96, 100), (97, 100), (98, 100), (99, 100), (100, 100), (103, 100), (91, 101), (92, 101), (93, 101), (94, 101), (95, 101), (86, 102), (87, 102), (88, 102), (89, 102), (90, 102), (102, 104), (85, 106), (101, 109), (84, 111), (100, 114)]
[(113, 98), (114, 98), (108, 99), (109, 99), (110, 99), (111, 99), (112, 99), (103, 100), (104, 100), (105, 100), (106, 100), (107, 100), (102, 104), (101, 109), (100, 114)]
[(54, 71), (55, 71), (49, 72), (50, 72), (51, 72), (52, 72), (53, 72), (56, 72), (44, 73), (45, 73), (46, 73), (47, 73), (48, 73), (39, 74), (40, 74), (41, 74), (42, 74), (43, 74), (55, 76), (38, 78), (54, 81), (37, 83), (53, 86), (36, 88), (52, 88), (53, 88), (47, 89), (48, 89), (49, 89), (50, 89), (51, 89), (36, 90), (42, 90), (43, 90), (44, 90), (45, 90), (46, 90), (37, 91), (38, 91), (39, 91), (40, 91), (41, 91)]
[(52, 88), (53, 88), (47, 89), (48, 89), (49, 89), (50, 89), (51, 89), (54, 89), (42, 90), (43, 90), (44, 90), (45, 90), (46, 90), (37, 91), (38, 91), (39, 91), (40, 91), (41, 91), (53, 93), (36, 95), (52, 98), (35, 100), (51, 103), (34, 105), (50, 105), (51, 105), (45, 106), (46, 106), (47, 106), (48, 106), (49, 106), (34, 107), (40, 107), (41, 107), (42, 107), (43, 107), (44, 107), (35, 108), (36, 108), (37, 108), (38, 108), (39, 108)]
[(69, 86), (70, 86), (64, 87), (65, 87), (66, 87), (67, 87), (68, 87), (71, 87), (59, 88), (60, 88), (61, 88), (62, 88), (63, 88), (54, 89), (55, 89), (56, 89), (57, 89), (58, 89), (70, 91), (53, 93), (69, 96), (52, 98), (68, 101), (51, 103), (67, 103), (68, 103), (62, 104), (63, 104), (64, 104), (65, 104), (66, 104), (51, 105), (57, 105), (58, 105), (59, 105), (60, 105), (61, 105), (52, 106), (53, 106), (54, 106), (55, 106), (56, 106)]
[(67, 103), (68, 103), (62, 104), (63, 104), (64, 104), (65, 104), (66, 104), (69, 104), (57, 105), (58, 105), (59, 105), (60, 105), (61, 105), (52, 106), (53, 106), (54, 106), (55, 106), (56, 106), (68, 108), (51, 110), (67, 113)]
[(84, 101), (85, 101), (79, 102), (80, 102), (81, 102), (82, 102), (83, 102), (86, 102), (74, 103), (75, 103), (76, 103), (77, 103), (78, 103), (69, 104), (70, 104), (71, 104), (72, 104), (73, 104), (85, 106), (68, 108), (84, 111), (67, 113)]
[(50, 105), (51, 105), (45, 106), (46, 106), (47, 106), (48, 106), (49, 106), (52, 106), (40, 107), (41, 107), (42, 107), (43, 107), (44, 107), (35, 108), (36, 108), (37, 108), (38, 108), (39, 108), (51, 110), (34, 112)]
