[(112, 24), (113, 24), (110, 25), (111, 25), (114, 25), (107, 26), (108, 26), (109, 26), (105, 27), (106, 27), (102, 28), (103, 28), (104, 28), (100, 29), (101, 29), (97, 30), (98, 30), (99, 30), (94, 31), (95, 31), (96, 31), (93, 33), (92, 36), (91, 38), (90, 41), (114, 42), (89, 43), (113, 45), (88, 46), (112, 47), (87, 48), (111, 49), (112, 49), (87, 50), (109, 50), (110, 50), (88, 51), (106, 51), (107, 51), (108, 51), (89, 52), (104, 52), (105, 52), (90, 53), (101, 53), (102, 53), (103, 53), (91, 54), (99, 54), (100, 54), (92, 55), (96, 55), (97, 55), (98, 55), (93, 56), (94, 56), (95, 56)]
[(114, 42), (113, 45), (112, 47), (112, 49), (113, 50), (114, 51)]
[(114, 65), (113, 67), (112, 70), (111, 72), (111, 74), (112, 75), (113, 76), (114, 77)]
[(62, 26), (63, 26), (60, 27), (61, 27), (64, 27), (57, 28), (58, 28), (59, 28), (65, 28), (55, 29), (56, 29), (66, 29), (52, 30), (53, 30), (54, 30), (67, 30), (50, 31), (51, 31), (68, 31), (47, 32), (48, 32), (49, 32), (69, 32), (44, 33), (45, 33), (46, 33), (68, 34), (43, 35), (67, 37), (42, 38), (66, 39), (41, 40), (65, 42), (40, 43), (64, 44), (39, 45), (63, 47), (38, 48), (62, 49), (37, 50), (61, 51), (62, 51), (37, 52), (59, 52), (60, 52), (38, 53), (56, 53), (57, 53), (58, 53), (39, 54), (54, 54), (55, 54), (40, 55), (51, 55), (52, 55), (53, 55), (41, 56), (49, 56), (50, 56), (42, 57), (46, 57), (47, 57), (48, 57), (43, 58), (44, 58), (45, 58)]
[(87, 25), (88, 25), (85, 26), (86, 26), (89, 26), (82, 27), (83, 27), (84, 27), (90, 27), (80, 28), (81, 28), (91, 28), (77, 29), (78, 29), (79, 29), (92, 29), (75, 30), (76, 30), (93, 30), (72, 31), (73, 31), (74, 31), (94, 31), (69, 32), (70, 32), (71, 32), (93, 33), (68, 34), (92, 36), (67, 37), (91, 38), (66, 39), (90, 41), (65, 42), (89, 43), (64, 44), (88, 46), (63, 47), (87, 48), (62, 49), (86, 50), (87, 50), (62, 51), (84, 51), (85, 51), (63, 52), (81, 52), (82, 52), (83, 52), (64, 53), (79, 53), (80, 53), (65, 54), (76, 54), (77, 54), (78, 54), (66, 55), (74, 55), (75, 55), (67, 56), (71, 56), (72, 56), (73, 56), (68, 57), (69, 57), (70, 57)]
[(86, 50), (87, 50), (84, 51), (85, 51), (88, 51), (81, 52), (82, 52), (83, 52), (89, 52), (79, 53), (80, 53), (90, 53), (76, 54), (77, 54), (78, 54), (91, 54), (74, 55), (75, 55), (92, 55), (71, 56), (72, 56), (73, 56), (93, 56), (68, 57), (69, 57), (70, 57), (92, 58), (67, 59), (91, 61), (66, 62), (90, 63), (65, 64), (89, 66), (64, 67), (88, 68), (63, 69), (87, 71), (62, 72), (86, 73), (61, 74), (85, 75), (86, 75), (61, 76), (83, 76), (84, 76), (62, 77), (80, 77), (81, 77), (82, 77), (63, 78), (78, 78), (79, 78), (64, 79), (75, 79), (76, 79), (77, 79), (65, 80), (73, 80), (74, 80), (66, 81), (70, 81), (71, 81), (72, 81), (67, 82), (68, 82), (69, 82)]
[(111, 49), (112, 49), (109, 50), (110, 50), (113, 50), (106, 51), (107, 51), (108, 51), (114, 51), (104, 52), (105, 52), (101, 53), (102, 53), (103, 53), (99, 54), (100, 54), (96, 55), (97, 55), (98, 55), (93, 56), (94, 56), (95, 56), (92, 58), (91, 61), (90, 63), (114, 65), (89, 66), (113, 67), (88, 68), (112, 70), (87, 71), (111, 72), (86, 73), (110, 74), (111, 74), (86, 75), (108, 75), (109, 75), (87, 76), (105, 76), (106, 76), (107, 76), (88, 77), (103, 77), (104, 77), (89, 78), (100, 78), (101, 78), (102, 78), (90, 79), (98, 79), (99, 79), (91, 80), (95, 80), (96, 80), (97, 80), (92, 81), (93, 81), (94, 81)]
[(110, 74), (111, 74), (108, 75), (109, 75), (112, 75), (105, 76), (106, 76), (107, 76), (113, 76), (103, 77), (104, 77), (114, 77), (100, 78), (101, 78), (102, 78), (98, 79), (99, 79), (95, 80), (96, 80), (97, 80), (92, 81), (93, 81), (94, 81), (91, 83), (90, 86), (114, 87), (89, 88), (113, 90), (88, 91), (112, 92), (87, 93), (111, 95), (86, 96), (110, 97), (85, 98), (109, 99), (110, 99), (85, 100), (107, 100), (108, 100), (86, 101), (104, 101), (105, 101), (106, 101), (87, 102), (102, 102), (103, 102), (88, 103), (99, 103), (100, 103), (101, 103), (89, 104), (97, 104), (98, 104), (90, 105), (94, 105), (95, 105), (96, 105), (91, 106), (92, 106), (93, 106)]
[(114, 87), (113, 90), (112, 92), (111, 95), (110, 97), (110, 99), (111, 100), (112, 101), (113, 102), (114, 103)]
[(36, 52), (37, 52), (34, 53), (35, 53), (38, 53), (31, 54), (32, 54), (33, 54), (39, 54), (29, 55), (30, 55), (40, 55), (26, 56), (27, 56), (28, 56), (41, 56), (24, 57), (25, 57), (42, 57), (21, 58), (22, 58), (23, 58), (43, 58), (18, 59), (19, 59), (20, 59), (42, 60), (17, 61), (41, 63), (16, 64), (40, 65), (15, 66), (39, 68), (14, 69), (38, 70), (13, 71), (37, 73), (12, 74), (36, 75), (11, 76), (35, 77), (36, 77), (11, 78), (33, 78), (34, 78), (12, 79), (30, 79), (31, 79), (32, 79), (13, 80), (28, 80), (29, 80), (14, 81), (25, 81), (26, 81), (27, 81), (15, 82), (23, 82), (24, 82), (16, 83), (20, 83), (21, 83), (22, 83), (17, 84), (18, 84), (19, 84)]
[(61, 51), (62, 51), (59, 52), (60, 52), (63, 52), (56, 53), (57, 53), (58, 53), (64, 53), (54, 54), (55, 54), (65, 54), (51, 55), (52, 55), (53, 55), (66, 55), (49, 56), (50, 56), (67, 56), (46, 57), (47, 57), (48, 57), (68, 57), (43, 58), (44, 58), (45, 58), (67, 59), (42, 60), (66, 62), (41, 63), (65, 64), (40, 65), (64, 67), (39, 68), (63, 69), (38, 70), (62, 72), (37, 73), (61, 74), (36, 75), (60, 76), (61, 76), (36, 77), (58, 77), (59, 77), (37, 78), (55, 78), (56, 78), (57, 78), (38, 79), (53, 79), (54, 79), (39, 80), (50, 80), (51, 80), (52, 80), (40, 81), (48, 81), (49, 81), (41, 82), (45, 82), (46, 82), (47, 82), (42, 83), (43, 83), (44, 83)]
[(60, 76), (61, 76), (58, 77), (59, 77), (62, 77), (55, 78), (56, 78), (57, 78), (63, 78), (53, 79), (54, 79), (64, 79), (50, 80), (51, 80), (52, 80), (65, 80), (48, 81), (49, 81), (66, 81), (45, 82), (46, 82), (47, 82), (67, 82), (42, 83), (43, 83), (44, 83), (66, 84), (41, 85), (65, 87), (40, 88), (64, 89), (39, 90), (63, 92), (38, 93), (62, 94), (37, 95), (61, 97), (36, 98), (60, 99), (35, 100), (59, 101), (60, 101), (35, 102), (57, 102), (58, 102), (36, 103), (54, 103), (55, 103), (56, 103), (37, 104), (52, 104), (53, 104), (38, 105), (49, 105), (50, 105), (51, 105), (39, 106), (47, 106), (48, 106), (40, 107), (44, 107), (45, 107), (46, 107), (41, 108), (42, 108), (43, 108)]
[(85, 75), (86, 75), (83, 76), (84, 76), (87, 76), (80, 77), (81, 77), (82, 77), (88, 77), (78, 78), (79, 78), (89, 78), (75, 79), (76, 79), (77, 79), (90, 79), (73, 80), (74, 80), (91, 80), (70, 81), (71, 81), (72, 81), (92, 81), (67, 82), (68, 82), (69, 82), (91, 83), (66, 84), (90, 86), (65, 87), (89, 88), (64, 89), (88, 91), (63, 92), (87, 93), (62, 94), (86, 96), (61, 97), (85, 98), (60, 99), (84, 100), (85, 100), (60, 101), (82, 101), (83, 101), (61, 102), (79, 102), (80, 102), (81, 102), (62, 103), (77, 103), (78, 103), (63, 104), (74, 104), (75, 104), (76, 104), (64, 105), (72, 105), (73, 105), (65, 106), (69, 106), (70, 106), (71, 106), (66, 107), (67, 107), (68, 107)]
[(84, 100), (85, 100), (82, 101), (83, 101), (86, 101), (79, 102), (80, 102), (81, 102), (87, 102), (77, 103), (78, 103), (88, 103), (74, 104), (75, 104), (76, 104), (89, 104), (72, 105), (73, 105), (90, 105), (69, 106), (70, 106), (71, 106), (91, 106), (66, 107), (67, 107), (68, 107), (90, 108), (65, 109), (89, 111), (64, 112), (88, 113), (63, 114)]
[(109, 99), (110, 99), (107, 100), (108, 100), (111, 100), (104, 101), (105, 101), (106, 101), (112, 101), (102, 102), (103, 102), (113, 102), (99, 103), (100, 103), (101, 103), (114, 103), (97, 104), (98, 104), (94, 105), (95, 105), (96, 105), (91, 106), (92, 106), (93, 106), (90, 108), (114, 110), (89, 111), (113, 112), (88, 113)]
[(35, 77), (36, 77), (33, 78), (34, 78), (37, 78), (30, 79), (31, 79), (32, 79), (38, 79), (28, 80), (29, 80), (39, 80), (25, 81), (26, 81), (27, 81), (40, 81), (23, 82), (24, 82), (41, 82), (20, 83), (21, 83), (22, 83), (42, 83), (17, 84), (18, 84), (19, 84), (41, 85), (16, 86), (40, 88), (15, 89), (39, 90), (14, 91), (38, 93), (13, 94), (37, 95), (12, 96), (36, 98), (11, 99), (35, 100), (10, 101), (34, 102), (35, 102), (10, 103), (32, 103), (33, 103), (11, 104), (29, 104), (30, 104), (31, 104), (12, 105), (27, 105), (28, 105), (13, 106), (24, 106), (25, 106), (26, 106), (14, 107), (22, 107), (23, 107), (15, 108), (19, 108), (20, 108), (21, 108), (16, 109), (17, 109), (18, 109)]
[(34, 102), (35, 102), (32, 103), (33, 103), (36, 103), (29, 104), (30, 104), (31, 104), (37, 104), (27, 105), (28, 105), (38, 105), (24, 106), (25, 106), (26, 106), (39, 106), (22, 107), (23, 107), (40, 107), (19, 108), (20, 108), (21, 108), (41, 108), (16, 109), (17, 109), (18, 109), (40, 110), (15, 111), (39, 113), (14, 114)]
[(59, 101), (60, 101), (57, 102), (58, 102), (61, 102), (54, 103), (55, 103), (56, 103), (62, 103), (52, 104), (53, 104), (63, 104), (49, 105), (50, 105), (51, 105), (64, 105), (47, 106), (48, 106), (65, 106), (44, 107), (45, 107), (46, 107), (66, 107), (41, 108), (42, 108), (43, 108), (65, 109), (40, 110), (64, 112), (39, 113), (63, 114)]
