[(113, 5), (114, 5), (110, 6), (111, 6), (112, 6), (107, 7), (108, 7), (109, 7), (105, 8), (106, 8), (102, 9), (103, 9), (104, 9), (99, 10), (100, 10), (101, 10), (96, 11), (97, 11), (98, 11), (95, 13), (94, 16), (93, 19), (92, 21), (91, 24), (90, 27), (114, 27), (112, 29), (113, 29), (114, 29), (89, 30), (110, 30), (111, 30), (107, 31), (108, 31), (109, 31), (88, 32), (89, 32), (104, 32), (105, 32), (106, 32), (90, 33), (102, 33), (103, 33), (91, 34), (99, 34), (100, 34), (101, 34), (92, 35), (96, 35), (97, 35), (98, 35), (93, 36), (94, 36), (95, 36)]
[(114, 27), (113, 29), (114, 29)]
[(114, 43), (113, 46), (112, 49), (111, 52), (110, 54), (111, 54), (112, 55), (113, 56), (114, 57)]
[(65, 10), (66, 10), (67, 10), (63, 11), (64, 11), (68, 11), (60, 12), (61, 12), (62, 12), (69, 12), (57, 13), (58, 13), (59, 13), (70, 13), (55, 14), (56, 14), (71, 14), (52, 15), (53, 15), (54, 15), (49, 16), (50, 16), (51, 16), (70, 16), (46, 17), (47, 17), (48, 17), (45, 19), (69, 19), (44, 22), (68, 22), (67, 24), (43, 25), (42, 27), (66, 27), (41, 30), (65, 30), (40, 33), (64, 33), (62, 35), (63, 35), (64, 35), (39, 36), (60, 36), (61, 36), (57, 37), (58, 37), (59, 37), (38, 38), (39, 38), (54, 38), (55, 38), (56, 38), (40, 39), (52, 39), (53, 39), (41, 40), (49, 40), (50, 40), (51, 40), (42, 41), (46, 41), (47, 41), (48, 41), (43, 42), (44, 42), (45, 42)]
[(90, 7), (91, 7), (92, 7), (88, 8), (89, 8), (93, 8), (85, 9), (86, 9), (87, 9), (94, 9), (82, 10), (83, 10), (84, 10), (95, 10), (80, 11), (81, 11), (96, 11), (77, 12), (78, 12), (79, 12), (74, 13), (75, 13), (76, 13), (95, 13), (71, 14), (72, 14), (73, 14), (70, 16), (94, 16), (69, 19), (93, 19), (92, 21), (68, 22), (67, 24), (91, 24), (66, 27), (90, 27), (65, 30), (89, 30), (87, 32), (88, 32), (89, 32), (64, 33), (85, 33), (86, 33), (82, 34), (83, 34), (84, 34), (63, 35), (64, 35), (79, 35), (80, 35), (81, 35), (65, 36), (77, 36), (78, 36), (66, 37), (74, 37), (75, 37), (76, 37), (67, 38), (71, 38), (72, 38), (73, 38), (68, 39), (69, 39), (70, 39)]
[(87, 32), (88, 32), (89, 32), (85, 33), (86, 33), (90, 33), (82, 34), (83, 34), (84, 34), (91, 34), (79, 35), (80, 35), (81, 35), (92, 35), (77, 36), (78, 36), (93, 36), (74, 37), (75, 37), (76, 37), (71, 38), (72, 38), (73, 38), (92, 38), (68, 39), (69, 39), (70, 39), (67, 41), (91, 41), (66, 44), (90, 44), (89, 46), (65, 47), (64, 49), (88, 49), (63, 52), (87, 52), (62, 55), (86, 55), (84, 57), (85, 57), (86, 57), (61, 58), (82, 58), (83, 58), (79, 59), (80, 59), (81, 59), (60, 60), (61, 60), (76, 60), (77, 60), (78, 60), (62, 61), (74, 61), (75, 61), (63, 62), (71, 62), (72, 62), (73, 62), (64, 63), (68, 63), (69, 63), (70, 63), (65, 64), (66, 64), (67, 64)]
[(112, 29), (113, 29), (114, 29), (110, 30), (111, 30), (107, 31), (108, 31), (109, 31), (104, 32), (105, 32), (106, 32), (102, 33), (103, 33), (99, 34), (100, 34), (101, 34), (96, 35), (97, 35), (98, 35), (93, 36), (94, 36), (95, 36), (92, 38), (91, 41), (114, 43), (90, 44), (89, 46), (113, 46), (88, 49), (112, 49), (87, 52), (111, 52), (109, 54), (110, 54), (111, 54), (86, 55), (107, 55), (108, 55), (104, 56), (105, 56), (106, 56), (85, 57), (86, 57), (101, 57), (102, 57), (103, 57), (87, 58), (99, 58), (100, 58), (88, 59), (96, 59), (97, 59), (98, 59), (89, 60), (93, 60), (94, 60), (95, 60), (90, 61), (91, 61), (92, 61)]
[(109, 54), (110, 54), (111, 54), (107, 55), (108, 55), (112, 55), (104, 56), (105, 56), (106, 56), (113, 56), (101, 57), (102, 57), (103, 57), (114, 57), (99, 58), (100, 58), (96, 59), (97, 59), (98, 59), (93, 60), (94, 60), (95, 60), (114, 60), (90, 61), (91, 61), (92, 61), (89, 63), (113, 63), (88, 66), (112, 66), (111, 68), (87, 69), (86, 71), (110, 71), (85, 74), (109, 74), (84, 77), (108, 77), (106, 79), (107, 79), (108, 79), (83, 80), (104, 80), (105, 80), (101, 81), (102, 81), (103, 81), (82, 82), (83, 82), (98, 82), (99, 82), (100, 82), (84, 83), (96, 83), (97, 83), (85, 84), (93, 84), (94, 84), (95, 84), (86, 85), (90, 85), (91, 85), (92, 85), (87, 86), (88, 86), (89, 86)]
[(114, 60), (113, 63), (112, 66), (111, 68), (110, 71), (109, 74), (108, 77), (107, 79), (108, 79), (109, 80), (110, 81), (111, 82), (112, 83), (113, 83), (114, 83)]
[(112, 83), (113, 83), (114, 83), (111, 85), (110, 88), (109, 91), (108, 93), (107, 96), (106, 99), (105, 102), (104, 104), (105, 104), (106, 105), (107, 106), (108, 107), (112, 107), (113, 107), (114, 107), (109, 108), (110, 108), (111, 108)]
[(37, 38), (38, 38), (39, 38), (35, 39), (36, 39), (40, 39), (32, 40), (33, 40), (34, 40), (41, 40), (29, 41), (30, 41), (31, 41), (42, 41), (27, 42), (28, 42), (43, 42), (24, 43), (25, 43), (26, 43), (21, 44), (22, 44), (23, 44), (42, 44), (18, 45), (19, 45), (20, 45), (17, 47), (41, 47), (16, 50), (40, 50), (39, 52), (15, 53), (14, 55), (38, 55), (13, 58), (37, 58), (12, 61), (36, 61), (34, 63), (35, 63), (36, 63), (11, 64), (32, 64), (33, 64), (29, 65), (30, 65), (31, 65), (10, 66), (11, 66), (26, 66), (27, 66), (28, 66), (12, 67), (24, 67), (25, 67), (13, 68), (21, 68), (22, 68), (23, 68), (14, 69), (18, 69), (19, 69), (20, 69), (15, 70), (16, 70), (17, 70)]
[(62, 35), (63, 35), (64, 35), (60, 36), (61, 36), (65, 36), (57, 37), (58, 37), (59, 37), (66, 37), (54, 38), (55, 38), (56, 38), (67, 38), (52, 39), (53, 39), (68, 39), (49, 40), (50, 40), (51, 40), (46, 41), (47, 41), (48, 41), (67, 41), (43, 42), (44, 42), (45, 42), (42, 44), (66, 44), (41, 47), (65, 47), (64, 49), (40, 50), (39, 52), (63, 52), (38, 55), (62, 55), (37, 58), (61, 58), (59, 60), (60, 60), (61, 60), (36, 61), (57, 61), (58, 61), (54, 62), (55, 62), (56, 62), (35, 63), (36, 63), (51, 63), (52, 63), (53, 63), (37, 64), (49, 64), (50, 64), (38, 65), (46, 65), (47, 65), (48, 65), (39, 66), (43, 66), (44, 66), (45, 66), (40, 67), (41, 67), (42, 67)]
[(59, 60), (60, 60), (61, 60), (57, 61), (58, 61), (62, 61), (54, 62), (55, 62), (56, 62), (63, 62), (51, 63), (52, 63), (53, 63), (64, 63), (49, 64), (50, 64), (65, 64), (46, 65), (47, 65), (48, 65), (43, 66), (44, 66), (45, 66), (64, 66), (40, 67), (41, 67), (42, 67), (39, 69), (63, 69), (38, 72), (62, 72), (61, 74), (37, 75), (36, 77), (60, 77), (35, 80), (59, 80), (34, 83), (58, 83), (56, 85), (57, 85), (58, 85), (33, 86), (54, 86), (55, 86), (51, 87), (52, 87), (53, 87), (32, 88), (33, 88), (48, 88), (49, 88), (50, 88), (34, 89), (46, 89), (47, 89), (35, 90), (43, 90), (44, 90), (45, 90), (36, 91), (40, 91), (41, 91), (42, 91), (37, 92), (38, 92), (39, 92)]
[(84, 57), (85, 57), (86, 57), (82, 58), (83, 58), (87, 58), (79, 59), (80, 59), (81, 59), (88, 59), (76, 60), (77, 60), (78, 60), (89, 60), (74, 61), (75, 61), (90, 61), (71, 62), (72, 62), (73, 62), (68, 63), (69, 63), (70, 63), (89, 63), (65, 64), (66, 64), (67, 64), (64, 66), (88, 66), (63, 69), (87, 69), (86, 71), (62, 72), (61, 74), (85, 74), (60, 77), (84, 77), (59, 80), (83, 80), (81, 82), (82, 82), (83, 82), (58, 83), (79, 83), (80, 83), (76, 84), (77, 84), (78, 84), (57, 85), (58, 85), (73, 85), (74, 85), (75, 85), (59, 86), (71, 86), (72, 86), (60, 87), (68, 87), (69, 87), (70, 87), (61, 88), (65, 88), (66, 88), (67, 88), (62, 89), (63, 89), (64, 89)]
[(81, 82), (82, 82), (83, 82), (79, 83), (80, 83), (84, 83), (76, 84), (77, 84), (78, 84), (85, 84), (73, 85), (74, 85), (75, 85), (86, 85), (71, 86), (72, 86), (87, 86), (68, 87), (69, 87), (70, 87), (65, 88), (66, 88), (67, 88), (86, 88), (62, 89), (63, 89), (64, 89), (61, 91), (85, 91), (60, 94), (84, 94), (83, 96), (59, 97), (58, 99), (82, 99), (57, 102), (81, 102), (56, 105), (80, 105), (78, 107), (79, 107), (80, 107), (55, 108), (76, 108), (77, 108), (73, 109), (74, 109), (75, 109), (54, 110), (55, 110), (70, 110), (71, 110), (72, 110), (56, 111), (68, 111), (69, 111), (57, 112), (65, 112), (66, 112), (67, 112), (58, 113), (62, 113), (63, 113), (64, 113), (59, 114), (60, 114), (61, 114)]
[(106, 79), (107, 79), (108, 79), (104, 80), (105, 80), (109, 80), (101, 81), (102, 81), (103, 81), (110, 81), (98, 82), (99, 82), (100, 82), (111, 82), (96, 83), (97, 83), (112, 83), (93, 84), (94, 84), (95, 84), (90, 85), (91, 85), (92, 85), (111, 85), (87, 86), (88, 86), (89, 86), (86, 88), (110, 88), (85, 91), (109, 91), (108, 93), (84, 94), (83, 96), (107, 96), (82, 99), (106, 99), (81, 102), (105, 102), (103, 104), (104, 104), (105, 104), (80, 105), (101, 105), (102, 105), (98, 106), (99, 106), (100, 106), (79, 107), (80, 107), (95, 107), (96, 107), (97, 107), (81, 108), (93, 108), (94, 108), (82, 109), (90, 109), (91, 109), (92, 109), (83, 110), (87, 110), (88, 110), (89, 110), (84, 111), (85, 111), (86, 111)]
[(103, 104), (104, 104), (105, 104), (101, 105), (102, 105), (106, 105), (98, 106), (99, 106), (100, 106), (107, 106), (95, 107), (96, 107), (97, 107), (108, 107), (93, 108), (94, 108), (109, 108), (90, 109), (91, 109), (92, 109), (87, 110), (88, 110), (89, 110), (108, 110), (84, 111), (85, 111), (86, 111), (83, 113), (107, 113)]
[(112, 107), (113, 107), (114, 107), (109, 108), (110, 108), (111, 108), (108, 110), (107, 113)]
[(34, 63), (35, 63), (36, 63), (32, 64), (33, 64), (37, 64), (29, 65), (30, 65), (31, 65), (38, 65), (26, 66), (27, 66), (28, 66), (39, 66), (24, 67), (25, 67), (40, 67), (21, 68), (22, 68), (23, 68), (18, 69), (19, 69), (20, 69), (39, 69), (15, 70), (16, 70), (17, 70), (14, 72), (38, 72), (13, 75), (37, 75), (36, 77), (12, 78), (11, 80), (35, 80), (10, 83), (34, 83), (9, 86), (33, 86), (31, 88), (32, 88), (33, 88), (8, 89), (29, 89), (30, 89), (26, 90), (27, 90), (28, 90), (7, 91), (8, 91), (23, 91), (24, 91), (25, 91), (9, 92), (21, 92), (22, 92), (10, 93), (18, 93), (19, 93), (20, 93), (11, 94), (15, 94), (16, 94), (17, 94), (12, 95), (13, 95), (14, 95)]
[(31, 88), (32, 88), (33, 88), (29, 89), (30, 89), (34, 89), (26, 90), (27, 90), (28, 90), (35, 90), (23, 91), (24, 91), (25, 91), (36, 91), (21, 92), (22, 92), (37, 92), (18, 93), (19, 93), (20, 93), (15, 94), (16, 94), (17, 94), (36, 94), (12, 95), (13, 95), (14, 95), (11, 97), (35, 97), (10, 100), (34, 100), (33, 102), (9, 103), (8, 105), (32, 105), (7, 108), (31, 108), (6, 111), (30, 111), (28, 113), (29, 113), (30, 113), (5, 114), (26, 114), (27, 114)]
[(56, 85), (57, 85), (58, 85), (54, 86), (55, 86), (59, 86), (51, 87), (52, 87), (53, 87), (60, 87), (48, 88), (49, 88), (50, 88), (61, 88), (46, 89), (47, 89), (62, 89), (43, 90), (44, 90), (45, 90), (40, 91), (41, 91), (42, 91), (61, 91), (37, 92), (38, 92), (39, 92), (36, 94), (60, 94), (35, 97), (59, 97), (58, 99), (34, 100), (33, 102), (57, 102), (32, 105), (56, 105), (31, 108), (55, 108), (53, 110), (54, 110), (55, 110), (30, 111), (51, 111), (52, 111), (48, 112), (49, 112), (50, 112), (29, 113), (30, 113), (45, 113), (46, 113), (47, 113), (31, 114), (43, 114), (44, 114)]
[(53, 110), (54, 110), (55, 110), (51, 111), (52, 111), (56, 111), (48, 112), (49, 112), (50, 112), (57, 112), (45, 113), (46, 113), (47, 113), (58, 113), (43, 114), (44, 114), (59, 114)]
[(78, 107), (79, 107), (80, 107), (76, 108), (77, 108), (81, 108), (73, 109), (74, 109), (75, 109), (82, 109), (70, 110), (71, 110), (72, 110), (83, 110), (68, 111), (69, 111), (84, 111), (65, 112), (66, 112), (67, 112), (62, 113), (63, 113), (64, 113), (83, 113), (59, 114), (60, 114), (61, 114)]
[(28, 113), (29, 113), (30, 113), (26, 114), (27, 114), (31, 114)]
