[(109, 18), (106, 19), (107, 19), (108, 19), (110, 19), (103, 20), (104, 20), (105, 20), (111, 20), (99, 21), (100, 21), (101, 21), (102, 21), (112, 21), (96, 22), (97, 22), (98, 22), (113, 22), (92, 23), (93, 23), (94, 23), (95, 23), (114, 23), (91, 26), (90, 29), (114, 31), (89, 33), (113, 35), (88, 36), (112, 38), (87, 39), (87, 40), (88, 41), (111, 41), (89, 42), (111, 42), (90, 43), (108, 43), (109, 43), (110, 43), (91, 44), (105, 44), (106, 44), (107, 44), (92, 45), (101, 45), (102, 45), (103, 45), (104, 45), (93, 46), (98, 46), (99, 46), (100, 46), (94, 47), (95, 47), (96, 47), (97, 47)]
[(114, 31), (113, 35), (112, 38), (111, 41), (111, 42), (112, 43), (113, 44), (114, 45)]
[(114, 62), (113, 65), (113, 66), (114, 67)]
[(61, 14), (58, 15), (59, 15), (60, 15), (62, 15), (55, 16), (56, 16), (57, 16), (63, 16), (51, 17), (52, 17), (53, 17), (54, 17), (64, 17), (48, 18), (49, 18), (50, 18), (65, 18), (44, 19), (45, 19), (46, 19), (47, 19), (66, 19), (67, 20), (68, 21), (43, 22), (67, 24), (42, 25), (66, 27), (41, 29), (65, 31), (40, 32), (64, 34), (39, 35), (39, 36), (40, 37), (63, 37), (41, 38), (63, 38), (42, 39), (60, 39), (61, 39), (62, 39), (43, 40), (57, 40), (58, 40), (59, 40), (44, 41), (53, 41), (54, 41), (55, 41), (56, 41), (45, 42), (50, 42), (51, 42), (52, 42), (46, 43), (47, 43), (48, 43), (49, 43)]
[(85, 16), (82, 17), (83, 17), (84, 17), (86, 17), (79, 18), (80, 18), (81, 18), (87, 18), (75, 19), (76, 19), (77, 19), (78, 19), (88, 19), (72, 20), (73, 20), (74, 20), (89, 20), (68, 21), (69, 21), (70, 21), (71, 21), (90, 21), (91, 22), (92, 23), (67, 24), (91, 26), (66, 27), (90, 29), (65, 31), (89, 33), (64, 34), (88, 36), (63, 37), (63, 38), (64, 39), (87, 39), (65, 40), (87, 40), (66, 41), (84, 41), (85, 41), (86, 41), (67, 42), (81, 42), (82, 42), (83, 42), (68, 43), (77, 43), (78, 43), (79, 43), (80, 43), (69, 44), (74, 44), (75, 44), (76, 44), (70, 45), (71, 45), (72, 45), (73, 45)]
[(87, 40), (84, 41), (85, 41), (86, 41), (88, 41), (81, 42), (82, 42), (83, 42), (89, 42), (77, 43), (78, 43), (79, 43), (80, 43), (90, 43), (74, 44), (75, 44), (76, 44), (91, 44), (70, 45), (71, 45), (72, 45), (73, 45), (92, 45), (93, 46), (94, 47), (69, 48), (93, 50), (68, 51), (92, 53), (67, 55), (91, 57), (66, 58), (90, 60), (65, 61), (65, 62), (66, 63), (89, 63), (67, 64), (89, 64), (68, 65), (86, 65), (87, 65), (88, 65), (69, 66), (83, 66), (84, 66), (85, 66), (70, 67), (79, 67), (80, 67), (81, 67), (82, 67), (71, 68), (76, 68), (77, 68), (78, 68), (72, 69), (73, 69), (74, 69), (75, 69)]
[(111, 42), (108, 43), (109, 43), (110, 43), (112, 43), (105, 44), (106, 44), (107, 44), (113, 44), (101, 45), (102, 45), (103, 45), (104, 45), (114, 45), (98, 46), (99, 46), (100, 46), (94, 47), (95, 47), (96, 47), (97, 47), (93, 50), (92, 53), (91, 57), (90, 60), (114, 62), (89, 63), (89, 64), (90, 65), (113, 65), (91, 66), (113, 66), (92, 67), (110, 67), (111, 67), (112, 67), (93, 68), (107, 68), (108, 68), (109, 68), (94, 69), (103, 69), (104, 69), (105, 69), (106, 69), (95, 70), (100, 70), (101, 70), (102, 70), (96, 71), (97, 71), (98, 71), (99, 71)]
[(113, 66), (110, 67), (111, 67), (112, 67), (114, 67), (107, 68), (108, 68), (109, 68), (103, 69), (104, 69), (105, 69), (106, 69), (100, 70), (101, 70), (102, 70), (96, 71), (97, 71), (98, 71), (99, 71), (95, 74), (94, 77), (93, 81), (92, 84), (91, 87), (91, 88), (92, 89), (93, 90), (94, 91), (112, 91), (113, 91), (114, 91), (95, 92), (109, 92), (110, 92), (111, 92), (96, 93), (105, 93), (106, 93), (107, 93), (108, 93), (97, 94), (102, 94), (103, 94), (104, 94), (98, 95), (99, 95), (100, 95), (101, 95)]
[(39, 36), (36, 37), (37, 37), (38, 37), (40, 37), (33, 38), (34, 38), (35, 38), (41, 38), (29, 39), (30, 39), (31, 39), (32, 39), (42, 39), (26, 40), (27, 40), (28, 40), (43, 40), (22, 41), (23, 41), (24, 41), (25, 41), (44, 41), (45, 42), (46, 43), (21, 44), (45, 46), (20, 47), (44, 49), (19, 51), (43, 53), (18, 54), (42, 56), (17, 57), (17, 58), (18, 59), (41, 59), (19, 60), (41, 60), (20, 61), (38, 61), (39, 61), (40, 61), (21, 62), (35, 62), (36, 62), (37, 62), (22, 63), (31, 63), (32, 63), (33, 63), (34, 63), (23, 64), (28, 64), (29, 64), (30, 64), (24, 65), (25, 65), (26, 65), (27, 65)]
[(63, 38), (60, 39), (61, 39), (62, 39), (64, 39), (57, 40), (58, 40), (59, 40), (65, 40), (53, 41), (54, 41), (55, 41), (56, 41), (66, 41), (50, 42), (51, 42), (52, 42), (67, 42), (46, 43), (47, 43), (48, 43), (49, 43), (68, 43), (69, 44), (70, 45), (45, 46), (69, 48), (44, 49), (68, 51), (43, 53), (67, 55), (42, 56), (66, 58), (41, 59), (41, 60), (42, 61), (65, 61), (43, 62), (65, 62), (44, 63), (62, 63), (63, 63), (64, 63), (45, 64), (59, 64), (60, 64), (61, 64), (46, 65), (55, 65), (56, 65), (57, 65), (58, 65), (47, 66), (52, 66), (53, 66), (54, 66), (48, 67), (49, 67), (50, 67), (51, 67)]
[(65, 62), (62, 63), (63, 63), (64, 63), (66, 63), (59, 64), (60, 64), (61, 64), (67, 64), (55, 65), (56, 65), (57, 65), (58, 65), (68, 65), (52, 66), (53, 66), (54, 66), (69, 66), (48, 67), (49, 67), (50, 67), (51, 67), (70, 67), (71, 68), (72, 69), (47, 70), (71, 72), (46, 73), (70, 75), (45, 77), (69, 79), (44, 80), (68, 82), (43, 83), (43, 84), (44, 85), (67, 85), (45, 86), (67, 86), (46, 87), (64, 87), (65, 87), (66, 87), (47, 88), (61, 88), (62, 88), (63, 88), (48, 89), (57, 89), (58, 89), (59, 89), (60, 89), (49, 90), (54, 90), (55, 90), (56, 90), (50, 91), (51, 91), (52, 91), (53, 91)]
[(89, 64), (86, 65), (87, 65), (88, 65), (90, 65), (83, 66), (84, 66), (85, 66), (91, 66), (79, 67), (80, 67), (81, 67), (82, 67), (92, 67), (76, 68), (77, 68), (78, 68), (93, 68), (72, 69), (73, 69), (74, 69), (75, 69), (94, 69), (95, 70), (96, 71), (71, 72), (95, 74), (70, 75), (94, 77), (69, 79), (93, 81), (68, 82), (92, 84), (67, 85), (67, 86), (68, 87), (91, 87), (69, 88), (91, 88), (70, 89), (88, 89), (89, 89), (90, 89), (71, 90), (85, 90), (86, 90), (87, 90), (72, 91), (81, 91), (82, 91), (83, 91), (84, 91), (73, 92), (78, 92), (79, 92), (80, 92), (74, 93), (75, 93), (76, 93), (77, 93)]
[(91, 88), (88, 89), (89, 89), (90, 89), (92, 89), (85, 90), (86, 90), (87, 90), (93, 90), (81, 91), (82, 91), (83, 91), (84, 91), (94, 91), (78, 92), (79, 92), (80, 92), (95, 92), (74, 93), (75, 93), (76, 93), (77, 93), (96, 93), (97, 94), (98, 95), (73, 96), (97, 98), (72, 99), (96, 101), (71, 103), (95, 105), (70, 106), (94, 108), (69, 109), (69, 110), (70, 111), (93, 111), (71, 112), (93, 112), (72, 113), (90, 113), (91, 113), (92, 113), (73, 114), (87, 114), (88, 114), (89, 114)]
[(112, 91), (113, 91), (114, 91), (109, 92), (110, 92), (111, 92), (105, 93), (106, 93), (107, 93), (108, 93), (102, 94), (103, 94), (104, 94), (98, 95), (99, 95), (100, 95), (101, 95), (97, 98), (96, 101), (95, 105), (94, 108), (93, 111), (93, 112), (94, 113), (95, 114)]
[(41, 60), (38, 61), (39, 61), (40, 61), (42, 61), (35, 62), (36, 62), (37, 62), (43, 62), (31, 63), (32, 63), (33, 63), (34, 63), (44, 63), (28, 64), (29, 64), (30, 64), (45, 64), (24, 65), (25, 65), (26, 65), (27, 65), (46, 65), (47, 66), (48, 67), (23, 68), (47, 70), (22, 71), (46, 73), (21, 75), (45, 77), (20, 78), (44, 80), (19, 81), (19, 82), (20, 83), (43, 83), (21, 84), (43, 84), (22, 85), (40, 85), (41, 85), (42, 85), (23, 86), (37, 86), (38, 86), (39, 86), (24, 87), (33, 87), (34, 87), (35, 87), (36, 87), (25, 88), (30, 88), (31, 88), (32, 88), (26, 89), (27, 89), (28, 89), (29, 89)]
[(43, 84), (40, 85), (41, 85), (42, 85), (44, 85), (37, 86), (38, 86), (39, 86), (45, 86), (33, 87), (34, 87), (35, 87), (36, 87), (46, 87), (30, 88), (31, 88), (32, 88), (47, 88), (26, 89), (27, 89), (28, 89), (29, 89), (48, 89), (49, 90), (50, 91), (25, 92), (49, 94), (24, 95), (48, 97), (23, 99), (47, 101), (22, 102), (46, 104), (21, 105), (21, 106), (22, 107), (45, 107), (23, 108), (45, 108), (24, 109), (42, 109), (43, 109), (44, 109), (25, 110), (39, 110), (40, 110), (41, 110), (26, 111), (35, 111), (36, 111), (37, 111), (38, 111), (27, 112), (32, 112), (33, 112), (34, 112), (28, 113), (29, 113), (30, 113), (31, 113)]
[(67, 86), (64, 87), (65, 87), (66, 87), (68, 87), (61, 88), (62, 88), (63, 88), (69, 88), (57, 89), (58, 89), (59, 89), (60, 89), (70, 89), (54, 90), (55, 90), (56, 90), (71, 90), (50, 91), (51, 91), (52, 91), (53, 91), (72, 91), (73, 92), (74, 93), (49, 94), (73, 96), (48, 97), (72, 99), (47, 101), (71, 103), (46, 104), (70, 106), (45, 107), (45, 108), (46, 109), (69, 109), (47, 110), (69, 110), (48, 111), (66, 111), (67, 111), (68, 111), (49, 112), (63, 112), (64, 112), (65, 112), (50, 113), (59, 113), (60, 113), (61, 113), (62, 113), (51, 114), (56, 114), (57, 114), (58, 114)]
[(69, 110), (66, 111), (67, 111), (68, 111), (70, 111), (63, 112), (64, 112), (65, 112), (71, 112), (59, 113), (60, 113), (61, 113), (62, 113), (72, 113), (56, 114), (57, 114), (58, 114), (73, 114)]
[(93, 112), (90, 113), (91, 113), (92, 113), (94, 113), (87, 114), (88, 114), (89, 114), (95, 114)]
[(45, 108), (42, 109), (43, 109), (44, 109), (46, 109), (39, 110), (40, 110), (41, 110), (47, 110), (35, 111), (36, 111), (37, 111), (38, 111), (48, 111), (32, 112), (33, 112), (34, 112), (49, 112), (28, 113), (29, 113), (30, 113), (31, 113), (50, 113), (51, 114)]
