[(114, 35), (111, 36), (112, 36), (113, 36), (107, 37), (108, 37), (109, 37), (110, 37), (103, 38), (104, 38), (105, 38), (106, 38), (99, 39), (100, 39), (101, 39), (102, 39), (98, 42), (97, 46), (96, 50), (95, 53), (94, 57), (95, 57), (114, 57), (96, 58), (111, 58), (112, 58), (113, 58), (97, 59), (107, 59), (108, 59), (109, 59), (110, 59), (98, 60), (103, 60), (104, 60), (105, 60), (106, 60), (99, 61), (100, 61), (101, 61), (102, 61)]
[(70, 35), (71, 35), (72, 35), (73, 35), (67, 36), (68, 36), (69, 36), (74, 36), (63, 37), (64, 37), (65, 37), (66, 37), (75, 37), (59, 38), (60, 38), (61, 38), (62, 38), (76, 38), (55, 39), (56, 39), (57, 39), (58, 39), (77, 39), (54, 42), (76, 42), (53, 46), (75, 46), (52, 50), (74, 50), (51, 53), (73, 53), (50, 57), (51, 57), (70, 57), (71, 57), (72, 57), (73, 57), (52, 58), (67, 58), (68, 58), (69, 58), (53, 59), (63, 59), (64, 59), (65, 59), (66, 59), (54, 60), (59, 60), (60, 60), (61, 60), (62, 60), (55, 61), (56, 61), (57, 61), (58, 61)]
[(92, 35), (93, 35), (94, 35), (95, 35), (89, 36), (90, 36), (91, 36), (96, 36), (85, 37), (86, 37), (87, 37), (88, 37), (97, 37), (81, 38), (82, 38), (83, 38), (84, 38), (98, 38), (77, 39), (78, 39), (79, 39), (80, 39), (99, 39), (76, 42), (98, 42), (75, 46), (97, 46), (74, 50), (96, 50), (73, 53), (95, 53), (72, 57), (73, 57), (92, 57), (93, 57), (94, 57), (95, 57), (74, 58), (89, 58), (90, 58), (91, 58), (75, 59), (85, 59), (86, 59), (87, 59), (88, 59), (76, 60), (81, 60), (82, 60), (83, 60), (84, 60), (77, 61), (78, 61), (79, 61), (80, 61)]
[(92, 57), (93, 57), (94, 57), (95, 57), (89, 58), (90, 58), (91, 58), (96, 58), (85, 59), (86, 59), (87, 59), (88, 59), (97, 59), (81, 60), (82, 60), (83, 60), (84, 60), (98, 60), (77, 61), (78, 61), (79, 61), (80, 61), (99, 61), (76, 64), (98, 64), (75, 68), (97, 68), (74, 72), (96, 72), (73, 75), (95, 75), (72, 79), (73, 79), (92, 79), (93, 79), (94, 79), (95, 79), (74, 80), (89, 80), (90, 80), (91, 80), (75, 81), (85, 81), (86, 81), (87, 81), (88, 81), (76, 82), (81, 82), (82, 82), (83, 82), (84, 82), (77, 83), (78, 83), (79, 83), (80, 83)]
[(114, 57), (111, 58), (112, 58), (113, 58), (107, 59), (108, 59), (109, 59), (110, 59), (103, 60), (104, 60), (105, 60), (106, 60), (99, 61), (100, 61), (101, 61), (102, 61), (98, 64), (97, 68), (96, 72), (95, 75), (94, 79), (95, 79), (114, 79), (96, 80), (111, 80), (112, 80), (113, 80), (97, 81), (107, 81), (108, 81), (109, 81), (110, 81), (98, 82), (103, 82), (104, 82), (105, 82), (106, 82), (99, 83), (100, 83), (101, 83), (102, 83)]
[(114, 79), (111, 80), (112, 80), (113, 80), (107, 81), (108, 81), (109, 81), (110, 81), (103, 82), (104, 82), (105, 82), (106, 82), (99, 83), (100, 83), (101, 83), (102, 83), (98, 86), (97, 90), (96, 94), (95, 97), (94, 101), (95, 101), (114, 101), (96, 102), (111, 102), (112, 102), (113, 102), (97, 103), (107, 103), (108, 103), (109, 103), (110, 103), (98, 104), (103, 104), (104, 104), (105, 104), (106, 104), (99, 105), (100, 105), (101, 105), (102, 105)]
[(48, 57), (49, 57), (50, 57), (51, 57), (45, 58), (46, 58), (47, 58), (52, 58), (41, 59), (42, 59), (43, 59), (44, 59), (53, 59), (37, 60), (38, 60), (39, 60), (40, 60), (54, 60), (33, 61), (34, 61), (35, 61), (36, 61), (55, 61), (32, 64), (54, 64), (31, 68), (53, 68), (30, 72), (52, 72), (29, 75), (51, 75), (28, 79), (29, 79), (48, 79), (49, 79), (50, 79), (51, 79), (30, 80), (45, 80), (46, 80), (47, 80), (31, 81), (41, 81), (42, 81), (43, 81), (44, 81), (32, 82), (37, 82), (38, 82), (39, 82), (40, 82), (33, 83), (34, 83), (35, 83), (36, 83)]
[(70, 57), (71, 57), (72, 57), (73, 57), (67, 58), (68, 58), (69, 58), (74, 58), (63, 59), (64, 59), (65, 59), (66, 59), (75, 59), (59, 60), (60, 60), (61, 60), (62, 60), (76, 60), (55, 61), (56, 61), (57, 61), (58, 61), (77, 61), (54, 64), (76, 64), (53, 68), (75, 68), (52, 72), (74, 72), (51, 75), (73, 75), (50, 79), (51, 79), (70, 79), (71, 79), (72, 79), (73, 79), (52, 80), (67, 80), (68, 80), (69, 80), (53, 81), (63, 81), (64, 81), (65, 81), (66, 81), (54, 82), (59, 82), (60, 82), (61, 82), (62, 82), (55, 83), (56, 83), (57, 83), (58, 83)]
[(70, 79), (71, 79), (72, 79), (73, 79), (67, 80), (68, 80), (69, 80), (74, 80), (63, 81), (64, 81), (65, 81), (66, 81), (75, 81), (59, 82), (60, 82), (61, 82), (62, 82), (76, 82), (55, 83), (56, 83), (57, 83), (58, 83), (77, 83), (54, 86), (76, 86), (53, 90), (75, 90), (52, 94), (74, 94), (51, 97), (73, 97), (50, 101), (51, 101), (70, 101), (71, 101), (72, 101), (73, 101), (52, 102), (67, 102), (68, 102), (69, 102), (53, 103), (63, 103), (64, 103), (65, 103), (66, 103), (54, 104), (59, 104), (60, 104), (61, 104), (62, 104), (55, 105), (56, 105), (57, 105), (58, 105)]
[(92, 79), (93, 79), (94, 79), (95, 79), (89, 80), (90, 80), (91, 80), (96, 80), (85, 81), (86, 81), (87, 81), (88, 81), (97, 81), (81, 82), (82, 82), (83, 82), (84, 82), (98, 82), (77, 83), (78, 83), (79, 83), (80, 83), (99, 83), (76, 86), (98, 86), (75, 90), (97, 90), (74, 94), (96, 94), (73, 97), (95, 97), (72, 101), (73, 101), (92, 101), (93, 101), (94, 101), (95, 101), (74, 102), (89, 102), (90, 102), (91, 102), (75, 103), (85, 103), (86, 103), (87, 103), (88, 103), (76, 104), (81, 104), (82, 104), (83, 104), (84, 104), (77, 105), (78, 105), (79, 105), (80, 105)]
[(92, 101), (93, 101), (94, 101), (95, 101), (89, 102), (90, 102), (91, 102), (96, 102), (85, 103), (86, 103), (87, 103), (88, 103), (97, 103), (81, 104), (82, 104), (83, 104), (84, 104), (98, 104), (77, 105), (78, 105), (79, 105), (80, 105), (99, 105), (76, 108), (98, 108), (75, 112), (97, 112)]
[(114, 101), (111, 102), (112, 102), (113, 102), (107, 103), (108, 103), (109, 103), (110, 103), (103, 104), (104, 104), (105, 104), (106, 104), (99, 105), (100, 105), (101, 105), (102, 105), (98, 108), (97, 112)]
[(48, 79), (49, 79), (50, 79), (51, 79), (45, 80), (46, 80), (47, 80), (52, 80), (41, 81), (42, 81), (43, 81), (44, 81), (53, 81), (37, 82), (38, 82), (39, 82), (40, 82), (54, 82), (33, 83), (34, 83), (35, 83), (36, 83), (55, 83), (32, 86), (54, 86), (31, 90), (53, 90), (30, 94), (52, 94), (29, 97), (51, 97), (28, 101), (29, 101), (48, 101), (49, 101), (50, 101), (51, 101), (30, 102), (45, 102), (46, 102), (47, 102), (31, 103), (41, 103), (42, 103), (43, 103), (44, 103), (32, 104), (37, 104), (38, 104), (39, 104), (40, 104), (33, 105), (34, 105), (35, 105), (36, 105)]
[(48, 101), (49, 101), (50, 101), (51, 101), (45, 102), (46, 102), (47, 102), (52, 102), (41, 103), (42, 103), (43, 103), (44, 103), (53, 103), (37, 104), (38, 104), (39, 104), (40, 104), (54, 104), (33, 105), (34, 105), (35, 105), (36, 105), (55, 105), (32, 108), (54, 108), (31, 112), (53, 112)]
[(70, 101), (71, 101), (72, 101), (73, 101), (67, 102), (68, 102), (69, 102), (74, 102), (63, 103), (64, 103), (65, 103), (66, 103), (75, 103), (59, 104), (60, 104), (61, 104), (62, 104), (76, 104), (55, 105), (56, 105), (57, 105), (58, 105), (77, 105), (54, 108), (76, 108), (53, 112), (75, 112)]
