[(114, 10), (111, 11), (112, 11), (113, 11), (109, 12), (110, 12), (106, 13), (107, 13), (108, 13), (103, 14), (104, 14), (105, 14), (102, 16), (101, 19), (100, 21), (99, 24), (98, 26), (97, 29), (96, 32), (113, 32), (114, 32), (110, 33), (111, 33), (112, 33), (95, 34), (108, 34), (109, 34), (105, 35), (106, 35), (107, 35), (95, 36), (103, 36), (104, 36), (96, 37), (100, 37), (101, 37), (102, 37), (97, 38), (98, 38), (99, 38)]
[(114, 50), (113, 52), (113, 54), (114, 55)]
[(76, 18), (77, 18), (74, 19), (75, 19), (78, 19), (71, 20), (72, 20), (73, 20), (79, 20), (68, 21), (69, 21), (70, 21), (66, 22), (67, 22), (78, 22), (63, 23), (64, 23), (65, 23), (61, 24), (62, 24), (58, 25), (59, 25), (60, 25), (77, 25), (55, 26), (56, 26), (57, 26), (76, 27), (54, 28), (75, 30), (53, 31), (74, 32), (52, 33), (73, 35), (51, 36), (50, 38), (72, 38), (71, 40), (49, 41), (70, 42), (71, 42), (68, 43), (69, 43), (48, 44), (65, 44), (66, 44), (67, 44), (62, 45), (63, 45), (64, 45), (47, 46), (60, 46), (61, 46), (57, 47), (58, 47), (59, 47), (47, 48), (55, 48), (56, 48), (48, 49), (52, 49), (53, 49), (54, 49), (49, 50), (50, 50), (51, 50)]
[(100, 12), (101, 12), (98, 13), (99, 13), (102, 13), (95, 14), (96, 14), (97, 14), (103, 14), (92, 15), (93, 15), (94, 15), (90, 16), (91, 16), (102, 16), (87, 17), (88, 17), (89, 17), (85, 18), (86, 18), (82, 19), (83, 19), (84, 19), (101, 19), (79, 20), (80, 20), (81, 20), (100, 21), (78, 22), (99, 24), (77, 25), (98, 26), (76, 27), (97, 29), (75, 30), (74, 32), (96, 32), (95, 34), (73, 35), (94, 36), (95, 36), (92, 37), (93, 37), (72, 38), (89, 38), (90, 38), (91, 38), (86, 39), (87, 39), (88, 39), (71, 40), (84, 40), (85, 40), (81, 41), (82, 41), (83, 41), (71, 42), (79, 42), (80, 42), (72, 43), (76, 43), (77, 43), (78, 43), (73, 44), (74, 44), (75, 44)]
[(94, 36), (95, 36), (92, 37), (93, 37), (96, 37), (89, 38), (90, 38), (91, 38), (97, 38), (86, 39), (87, 39), (88, 39), (84, 40), (85, 40), (96, 40), (81, 41), (82, 41), (83, 41), (79, 42), (80, 42), (76, 43), (77, 43), (78, 43), (95, 43), (73, 44), (74, 44), (75, 44), (94, 45), (72, 46), (93, 48), (71, 49), (92, 50), (70, 51), (91, 53), (69, 54), (68, 56), (90, 56), (89, 58), (67, 59), (88, 60), (89, 60), (86, 61), (87, 61), (66, 62), (83, 62), (84, 62), (85, 62), (80, 63), (81, 63), (82, 63), (65, 64), (78, 64), (79, 64), (75, 65), (76, 65), (77, 65), (65, 66), (73, 66), (74, 66), (66, 67), (70, 67), (71, 67), (72, 67), (67, 68), (68, 68), (69, 68)]
[(113, 32), (114, 32), (110, 33), (111, 33), (112, 33), (108, 34), (109, 34), (105, 35), (106, 35), (107, 35), (103, 36), (104, 36), (100, 37), (101, 37), (102, 37), (97, 38), (98, 38), (99, 38), (96, 40), (95, 43), (94, 45), (93, 48), (92, 50), (114, 50), (113, 52), (91, 53), (112, 54), (113, 54), (110, 55), (111, 55), (90, 56), (107, 56), (108, 56), (109, 56), (104, 57), (105, 57), (106, 57), (89, 58), (102, 58), (103, 58), (99, 59), (100, 59), (101, 59), (89, 60), (97, 60), (98, 60), (90, 61), (94, 61), (95, 61), (96, 61), (91, 62), (92, 62), (93, 62)]
[(112, 54), (113, 54), (110, 55), (111, 55), (114, 55), (107, 56), (108, 56), (109, 56), (104, 57), (105, 57), (106, 57), (102, 58), (103, 58), (114, 58), (99, 59), (100, 59), (101, 59), (97, 60), (98, 60), (94, 61), (95, 61), (96, 61), (113, 61), (91, 62), (92, 62), (93, 62), (112, 63), (90, 64), (111, 66), (89, 67), (110, 68), (88, 69), (109, 71), (87, 72), (86, 74), (108, 74), (107, 76), (85, 77), (106, 78), (107, 78), (104, 79), (105, 79), (84, 80), (101, 80), (102, 80), (103, 80), (98, 81), (99, 81), (100, 81), (83, 82), (96, 82), (97, 82), (93, 83), (94, 83), (95, 83), (83, 84), (91, 84), (92, 84), (84, 85), (88, 85), (89, 85), (90, 85), (85, 86), (86, 86), (87, 86)]
[(114, 58), (113, 61), (112, 63), (111, 66), (110, 68), (109, 71), (108, 74), (107, 76), (107, 78), (108, 79), (112, 79), (113, 79), (114, 79), (109, 80), (110, 80), (111, 80)]
[(112, 79), (113, 79), (114, 79), (109, 80), (110, 80), (111, 80), (108, 82), (107, 85), (106, 87), (105, 90), (104, 92), (103, 95), (102, 98), (101, 100), (114, 100), (111, 101), (112, 101), (113, 101), (101, 102), (109, 102), (110, 102), (102, 103), (106, 103), (107, 103), (108, 103), (103, 104), (104, 104), (105, 104)]
[(46, 48), (47, 48), (44, 49), (45, 49), (48, 49), (41, 50), (42, 50), (43, 50), (49, 50), (38, 51), (39, 51), (40, 51), (36, 52), (37, 52), (48, 52), (33, 53), (34, 53), (35, 53), (31, 54), (32, 54), (28, 55), (29, 55), (30, 55), (47, 55), (25, 56), (26, 56), (27, 56), (46, 57), (24, 58), (45, 60), (23, 61), (44, 62), (22, 63), (43, 65), (21, 66), (20, 68), (42, 68), (41, 70), (19, 71), (40, 72), (41, 72), (38, 73), (39, 73), (18, 74), (35, 74), (36, 74), (37, 74), (32, 75), (33, 75), (34, 75), (17, 76), (30, 76), (31, 76), (27, 77), (28, 77), (29, 77), (17, 78), (25, 78), (26, 78), (18, 79), (22, 79), (23, 79), (24, 79), (19, 80), (20, 80), (21, 80)]
[(70, 42), (71, 42), (68, 43), (69, 43), (72, 43), (65, 44), (66, 44), (67, 44), (73, 44), (62, 45), (63, 45), (64, 45), (60, 46), (61, 46), (72, 46), (57, 47), (58, 47), (59, 47), (55, 48), (56, 48), (52, 49), (53, 49), (54, 49), (71, 49), (49, 50), (50, 50), (51, 50), (70, 51), (48, 52), (69, 54), (47, 55), (68, 56), (46, 57), (67, 59), (45, 60), (44, 62), (66, 62), (65, 64), (43, 65), (64, 66), (65, 66), (62, 67), (63, 67), (42, 68), (59, 68), (60, 68), (61, 68), (56, 69), (57, 69), (58, 69), (41, 70), (54, 70), (55, 70), (51, 71), (52, 71), (53, 71), (41, 72), (49, 72), (50, 72), (42, 73), (46, 73), (47, 73), (48, 73), (43, 74), (44, 74), (45, 74)]
[(64, 66), (65, 66), (62, 67), (63, 67), (66, 67), (59, 68), (60, 68), (61, 68), (67, 68), (56, 69), (57, 69), (58, 69), (54, 70), (55, 70), (66, 70), (51, 71), (52, 71), (53, 71), (49, 72), (50, 72), (46, 73), (47, 73), (48, 73), (65, 73), (43, 74), (44, 74), (45, 74), (64, 75), (42, 76), (63, 78), (41, 79), (62, 80), (40, 81), (61, 83), (39, 84), (38, 86), (60, 86), (59, 88), (37, 89), (58, 90), (59, 90), (56, 91), (57, 91), (36, 92), (53, 92), (54, 92), (55, 92), (50, 93), (51, 93), (52, 93), (35, 94), (48, 94), (49, 94), (45, 95), (46, 95), (47, 95), (35, 96), (43, 96), (44, 96), (36, 97), (40, 97), (41, 97), (42, 97), (37, 98), (38, 98), (39, 98)]
[(88, 60), (89, 60), (86, 61), (87, 61), (90, 61), (83, 62), (84, 62), (85, 62), (91, 62), (80, 63), (81, 63), (82, 63), (78, 64), (79, 64), (90, 64), (75, 65), (76, 65), (77, 65), (73, 66), (74, 66), (70, 67), (71, 67), (72, 67), (89, 67), (67, 68), (68, 68), (69, 68), (88, 69), (66, 70), (87, 72), (65, 73), (86, 74), (64, 75), (85, 77), (63, 78), (62, 80), (84, 80), (83, 82), (61, 83), (82, 84), (83, 84), (80, 85), (81, 85), (60, 86), (77, 86), (78, 86), (79, 86), (74, 87), (75, 87), (76, 87), (59, 88), (72, 88), (73, 88), (69, 89), (70, 89), (71, 89), (59, 90), (67, 90), (68, 90), (60, 91), (64, 91), (65, 91), (66, 91), (61, 92), (62, 92), (63, 92)]
[(82, 84), (83, 84), (80, 85), (81, 85), (84, 85), (77, 86), (78, 86), (79, 86), (85, 86), (74, 87), (75, 87), (76, 87), (72, 88), (73, 88), (84, 88), (69, 89), (70, 89), (71, 89), (67, 90), (68, 90), (64, 91), (65, 91), (66, 91), (83, 91), (61, 92), (62, 92), (63, 92), (82, 93), (60, 94), (81, 96), (59, 97), (80, 98), (58, 99), (79, 101), (57, 102), (56, 104), (78, 104), (77, 106), (55, 107), (76, 108), (77, 108), (74, 109), (75, 109), (54, 110), (71, 110), (72, 110), (73, 110), (68, 111), (69, 111), (70, 111), (53, 112), (66, 112), (67, 112), (63, 113), (64, 113), (65, 113), (53, 114), (61, 114), (62, 114)]
[(106, 78), (107, 78), (104, 79), (105, 79), (108, 79), (101, 80), (102, 80), (103, 80), (109, 80), (98, 81), (99, 81), (100, 81), (96, 82), (97, 82), (108, 82), (93, 83), (94, 83), (95, 83), (91, 84), (92, 84), (88, 85), (89, 85), (90, 85), (107, 85), (85, 86), (86, 86), (87, 86), (106, 87), (84, 88), (105, 90), (83, 91), (104, 92), (82, 93), (103, 95), (81, 96), (80, 98), (102, 98), (101, 100), (79, 101), (100, 102), (101, 102), (98, 103), (99, 103), (78, 104), (95, 104), (96, 104), (97, 104), (92, 105), (93, 105), (94, 105), (77, 106), (90, 106), (91, 106), (87, 107), (88, 107), (89, 107), (77, 108), (85, 108), (86, 108), (78, 109), (82, 109), (83, 109), (84, 109), (79, 110), (80, 110), (81, 110)]
[(100, 102), (101, 102), (98, 103), (99, 103), (102, 103), (95, 104), (96, 104), (97, 104), (103, 104), (92, 105), (93, 105), (94, 105), (90, 106), (91, 106), (102, 106), (87, 107), (88, 107), (89, 107), (85, 108), (86, 108), (82, 109), (83, 109), (84, 109), (101, 109), (79, 110), (80, 110), (81, 110), (100, 111), (78, 112), (99, 114)]
[(114, 100), (111, 101), (112, 101), (113, 101), (109, 102), (110, 102), (106, 103), (107, 103), (108, 103), (103, 104), (104, 104), (105, 104), (102, 106), (101, 109), (100, 111), (99, 114)]
[(40, 72), (41, 72), (38, 73), (39, 73), (42, 73), (35, 74), (36, 74), (37, 74), (43, 74), (32, 75), (33, 75), (34, 75), (30, 76), (31, 76), (42, 76), (27, 77), (28, 77), (29, 77), (25, 78), (26, 78), (22, 79), (23, 79), (24, 79), (41, 79), (19, 80), (20, 80), (21, 80), (40, 81), (18, 82), (39, 84), (17, 85), (38, 86), (16, 87), (37, 89), (15, 90), (14, 92), (36, 92), (35, 94), (13, 95), (34, 96), (35, 96), (32, 97), (33, 97), (12, 98), (29, 98), (30, 98), (31, 98), (26, 99), (27, 99), (28, 99), (11, 100), (24, 100), (25, 100), (21, 101), (22, 101), (23, 101), (11, 102), (19, 102), (20, 102), (12, 103), (16, 103), (17, 103), (18, 103), (13, 104), (14, 104), (15, 104)]
[(34, 96), (35, 96), (32, 97), (33, 97), (36, 97), (29, 98), (30, 98), (31, 98), (37, 98), (26, 99), (27, 99), (28, 99), (24, 100), (25, 100), (36, 100), (21, 101), (22, 101), (23, 101), (19, 102), (20, 102), (16, 103), (17, 103), (18, 103), (35, 103), (13, 104), (14, 104), (15, 104), (34, 105), (12, 106), (33, 108), (11, 109), (32, 110), (10, 111), (31, 113), (9, 114)]
[(58, 90), (59, 90), (56, 91), (57, 91), (60, 91), (53, 92), (54, 92), (55, 92), (61, 92), (50, 93), (51, 93), (52, 93), (48, 94), (49, 94), (60, 94), (45, 95), (46, 95), (47, 95), (43, 96), (44, 96), (40, 97), (41, 97), (42, 97), (59, 97), (37, 98), (38, 98), (39, 98), (58, 99), (36, 100), (57, 102), (35, 103), (56, 104), (34, 105), (55, 107), (33, 108), (32, 110), (54, 110), (53, 112), (31, 113), (52, 114), (53, 114)]
[(52, 114), (53, 114)]
[(76, 108), (77, 108), (74, 109), (75, 109), (78, 109), (71, 110), (72, 110), (73, 110), (79, 110), (68, 111), (69, 111), (70, 111), (66, 112), (67, 112), (78, 112), (63, 113), (64, 113), (65, 113), (61, 114), (62, 114)]
