[(109, 21), (110, 21), (111, 21), (106, 22), (107, 22), (108, 22), (112, 22), (103, 23), (104, 23), (105, 23), (113, 23), (100, 24), (101, 24), (102, 24), (114, 24), (97, 25), (98, 25), (99, 25), (94, 26), (95, 26), (96, 26), (91, 27), (92, 27), (93, 27), (88, 28), (89, 28), (90, 28), (87, 30), (86, 33), (85, 36), (84, 39), (83, 42), (114, 43), (82, 45), (113, 46), (81, 48), (112, 49), (80, 51), (81, 51), (82, 52), (110, 52), (111, 52), (112, 52), (83, 53), (107, 53), (108, 53), (109, 53), (84, 54), (104, 54), (105, 54), (106, 54), (85, 55), (101, 55), (102, 55), (103, 55), (86, 56), (98, 56), (99, 56), (100, 56), (87, 57), (95, 57), (96, 57), (97, 57), (88, 58), (92, 58), (93, 58), (94, 58), (89, 59), (90, 59), (91, 59)]
[(114, 43), (113, 46), (112, 49), (111, 52), (112, 52), (113, 53), (114, 54)]
[(114, 77), (113, 80), (112, 83), (113, 83), (114, 84)]
[(47, 19), (48, 19), (49, 19), (44, 20), (45, 20), (46, 20), (50, 20), (41, 21), (42, 21), (43, 21), (51, 21), (38, 22), (39, 22), (40, 22), (52, 22), (35, 23), (36, 23), (37, 23), (53, 23), (32, 24), (33, 24), (34, 24), (54, 24), (29, 25), (30, 25), (31, 25), (55, 25), (26, 26), (27, 26), (28, 26), (56, 26), (57, 27), (25, 28), (56, 29), (24, 31), (55, 32), (23, 34), (54, 35), (22, 37), (53, 38), (21, 40), (52, 41), (20, 43), (51, 44), (19, 46), (50, 47), (18, 49), (19, 49), (20, 50), (48, 50), (49, 50), (50, 50), (21, 51), (45, 51), (46, 51), (47, 51), (22, 52), (42, 52), (43, 52), (44, 52), (23, 53), (39, 53), (40, 53), (41, 53), (24, 54), (36, 54), (37, 54), (38, 54), (25, 55), (33, 55), (34, 55), (35, 55), (26, 56), (30, 56), (31, 56), (32, 56), (27, 57), (28, 57), (29, 57)]
[(78, 20), (79, 20), (80, 20), (75, 21), (76, 21), (77, 21), (81, 21), (72, 22), (73, 22), (74, 22), (82, 22), (69, 23), (70, 23), (71, 23), (83, 23), (66, 24), (67, 24), (68, 24), (84, 24), (63, 25), (64, 25), (65, 25), (85, 25), (60, 26), (61, 26), (62, 26), (86, 26), (57, 27), (58, 27), (59, 27), (87, 27), (88, 28), (56, 29), (87, 30), (55, 32), (86, 33), (54, 35), (85, 36), (53, 38), (84, 39), (52, 41), (83, 42), (51, 44), (82, 45), (50, 47), (81, 48), (49, 50), (50, 50), (51, 51), (79, 51), (80, 51), (81, 51), (52, 52), (76, 52), (77, 52), (78, 52), (53, 53), (73, 53), (74, 53), (75, 53), (54, 54), (70, 54), (71, 54), (72, 54), (55, 55), (67, 55), (68, 55), (69, 55), (56, 56), (64, 56), (65, 56), (66, 56), (57, 57), (61, 57), (62, 57), (63, 57), (58, 58), (59, 58), (60, 58)]
[(79, 51), (80, 51), (81, 51), (76, 52), (77, 52), (78, 52), (82, 52), (73, 53), (74, 53), (75, 53), (83, 53), (70, 54), (71, 54), (72, 54), (84, 54), (67, 55), (68, 55), (69, 55), (85, 55), (64, 56), (65, 56), (66, 56), (86, 56), (61, 57), (62, 57), (63, 57), (87, 57), (58, 58), (59, 58), (60, 58), (88, 58), (89, 59), (57, 60), (88, 61), (56, 63), (87, 64), (55, 66), (86, 67), (54, 69), (85, 70), (53, 72), (84, 73), (52, 75), (83, 76), (51, 78), (82, 79), (50, 81), (51, 81), (52, 82), (80, 82), (81, 82), (82, 82), (53, 83), (77, 83), (78, 83), (79, 83), (54, 84), (74, 84), (75, 84), (76, 84), (55, 85), (71, 85), (72, 85), (73, 85), (56, 86), (68, 86), (69, 86), (70, 86), (57, 87), (65, 87), (66, 87), (67, 87), (58, 88), (62, 88), (63, 88), (64, 88), (59, 89), (60, 89), (61, 89)]
[(110, 52), (111, 52), (112, 52), (107, 53), (108, 53), (109, 53), (113, 53), (104, 54), (105, 54), (106, 54), (114, 54), (101, 55), (102, 55), (103, 55), (98, 56), (99, 56), (100, 56), (95, 57), (96, 57), (97, 57), (92, 58), (93, 58), (94, 58), (89, 59), (90, 59), (91, 59), (88, 61), (87, 64), (86, 67), (85, 70), (84, 73), (83, 76), (114, 77), (82, 79), (113, 80), (81, 82), (82, 82), (83, 83), (111, 83), (112, 83), (113, 83), (84, 84), (108, 84), (109, 84), (110, 84), (85, 85), (105, 85), (106, 85), (107, 85), (86, 86), (102, 86), (103, 86), (104, 86), (87, 87), (99, 87), (100, 87), (101, 87), (88, 88), (96, 88), (97, 88), (98, 88), (89, 89), (93, 89), (94, 89), (95, 89), (90, 90), (91, 90), (92, 90)]
[(111, 83), (112, 83), (113, 83), (108, 84), (109, 84), (110, 84), (114, 84), (105, 85), (106, 85), (107, 85), (102, 86), (103, 86), (104, 86), (99, 87), (100, 87), (101, 87), (96, 88), (97, 88), (98, 88), (93, 89), (94, 89), (95, 89), (90, 90), (91, 90), (92, 90), (89, 92), (88, 95), (87, 98), (86, 101), (85, 104), (84, 107), (83, 110), (114, 111), (82, 113), (83, 113), (84, 114), (112, 114), (113, 114), (114, 114)]
[(114, 111), (113, 114), (114, 114)]
[(17, 49), (18, 49), (19, 49), (14, 50), (15, 50), (16, 50), (20, 50), (11, 51), (12, 51), (13, 51), (21, 51), (8, 52), (9, 52), (10, 52), (22, 52), (5, 53), (6, 53), (7, 53), (23, 53), (2, 54), (3, 54), (4, 54), (24, 54), (0, 55), (1, 55), (25, 55), (26, 56), (27, 57), (26, 59), (25, 62), (24, 65), (23, 68), (22, 71), (21, 74), (20, 77), (18, 80), (19, 80), (20, 80), (15, 81), (16, 81), (17, 81), (12, 82), (13, 82), (14, 82), (9, 83), (10, 83), (11, 83), (6, 84), (7, 84), (8, 84), (3, 85), (4, 85), (5, 85), (0, 86), (1, 86), (2, 86)]
[(48, 50), (49, 50), (50, 50), (45, 51), (46, 51), (47, 51), (51, 51), (42, 52), (43, 52), (44, 52), (52, 52), (39, 53), (40, 53), (41, 53), (53, 53), (36, 54), (37, 54), (38, 54), (54, 54), (33, 55), (34, 55), (35, 55), (55, 55), (30, 56), (31, 56), (32, 56), (56, 56), (27, 57), (28, 57), (29, 57), (57, 57), (58, 58), (26, 59), (57, 60), (25, 62), (56, 63), (24, 65), (55, 66), (23, 68), (54, 69), (22, 71), (53, 72), (21, 74), (52, 75), (20, 77), (51, 78), (19, 80), (20, 80), (21, 81), (49, 81), (50, 81), (51, 81), (22, 82), (46, 82), (47, 82), (48, 82), (23, 83), (43, 83), (44, 83), (45, 83), (24, 84), (40, 84), (41, 84), (42, 84), (25, 85), (37, 85), (38, 85), (39, 85), (26, 86), (34, 86), (35, 86), (36, 86), (27, 87), (31, 87), (32, 87), (33, 87), (28, 88), (29, 88), (30, 88)]
[(49, 81), (50, 81), (51, 81), (46, 82), (47, 82), (48, 82), (52, 82), (43, 83), (44, 83), (45, 83), (53, 83), (40, 84), (41, 84), (42, 84), (54, 84), (37, 85), (38, 85), (39, 85), (55, 85), (34, 86), (35, 86), (36, 86), (56, 86), (31, 87), (32, 87), (33, 87), (57, 87), (28, 88), (29, 88), (30, 88), (58, 88), (59, 89), (27, 90), (58, 91), (26, 93), (57, 94), (25, 96), (56, 97), (24, 99), (55, 100), (23, 102), (54, 103), (22, 105), (53, 106), (21, 108), (52, 109), (20, 111), (21, 111), (22, 112), (50, 112), (51, 112), (52, 112), (23, 113), (47, 113), (48, 113), (49, 113), (24, 114), (44, 114), (45, 114), (46, 114)]
[(80, 82), (81, 82), (82, 82), (77, 83), (78, 83), (79, 83), (83, 83), (74, 84), (75, 84), (76, 84), (84, 84), (71, 85), (72, 85), (73, 85), (85, 85), (68, 86), (69, 86), (70, 86), (86, 86), (65, 87), (66, 87), (67, 87), (87, 87), (62, 88), (63, 88), (64, 88), (88, 88), (59, 89), (60, 89), (61, 89), (89, 89), (90, 90), (58, 91), (89, 92), (57, 94), (88, 95), (56, 97), (87, 98), (55, 100), (86, 101), (54, 103), (85, 104), (53, 106), (84, 107), (52, 109), (83, 110), (51, 112), (52, 112), (53, 113), (81, 113), (82, 113), (83, 113), (54, 114), (78, 114), (79, 114), (80, 114)]
[(81, 113), (82, 113), (83, 113), (78, 114), (79, 114), (80, 114), (84, 114)]
[(112, 114), (113, 114), (114, 114)]
[(18, 80), (19, 80), (20, 80), (15, 81), (16, 81), (17, 81), (21, 81), (12, 82), (13, 82), (14, 82), (22, 82), (9, 83), (10, 83), (11, 83), (23, 83), (6, 84), (7, 84), (8, 84), (24, 84), (3, 85), (4, 85), (5, 85), (25, 85), (0, 86), (1, 86), (2, 86), (26, 86), (27, 87), (28, 88), (27, 90), (26, 93), (25, 96), (24, 99), (23, 102), (22, 105), (21, 108), (19, 111), (20, 111), (21, 111), (16, 112), (17, 112), (18, 112), (13, 113), (14, 113), (15, 113), (10, 114), (11, 114), (12, 114)]
[(19, 111), (20, 111), (21, 111), (16, 112), (17, 112), (18, 112), (22, 112), (13, 113), (14, 113), (15, 113), (23, 113), (10, 114), (11, 114), (12, 114), (24, 114)]
[(50, 112), (51, 112), (52, 112), (47, 113), (48, 113), (49, 113), (53, 113), (44, 114), (45, 114), (46, 114), (54, 114)]
