[(113, 46), (114, 46), (110, 47), (111, 47), (112, 47), (108, 48), (109, 48), (105, 49), (106, 49), (107, 49), (103, 50), (104, 50), (100, 51), (101, 51), (102, 51), (98, 52), (99, 52), (95, 53), (96, 53), (97, 53), (94, 55), (93, 57), (92, 60), (91, 62), (90, 65), (89, 67), (88, 70), (87, 72), (86, 75), (86, 76), (87, 77), (88, 78), (89, 79), (90, 80), (91, 81), (112, 81), (113, 81), (114, 81), (92, 82), (110, 82), (111, 82), (93, 83), (107, 83), (108, 83), (109, 83), (94, 84), (105, 84), (106, 84), (95, 85), (102, 85), (103, 85), (104, 85), (96, 86), (100, 86), (101, 86), (97, 87), (98, 87), (99, 87)]
[(50, 40), (47, 41), (48, 41), (49, 41), (51, 41), (45, 42), (46, 42), (52, 42), (42, 43), (43, 43), (44, 43), (53, 43), (40, 44), (41, 44), (54, 44), (37, 45), (38, 45), (39, 45), (55, 45), (35, 46), (36, 46), (56, 46), (32, 47), (33, 47), (34, 47), (57, 47), (30, 48), (31, 48), (58, 48), (27, 49), (28, 49), (29, 49), (59, 49), (60, 50), (26, 51), (61, 51), (25, 53), (60, 53), (59, 55), (24, 56), (23, 58), (58, 58), (57, 60), (22, 61), (21, 63), (56, 63), (55, 65), (20, 66), (19, 68), (54, 68), (53, 70), (18, 71), (18, 72), (19, 73), (52, 73), (20, 74), (52, 74), (21, 75), (49, 75), (50, 75), (51, 75), (22, 76), (47, 76), (48, 76), (23, 77), (44, 77), (45, 77), (46, 77), (24, 78), (42, 78), (43, 78), (25, 79), (39, 79), (40, 79), (41, 79), (26, 80), (37, 80), (38, 80), (27, 81), (34, 81), (35, 81), (36, 81), (28, 82), (32, 82), (33, 82), (29, 83), (30, 83), (31, 83)]
[(84, 42), (81, 43), (82, 43), (83, 43), (85, 43), (79, 44), (80, 44), (86, 44), (76, 45), (77, 45), (78, 45), (87, 45), (74, 46), (75, 46), (88, 46), (71, 47), (72, 47), (73, 47), (89, 47), (69, 48), (70, 48), (90, 48), (66, 49), (67, 49), (68, 49), (91, 49), (64, 50), (65, 50), (92, 50), (61, 51), (62, 51), (63, 51), (93, 51), (94, 52), (60, 53), (95, 53), (59, 55), (94, 55), (93, 57), (58, 58), (57, 60), (92, 60), (91, 62), (56, 63), (55, 65), (90, 65), (89, 67), (54, 68), (53, 70), (88, 70), (87, 72), (52, 73), (52, 74), (53, 75), (86, 75), (54, 76), (86, 76), (55, 77), (83, 77), (84, 77), (85, 77), (56, 78), (81, 78), (82, 78), (57, 79), (78, 79), (79, 79), (80, 79), (58, 80), (76, 80), (77, 80), (59, 81), (73, 81), (74, 81), (75, 81), (60, 82), (71, 82), (72, 82), (61, 83), (68, 83), (69, 83), (70, 83), (62, 84), (66, 84), (67, 84), (63, 85), (64, 85), (65, 85)]
[(86, 76), (83, 77), (84, 77), (85, 77), (87, 77), (81, 78), (82, 78), (88, 78), (78, 79), (79, 79), (80, 79), (89, 79), (76, 80), (77, 80), (90, 80), (73, 81), (74, 81), (75, 81), (91, 81), (71, 82), (72, 82), (92, 82), (68, 83), (69, 83), (70, 83), (93, 83), (66, 84), (67, 84), (94, 84), (63, 85), (64, 85), (65, 85), (95, 85), (96, 86), (62, 87), (97, 87), (61, 89), (96, 89), (95, 91), (60, 92), (59, 94), (94, 94), (93, 96), (58, 97), (57, 99), (92, 99), (91, 101), (56, 102), (55, 104), (90, 104), (89, 106), (54, 107), (54, 108), (55, 109), (88, 109), (56, 110), (88, 110), (57, 111), (85, 111), (86, 111), (87, 111), (58, 112), (83, 112), (84, 112), (59, 113), (80, 113), (81, 113), (82, 113), (60, 114), (78, 114), (79, 114)]
[(112, 81), (113, 81), (114, 81), (110, 82), (111, 82), (107, 83), (108, 83), (109, 83), (105, 84), (106, 84), (102, 85), (103, 85), (104, 85), (100, 86), (101, 86), (97, 87), (98, 87), (99, 87), (96, 89), (95, 91), (94, 94), (93, 96), (92, 99), (91, 101), (90, 104), (89, 106), (88, 109), (88, 110), (89, 111), (90, 112), (91, 113), (92, 114)]
[(18, 72), (15, 73), (16, 73), (17, 73), (19, 73), (13, 74), (14, 74), (20, 74), (10, 75), (11, 75), (12, 75), (21, 75), (8, 76), (9, 76), (22, 76), (5, 77), (6, 77), (7, 77), (23, 77), (3, 78), (4, 78), (24, 78), (0, 79), (1, 79), (2, 79), (25, 79), (26, 80), (27, 81), (28, 82), (29, 83), (28, 85), (27, 87), (26, 90), (25, 92), (24, 95), (23, 97), (22, 100), (21, 102), (20, 105), (20, 106), (17, 107), (18, 107), (19, 107), (15, 108), (16, 108), (12, 109), (13, 109), (14, 109), (10, 110), (11, 110), (7, 111), (8, 111), (9, 111), (5, 112), (6, 112), (2, 113), (3, 113), (4, 113), (0, 114), (1, 114)]
[(52, 74), (49, 75), (50, 75), (51, 75), (53, 75), (47, 76), (48, 76), (54, 76), (44, 77), (45, 77), (46, 77), (55, 77), (42, 78), (43, 78), (56, 78), (39, 79), (40, 79), (41, 79), (57, 79), (37, 80), (38, 80), (58, 80), (34, 81), (35, 81), (36, 81), (59, 81), (32, 82), (33, 82), (60, 82), (29, 83), (30, 83), (31, 83), (61, 83), (62, 84), (28, 85), (63, 85), (27, 87), (62, 87), (61, 89), (26, 90), (25, 92), (60, 92), (59, 94), (24, 95), (23, 97), (58, 97), (57, 99), (22, 100), (21, 102), (56, 102), (55, 104), (20, 105), (20, 106), (21, 107), (54, 107), (22, 108), (54, 108), (23, 109), (51, 109), (52, 109), (53, 109), (24, 110), (49, 110), (50, 110), (25, 111), (46, 111), (47, 111), (48, 111), (26, 112), (44, 112), (45, 112), (27, 113), (41, 113), (42, 113), (43, 113), (28, 114), (39, 114), (40, 114)]
[(54, 108), (51, 109), (52, 109), (53, 109), (55, 109), (49, 110), (50, 110), (56, 110), (46, 111), (47, 111), (48, 111), (57, 111), (44, 112), (45, 112), (58, 112), (41, 113), (42, 113), (43, 113), (59, 113), (39, 114), (40, 114), (60, 114)]
[(88, 110), (85, 111), (86, 111), (87, 111), (89, 111), (83, 112), (84, 112), (90, 112), (80, 113), (81, 113), (82, 113), (91, 113), (78, 114), (79, 114), (92, 114)]
[(20, 106), (17, 107), (18, 107), (19, 107), (21, 107), (15, 108), (16, 108), (22, 108), (12, 109), (13, 109), (14, 109), (23, 109), (10, 110), (11, 110), (24, 110), (7, 111), (8, 111), (9, 111), (25, 111), (5, 112), (6, 112), (26, 112), (2, 113), (3, 113), (4, 113), (27, 113), (0, 114), (1, 114), (28, 114)]
