[(107, 33), (103, 34), (104, 34), (105, 34), (106, 34), (108, 34), (99, 35), (100, 35), (101, 35), (102, 35), (109, 35), (95, 36), (96, 36), (97, 36), (98, 36), (110, 36), (91, 37), (92, 37), (93, 37), (94, 37), (111, 37), (90, 40), (110, 40), (89, 44), (109, 44), (88, 48), (108, 48), (87, 52), (107, 52), (87, 53), (107, 53), (88, 54), (103, 54), (104, 54), (105, 54), (106, 54), (89, 55), (99, 55), (100, 55), (101, 55), (102, 55), (90, 56), (95, 56), (96, 56), (97, 56), (98, 56), (91, 57), (92, 57), (93, 57), (94, 57)]
[(111, 37), (112, 37), (113, 37), (114, 37), (110, 40), (109, 44), (108, 48), (107, 52), (107, 53), (108, 54), (109, 55), (110, 56), (111, 57), (112, 57), (113, 57), (114, 57)]
[(111, 57), (112, 57), (113, 57), (114, 57), (110, 60), (109, 64), (108, 68), (107, 72), (107, 73), (108, 74), (109, 75), (110, 76), (111, 77), (112, 77), (113, 77), (114, 77)]
[(67, 33), (63, 34), (64, 34), (65, 34), (66, 34), (68, 34), (59, 35), (60, 35), (61, 35), (62, 35), (69, 35), (55, 36), (56, 36), (57, 36), (58, 36), (70, 36), (51, 37), (52, 37), (53, 37), (54, 37), (71, 37), (50, 40), (70, 40), (49, 44), (69, 44), (48, 48), (68, 48), (47, 52), (67, 52), (47, 53), (67, 53), (48, 54), (63, 54), (64, 54), (65, 54), (66, 54), (49, 55), (59, 55), (60, 55), (61, 55), (62, 55), (50, 56), (55, 56), (56, 56), (57, 56), (58, 56), (51, 57), (52, 57), (53, 57), (54, 57)]
[(87, 33), (83, 34), (84, 34), (85, 34), (86, 34), (88, 34), (79, 35), (80, 35), (81, 35), (82, 35), (89, 35), (75, 36), (76, 36), (77, 36), (78, 36), (90, 36), (71, 37), (72, 37), (73, 37), (74, 37), (91, 37), (70, 40), (90, 40), (69, 44), (89, 44), (68, 48), (88, 48), (67, 52), (87, 52), (67, 53), (87, 53), (68, 54), (83, 54), (84, 54), (85, 54), (86, 54), (69, 55), (79, 55), (80, 55), (81, 55), (82, 55), (70, 56), (75, 56), (76, 56), (77, 56), (78, 56), (71, 57), (72, 57), (73, 57), (74, 57)]
[(87, 53), (83, 54), (84, 54), (85, 54), (86, 54), (88, 54), (79, 55), (80, 55), (81, 55), (82, 55), (89, 55), (75, 56), (76, 56), (77, 56), (78, 56), (90, 56), (71, 57), (72, 57), (73, 57), (74, 57), (91, 57), (70, 60), (90, 60), (69, 64), (89, 64), (68, 68), (88, 68), (67, 72), (87, 72), (67, 73), (87, 73), (68, 74), (83, 74), (84, 74), (85, 74), (86, 74), (69, 75), (79, 75), (80, 75), (81, 75), (82, 75), (70, 76), (75, 76), (76, 76), (77, 76), (78, 76), (71, 77), (72, 77), (73, 77), (74, 77)]
[(107, 53), (103, 54), (104, 54), (105, 54), (106, 54), (108, 54), (99, 55), (100, 55), (101, 55), (102, 55), (109, 55), (95, 56), (96, 56), (97, 56), (98, 56), (110, 56), (91, 57), (92, 57), (93, 57), (94, 57), (111, 57), (90, 60), (110, 60), (89, 64), (109, 64), (88, 68), (108, 68), (87, 72), (107, 72), (87, 73), (107, 73), (88, 74), (103, 74), (104, 74), (105, 74), (106, 74), (89, 75), (99, 75), (100, 75), (101, 75), (102, 75), (90, 76), (95, 76), (96, 76), (97, 76), (98, 76), (91, 77), (92, 77), (93, 77), (94, 77)]
[(107, 73), (103, 74), (104, 74), (105, 74), (106, 74), (108, 74), (99, 75), (100, 75), (101, 75), (102, 75), (109, 75), (95, 76), (96, 76), (97, 76), (98, 76), (110, 76), (91, 77), (92, 77), (93, 77), (94, 77), (111, 77), (90, 80), (110, 80), (89, 84), (109, 84), (88, 88), (108, 88), (87, 92), (107, 92), (87, 93), (107, 93), (88, 94), (103, 94), (104, 94), (105, 94), (106, 94), (89, 95), (99, 95), (100, 95), (101, 95), (102, 95), (90, 96), (95, 96), (96, 96), (97, 96), (98, 96), (91, 97), (92, 97), (93, 97), (94, 97)]
[(111, 77), (112, 77), (113, 77), (114, 77), (110, 80), (109, 84), (108, 88), (107, 92), (107, 93), (108, 94), (109, 95), (110, 96), (111, 97), (112, 97), (113, 97), (114, 97)]
[(111, 97), (112, 97), (113, 97), (114, 97), (110, 100), (109, 104), (108, 108), (107, 112), (107, 113), (108, 114)]
[(47, 53), (43, 54), (44, 54), (45, 54), (46, 54), (48, 54), (39, 55), (40, 55), (41, 55), (42, 55), (49, 55), (35, 56), (36, 56), (37, 56), (38, 56), (50, 56), (31, 57), (32, 57), (33, 57), (34, 57), (51, 57), (30, 60), (50, 60), (29, 64), (49, 64), (28, 68), (48, 68), (27, 72), (47, 72), (27, 73), (47, 73), (28, 74), (43, 74), (44, 74), (45, 74), (46, 74), (29, 75), (39, 75), (40, 75), (41, 75), (42, 75), (30, 76), (35, 76), (36, 76), (37, 76), (38, 76), (31, 77), (32, 77), (33, 77), (34, 77)]
[(67, 53), (63, 54), (64, 54), (65, 54), (66, 54), (68, 54), (59, 55), (60, 55), (61, 55), (62, 55), (69, 55), (55, 56), (56, 56), (57, 56), (58, 56), (70, 56), (51, 57), (52, 57), (53, 57), (54, 57), (71, 57), (50, 60), (70, 60), (49, 64), (69, 64), (48, 68), (68, 68), (47, 72), (67, 72), (47, 73), (67, 73), (48, 74), (63, 74), (64, 74), (65, 74), (66, 74), (49, 75), (59, 75), (60, 75), (61, 75), (62, 75), (50, 76), (55, 76), (56, 76), (57, 76), (58, 76), (51, 77), (52, 77), (53, 77), (54, 77)]
[(67, 73), (63, 74), (64, 74), (65, 74), (66, 74), (68, 74), (59, 75), (60, 75), (61, 75), (62, 75), (69, 75), (55, 76), (56, 76), (57, 76), (58, 76), (70, 76), (51, 77), (52, 77), (53, 77), (54, 77), (71, 77), (50, 80), (70, 80), (49, 84), (69, 84), (48, 88), (68, 88), (47, 92), (67, 92), (47, 93), (67, 93), (48, 94), (63, 94), (64, 94), (65, 94), (66, 94), (49, 95), (59, 95), (60, 95), (61, 95), (62, 95), (50, 96), (55, 96), (56, 96), (57, 96), (58, 96), (51, 97), (52, 97), (53, 97), (54, 97)]
[(87, 73), (83, 74), (84, 74), (85, 74), (86, 74), (88, 74), (79, 75), (80, 75), (81, 75), (82, 75), (89, 75), (75, 76), (76, 76), (77, 76), (78, 76), (90, 76), (71, 77), (72, 77), (73, 77), (74, 77), (91, 77), (70, 80), (90, 80), (69, 84), (89, 84), (68, 88), (88, 88), (67, 92), (87, 92), (67, 93), (87, 93), (68, 94), (83, 94), (84, 94), (85, 94), (86, 94), (69, 95), (79, 95), (80, 95), (81, 95), (82, 95), (70, 96), (75, 96), (76, 96), (77, 96), (78, 96), (71, 97), (72, 97), (73, 97), (74, 97)]
[(87, 93), (83, 94), (84, 94), (85, 94), (86, 94), (88, 94), (79, 95), (80, 95), (81, 95), (82, 95), (89, 95), (75, 96), (76, 96), (77, 96), (78, 96), (90, 96), (71, 97), (72, 97), (73, 97), (74, 97), (91, 97), (70, 100), (90, 100), (69, 104), (89, 104), (68, 108), (88, 108), (67, 112), (87, 112), (67, 113), (87, 113), (68, 114), (83, 114), (84, 114), (85, 114), (86, 114)]
[(107, 93), (103, 94), (104, 94), (105, 94), (106, 94), (108, 94), (99, 95), (100, 95), (101, 95), (102, 95), (109, 95), (95, 96), (96, 96), (97, 96), (98, 96), (110, 96), (91, 97), (92, 97), (93, 97), (94, 97), (111, 97), (90, 100), (110, 100), (89, 104), (109, 104), (88, 108), (108, 108), (87, 112), (107, 112), (87, 113), (107, 113), (88, 114), (103, 114), (104, 114), (105, 114), (106, 114)]
[(107, 113), (103, 114), (104, 114), (105, 114), (106, 114), (108, 114)]
[(47, 73), (43, 74), (44, 74), (45, 74), (46, 74), (48, 74), (39, 75), (40, 75), (41, 75), (42, 75), (49, 75), (35, 76), (36, 76), (37, 76), (38, 76), (50, 76), (31, 77), (32, 77), (33, 77), (34, 77), (51, 77), (30, 80), (50, 80), (29, 84), (49, 84), (28, 88), (48, 88), (27, 92), (47, 92), (27, 93), (47, 93), (28, 94), (43, 94), (44, 94), (45, 94), (46, 94), (29, 95), (39, 95), (40, 95), (41, 95), (42, 95), (30, 96), (35, 96), (36, 96), (37, 96), (38, 96), (31, 97), (32, 97), (33, 97), (34, 97)]
[(47, 93), (43, 94), (44, 94), (45, 94), (46, 94), (48, 94), (39, 95), (40, 95), (41, 95), (42, 95), (49, 95), (35, 96), (36, 96), (37, 96), (38, 96), (50, 96), (31, 97), (32, 97), (33, 97), (34, 97), (51, 97), (30, 100), (50, 100), (29, 104), (49, 104), (28, 108), (48, 108), (27, 112), (47, 112), (27, 113), (47, 113), (28, 114), (43, 114), (44, 114), (45, 114), (46, 114)]
[(67, 93), (63, 94), (64, 94), (65, 94), (66, 94), (68, 94), (59, 95), (60, 95), (61, 95), (62, 95), (69, 95), (55, 96), (56, 96), (57, 96), (58, 96), (70, 96), (51, 97), (52, 97), (53, 97), (54, 97), (71, 97), (50, 100), (70, 100), (49, 104), (69, 104), (48, 108), (68, 108), (47, 112), (67, 112), (47, 113), (67, 113), (48, 114), (63, 114), (64, 114), (65, 114), (66, 114)]
[(67, 113), (63, 114), (64, 114), (65, 114), (66, 114), (68, 114)]
[(87, 113), (83, 114), (84, 114), (85, 114), (86, 114), (88, 114)]
[(47, 113), (43, 114), (44, 114), (45, 114), (46, 114), (48, 114)]
