[(96, 35), (97, 35), (98, 35), (94, 36), (95, 36), (99, 36), (91, 37), (92, 37), (93, 37), (100, 37), (89, 38), (90, 38), (101, 38), (86, 39), (87, 39), (88, 39), (102, 39), (84, 40), (85, 40), (103, 40), (81, 41), (82, 41), (83, 41), (104, 41), (78, 42), (79, 42), (80, 42), (105, 42), (77, 44), (104, 44), (76, 47), (103, 47), (75, 49), (102, 49), (74, 52), (101, 52), (73, 54), (100, 54), (72, 57), (99, 57), (71, 59), (98, 59), (70, 62), (71, 62), (96, 62), (97, 62), (98, 62), (72, 63), (94, 63), (95, 63), (73, 64), (91, 64), (92, 64), (93, 64), (74, 65), (89, 65), (90, 65), (75, 66), (86, 66), (87, 66), (88, 66), (76, 67), (84, 67), (85, 67), (77, 68), (81, 68), (82, 68), (83, 68), (78, 69), (79, 69), (80, 69)]
[(113, 39), (114, 39), (111, 40), (112, 40), (108, 41), (109, 41), (110, 41), (105, 42), (106, 42), (107, 42), (104, 44), (103, 47), (102, 49), (101, 52), (100, 54), (99, 57), (98, 59), (97, 62), (98, 62), (99, 63), (100, 64), (101, 65), (102, 66), (113, 66), (114, 66), (103, 67), (111, 67), (112, 67), (104, 68), (108, 68), (109, 68), (110, 68), (105, 69), (106, 69), (107, 69)]
[(113, 66), (114, 66), (111, 67), (112, 67), (108, 68), (109, 68), (110, 68), (105, 69), (106, 69), (107, 69), (104, 71), (103, 74), (102, 76), (101, 79), (100, 81), (99, 84), (98, 86), (97, 89), (98, 89), (99, 90), (100, 91), (101, 92), (102, 93), (113, 93), (114, 93), (103, 94), (111, 94), (112, 94), (104, 95), (108, 95), (109, 95), (110, 95), (105, 96), (106, 96), (107, 96)]
[(42, 35), (43, 35), (44, 35), (40, 36), (41, 36), (45, 36), (37, 37), (38, 37), (39, 37), (46, 37), (35, 38), (36, 38), (47, 38), (32, 39), (33, 39), (34, 39), (48, 39), (30, 40), (31, 40), (49, 40), (27, 41), (28, 41), (29, 41), (50, 41), (24, 42), (25, 42), (26, 42), (51, 42), (23, 44), (50, 44), (22, 47), (49, 47), (21, 49), (48, 49), (20, 52), (47, 52), (19, 54), (46, 54), (18, 57), (45, 57), (17, 59), (44, 59), (16, 62), (17, 62), (42, 62), (43, 62), (44, 62), (18, 63), (40, 63), (41, 63), (19, 64), (37, 64), (38, 64), (39, 64), (20, 65), (35, 65), (36, 65), (21, 66), (32, 66), (33, 66), (34, 66), (22, 67), (30, 67), (31, 67), (23, 68), (27, 68), (28, 68), (29, 68), (24, 69), (25, 69), (26, 69)]
[(69, 35), (70, 35), (71, 35), (67, 36), (68, 36), (72, 36), (64, 37), (65, 37), (66, 37), (73, 37), (62, 38), (63, 38), (74, 38), (59, 39), (60, 39), (61, 39), (75, 39), (57, 40), (58, 40), (76, 40), (54, 41), (55, 41), (56, 41), (77, 41), (51, 42), (52, 42), (53, 42), (78, 42), (50, 44), (77, 44), (49, 47), (76, 47), (48, 49), (75, 49), (47, 52), (74, 52), (46, 54), (73, 54), (45, 57), (72, 57), (44, 59), (71, 59), (43, 62), (44, 62), (69, 62), (70, 62), (71, 62), (45, 63), (67, 63), (68, 63), (46, 64), (64, 64), (65, 64), (66, 64), (47, 65), (62, 65), (63, 65), (48, 66), (59, 66), (60, 66), (61, 66), (49, 67), (57, 67), (58, 67), (50, 68), (54, 68), (55, 68), (56, 68), (51, 69), (52, 69), (53, 69)]
[(69, 62), (70, 62), (71, 62), (67, 63), (68, 63), (72, 63), (64, 64), (65, 64), (66, 64), (73, 64), (62, 65), (63, 65), (74, 65), (59, 66), (60, 66), (61, 66), (75, 66), (57, 67), (58, 67), (76, 67), (54, 68), (55, 68), (56, 68), (77, 68), (51, 69), (52, 69), (53, 69), (78, 69), (50, 71), (77, 71), (49, 74), (76, 74), (48, 76), (75, 76), (47, 79), (74, 79), (46, 81), (73, 81), (45, 84), (72, 84), (44, 86), (71, 86), (43, 89), (44, 89), (69, 89), (70, 89), (71, 89), (45, 90), (67, 90), (68, 90), (46, 91), (64, 91), (65, 91), (66, 91), (47, 92), (62, 92), (63, 92), (48, 93), (59, 93), (60, 93), (61, 93), (49, 94), (57, 94), (58, 94), (50, 95), (54, 95), (55, 95), (56, 95), (51, 96), (52, 96), (53, 96)]
[(96, 62), (97, 62), (98, 62), (94, 63), (95, 63), (99, 63), (91, 64), (92, 64), (93, 64), (100, 64), (89, 65), (90, 65), (101, 65), (86, 66), (87, 66), (88, 66), (102, 66), (84, 67), (85, 67), (103, 67), (81, 68), (82, 68), (83, 68), (104, 68), (78, 69), (79, 69), (80, 69), (105, 69), (77, 71), (104, 71), (76, 74), (103, 74), (75, 76), (102, 76), (74, 79), (101, 79), (73, 81), (100, 81), (72, 84), (99, 84), (71, 86), (98, 86), (70, 89), (71, 89), (96, 89), (97, 89), (98, 89), (72, 90), (94, 90), (95, 90), (73, 91), (91, 91), (92, 91), (93, 91), (74, 92), (89, 92), (90, 92), (75, 93), (86, 93), (87, 93), (88, 93), (76, 94), (84, 94), (85, 94), (77, 95), (81, 95), (82, 95), (83, 95), (78, 96), (79, 96), (80, 96)]
[(96, 89), (97, 89), (98, 89), (94, 90), (95, 90), (99, 90), (91, 91), (92, 91), (93, 91), (100, 91), (89, 92), (90, 92), (101, 92), (86, 93), (87, 93), (88, 93), (102, 93), (84, 94), (85, 94), (103, 94), (81, 95), (82, 95), (83, 95), (104, 95), (78, 96), (79, 96), (80, 96), (105, 96), (77, 98), (104, 98), (76, 101), (103, 101), (75, 103), (102, 103), (74, 106), (101, 106), (73, 108), (100, 108), (72, 111), (99, 111), (71, 113), (98, 113)]
[(113, 93), (114, 93), (111, 94), (112, 94), (108, 95), (109, 95), (110, 95), (105, 96), (106, 96), (107, 96), (104, 98), (103, 101), (102, 103), (101, 106), (100, 108), (99, 111), (98, 113)]
[(15, 62), (16, 62), (17, 62), (13, 63), (14, 63), (18, 63), (10, 64), (11, 64), (12, 64), (19, 64), (8, 65), (9, 65), (20, 65), (5, 66), (6, 66), (7, 66), (21, 66), (3, 67), (4, 67), (22, 67), (0, 68), (1, 68), (2, 68), (23, 68), (24, 69), (23, 71), (22, 74), (21, 76), (20, 79), (19, 81), (18, 84), (17, 86), (15, 89), (16, 89), (17, 89), (13, 90), (14, 90), (10, 91), (11, 91), (12, 91), (8, 92), (9, 92), (5, 93), (6, 93), (7, 93), (3, 94), (4, 94), (0, 95), (1, 95), (2, 95)]
[(42, 62), (43, 62), (44, 62), (40, 63), (41, 63), (45, 63), (37, 64), (38, 64), (39, 64), (46, 64), (35, 65), (36, 65), (47, 65), (32, 66), (33, 66), (34, 66), (48, 66), (30, 67), (31, 67), (49, 67), (27, 68), (28, 68), (29, 68), (50, 68), (24, 69), (25, 69), (26, 69), (51, 69), (23, 71), (50, 71), (22, 74), (49, 74), (21, 76), (48, 76), (20, 79), (47, 79), (19, 81), (46, 81), (18, 84), (45, 84), (17, 86), (44, 86), (16, 89), (17, 89), (42, 89), (43, 89), (44, 89), (18, 90), (40, 90), (41, 90), (19, 91), (37, 91), (38, 91), (39, 91), (20, 92), (35, 92), (36, 92), (21, 93), (32, 93), (33, 93), (34, 93), (22, 94), (30, 94), (31, 94), (23, 95), (27, 95), (28, 95), (29, 95), (24, 96), (25, 96), (26, 96)]
[(42, 89), (43, 89), (44, 89), (40, 90), (41, 90), (45, 90), (37, 91), (38, 91), (39, 91), (46, 91), (35, 92), (36, 92), (47, 92), (32, 93), (33, 93), (34, 93), (48, 93), (30, 94), (31, 94), (49, 94), (27, 95), (28, 95), (29, 95), (50, 95), (24, 96), (25, 96), (26, 96), (51, 96), (23, 98), (50, 98), (22, 101), (49, 101), (21, 103), (48, 103), (20, 106), (47, 106), (19, 108), (46, 108), (18, 111), (45, 111), (17, 113), (44, 113)]
[(69, 89), (70, 89), (71, 89), (67, 90), (68, 90), (72, 90), (64, 91), (65, 91), (66, 91), (73, 91), (62, 92), (63, 92), (74, 92), (59, 93), (60, 93), (61, 93), (75, 93), (57, 94), (58, 94), (76, 94), (54, 95), (55, 95), (56, 95), (77, 95), (51, 96), (52, 96), (53, 96), (78, 96), (50, 98), (77, 98), (49, 101), (76, 101), (48, 103), (75, 103), (47, 106), (74, 106), (46, 108), (73, 108), (45, 111), (72, 111), (44, 113), (71, 113)]
[(15, 89), (16, 89), (17, 89), (13, 90), (14, 90), (18, 90), (10, 91), (11, 91), (12, 91), (19, 91), (8, 92), (9, 92), (20, 92), (5, 93), (6, 93), (7, 93), (21, 93), (3, 94), (4, 94), (22, 94), (0, 95), (1, 95), (2, 95), (23, 95), (24, 96), (23, 98), (22, 101), (21, 103), (20, 106), (19, 108), (18, 111), (17, 113)]
