[(107, 41), (108, 41), (102, 42), (103, 42), (104, 42), (105, 42), (106, 42), (109, 42), (97, 43), (98, 43), (99, 43), (100, 43), (101, 43), (92, 44), (93, 44), (94, 44), (95, 44), (96, 44), (108, 46), (91, 48), (107, 51), (90, 53), (106, 56), (89, 58), (105, 58), (106, 58), (100, 59), (101, 59), (102, 59), (103, 59), (104, 59), (89, 60), (95, 60), (96, 60), (97, 60), (98, 60), (99, 60), (90, 61), (91, 61), (92, 61), (93, 61), (94, 61)]
[(114, 41), (109, 42), (110, 42), (111, 42), (112, 42), (113, 42), (108, 46), (107, 51), (106, 56), (106, 58), (112, 58), (113, 58), (114, 58), (107, 59), (108, 59), (109, 59), (110, 59), (111, 59)]
[(112, 58), (113, 58), (114, 58), (107, 59), (108, 59), (109, 59), (110, 59), (111, 59), (106, 63), (105, 68), (104, 73), (104, 75), (110, 75), (111, 75), (112, 75), (113, 75), (114, 75), (105, 76), (106, 76), (107, 76), (108, 76), (109, 76)]
[(73, 45), (74, 45), (68, 46), (69, 46), (70, 46), (71, 46), (72, 46), (75, 46), (63, 47), (64, 47), (65, 47), (66, 47), (67, 47), (58, 48), (59, 48), (60, 48), (61, 48), (62, 48), (74, 50), (57, 52), (73, 55), (56, 57), (72, 60), (55, 62), (71, 62), (72, 62), (66, 63), (67, 63), (68, 63), (69, 63), (70, 63), (55, 64), (61, 64), (62, 64), (63, 64), (64, 64), (65, 64), (56, 65), (57, 65), (58, 65), (59, 65), (60, 65)]
[(90, 43), (91, 43), (85, 44), (86, 44), (87, 44), (88, 44), (89, 44), (92, 44), (80, 45), (81, 45), (82, 45), (83, 45), (84, 45), (75, 46), (76, 46), (77, 46), (78, 46), (79, 46), (91, 48), (74, 50), (90, 53), (73, 55), (89, 58), (72, 60), (88, 60), (89, 60), (83, 61), (84, 61), (85, 61), (86, 61), (87, 61), (72, 62), (78, 62), (79, 62), (80, 62), (81, 62), (82, 62), (73, 63), (74, 63), (75, 63), (76, 63), (77, 63)]
[(88, 60), (89, 60), (83, 61), (84, 61), (85, 61), (86, 61), (87, 61), (90, 61), (78, 62), (79, 62), (80, 62), (81, 62), (82, 62), (73, 63), (74, 63), (75, 63), (76, 63), (77, 63), (89, 65), (72, 67), (88, 70), (71, 72), (87, 75), (70, 77), (86, 77), (87, 77), (81, 78), (82, 78), (83, 78), (84, 78), (85, 78), (70, 79), (76, 79), (77, 79), (78, 79), (79, 79), (80, 79), (71, 80), (72, 80), (73, 80), (74, 80), (75, 80)]
[(105, 58), (106, 58), (100, 59), (101, 59), (102, 59), (103, 59), (104, 59), (107, 59), (95, 60), (96, 60), (97, 60), (98, 60), (99, 60), (90, 61), (91, 61), (92, 61), (93, 61), (94, 61), (106, 63), (89, 65), (105, 68), (88, 70), (104, 73), (87, 75), (103, 75), (104, 75), (98, 76), (99, 76), (100, 76), (101, 76), (102, 76), (87, 77), (93, 77), (94, 77), (95, 77), (96, 77), (97, 77), (88, 78), (89, 78), (90, 78), (91, 78), (92, 78)]
[(103, 75), (104, 75), (98, 76), (99, 76), (100, 76), (101, 76), (102, 76), (105, 76), (93, 77), (94, 77), (95, 77), (96, 77), (97, 77), (88, 78), (89, 78), (90, 78), (91, 78), (92, 78), (104, 80), (87, 82), (103, 85), (86, 87), (102, 90), (85, 92), (101, 92), (102, 92), (96, 93), (97, 93), (98, 93), (99, 93), (100, 93), (85, 94), (91, 94), (92, 94), (93, 94), (94, 94), (95, 94), (86, 95), (87, 95), (88, 95), (89, 95), (90, 95)]
[(110, 75), (111, 75), (112, 75), (113, 75), (114, 75), (105, 76), (106, 76), (107, 76), (108, 76), (109, 76), (104, 80), (103, 85), (102, 90), (113, 91), (114, 91), (102, 92), (108, 92), (109, 92), (110, 92), (111, 92), (112, 92), (103, 93), (104, 93), (105, 93), (106, 93), (107, 93)]
[(113, 91), (114, 91), (108, 92), (109, 92), (110, 92), (111, 92), (112, 92), (103, 93), (104, 93), (105, 93), (106, 93), (107, 93), (102, 97), (101, 102), (100, 107), (111, 108), (112, 108), (113, 108), (114, 108), (100, 109), (106, 109), (107, 109), (108, 109), (109, 109), (110, 109), (101, 110), (102, 110), (103, 110), (104, 110), (105, 110)]
[(54, 64), (55, 64), (49, 65), (50, 65), (51, 65), (52, 65), (53, 65), (56, 65), (44, 66), (45, 66), (46, 66), (47, 66), (48, 66), (39, 67), (40, 67), (41, 67), (42, 67), (43, 67), (55, 69), (38, 71), (54, 74), (37, 76), (53, 79), (36, 81), (52, 81), (53, 81), (47, 82), (48, 82), (49, 82), (50, 82), (51, 82), (36, 83), (42, 83), (43, 83), (44, 83), (45, 83), (46, 83), (37, 84), (38, 84), (39, 84), (40, 84), (41, 84)]
[(71, 62), (72, 62), (66, 63), (67, 63), (68, 63), (69, 63), (70, 63), (73, 63), (61, 64), (62, 64), (63, 64), (64, 64), (65, 64), (56, 65), (57, 65), (58, 65), (59, 65), (60, 65), (72, 67), (55, 69), (71, 72), (54, 74), (70, 77), (53, 79), (69, 79), (70, 79), (64, 80), (65, 80), (66, 80), (67, 80), (68, 80), (53, 81), (59, 81), (60, 81), (61, 81), (62, 81), (63, 81), (54, 82), (55, 82), (56, 82), (57, 82), (58, 82)]
[(69, 79), (70, 79), (64, 80), (65, 80), (66, 80), (67, 80), (68, 80), (71, 80), (59, 81), (60, 81), (61, 81), (62, 81), (63, 81), (54, 82), (55, 82), (56, 82), (57, 82), (58, 82), (70, 84), (53, 86), (69, 89), (52, 91), (68, 94), (51, 96), (67, 96), (68, 96), (62, 97), (63, 97), (64, 97), (65, 97), (66, 97), (51, 98), (57, 98), (58, 98), (59, 98), (60, 98), (61, 98), (52, 99), (53, 99), (54, 99), (55, 99), (56, 99)]
[(86, 77), (87, 77), (81, 78), (82, 78), (83, 78), (84, 78), (85, 78), (88, 78), (76, 79), (77, 79), (78, 79), (79, 79), (80, 79), (71, 80), (72, 80), (73, 80), (74, 80), (75, 80), (87, 82), (70, 84), (86, 87), (69, 89), (85, 92), (68, 94), (84, 94), (85, 94), (79, 95), (80, 95), (81, 95), (82, 95), (83, 95), (68, 96), (74, 96), (75, 96), (76, 96), (77, 96), (78, 96), (69, 97), (70, 97), (71, 97), (72, 97), (73, 97)]
[(84, 94), (85, 94), (79, 95), (80, 95), (81, 95), (82, 95), (83, 95), (86, 95), (74, 96), (75, 96), (76, 96), (77, 96), (78, 96), (69, 97), (70, 97), (71, 97), (72, 97), (73, 97), (85, 99), (68, 101), (84, 104), (67, 106), (83, 109), (66, 111), (82, 111), (83, 111), (77, 112), (78, 112), (79, 112), (80, 112), (81, 112), (66, 113), (72, 113), (73, 113), (74, 113), (75, 113), (76, 113), (67, 114), (68, 114), (69, 114), (70, 114), (71, 114)]
[(101, 92), (102, 92), (96, 93), (97, 93), (98, 93), (99, 93), (100, 93), (103, 93), (91, 94), (92, 94), (93, 94), (94, 94), (95, 94), (86, 95), (87, 95), (88, 95), (89, 95), (90, 95), (102, 97), (85, 99), (101, 102), (84, 104), (100, 107), (83, 109), (99, 109), (100, 109), (94, 110), (95, 110), (96, 110), (97, 110), (98, 110), (83, 111), (89, 111), (90, 111), (91, 111), (92, 111), (93, 111), (84, 112), (85, 112), (86, 112), (87, 112), (88, 112)]
[(99, 109), (100, 109), (94, 110), (95, 110), (96, 110), (97, 110), (98, 110), (101, 110), (89, 111), (90, 111), (91, 111), (92, 111), (93, 111), (84, 112), (85, 112), (86, 112), (87, 112), (88, 112), (100, 114)]
[(111, 108), (112, 108), (113, 108), (114, 108), (106, 109), (107, 109), (108, 109), (109, 109), (110, 109), (101, 110), (102, 110), (103, 110), (104, 110), (105, 110), (100, 114)]
[(52, 81), (53, 81), (47, 82), (48, 82), (49, 82), (50, 82), (51, 82), (54, 82), (42, 83), (43, 83), (44, 83), (45, 83), (46, 83), (37, 84), (38, 84), (39, 84), (40, 84), (41, 84), (53, 86), (36, 88), (52, 91), (35, 93), (51, 96), (34, 98), (50, 98), (51, 98), (45, 99), (46, 99), (47, 99), (48, 99), (49, 99), (34, 100), (40, 100), (41, 100), (42, 100), (43, 100), (44, 100), (35, 101), (36, 101), (37, 101), (38, 101), (39, 101)]
[(50, 98), (51, 98), (45, 99), (46, 99), (47, 99), (48, 99), (49, 99), (52, 99), (40, 100), (41, 100), (42, 100), (43, 100), (44, 100), (35, 101), (36, 101), (37, 101), (38, 101), (39, 101), (51, 103), (34, 105), (50, 108), (33, 110), (49, 113)]
[(67, 96), (68, 96), (62, 97), (63, 97), (64, 97), (65, 97), (66, 97), (69, 97), (57, 98), (58, 98), (59, 98), (60, 98), (61, 98), (52, 99), (53, 99), (54, 99), (55, 99), (56, 99), (68, 101), (51, 103), (67, 106), (50, 108), (66, 111), (49, 113), (65, 113), (66, 113), (60, 114), (61, 114), (62, 114), (63, 114), (64, 114)]
[(65, 113), (66, 113), (60, 114), (61, 114), (62, 114), (63, 114), (64, 114), (67, 114)]
[(82, 111), (83, 111), (77, 112), (78, 112), (79, 112), (80, 112), (81, 112), (84, 112), (72, 113), (73, 113), (74, 113), (75, 113), (76, 113), (67, 114), (68, 114), (69, 114), (70, 114), (71, 114)]
