[(113, 9), (114, 9), (110, 10), (111, 10), (112, 10), (108, 11), (109, 11), (105, 12), (106, 12), (107, 12), (102, 13), (103, 13), (104, 13), (101, 15), (100, 18), (99, 20), (98, 23), (114, 24), (97, 25), (114, 25), (112, 26), (113, 26), (109, 27), (110, 27), (111, 27), (96, 28), (107, 28), (108, 28), (104, 29), (105, 29), (106, 29), (95, 30), (102, 30), (103, 30), (95, 31), (99, 31), (100, 31), (101, 31), (96, 32), (97, 32), (98, 32)]
[(114, 24), (114, 25)]
[(114, 28), (113, 31), (112, 33), (111, 36), (110, 38), (109, 41), (108, 43), (108, 44), (112, 44), (113, 44), (114, 44), (109, 45), (110, 45), (111, 45)]
[(82, 18), (80, 19), (81, 19), (83, 19), (77, 20), (78, 20), (79, 20), (75, 21), (76, 21), (82, 21), (72, 22), (73, 22), (74, 22), (70, 23), (71, 23), (67, 24), (68, 24), (69, 24), (81, 24), (64, 25), (65, 25), (66, 25), (80, 26), (63, 27), (79, 29), (62, 30), (78, 31), (61, 32), (77, 34), (60, 35), (76, 36), (59, 37), (76, 37), (74, 38), (75, 38), (71, 39), (72, 39), (73, 39), (58, 40), (69, 40), (70, 40), (66, 41), (67, 41), (68, 41), (57, 42), (64, 42), (65, 42), (57, 43), (61, 43), (62, 43), (63, 43), (58, 44), (59, 44), (60, 44)]
[(101, 12), (99, 13), (100, 13), (102, 13), (96, 14), (97, 14), (98, 14), (94, 15), (95, 15), (101, 15), (91, 16), (92, 16), (93, 16), (89, 17), (90, 17), (86, 18), (87, 18), (88, 18), (100, 18), (83, 19), (84, 19), (85, 19), (99, 20), (82, 21), (98, 23), (81, 24), (97, 25), (80, 26), (96, 28), (79, 29), (95, 30), (78, 31), (95, 31), (93, 32), (94, 32), (90, 33), (91, 33), (92, 33), (77, 34), (88, 34), (89, 34), (85, 35), (86, 35), (87, 35), (76, 36), (83, 36), (84, 36), (76, 37), (80, 37), (81, 37), (82, 37), (77, 38), (78, 38), (79, 38)]
[(95, 31), (93, 32), (94, 32), (96, 32), (90, 33), (91, 33), (92, 33), (88, 34), (89, 34), (95, 34), (85, 35), (86, 35), (87, 35), (83, 36), (84, 36), (80, 37), (81, 37), (82, 37), (94, 37), (77, 38), (78, 38), (79, 38), (93, 39), (76, 40), (92, 42), (75, 43), (91, 44), (74, 45), (90, 47), (73, 48), (89, 49), (72, 50), (89, 50), (87, 51), (88, 51), (84, 52), (85, 52), (86, 52), (71, 53), (82, 53), (83, 53), (79, 54), (80, 54), (81, 54), (70, 55), (77, 55), (78, 55), (70, 56), (74, 56), (75, 56), (76, 56), (71, 57), (72, 57), (73, 57)]
[(114, 25), (112, 26), (113, 26), (109, 27), (110, 27), (111, 27), (107, 28), (108, 28), (114, 28), (104, 29), (105, 29), (106, 29), (102, 30), (103, 30), (99, 31), (100, 31), (101, 31), (113, 31), (96, 32), (97, 32), (98, 32), (112, 33), (95, 34), (111, 36), (94, 37), (110, 38), (93, 39), (109, 41), (92, 42), (108, 43), (91, 44), (108, 44), (106, 45), (107, 45), (103, 46), (104, 46), (105, 46), (90, 47), (101, 47), (102, 47), (98, 48), (99, 48), (100, 48), (89, 49), (96, 49), (97, 49), (89, 50), (93, 50), (94, 50), (95, 50), (90, 51), (91, 51), (92, 51)]
[(108, 44), (106, 45), (107, 45), (109, 45), (103, 46), (104, 46), (105, 46), (101, 47), (102, 47), (108, 47), (98, 48), (99, 48), (100, 48), (96, 49), (97, 49), (93, 50), (94, 50), (95, 50), (107, 50), (90, 51), (91, 51), (92, 51), (106, 52), (89, 53), (105, 55), (88, 56), (104, 57), (87, 58), (103, 60), (86, 61), (102, 62), (85, 63), (102, 63), (100, 64), (101, 64), (97, 65), (98, 65), (99, 65), (84, 66), (95, 66), (96, 66), (92, 67), (93, 67), (94, 67), (83, 68), (90, 68), (91, 68), (83, 69), (87, 69), (88, 69), (89, 69), (84, 70), (85, 70), (86, 70)]
[(112, 44), (113, 44), (114, 44), (109, 45), (110, 45), (111, 45), (108, 47), (107, 50), (106, 52), (105, 55), (104, 57), (103, 60), (114, 60), (111, 61), (112, 61), (113, 61), (102, 62), (109, 62), (110, 62), (102, 63), (106, 63), (107, 63), (108, 63), (103, 64), (104, 64), (105, 64)]
[(114, 60), (111, 61), (112, 61), (113, 61), (109, 62), (110, 62), (106, 63), (107, 63), (108, 63), (103, 64), (104, 64), (105, 64), (102, 66), (101, 69), (100, 71), (99, 74), (98, 76), (113, 77), (114, 77), (110, 78), (111, 78), (112, 78), (97, 79), (108, 79), (109, 79), (105, 80), (106, 80), (107, 80), (96, 81), (103, 81), (104, 81), (96, 82), (100, 82), (101, 82), (102, 82), (97, 83), (98, 83), (99, 83)]
[(57, 43), (55, 44), (56, 44), (58, 44), (52, 45), (53, 45), (54, 45), (50, 46), (51, 46), (57, 46), (47, 47), (48, 47), (49, 47), (45, 48), (46, 48), (42, 49), (43, 49), (44, 49), (56, 49), (39, 50), (40, 50), (41, 50), (55, 51), (38, 52), (54, 54), (37, 55), (53, 56), (36, 57), (52, 59), (35, 60), (51, 61), (34, 62), (51, 62), (49, 63), (50, 63), (46, 64), (47, 64), (48, 64), (33, 65), (44, 65), (45, 65), (41, 66), (42, 66), (43, 66), (32, 67), (39, 67), (40, 67), (32, 68), (36, 68), (37, 68), (38, 68), (33, 69), (34, 69), (35, 69)]
[(76, 37), (74, 38), (75, 38), (77, 38), (71, 39), (72, 39), (73, 39), (69, 40), (70, 40), (76, 40), (66, 41), (67, 41), (68, 41), (64, 42), (65, 42), (61, 43), (62, 43), (63, 43), (75, 43), (58, 44), (59, 44), (60, 44), (74, 45), (57, 46), (73, 48), (56, 49), (72, 50), (55, 51), (71, 53), (54, 54), (70, 55), (53, 56), (70, 56), (68, 57), (69, 57), (65, 58), (66, 58), (67, 58), (52, 59), (63, 59), (64, 59), (60, 60), (61, 60), (62, 60), (51, 61), (58, 61), (59, 61), (51, 62), (55, 62), (56, 62), (57, 62), (52, 63), (53, 63), (54, 63)]
[(70, 56), (68, 57), (69, 57), (71, 57), (65, 58), (66, 58), (67, 58), (63, 59), (64, 59), (70, 59), (60, 60), (61, 60), (62, 60), (58, 61), (59, 61), (55, 62), (56, 62), (57, 62), (69, 62), (52, 63), (53, 63), (54, 63), (68, 64), (51, 65), (67, 67), (50, 68), (66, 69), (49, 70), (65, 72), (48, 73), (64, 74), (47, 75), (64, 75), (62, 76), (63, 76), (59, 77), (60, 77), (61, 77), (46, 78), (57, 78), (58, 78), (54, 79), (55, 79), (56, 79), (45, 80), (52, 80), (53, 80), (45, 81), (49, 81), (50, 81), (51, 81), (46, 82), (47, 82), (48, 82)]
[(89, 50), (87, 51), (88, 51), (90, 51), (84, 52), (85, 52), (86, 52), (82, 53), (83, 53), (89, 53), (79, 54), (80, 54), (81, 54), (77, 55), (78, 55), (74, 56), (75, 56), (76, 56), (88, 56), (71, 57), (72, 57), (73, 57), (87, 58), (70, 59), (86, 61), (69, 62), (85, 63), (68, 64), (84, 66), (67, 67), (83, 68), (66, 69), (83, 69), (81, 70), (82, 70), (78, 71), (79, 71), (80, 71), (65, 72), (76, 72), (77, 72), (73, 73), (74, 73), (75, 73), (64, 74), (71, 74), (72, 74), (64, 75), (68, 75), (69, 75), (70, 75), (65, 76), (66, 76), (67, 76)]
[(83, 69), (81, 70), (82, 70), (84, 70), (78, 71), (79, 71), (80, 71), (76, 72), (77, 72), (83, 72), (73, 73), (74, 73), (75, 73), (71, 74), (72, 74), (68, 75), (69, 75), (70, 75), (82, 75), (65, 76), (66, 76), (67, 76), (81, 77), (64, 78), (80, 80), (63, 81), (79, 82), (62, 83), (78, 85), (61, 86), (77, 87), (60, 88), (77, 88), (75, 89), (76, 89), (72, 90), (73, 90), (74, 90), (59, 91), (70, 91), (71, 91), (67, 92), (68, 92), (69, 92), (58, 93), (65, 93), (66, 93), (58, 94), (62, 94), (63, 94), (64, 94), (59, 95), (60, 95), (61, 95)]
[(102, 63), (100, 64), (101, 64), (103, 64), (97, 65), (98, 65), (99, 65), (95, 66), (96, 66), (102, 66), (92, 67), (93, 67), (94, 67), (90, 68), (91, 68), (87, 69), (88, 69), (89, 69), (101, 69), (84, 70), (85, 70), (86, 70), (100, 71), (83, 72), (99, 74), (82, 75), (98, 76), (81, 77), (97, 79), (80, 80), (96, 81), (79, 82), (96, 82), (94, 83), (95, 83), (91, 84), (92, 84), (93, 84), (78, 85), (89, 85), (90, 85), (86, 86), (87, 86), (88, 86), (77, 87), (84, 87), (85, 87), (77, 88), (81, 88), (82, 88), (83, 88), (78, 89), (79, 89), (80, 89)]
[(96, 82), (94, 83), (95, 83), (97, 83), (91, 84), (92, 84), (93, 84), (89, 85), (90, 85), (96, 85), (86, 86), (87, 86), (88, 86), (84, 87), (85, 87), (81, 88), (82, 88), (83, 88), (95, 88), (78, 89), (79, 89), (80, 89), (94, 90), (77, 91), (93, 93), (76, 94), (92, 95), (75, 96), (91, 98), (74, 99), (90, 100), (73, 101), (90, 101), (88, 102), (89, 102), (85, 103), (86, 103), (87, 103), (72, 104), (83, 104), (84, 104), (80, 105), (81, 105), (82, 105), (71, 106), (78, 106), (79, 106), (71, 107), (75, 107), (76, 107), (77, 107), (72, 108), (73, 108), (74, 108)]
[(113, 77), (114, 77), (110, 78), (111, 78), (112, 78), (108, 79), (109, 79), (105, 80), (106, 80), (107, 80), (103, 81), (104, 81), (100, 82), (101, 82), (102, 82), (114, 82), (97, 83), (98, 83), (99, 83), (113, 84), (96, 85), (112, 87), (95, 88), (111, 89), (94, 90), (110, 92), (93, 93), (109, 94), (92, 95), (109, 95), (107, 96), (108, 96), (104, 97), (105, 97), (106, 97), (91, 98), (102, 98), (103, 98), (99, 99), (100, 99), (101, 99), (90, 100), (97, 100), (98, 100), (90, 101), (94, 101), (95, 101), (96, 101), (91, 102), (92, 102), (93, 102)]
[(51, 62), (49, 63), (50, 63), (52, 63), (46, 64), (47, 64), (48, 64), (44, 65), (45, 65), (51, 65), (41, 66), (42, 66), (43, 66), (39, 67), (40, 67), (36, 68), (37, 68), (38, 68), (50, 68), (33, 69), (34, 69), (35, 69), (49, 70), (32, 71), (48, 73), (31, 74), (47, 75), (30, 76), (46, 78), (29, 79), (45, 80), (28, 81), (45, 81), (43, 82), (44, 82), (40, 83), (41, 83), (42, 83), (27, 84), (38, 84), (39, 84), (35, 85), (36, 85), (37, 85), (26, 86), (33, 86), (34, 86), (26, 87), (30, 87), (31, 87), (32, 87), (27, 88), (28, 88), (29, 88)]
[(45, 81), (43, 82), (44, 82), (46, 82), (40, 83), (41, 83), (42, 83), (38, 84), (39, 84), (45, 84), (35, 85), (36, 85), (37, 85), (33, 86), (34, 86), (30, 87), (31, 87), (32, 87), (44, 87), (27, 88), (28, 88), (29, 88), (43, 89), (26, 90), (42, 92), (25, 93), (41, 94), (24, 95), (40, 97), (23, 98), (39, 99), (22, 100), (39, 100), (37, 101), (38, 101), (34, 102), (35, 102), (36, 102), (21, 103), (32, 103), (33, 103), (29, 104), (30, 104), (31, 104), (20, 105), (27, 105), (28, 105), (20, 106), (24, 106), (25, 106), (26, 106), (21, 107), (22, 107), (23, 107)]
[(64, 75), (62, 76), (63, 76), (65, 76), (59, 77), (60, 77), (61, 77), (57, 78), (58, 78), (64, 78), (54, 79), (55, 79), (56, 79), (52, 80), (53, 80), (49, 81), (50, 81), (51, 81), (63, 81), (46, 82), (47, 82), (48, 82), (62, 83), (45, 84), (61, 86), (44, 87), (60, 88), (43, 89), (59, 91), (42, 92), (58, 93), (41, 94), (58, 94), (56, 95), (57, 95), (53, 96), (54, 96), (55, 96), (40, 97), (51, 97), (52, 97), (48, 98), (49, 98), (50, 98), (39, 99), (46, 99), (47, 99), (39, 100), (43, 100), (44, 100), (45, 100), (40, 101), (41, 101), (42, 101)]
[(58, 94), (56, 95), (57, 95), (59, 95), (53, 96), (54, 96), (55, 96), (51, 97), (52, 97), (58, 97), (48, 98), (49, 98), (50, 98), (46, 99), (47, 99), (43, 100), (44, 100), (45, 100), (57, 100), (40, 101), (41, 101), (42, 101), (56, 102), (39, 103), (55, 105), (38, 106), (54, 107), (37, 108), (53, 110), (36, 111), (52, 112), (35, 113), (52, 113), (50, 114), (51, 114)]
[(77, 88), (75, 89), (76, 89), (78, 89), (72, 90), (73, 90), (74, 90), (70, 91), (71, 91), (77, 91), (67, 92), (68, 92), (69, 92), (65, 93), (66, 93), (62, 94), (63, 94), (64, 94), (76, 94), (59, 95), (60, 95), (61, 95), (75, 96), (58, 97), (74, 99), (57, 100), (73, 101), (56, 102), (72, 104), (55, 105), (71, 106), (54, 107), (71, 107), (69, 108), (70, 108), (66, 109), (67, 109), (68, 109), (53, 110), (64, 110), (65, 110), (61, 111), (62, 111), (63, 111), (52, 112), (59, 112), (60, 112), (52, 113), (56, 113), (57, 113), (58, 113), (53, 114), (54, 114), (55, 114)]
[(71, 107), (69, 108), (70, 108), (72, 108), (66, 109), (67, 109), (68, 109), (64, 110), (65, 110), (71, 110), (61, 111), (62, 111), (63, 111), (59, 112), (60, 112), (56, 113), (57, 113), (58, 113), (70, 113), (53, 114), (54, 114), (55, 114)]
[(90, 101), (88, 102), (89, 102), (91, 102), (85, 103), (86, 103), (87, 103), (83, 104), (84, 104), (90, 104), (80, 105), (81, 105), (82, 105), (78, 106), (79, 106), (75, 107), (76, 107), (77, 107), (89, 107), (72, 108), (73, 108), (74, 108), (88, 109), (71, 110), (87, 112), (70, 113), (86, 114)]
[(39, 100), (37, 101), (38, 101), (40, 101), (34, 102), (35, 102), (36, 102), (32, 103), (33, 103), (39, 103), (29, 104), (30, 104), (31, 104), (27, 105), (28, 105), (24, 106), (25, 106), (26, 106), (38, 106), (21, 107), (22, 107), (23, 107), (37, 108), (20, 109), (36, 111), (19, 112), (35, 113), (18, 114)]
[(52, 113), (50, 114), (51, 114), (53, 114)]
