[(86, 25), (87, 25), (88, 25), (84, 26), (85, 26), (89, 26), (81, 27), (82, 27), (83, 27), (90, 27), (78, 28), (79, 28), (80, 28), (91, 28), (76, 29), (77, 29), (92, 29), (73, 30), (74, 30), (75, 30), (70, 31), (71, 31), (72, 31), (91, 31), (67, 32), (68, 32), (69, 32), (66, 34), (90, 34), (65, 37), (89, 37), (88, 39), (64, 40), (63, 42), (87, 42), (62, 45), (86, 45), (61, 48), (85, 48), (83, 50), (84, 50), (85, 50), (60, 51), (81, 51), (82, 51), (78, 52), (79, 52), (80, 52), (59, 53), (60, 53), (75, 53), (76, 53), (77, 53), (61, 54), (73, 54), (74, 54), (62, 55), (70, 55), (71, 55), (72, 55), (63, 56), (67, 56), (68, 56), (69, 56), (64, 57), (65, 57), (66, 57)]
[(111, 22), (112, 22), (113, 22), (109, 23), (110, 23), (114, 23), (106, 24), (107, 24), (108, 24), (103, 25), (104, 25), (105, 25), (101, 26), (102, 26), (98, 27), (99, 27), (100, 27), (95, 28), (96, 28), (97, 28), (92, 29), (93, 29), (94, 29), (91, 31), (90, 34), (114, 34), (113, 36), (89, 37), (88, 39), (112, 39), (87, 42), (111, 42), (86, 45), (110, 45), (108, 47), (109, 47), (110, 47), (85, 48), (106, 48), (107, 48), (103, 49), (104, 49), (105, 49), (84, 50), (85, 50), (100, 50), (101, 50), (102, 50), (86, 51), (98, 51), (99, 51), (87, 52), (95, 52), (96, 52), (97, 52), (88, 53), (92, 53), (93, 53), (94, 53), (89, 54), (90, 54), (91, 54)]
[(108, 47), (109, 47), (110, 47), (106, 48), (107, 48), (111, 48), (103, 49), (104, 49), (105, 49), (112, 49), (100, 50), (101, 50), (102, 50), (113, 50), (98, 51), (99, 51), (114, 51), (95, 52), (96, 52), (97, 52), (92, 53), (93, 53), (94, 53), (113, 53), (89, 54), (90, 54), (91, 54), (88, 56), (112, 56), (87, 59), (111, 59), (110, 61), (86, 62), (85, 64), (109, 64), (84, 67), (108, 67), (83, 70), (107, 70), (105, 72), (106, 72), (107, 72), (82, 73), (103, 73), (104, 73), (100, 74), (101, 74), (102, 74), (81, 75), (82, 75), (97, 75), (98, 75), (99, 75), (83, 76), (95, 76), (96, 76), (84, 77), (92, 77), (93, 77), (94, 77), (85, 78), (89, 78), (90, 78), (91, 78), (86, 79), (87, 79), (88, 79)]
[(114, 51), (113, 53), (112, 56), (111, 59), (110, 61), (109, 64), (108, 67), (107, 70), (106, 72), (107, 72), (108, 73), (109, 74), (110, 75), (114, 75), (111, 76), (112, 76), (113, 76)]
[(114, 75), (111, 76), (112, 76), (113, 76), (110, 78), (109, 81), (108, 84), (107, 86), (106, 89), (105, 92), (104, 95), (103, 97), (104, 97), (105, 98), (106, 99), (114, 99), (107, 100), (111, 100), (112, 100), (113, 100), (108, 101), (109, 101), (110, 101)]
[(36, 31), (37, 31), (38, 31), (34, 32), (35, 32), (39, 32), (31, 33), (32, 33), (33, 33), (40, 33), (28, 34), (29, 34), (30, 34), (41, 34), (26, 35), (27, 35), (42, 35), (23, 36), (24, 36), (25, 36), (20, 37), (21, 37), (22, 37), (41, 37), (17, 38), (18, 38), (19, 38), (16, 40), (40, 40), (15, 43), (39, 43), (38, 45), (14, 46), (13, 48), (37, 48), (12, 51), (36, 51), (11, 54), (35, 54), (33, 56), (34, 56), (35, 56), (10, 57), (31, 57), (32, 57), (28, 58), (29, 58), (30, 58), (9, 59), (10, 59), (25, 59), (26, 59), (27, 59), (11, 60), (23, 60), (24, 60), (12, 61), (20, 61), (21, 61), (22, 61), (13, 62), (17, 62), (18, 62), (19, 62), (14, 63), (15, 63), (16, 63)]
[(61, 28), (62, 28), (63, 28), (59, 29), (60, 29), (64, 29), (56, 30), (57, 30), (58, 30), (65, 30), (53, 31), (54, 31), (55, 31), (66, 31), (51, 32), (52, 32), (67, 32), (48, 33), (49, 33), (50, 33), (45, 34), (46, 34), (47, 34), (66, 34), (42, 35), (43, 35), (44, 35), (41, 37), (65, 37), (40, 40), (64, 40), (63, 42), (39, 43), (38, 45), (62, 45), (37, 48), (61, 48), (36, 51), (60, 51), (58, 53), (59, 53), (60, 53), (35, 54), (56, 54), (57, 54), (53, 55), (54, 55), (55, 55), (34, 56), (35, 56), (50, 56), (51, 56), (52, 56), (36, 57), (48, 57), (49, 57), (37, 58), (45, 58), (46, 58), (47, 58), (38, 59), (42, 59), (43, 59), (44, 59), (39, 60), (40, 60), (41, 60)]
[(58, 53), (59, 53), (60, 53), (56, 54), (57, 54), (61, 54), (53, 55), (54, 55), (55, 55), (62, 55), (50, 56), (51, 56), (52, 56), (63, 56), (48, 57), (49, 57), (64, 57), (45, 58), (46, 58), (47, 58), (42, 59), (43, 59), (44, 59), (63, 59), (39, 60), (40, 60), (41, 60), (38, 62), (62, 62), (37, 65), (61, 65), (60, 67), (36, 68), (35, 70), (59, 70), (34, 73), (58, 73), (33, 76), (57, 76), (55, 78), (56, 78), (57, 78), (32, 79), (53, 79), (54, 79), (50, 80), (51, 80), (52, 80), (31, 81), (32, 81), (47, 81), (48, 81), (49, 81), (33, 82), (45, 82), (46, 82), (34, 83), (42, 83), (43, 83), (44, 83), (35, 84), (39, 84), (40, 84), (41, 84), (36, 85), (37, 85), (38, 85)]
[(83, 50), (84, 50), (85, 50), (81, 51), (82, 51), (86, 51), (78, 52), (79, 52), (80, 52), (87, 52), (75, 53), (76, 53), (77, 53), (88, 53), (73, 54), (74, 54), (89, 54), (70, 55), (71, 55), (72, 55), (67, 56), (68, 56), (69, 56), (88, 56), (64, 57), (65, 57), (66, 57), (63, 59), (87, 59), (62, 62), (86, 62), (85, 64), (61, 65), (60, 67), (84, 67), (59, 70), (83, 70), (58, 73), (82, 73), (80, 75), (81, 75), (82, 75), (57, 76), (78, 76), (79, 76), (75, 77), (76, 77), (77, 77), (56, 78), (57, 78), (72, 78), (73, 78), (74, 78), (58, 79), (70, 79), (71, 79), (59, 80), (67, 80), (68, 80), (69, 80), (60, 81), (64, 81), (65, 81), (66, 81), (61, 82), (62, 82), (63, 82)]
[(80, 75), (81, 75), (82, 75), (78, 76), (79, 76), (83, 76), (75, 77), (76, 77), (77, 77), (84, 77), (72, 78), (73, 78), (74, 78), (85, 78), (70, 79), (71, 79), (86, 79), (67, 80), (68, 80), (69, 80), (64, 81), (65, 81), (66, 81), (85, 81), (61, 82), (62, 82), (63, 82), (60, 84), (84, 84), (59, 87), (83, 87), (82, 89), (58, 90), (57, 92), (81, 92), (56, 95), (80, 95), (55, 98), (79, 98), (77, 100), (78, 100), (79, 100), (54, 101), (75, 101), (76, 101), (72, 102), (73, 102), (74, 102), (53, 103), (54, 103), (69, 103), (70, 103), (71, 103), (55, 104), (67, 104), (68, 104), (56, 105), (64, 105), (65, 105), (66, 105), (57, 106), (61, 106), (62, 106), (63, 106), (58, 107), (59, 107), (60, 107)]
[(105, 72), (106, 72), (107, 72), (103, 73), (104, 73), (108, 73), (100, 74), (101, 74), (102, 74), (109, 74), (97, 75), (98, 75), (99, 75), (110, 75), (95, 76), (96, 76), (111, 76), (92, 77), (93, 77), (94, 77), (89, 78), (90, 78), (91, 78), (110, 78), (86, 79), (87, 79), (88, 79), (85, 81), (109, 81), (84, 84), (108, 84), (107, 86), (83, 87), (82, 89), (106, 89), (81, 92), (105, 92), (80, 95), (104, 95), (102, 97), (103, 97), (104, 97), (79, 98), (100, 98), (101, 98), (97, 99), (98, 99), (99, 99), (78, 100), (79, 100), (94, 100), (95, 100), (96, 100), (80, 101), (92, 101), (93, 101), (81, 102), (89, 102), (90, 102), (91, 102), (82, 103), (86, 103), (87, 103), (88, 103), (83, 104), (84, 104), (85, 104)]
[(102, 97), (103, 97), (104, 97), (100, 98), (101, 98), (105, 98), (97, 99), (98, 99), (99, 99), (106, 99), (94, 100), (95, 100), (96, 100), (107, 100), (92, 101), (93, 101), (108, 101), (89, 102), (90, 102), (91, 102), (86, 103), (87, 103), (88, 103), (107, 103), (83, 104), (84, 104), (85, 104), (82, 106), (106, 106), (81, 109), (105, 109), (104, 111), (80, 112), (79, 114), (103, 114)]
[(114, 99), (111, 100), (112, 100), (113, 100), (108, 101), (109, 101), (110, 101), (107, 103), (106, 106), (105, 109), (104, 111), (103, 114)]
[(8, 59), (9, 59), (10, 59), (6, 60), (7, 60), (11, 60), (3, 61), (4, 61), (5, 61), (12, 61), (0, 62), (1, 62), (2, 62), (13, 62), (14, 63), (13, 65), (12, 68), (11, 71), (10, 73), (9, 76), (8, 79), (7, 82), (5, 84), (6, 84), (7, 84), (3, 85), (4, 85), (0, 86), (1, 86), (2, 86)]
[(33, 56), (34, 56), (35, 56), (31, 57), (32, 57), (36, 57), (28, 58), (29, 58), (30, 58), (37, 58), (25, 59), (26, 59), (27, 59), (38, 59), (23, 60), (24, 60), (39, 60), (20, 61), (21, 61), (22, 61), (17, 62), (18, 62), (19, 62), (38, 62), (14, 63), (15, 63), (16, 63), (13, 65), (37, 65), (12, 68), (36, 68), (35, 70), (11, 71), (10, 73), (34, 73), (9, 76), (33, 76), (8, 79), (32, 79), (30, 81), (31, 81), (32, 81), (7, 82), (28, 82), (29, 82), (25, 83), (26, 83), (27, 83), (6, 84), (7, 84), (22, 84), (23, 84), (24, 84), (8, 85), (20, 85), (21, 85), (9, 86), (17, 86), (18, 86), (19, 86), (10, 87), (14, 87), (15, 87), (16, 87), (11, 88), (12, 88), (13, 88)]
[(30, 81), (31, 81), (32, 81), (28, 82), (29, 82), (33, 82), (25, 83), (26, 83), (27, 83), (34, 83), (22, 84), (23, 84), (24, 84), (35, 84), (20, 85), (21, 85), (36, 85), (17, 86), (18, 86), (19, 86), (14, 87), (15, 87), (16, 87), (35, 87), (11, 88), (12, 88), (13, 88), (10, 90), (34, 90), (9, 93), (33, 93), (32, 95), (8, 96), (7, 98), (31, 98), (6, 101), (30, 101), (5, 104), (29, 104), (27, 106), (28, 106), (29, 106), (4, 107), (25, 107), (26, 107), (22, 108), (23, 108), (24, 108), (3, 109), (4, 109), (19, 109), (20, 109), (21, 109), (5, 110), (17, 110), (18, 110), (6, 111), (14, 111), (15, 111), (16, 111), (7, 112), (11, 112), (12, 112), (13, 112), (8, 113), (9, 113), (10, 113)]
[(55, 78), (56, 78), (57, 78), (53, 79), (54, 79), (58, 79), (50, 80), (51, 80), (52, 80), (59, 80), (47, 81), (48, 81), (49, 81), (60, 81), (45, 82), (46, 82), (61, 82), (42, 83), (43, 83), (44, 83), (39, 84), (40, 84), (41, 84), (60, 84), (36, 85), (37, 85), (38, 85), (35, 87), (59, 87), (34, 90), (58, 90), (57, 92), (33, 93), (32, 95), (56, 95), (31, 98), (55, 98), (30, 101), (54, 101), (52, 103), (53, 103), (54, 103), (29, 104), (50, 104), (51, 104), (47, 105), (48, 105), (49, 105), (28, 106), (29, 106), (44, 106), (45, 106), (46, 106), (30, 107), (42, 107), (43, 107), (31, 108), (39, 108), (40, 108), (41, 108), (32, 109), (36, 109), (37, 109), (38, 109), (33, 110), (34, 110), (35, 110)]
[(52, 103), (53, 103), (54, 103), (50, 104), (51, 104), (55, 104), (47, 105), (48, 105), (49, 105), (56, 105), (44, 106), (45, 106), (46, 106), (57, 106), (42, 107), (43, 107), (58, 107), (39, 108), (40, 108), (41, 108), (36, 109), (37, 109), (38, 109), (57, 109), (33, 110), (34, 110), (35, 110), (32, 112), (56, 112)]
[(77, 100), (78, 100), (79, 100), (75, 101), (76, 101), (80, 101), (72, 102), (73, 102), (74, 102), (81, 102), (69, 103), (70, 103), (71, 103), (82, 103), (67, 104), (68, 104), (83, 104), (64, 105), (65, 105), (66, 105), (61, 106), (62, 106), (63, 106), (82, 106), (58, 107), (59, 107), (60, 107), (57, 109), (81, 109), (56, 112), (80, 112), (79, 114)]
[(5, 84), (6, 84), (7, 84), (3, 85), (4, 85), (8, 85), (0, 86), (1, 86), (2, 86), (9, 86), (10, 87), (11, 88), (10, 90), (9, 93), (8, 96), (7, 98), (6, 101), (5, 104), (4, 107), (2, 109), (3, 109), (4, 109), (0, 110), (1, 110)]
[(2, 109), (3, 109), (4, 109), (0, 110), (1, 110), (5, 110), (6, 111), (7, 112), (8, 113)]
[(27, 106), (28, 106), (29, 106), (25, 107), (26, 107), (30, 107), (22, 108), (23, 108), (24, 108), (31, 108), (19, 109), (20, 109), (21, 109), (32, 109), (17, 110), (18, 110), (33, 110), (14, 111), (15, 111), (16, 111), (11, 112), (12, 112), (13, 112), (32, 112), (8, 113), (9, 113), (10, 113)]
