[(112, 25), (113, 25), (114, 25), (110, 26), (111, 26), (107, 27), (108, 27), (109, 27), (104, 28), (105, 28), (106, 28), (102, 29), (103, 29), (99, 30), (100, 30), (101, 30), (96, 31), (97, 31), (98, 31), (95, 33), (94, 36), (93, 39), (92, 41), (91, 44), (90, 47), (114, 47), (89, 49), (90, 49), (112, 49), (113, 49), (114, 49), (91, 50), (110, 50), (111, 50), (92, 51), (107, 51), (108, 51), (109, 51), (93, 52), (104, 52), (105, 52), (106, 52), (94, 53), (102, 53), (103, 53), (95, 54), (99, 54), (100, 54), (101, 54), (96, 55), (97, 55), (98, 55)]
[(114, 47), (113, 49), (114, 49)]
[(114, 71), (113, 73), (114, 73)]
[(64, 25), (65, 25), (66, 25), (62, 26), (63, 26), (67, 26), (59, 27), (60, 27), (61, 27), (68, 27), (56, 28), (57, 28), (58, 28), (69, 28), (54, 29), (55, 29), (70, 29), (51, 30), (52, 30), (53, 30), (71, 30), (48, 31), (49, 31), (50, 31), (72, 31), (47, 33), (71, 33), (46, 36), (70, 36), (45, 39), (69, 39), (44, 41), (68, 41), (43, 44), (67, 44), (42, 47), (66, 47), (41, 49), (42, 49), (64, 49), (65, 49), (66, 49), (43, 50), (62, 50), (63, 50), (44, 51), (59, 51), (60, 51), (61, 51), (45, 52), (56, 52), (57, 52), (58, 52), (46, 53), (54, 53), (55, 53), (47, 54), (51, 54), (52, 54), (53, 54), (48, 55), (49, 55), (50, 55)]
[(88, 25), (89, 25), (90, 25), (86, 26), (87, 26), (91, 26), (83, 27), (84, 27), (85, 27), (92, 27), (80, 28), (81, 28), (82, 28), (93, 28), (78, 29), (79, 29), (94, 29), (75, 30), (76, 30), (77, 30), (95, 30), (72, 31), (73, 31), (74, 31), (96, 31), (71, 33), (95, 33), (70, 36), (94, 36), (69, 39), (93, 39), (68, 41), (92, 41), (67, 44), (91, 44), (66, 47), (90, 47), (65, 49), (66, 49), (88, 49), (89, 49), (90, 49), (67, 50), (86, 50), (87, 50), (68, 51), (83, 51), (84, 51), (85, 51), (69, 52), (80, 52), (81, 52), (82, 52), (70, 53), (78, 53), (79, 53), (71, 54), (75, 54), (76, 54), (77, 54), (72, 55), (73, 55), (74, 55)]
[(88, 49), (89, 49), (90, 49), (86, 50), (87, 50), (91, 50), (83, 51), (84, 51), (85, 51), (92, 51), (80, 52), (81, 52), (82, 52), (93, 52), (78, 53), (79, 53), (94, 53), (75, 54), (76, 54), (77, 54), (95, 54), (72, 55), (73, 55), (74, 55), (96, 55), (71, 57), (95, 57), (70, 60), (94, 60), (69, 63), (93, 63), (68, 65), (92, 65), (67, 68), (91, 68), (66, 71), (90, 71), (65, 73), (66, 73), (88, 73), (89, 73), (90, 73), (67, 74), (86, 74), (87, 74), (68, 75), (83, 75), (84, 75), (85, 75), (69, 76), (80, 76), (81, 76), (82, 76), (70, 77), (78, 77), (79, 77), (71, 78), (75, 78), (76, 78), (77, 78), (72, 79), (73, 79), (74, 79)]
[(112, 49), (113, 49), (114, 49), (110, 50), (111, 50), (107, 51), (108, 51), (109, 51), (104, 52), (105, 52), (106, 52), (102, 53), (103, 53), (99, 54), (100, 54), (101, 54), (96, 55), (97, 55), (98, 55), (95, 57), (94, 60), (93, 63), (92, 65), (91, 68), (90, 71), (114, 71), (89, 73), (90, 73), (112, 73), (113, 73), (114, 73), (91, 74), (110, 74), (111, 74), (92, 75), (107, 75), (108, 75), (109, 75), (93, 76), (104, 76), (105, 76), (106, 76), (94, 77), (102, 77), (103, 77), (95, 78), (99, 78), (100, 78), (101, 78), (96, 79), (97, 79), (98, 79)]
[(112, 73), (113, 73), (114, 73), (110, 74), (111, 74), (107, 75), (108, 75), (109, 75), (104, 76), (105, 76), (106, 76), (102, 77), (103, 77), (99, 78), (100, 78), (101, 78), (96, 79), (97, 79), (98, 79), (95, 81), (94, 84), (93, 87), (92, 89), (91, 92), (90, 95), (114, 95), (89, 97), (90, 97), (112, 97), (113, 97), (114, 97), (91, 98), (110, 98), (111, 98), (92, 99), (107, 99), (108, 99), (109, 99), (93, 100), (104, 100), (105, 100), (106, 100), (94, 101), (102, 101), (103, 101), (95, 102), (99, 102), (100, 102), (101, 102), (96, 103), (97, 103), (98, 103)]
[(114, 95), (113, 97), (114, 97)]
[(40, 49), (41, 49), (42, 49), (38, 50), (39, 50), (43, 50), (35, 51), (36, 51), (37, 51), (44, 51), (32, 52), (33, 52), (34, 52), (45, 52), (30, 53), (31, 53), (46, 53), (27, 54), (28, 54), (29, 54), (47, 54), (24, 55), (25, 55), (26, 55), (48, 55), (23, 57), (47, 57), (22, 60), (46, 60), (21, 63), (45, 63), (20, 65), (44, 65), (19, 68), (43, 68), (18, 71), (42, 71), (17, 73), (18, 73), (40, 73), (41, 73), (42, 73), (19, 74), (38, 74), (39, 74), (20, 75), (35, 75), (36, 75), (37, 75), (21, 76), (32, 76), (33, 76), (34, 76), (22, 77), (30, 77), (31, 77), (23, 78), (27, 78), (28, 78), (29, 78), (24, 79), (25, 79), (26, 79)]
[(64, 49), (65, 49), (66, 49), (62, 50), (63, 50), (67, 50), (59, 51), (60, 51), (61, 51), (68, 51), (56, 52), (57, 52), (58, 52), (69, 52), (54, 53), (55, 53), (70, 53), (51, 54), (52, 54), (53, 54), (71, 54), (48, 55), (49, 55), (50, 55), (72, 55), (47, 57), (71, 57), (46, 60), (70, 60), (45, 63), (69, 63), (44, 65), (68, 65), (43, 68), (67, 68), (42, 71), (66, 71), (41, 73), (42, 73), (64, 73), (65, 73), (66, 73), (43, 74), (62, 74), (63, 74), (44, 75), (59, 75), (60, 75), (61, 75), (45, 76), (56, 76), (57, 76), (58, 76), (46, 77), (54, 77), (55, 77), (47, 78), (51, 78), (52, 78), (53, 78), (48, 79), (49, 79), (50, 79)]
[(64, 73), (65, 73), (66, 73), (62, 74), (63, 74), (67, 74), (59, 75), (60, 75), (61, 75), (68, 75), (56, 76), (57, 76), (58, 76), (69, 76), (54, 77), (55, 77), (70, 77), (51, 78), (52, 78), (53, 78), (71, 78), (48, 79), (49, 79), (50, 79), (72, 79), (47, 81), (71, 81), (46, 84), (70, 84), (45, 87), (69, 87), (44, 89), (68, 89), (43, 92), (67, 92), (42, 95), (66, 95), (41, 97), (42, 97), (64, 97), (65, 97), (66, 97), (43, 98), (62, 98), (63, 98), (44, 99), (59, 99), (60, 99), (61, 99), (45, 100), (56, 100), (57, 100), (58, 100), (46, 101), (54, 101), (55, 101), (47, 102), (51, 102), (52, 102), (53, 102), (48, 103), (49, 103), (50, 103)]
[(88, 73), (89, 73), (90, 73), (86, 74), (87, 74), (91, 74), (83, 75), (84, 75), (85, 75), (92, 75), (80, 76), (81, 76), (82, 76), (93, 76), (78, 77), (79, 77), (94, 77), (75, 78), (76, 78), (77, 78), (95, 78), (72, 79), (73, 79), (74, 79), (96, 79), (71, 81), (95, 81), (70, 84), (94, 84), (69, 87), (93, 87), (68, 89), (92, 89), (67, 92), (91, 92), (66, 95), (90, 95), (65, 97), (66, 97), (88, 97), (89, 97), (90, 97), (67, 98), (86, 98), (87, 98), (68, 99), (83, 99), (84, 99), (85, 99), (69, 100), (80, 100), (81, 100), (82, 100), (70, 101), (78, 101), (79, 101), (71, 102), (75, 102), (76, 102), (77, 102), (72, 103), (73, 103), (74, 103)]
[(88, 97), (89, 97), (90, 97), (86, 98), (87, 98), (91, 98), (83, 99), (84, 99), (85, 99), (92, 99), (80, 100), (81, 100), (82, 100), (93, 100), (78, 101), (79, 101), (94, 101), (75, 102), (76, 102), (77, 102), (95, 102), (72, 103), (73, 103), (74, 103), (96, 103), (71, 105), (95, 105), (70, 108), (94, 108), (69, 111), (93, 111), (68, 113), (92, 113)]
[(112, 97), (113, 97), (114, 97), (110, 98), (111, 98), (107, 99), (108, 99), (109, 99), (104, 100), (105, 100), (106, 100), (102, 101), (103, 101), (99, 102), (100, 102), (101, 102), (96, 103), (97, 103), (98, 103), (95, 105), (94, 108), (93, 111), (92, 113)]
[(40, 73), (41, 73), (42, 73), (38, 74), (39, 74), (43, 74), (35, 75), (36, 75), (37, 75), (44, 75), (32, 76), (33, 76), (34, 76), (45, 76), (30, 77), (31, 77), (46, 77), (27, 78), (28, 78), (29, 78), (47, 78), (24, 79), (25, 79), (26, 79), (48, 79), (23, 81), (47, 81), (22, 84), (46, 84), (21, 87), (45, 87), (20, 89), (44, 89), (19, 92), (43, 92), (18, 95), (42, 95), (17, 97), (18, 97), (40, 97), (41, 97), (42, 97), (19, 98), (38, 98), (39, 98), (20, 99), (35, 99), (36, 99), (37, 99), (21, 100), (32, 100), (33, 100), (34, 100), (22, 101), (30, 101), (31, 101), (23, 102), (27, 102), (28, 102), (29, 102), (24, 103), (25, 103), (26, 103)]
[(40, 97), (41, 97), (42, 97), (38, 98), (39, 98), (43, 98), (35, 99), (36, 99), (37, 99), (44, 99), (32, 100), (33, 100), (34, 100), (45, 100), (30, 101), (31, 101), (46, 101), (27, 102), (28, 102), (29, 102), (47, 102), (24, 103), (25, 103), (26, 103), (48, 103), (23, 105), (47, 105), (22, 108), (46, 108), (21, 111), (45, 111), (20, 113), (44, 113)]
[(64, 97), (65, 97), (66, 97), (62, 98), (63, 98), (67, 98), (59, 99), (60, 99), (61, 99), (68, 99), (56, 100), (57, 100), (58, 100), (69, 100), (54, 101), (55, 101), (70, 101), (51, 102), (52, 102), (53, 102), (71, 102), (48, 103), (49, 103), (50, 103), (72, 103), (47, 105), (71, 105), (46, 108), (70, 108), (45, 111), (69, 111), (44, 113), (68, 113)]
