[(113, 25), (114, 25), (111, 26), (112, 26), (108, 27), (109, 27), (110, 27), (107, 29), (106, 31), (105, 33), (104, 35), (103, 37), (102, 39), (101, 41), (100, 43), (99, 45), (98, 47), (97, 49), (114, 49), (112, 50), (113, 50), (96, 51), (110, 51), (111, 51), (108, 52), (109, 52), (95, 53), (106, 53), (107, 53), (104, 54), (105, 54), (95, 55), (102, 55), (103, 55), (96, 56), (100, 56), (101, 56), (97, 57), (98, 57), (99, 57)]
[(114, 72), (114, 74)]
[(75, 36), (76, 36), (73, 37), (74, 37), (77, 37), (71, 38), (72, 38), (78, 38), (69, 39), (70, 39), (67, 40), (68, 40), (77, 40), (65, 41), (66, 41), (63, 42), (64, 42), (76, 42), (61, 43), (62, 43), (59, 44), (60, 44), (75, 44), (57, 45), (58, 45), (55, 46), (56, 46), (74, 46), (53, 47), (54, 47), (51, 48), (52, 48), (73, 48), (48, 49), (49, 49), (50, 49), (72, 50), (47, 51), (71, 52), (46, 53), (70, 54), (45, 55), (69, 56), (44, 57), (68, 58), (43, 59), (67, 60), (42, 61), (66, 62), (41, 63), (65, 64), (40, 65), (64, 66), (65, 66), (39, 67), (62, 67), (63, 67), (60, 68), (61, 68), (38, 69), (58, 69), (59, 69), (56, 70), (57, 70), (37, 71), (54, 71), (55, 71), (52, 72), (53, 72), (36, 73), (50, 73), (51, 73), (48, 74), (49, 74), (35, 75), (46, 75), (47, 75), (44, 76), (45, 76), (35, 77), (42, 77), (43, 77), (36, 78), (40, 78), (41, 78), (37, 79), (38, 79), (39, 79)]
[(105, 25), (106, 25), (103, 26), (104, 26), (107, 26), (101, 27), (102, 27), (108, 27), (99, 28), (100, 28), (97, 29), (98, 29), (107, 29), (95, 30), (96, 30), (93, 31), (94, 31), (106, 31), (91, 32), (92, 32), (89, 33), (90, 33), (105, 33), (87, 34), (88, 34), (85, 35), (86, 35), (104, 35), (83, 36), (84, 36), (81, 37), (82, 37), (103, 37), (78, 38), (79, 38), (80, 38), (102, 39), (77, 40), (101, 41), (76, 42), (100, 43), (75, 44), (99, 45), (74, 46), (98, 47), (73, 48), (97, 49), (72, 50), (96, 51), (71, 52), (95, 53), (70, 54), (94, 55), (95, 55), (69, 56), (92, 56), (93, 56), (90, 57), (91, 57), (68, 58), (88, 58), (89, 58), (86, 59), (87, 59), (67, 60), (84, 60), (85, 60), (82, 61), (83, 61), (66, 62), (80, 62), (81, 62), (78, 63), (79, 63), (65, 64), (76, 64), (77, 64), (74, 65), (75, 65), (65, 66), (72, 66), (73, 66), (66, 67), (70, 67), (71, 67), (67, 68), (68, 68), (69, 68)]
[(94, 55), (95, 55), (92, 56), (93, 56), (96, 56), (90, 57), (91, 57), (97, 57), (88, 58), (89, 58), (86, 59), (87, 59), (96, 59), (84, 60), (85, 60), (82, 61), (83, 61), (95, 61), (80, 62), (81, 62), (78, 63), (79, 63), (94, 63), (76, 64), (77, 64), (74, 65), (75, 65), (93, 65), (72, 66), (73, 66), (70, 67), (71, 67), (92, 67), (67, 68), (68, 68), (69, 68), (91, 69), (66, 70), (90, 71), (65, 72), (89, 73), (64, 74), (88, 75), (63, 76), (87, 77), (62, 78), (86, 79), (61, 80), (85, 81), (60, 82), (84, 83), (59, 84), (83, 85), (84, 85), (58, 86), (81, 86), (82, 86), (79, 87), (80, 87), (57, 88), (77, 88), (78, 88), (75, 89), (76, 89), (56, 90), (73, 90), (74, 90), (71, 91), (72, 91), (55, 92), (69, 92), (70, 92), (67, 93), (68, 93), (54, 94), (65, 94), (66, 94), (63, 95), (64, 95), (54, 96), (61, 96), (62, 96), (55, 97), (59, 97), (60, 97), (56, 98), (57, 98), (58, 98)]
[(114, 49), (112, 50), (113, 50), (110, 51), (111, 51), (108, 52), (109, 52), (106, 53), (107, 53), (104, 54), (105, 54), (102, 55), (103, 55), (100, 56), (101, 56), (97, 57), (98, 57), (99, 57), (96, 59), (95, 61), (94, 63), (93, 65), (92, 67), (91, 69), (90, 71), (114, 72), (89, 73), (113, 74), (114, 74), (88, 75), (111, 75), (112, 75), (109, 76), (110, 76), (87, 77), (107, 77), (108, 77), (105, 78), (106, 78), (86, 79), (103, 79), (104, 79), (101, 80), (102, 80), (85, 81), (99, 81), (100, 81), (97, 82), (98, 82), (84, 83), (95, 83), (96, 83), (93, 84), (94, 84), (84, 85), (91, 85), (92, 85), (85, 86), (89, 86), (90, 86), (86, 87), (87, 87), (88, 87)]
[(113, 74), (114, 74), (111, 75), (112, 75), (109, 76), (110, 76), (107, 77), (108, 77), (105, 78), (106, 78), (103, 79), (104, 79), (101, 80), (102, 80), (114, 80), (99, 81), (100, 81), (97, 82), (98, 82), (113, 82), (95, 83), (96, 83), (93, 84), (94, 84), (112, 84), (91, 85), (92, 85), (89, 86), (90, 86), (111, 86), (86, 87), (87, 87), (88, 87), (110, 88), (85, 89), (109, 90), (84, 91), (108, 92), (83, 93), (107, 94), (82, 95), (106, 96), (81, 97), (105, 98), (80, 99), (104, 100), (79, 101), (103, 102), (78, 103), (102, 104), (103, 104), (77, 105), (100, 105), (101, 105), (98, 106), (99, 106), (76, 107), (96, 107), (97, 107), (94, 108), (95, 108), (75, 109), (92, 109), (93, 109), (90, 110), (91, 110), (74, 111), (88, 111), (89, 111), (86, 112), (87, 112), (73, 113), (84, 113), (85, 113), (82, 114), (83, 114)]
[(114, 80), (113, 82), (112, 84), (111, 86), (110, 88), (109, 90), (108, 92), (107, 94), (106, 96), (105, 98), (104, 100), (103, 102), (114, 102), (112, 103), (113, 103), (103, 104), (110, 104), (111, 104), (104, 105), (108, 105), (109, 105), (105, 106), (106, 106), (107, 106)]
[(114, 102), (112, 103), (113, 103), (110, 104), (111, 104), (108, 105), (109, 105), (105, 106), (106, 106), (107, 106), (104, 108), (103, 110), (102, 112), (101, 114)]
[(34, 77), (35, 77), (32, 78), (33, 78), (36, 78), (30, 79), (31, 79), (37, 79), (28, 80), (29, 80), (26, 81), (27, 81), (36, 81), (24, 82), (25, 82), (22, 83), (23, 83), (35, 83), (20, 84), (21, 84), (18, 85), (19, 85), (34, 85), (16, 86), (17, 86), (14, 87), (15, 87), (33, 87), (12, 88), (13, 88), (10, 89), (11, 89), (32, 89), (7, 90), (8, 90), (9, 90), (31, 91), (6, 92), (30, 93), (5, 94), (29, 95), (4, 96), (28, 97), (3, 98), (27, 99), (2, 100), (26, 101), (1, 102), (25, 103), (0, 104), (24, 105), (23, 107), (24, 107), (21, 108), (22, 108), (19, 109), (20, 109), (17, 110), (18, 110), (15, 111), (16, 111), (13, 112), (14, 112), (11, 113), (12, 113), (9, 114), (10, 114)]
[(64, 66), (65, 66), (62, 67), (63, 67), (66, 67), (60, 68), (61, 68), (67, 68), (58, 69), (59, 69), (56, 70), (57, 70), (66, 70), (54, 71), (55, 71), (52, 72), (53, 72), (65, 72), (50, 73), (51, 73), (48, 74), (49, 74), (64, 74), (46, 75), (47, 75), (44, 76), (45, 76), (63, 76), (42, 77), (43, 77), (40, 78), (41, 78), (62, 78), (37, 79), (38, 79), (39, 79), (61, 80), (36, 81), (60, 82), (35, 83), (59, 84), (34, 85), (58, 86), (33, 87), (57, 88), (32, 89), (56, 90), (31, 91), (55, 92), (30, 93), (54, 94), (29, 95), (53, 96), (54, 96), (28, 97), (51, 97), (52, 97), (49, 98), (50, 98), (27, 99), (47, 99), (48, 99), (45, 100), (46, 100), (26, 101), (43, 101), (44, 101), (41, 102), (42, 102), (25, 103), (39, 103), (40, 103), (37, 104), (38, 104), (24, 105), (35, 105), (36, 105), (33, 106), (34, 106), (24, 107), (31, 107), (32, 107), (25, 108), (29, 108), (30, 108), (26, 109), (27, 109), (28, 109)]
[(53, 96), (54, 96), (51, 97), (52, 97), (55, 97), (49, 98), (50, 98), (56, 98), (47, 99), (48, 99), (45, 100), (46, 100), (55, 100), (43, 101), (44, 101), (41, 102), (42, 102), (54, 102), (39, 103), (40, 103), (37, 104), (38, 104), (53, 104), (35, 105), (36, 105), (33, 106), (34, 106), (52, 106), (31, 107), (32, 107), (29, 108), (30, 108), (51, 108), (26, 109), (27, 109), (28, 109), (50, 110), (25, 111), (49, 112), (24, 113), (48, 114)]
[(83, 85), (84, 85), (81, 86), (82, 86), (85, 86), (79, 87), (80, 87), (86, 87), (77, 88), (78, 88), (75, 89), (76, 89), (85, 89), (73, 90), (74, 90), (71, 91), (72, 91), (84, 91), (69, 92), (70, 92), (67, 93), (68, 93), (83, 93), (65, 94), (66, 94), (63, 95), (64, 95), (82, 95), (61, 96), (62, 96), (59, 97), (60, 97), (81, 97), (56, 98), (57, 98), (58, 98), (80, 99), (55, 100), (79, 101), (54, 102), (78, 103), (53, 104), (77, 105), (52, 106), (76, 107), (51, 108), (75, 109), (50, 110), (74, 111), (49, 112), (73, 113), (48, 114)]
[(102, 104), (103, 104), (100, 105), (101, 105), (104, 105), (98, 106), (99, 106), (105, 106), (96, 107), (97, 107), (94, 108), (95, 108), (104, 108), (92, 109), (93, 109), (90, 110), (91, 110), (103, 110), (88, 111), (89, 111), (86, 112), (87, 112), (102, 112), (84, 113), (85, 113), (82, 114), (83, 114), (101, 114)]
[(23, 107), (24, 107), (21, 108), (22, 108), (25, 108), (19, 109), (20, 109), (26, 109), (17, 110), (18, 110), (15, 111), (16, 111), (25, 111), (13, 112), (14, 112), (11, 113), (12, 113), (24, 113), (9, 114), (10, 114)]
