[(83, 18), (84, 18), (85, 18), (79, 19), (80, 19), (81, 19), (82, 19), (86, 19), (76, 20), (77, 20), (78, 20), (87, 20), (72, 21), (73, 21), (74, 21), (75, 21), (88, 21), (68, 22), (69, 22), (70, 22), (71, 22), (87, 24), (67, 25), (86, 28), (66, 29), (85, 31), (65, 32), (84, 35), (64, 36), (82, 38), (83, 38), (84, 38), (64, 39), (78, 39), (79, 39), (80, 39), (81, 39), (65, 40), (75, 40), (76, 40), (77, 40), (66, 41), (71, 41), (72, 41), (73, 41), (74, 41), (67, 42), (68, 42), (69, 42), (70, 42)]
[(103, 17), (104, 17), (105, 17), (99, 18), (100, 18), (101, 18), (102, 18), (106, 18), (96, 19), (97, 19), (98, 19), (107, 19), (92, 20), (93, 20), (94, 20), (95, 20), (108, 20), (88, 21), (89, 21), (90, 21), (91, 21), (107, 23), (87, 24), (106, 27), (86, 28), (105, 30), (85, 31), (104, 34), (84, 35), (102, 37), (103, 37), (104, 37), (84, 38), (98, 38), (99, 38), (100, 38), (101, 38), (85, 39), (95, 39), (96, 39), (97, 39), (86, 40), (91, 40), (92, 40), (93, 40), (94, 40), (87, 41), (88, 41), (89, 41), (90, 41)]
[(102, 37), (103, 37), (104, 37), (98, 38), (99, 38), (100, 38), (101, 38), (105, 38), (95, 39), (96, 39), (97, 39), (106, 39), (91, 40), (92, 40), (93, 40), (94, 40), (107, 40), (87, 41), (88, 41), (89, 41), (90, 41), (106, 43), (86, 44), (105, 47), (85, 48), (104, 50), (84, 51), (103, 54), (83, 55), (101, 57), (102, 57), (103, 57), (83, 58), (97, 58), (98, 58), (99, 58), (100, 58), (84, 59), (94, 59), (95, 59), (96, 59), (85, 60), (90, 60), (91, 60), (92, 60), (93, 60), (86, 61), (87, 61), (88, 61), (89, 61)]
[(111, 39), (112, 39), (113, 39), (114, 39), (107, 40), (108, 40), (109, 40), (110, 40), (106, 43), (105, 47), (104, 50), (103, 54), (103, 57), (104, 58), (114, 58), (105, 59), (110, 59), (111, 59), (112, 59), (113, 59), (106, 60), (107, 60), (108, 60), (109, 60)]
[(114, 58), (110, 59), (111, 59), (112, 59), (113, 59), (106, 60), (107, 60), (108, 60), (109, 60), (105, 63), (104, 67), (103, 70), (102, 74), (102, 77), (103, 78), (113, 78), (114, 78), (104, 79), (109, 79), (110, 79), (111, 79), (112, 79), (105, 80), (106, 80), (107, 80), (108, 80)]
[(43, 20), (44, 20), (45, 20), (39, 21), (40, 21), (41, 21), (42, 21), (46, 21), (36, 22), (37, 22), (38, 22), (47, 22), (32, 23), (33, 23), (34, 23), (35, 23), (48, 23), (28, 24), (29, 24), (30, 24), (31, 24), (47, 26), (27, 27), (46, 30), (26, 31), (45, 33), (25, 34), (44, 37), (24, 38), (42, 40), (43, 40), (44, 40), (24, 41), (38, 41), (39, 41), (40, 41), (41, 41), (25, 42), (35, 42), (36, 42), (37, 42), (26, 43), (31, 43), (32, 43), (33, 43), (34, 43), (27, 44), (28, 44), (29, 44), (30, 44)]
[(63, 19), (64, 19), (65, 19), (59, 20), (60, 20), (61, 20), (62, 20), (66, 20), (56, 21), (57, 21), (58, 21), (67, 21), (52, 22), (53, 22), (54, 22), (55, 22), (68, 22), (48, 23), (49, 23), (50, 23), (51, 23), (67, 25), (47, 26), (66, 29), (46, 30), (65, 32), (45, 33), (64, 36), (44, 37), (62, 39), (63, 39), (64, 39), (44, 40), (58, 40), (59, 40), (60, 40), (61, 40), (45, 41), (55, 41), (56, 41), (57, 41), (46, 42), (51, 42), (52, 42), (53, 42), (54, 42), (47, 43), (48, 43), (49, 43), (50, 43)]
[(62, 39), (63, 39), (64, 39), (58, 40), (59, 40), (60, 40), (61, 40), (65, 40), (55, 41), (56, 41), (57, 41), (66, 41), (51, 42), (52, 42), (53, 42), (54, 42), (67, 42), (47, 43), (48, 43), (49, 43), (50, 43), (66, 45), (46, 46), (65, 49), (45, 50), (64, 52), (44, 53), (63, 56), (43, 57), (61, 59), (62, 59), (63, 59), (43, 60), (57, 60), (58, 60), (59, 60), (60, 60), (44, 61), (54, 61), (55, 61), (56, 61), (45, 62), (50, 62), (51, 62), (52, 62), (53, 62), (46, 63), (47, 63), (48, 63), (49, 63)]
[(82, 38), (83, 38), (84, 38), (78, 39), (79, 39), (80, 39), (81, 39), (85, 39), (75, 40), (76, 40), (77, 40), (86, 40), (71, 41), (72, 41), (73, 41), (74, 41), (87, 41), (67, 42), (68, 42), (69, 42), (70, 42), (86, 44), (66, 45), (85, 48), (65, 49), (84, 51), (64, 52), (83, 55), (63, 56), (81, 58), (82, 58), (83, 58), (63, 59), (77, 59), (78, 59), (79, 59), (80, 59), (64, 60), (74, 60), (75, 60), (76, 60), (65, 61), (70, 61), (71, 61), (72, 61), (73, 61), (66, 62), (67, 62), (68, 62), (69, 62)]
[(81, 58), (82, 58), (83, 58), (77, 59), (78, 59), (79, 59), (80, 59), (84, 59), (74, 60), (75, 60), (76, 60), (85, 60), (70, 61), (71, 61), (72, 61), (73, 61), (86, 61), (66, 62), (67, 62), (68, 62), (69, 62), (85, 64), (65, 65), (84, 68), (64, 69), (83, 71), (63, 72), (82, 75), (62, 76), (80, 78), (81, 78), (82, 78), (62, 79), (76, 79), (77, 79), (78, 79), (79, 79), (63, 80), (73, 80), (74, 80), (75, 80), (64, 81), (69, 81), (70, 81), (71, 81), (72, 81), (65, 82), (66, 82), (67, 82), (68, 82)]
[(101, 57), (102, 57), (103, 57), (97, 58), (98, 58), (99, 58), (100, 58), (104, 58), (94, 59), (95, 59), (96, 59), (105, 59), (90, 60), (91, 60), (92, 60), (93, 60), (106, 60), (86, 61), (87, 61), (88, 61), (89, 61), (105, 63), (85, 64), (104, 67), (84, 68), (103, 70), (83, 71), (102, 74), (82, 75), (100, 77), (101, 77), (102, 77), (82, 78), (96, 78), (97, 78), (98, 78), (99, 78), (83, 79), (93, 79), (94, 79), (95, 79), (84, 80), (89, 80), (90, 80), (91, 80), (92, 80), (85, 81), (86, 81), (87, 81), (88, 81)]
[(100, 77), (101, 77), (102, 77), (96, 78), (97, 78), (98, 78), (99, 78), (103, 78), (93, 79), (94, 79), (95, 79), (104, 79), (89, 80), (90, 80), (91, 80), (92, 80), (105, 80), (85, 81), (86, 81), (87, 81), (88, 81), (104, 83), (84, 84), (103, 87), (83, 88), (102, 90), (82, 91), (101, 94), (81, 95), (99, 97), (100, 97), (101, 97), (81, 98), (95, 98), (96, 98), (97, 98), (98, 98), (82, 99), (92, 99), (93, 99), (94, 99), (83, 100), (88, 100), (89, 100), (90, 100), (91, 100), (84, 101), (85, 101), (86, 101), (87, 101)]
[(113, 78), (114, 78), (109, 79), (110, 79), (111, 79), (112, 79), (105, 80), (106, 80), (107, 80), (108, 80), (104, 83), (103, 87), (102, 90), (101, 94), (101, 97), (102, 98), (112, 98), (113, 98), (114, 98), (103, 99), (108, 99), (109, 99), (110, 99), (111, 99), (104, 100), (105, 100), (106, 100), (107, 100)]
[(112, 98), (113, 98), (114, 98), (108, 99), (109, 99), (110, 99), (111, 99), (104, 100), (105, 100), (106, 100), (107, 100), (103, 103), (102, 107), (101, 110), (100, 114)]
[(22, 41), (23, 41), (24, 41), (18, 42), (19, 42), (20, 42), (21, 42), (25, 42), (15, 43), (16, 43), (17, 43), (26, 43), (11, 44), (12, 44), (13, 44), (14, 44), (27, 44), (7, 45), (8, 45), (9, 45), (10, 45), (26, 47), (6, 48), (25, 51), (5, 52), (24, 54), (4, 55), (23, 58), (3, 59), (21, 61), (22, 61), (23, 61), (3, 62), (17, 62), (18, 62), (19, 62), (20, 62), (4, 63), (14, 63), (15, 63), (16, 63), (5, 64), (10, 64), (11, 64), (12, 64), (13, 64), (6, 65), (7, 65), (8, 65), (9, 65)]
[(42, 40), (43, 40), (44, 40), (38, 41), (39, 41), (40, 41), (41, 41), (45, 41), (35, 42), (36, 42), (37, 42), (46, 42), (31, 43), (32, 43), (33, 43), (34, 43), (47, 43), (27, 44), (28, 44), (29, 44), (30, 44), (46, 46), (26, 47), (45, 50), (25, 51), (44, 53), (24, 54), (43, 57), (23, 58), (41, 60), (42, 60), (43, 60), (23, 61), (37, 61), (38, 61), (39, 61), (40, 61), (24, 62), (34, 62), (35, 62), (36, 62), (25, 63), (30, 63), (31, 63), (32, 63), (33, 63), (26, 64), (27, 64), (28, 64), (29, 64)]
[(41, 60), (42, 60), (43, 60), (37, 61), (38, 61), (39, 61), (40, 61), (44, 61), (34, 62), (35, 62), (36, 62), (45, 62), (30, 63), (31, 63), (32, 63), (33, 63), (46, 63), (26, 64), (27, 64), (28, 64), (29, 64), (45, 66), (25, 67), (44, 70), (24, 71), (43, 73), (23, 74), (42, 77), (22, 78), (40, 80), (41, 80), (42, 80), (22, 81), (36, 81), (37, 81), (38, 81), (39, 81), (23, 82), (33, 82), (34, 82), (35, 82), (24, 83), (29, 83), (30, 83), (31, 83), (32, 83), (25, 84), (26, 84), (27, 84), (28, 84)]
[(61, 59), (62, 59), (63, 59), (57, 60), (58, 60), (59, 60), (60, 60), (64, 60), (54, 61), (55, 61), (56, 61), (65, 61), (50, 62), (51, 62), (52, 62), (53, 62), (66, 62), (46, 63), (47, 63), (48, 63), (49, 63), (65, 65), (45, 66), (64, 69), (44, 70), (63, 72), (43, 73), (62, 76), (42, 77), (60, 79), (61, 79), (62, 79), (42, 80), (56, 80), (57, 80), (58, 80), (59, 80), (43, 81), (53, 81), (54, 81), (55, 81), (44, 82), (49, 82), (50, 82), (51, 82), (52, 82), (45, 83), (46, 83), (47, 83), (48, 83)]
[(60, 79), (61, 79), (62, 79), (56, 80), (57, 80), (58, 80), (59, 80), (63, 80), (53, 81), (54, 81), (55, 81), (64, 81), (49, 82), (50, 82), (51, 82), (52, 82), (65, 82), (45, 83), (46, 83), (47, 83), (48, 83), (64, 85), (44, 86), (63, 89), (43, 90), (62, 92), (42, 93), (61, 96), (41, 97), (59, 99), (60, 99), (61, 99), (41, 100), (55, 100), (56, 100), (57, 100), (58, 100), (42, 101), (52, 101), (53, 101), (54, 101), (43, 102), (48, 102), (49, 102), (50, 102), (51, 102), (44, 103), (45, 103), (46, 103), (47, 103)]
[(80, 78), (81, 78), (82, 78), (76, 79), (77, 79), (78, 79), (79, 79), (83, 79), (73, 80), (74, 80), (75, 80), (84, 80), (69, 81), (70, 81), (71, 81), (72, 81), (85, 81), (65, 82), (66, 82), (67, 82), (68, 82), (84, 84), (64, 85), (83, 88), (63, 89), (82, 91), (62, 92), (81, 95), (61, 96), (79, 98), (80, 98), (81, 98), (61, 99), (75, 99), (76, 99), (77, 99), (78, 99), (62, 100), (72, 100), (73, 100), (74, 100), (63, 101), (68, 101), (69, 101), (70, 101), (71, 101), (64, 102), (65, 102), (66, 102), (67, 102)]
[(79, 98), (80, 98), (81, 98), (75, 99), (76, 99), (77, 99), (78, 99), (82, 99), (72, 100), (73, 100), (74, 100), (83, 100), (68, 101), (69, 101), (70, 101), (71, 101), (84, 101), (64, 102), (65, 102), (66, 102), (67, 102), (83, 104), (63, 105), (82, 108), (62, 109), (81, 111), (61, 112)]
[(99, 97), (100, 97), (101, 97), (95, 98), (96, 98), (97, 98), (98, 98), (102, 98), (92, 99), (93, 99), (94, 99), (103, 99), (88, 100), (89, 100), (90, 100), (91, 100), (104, 100), (84, 101), (85, 101), (86, 101), (87, 101), (103, 103), (83, 104), (102, 107), (82, 108), (101, 110), (81, 111), (100, 114)]
[(21, 61), (22, 61), (23, 61), (17, 62), (18, 62), (19, 62), (20, 62), (24, 62), (14, 63), (15, 63), (16, 63), (25, 63), (10, 64), (11, 64), (12, 64), (13, 64), (26, 64), (6, 65), (7, 65), (8, 65), (9, 65), (25, 67), (5, 68), (24, 71), (4, 72), (23, 74), (3, 75), (22, 78), (2, 79), (20, 81), (21, 81), (22, 81), (2, 82), (16, 82), (17, 82), (18, 82), (19, 82), (3, 83), (13, 83), (14, 83), (15, 83), (4, 84), (9, 84), (10, 84), (11, 84), (12, 84), (5, 85), (6, 85), (7, 85), (8, 85)]
[(20, 81), (21, 81), (22, 81), (16, 82), (17, 82), (18, 82), (19, 82), (23, 82), (13, 83), (14, 83), (15, 83), (24, 83), (9, 84), (10, 84), (11, 84), (12, 84), (25, 84), (5, 85), (6, 85), (7, 85), (8, 85), (24, 87), (4, 88), (23, 91), (3, 92), (22, 94), (2, 95), (21, 98), (1, 99), (19, 101), (20, 101), (21, 101), (1, 102), (15, 102), (16, 102), (17, 102), (18, 102), (2, 103), (12, 103), (13, 103), (14, 103), (3, 104), (8, 104), (9, 104), (10, 104), (11, 104), (4, 105), (5, 105), (6, 105), (7, 105)]
[(40, 80), (41, 80), (42, 80), (36, 81), (37, 81), (38, 81), (39, 81), (43, 81), (33, 82), (34, 82), (35, 82), (44, 82), (29, 83), (30, 83), (31, 83), (32, 83), (45, 83), (25, 84), (26, 84), (27, 84), (28, 84), (44, 86), (24, 87), (43, 90), (23, 91), (42, 93), (22, 94), (41, 97), (21, 98), (39, 100), (40, 100), (41, 100), (21, 101), (35, 101), (36, 101), (37, 101), (38, 101), (22, 102), (32, 102), (33, 102), (34, 102), (23, 103), (28, 103), (29, 103), (30, 103), (31, 103), (24, 104), (25, 104), (26, 104), (27, 104)]
[(39, 100), (40, 100), (41, 100), (35, 101), (36, 101), (37, 101), (38, 101), (42, 101), (32, 102), (33, 102), (34, 102), (43, 102), (28, 103), (29, 103), (30, 103), (31, 103), (44, 103), (24, 104), (25, 104), (26, 104), (27, 104), (43, 106), (23, 107), (42, 110), (22, 111), (41, 113), (21, 114)]
[(59, 99), (60, 99), (61, 99), (55, 100), (56, 100), (57, 100), (58, 100), (62, 100), (52, 101), (53, 101), (54, 101), (63, 101), (48, 102), (49, 102), (50, 102), (51, 102), (64, 102), (44, 103), (45, 103), (46, 103), (47, 103), (63, 105), (43, 106), (62, 109), (42, 110), (61, 112), (41, 113)]
[(19, 101), (20, 101), (21, 101), (15, 102), (16, 102), (17, 102), (18, 102), (22, 102), (12, 103), (13, 103), (14, 103), (23, 103), (8, 104), (9, 104), (10, 104), (11, 104), (24, 104), (4, 105), (5, 105), (6, 105), (7, 105), (23, 107), (3, 108), (22, 111), (2, 112), (21, 114)]
