[(89, 40), (90, 40), (91, 40), (85, 41), (86, 41), (87, 41), (88, 41), (92, 41), (81, 42), (82, 42), (83, 42), (84, 42), (93, 42), (77, 43), (78, 43), (79, 43), (80, 43), (94, 43), (73, 44), (74, 44), (75, 44), (76, 44), (95, 44), (72, 47), (94, 47), (71, 51), (93, 51), (70, 55), (92, 55), (69, 59), (91, 59), (69, 62), (89, 62), (90, 62), (91, 62), (70, 63), (85, 63), (86, 63), (87, 63), (88, 63), (71, 64), (81, 64), (82, 64), (83, 64), (84, 64), (72, 65), (77, 65), (78, 65), (79, 65), (80, 65), (73, 66), (74, 66), (75, 66), (76, 66)]
[(111, 40), (112, 40), (113, 40), (107, 41), (108, 41), (109, 41), (110, 41), (114, 41), (103, 42), (104, 42), (105, 42), (106, 42), (99, 43), (100, 43), (101, 43), (102, 43), (95, 44), (96, 44), (97, 44), (98, 44), (94, 47), (93, 51), (92, 55), (114, 55), (91, 59), (113, 59), (91, 62), (111, 62), (112, 62), (113, 62), (92, 63), (107, 63), (108, 63), (109, 63), (110, 63), (93, 64), (103, 64), (104, 64), (105, 64), (106, 64), (94, 65), (99, 65), (100, 65), (101, 65), (102, 65), (95, 66), (96, 66), (97, 66), (98, 66)]
[(111, 62), (112, 62), (113, 62), (107, 63), (108, 63), (109, 63), (110, 63), (114, 63), (103, 64), (104, 64), (105, 64), (106, 64), (99, 65), (100, 65), (101, 65), (102, 65), (95, 66), (96, 66), (97, 66), (98, 66), (94, 69), (93, 73), (92, 77), (114, 77), (91, 81), (113, 81), (91, 84), (111, 84), (112, 84), (113, 84), (92, 85), (107, 85), (108, 85), (109, 85), (110, 85), (93, 86), (103, 86), (104, 86), (105, 86), (106, 86), (94, 87), (99, 87), (100, 87), (101, 87), (102, 87), (95, 88), (96, 88), (97, 88), (98, 88)]
[(114, 77), (113, 81), (113, 84), (114, 85)]
[(114, 99), (113, 103), (113, 106), (114, 107)]
[(45, 40), (46, 40), (47, 40), (41, 41), (42, 41), (43, 41), (44, 41), (48, 41), (37, 42), (38, 42), (39, 42), (40, 42), (49, 42), (33, 43), (34, 43), (35, 43), (36, 43), (50, 43), (29, 44), (30, 44), (31, 44), (32, 44), (51, 44), (28, 47), (50, 47), (27, 51), (49, 51), (26, 55), (48, 55), (25, 59), (47, 59), (25, 62), (45, 62), (46, 62), (47, 62), (26, 63), (41, 63), (42, 63), (43, 63), (44, 63), (27, 64), (37, 64), (38, 64), (39, 64), (40, 64), (28, 65), (33, 65), (34, 65), (35, 65), (36, 65), (29, 66), (30, 66), (31, 66), (32, 66)]
[(67, 40), (68, 40), (69, 40), (63, 41), (64, 41), (65, 41), (66, 41), (70, 41), (59, 42), (60, 42), (61, 42), (62, 42), (71, 42), (55, 43), (56, 43), (57, 43), (58, 43), (72, 43), (51, 44), (52, 44), (53, 44), (54, 44), (73, 44), (50, 47), (72, 47), (49, 51), (71, 51), (48, 55), (70, 55), (47, 59), (69, 59), (47, 62), (67, 62), (68, 62), (69, 62), (48, 63), (63, 63), (64, 63), (65, 63), (66, 63), (49, 64), (59, 64), (60, 64), (61, 64), (62, 64), (50, 65), (55, 65), (56, 65), (57, 65), (58, 65), (51, 66), (52, 66), (53, 66), (54, 66)]
[(67, 62), (68, 62), (69, 62), (63, 63), (64, 63), (65, 63), (66, 63), (70, 63), (59, 64), (60, 64), (61, 64), (62, 64), (71, 64), (55, 65), (56, 65), (57, 65), (58, 65), (72, 65), (51, 66), (52, 66), (53, 66), (54, 66), (73, 66), (50, 69), (72, 69), (49, 73), (71, 73), (48, 77), (70, 77), (47, 81), (69, 81), (47, 84), (67, 84), (68, 84), (69, 84), (48, 85), (63, 85), (64, 85), (65, 85), (66, 85), (49, 86), (59, 86), (60, 86), (61, 86), (62, 86), (50, 87), (55, 87), (56, 87), (57, 87), (58, 87), (51, 88), (52, 88), (53, 88), (54, 88)]
[(89, 62), (90, 62), (91, 62), (85, 63), (86, 63), (87, 63), (88, 63), (92, 63), (81, 64), (82, 64), (83, 64), (84, 64), (93, 64), (77, 65), (78, 65), (79, 65), (80, 65), (94, 65), (73, 66), (74, 66), (75, 66), (76, 66), (95, 66), (72, 69), (94, 69), (71, 73), (93, 73), (70, 77), (92, 77), (69, 81), (91, 81), (69, 84), (89, 84), (90, 84), (91, 84), (70, 85), (85, 85), (86, 85), (87, 85), (88, 85), (71, 86), (81, 86), (82, 86), (83, 86), (84, 86), (72, 87), (77, 87), (78, 87), (79, 87), (80, 87), (73, 88), (74, 88), (75, 88), (76, 88)]
[(89, 84), (90, 84), (91, 84), (85, 85), (86, 85), (87, 85), (88, 85), (92, 85), (81, 86), (82, 86), (83, 86), (84, 86), (93, 86), (77, 87), (78, 87), (79, 87), (80, 87), (94, 87), (73, 88), (74, 88), (75, 88), (76, 88), (95, 88), (72, 91), (94, 91), (71, 95), (93, 95), (70, 99), (92, 99), (69, 103), (91, 103), (69, 106), (89, 106), (90, 106), (91, 106), (70, 107), (85, 107), (86, 107), (87, 107), (88, 107), (71, 108), (81, 108), (82, 108), (83, 108), (84, 108), (72, 109), (77, 109), (78, 109), (79, 109), (80, 109), (73, 110), (74, 110), (75, 110), (76, 110)]
[(111, 84), (112, 84), (113, 84), (107, 85), (108, 85), (109, 85), (110, 85), (114, 85), (103, 86), (104, 86), (105, 86), (106, 86), (99, 87), (100, 87), (101, 87), (102, 87), (95, 88), (96, 88), (97, 88), (98, 88), (94, 91), (93, 95), (92, 99), (114, 99), (91, 103), (113, 103), (91, 106), (111, 106), (112, 106), (113, 106), (92, 107), (107, 107), (108, 107), (109, 107), (110, 107), (93, 108), (103, 108), (104, 108), (105, 108), (106, 108), (94, 109), (99, 109), (100, 109), (101, 109), (102, 109), (95, 110), (96, 110), (97, 110), (98, 110)]
[(111, 106), (112, 106), (113, 106), (107, 107), (108, 107), (109, 107), (110, 107), (114, 107), (103, 108), (104, 108), (105, 108), (106, 108), (99, 109), (100, 109), (101, 109), (102, 109), (95, 110), (96, 110), (97, 110), (98, 110), (94, 113)]
[(23, 62), (24, 62), (25, 62), (19, 63), (20, 63), (21, 63), (22, 63), (26, 63), (15, 64), (16, 64), (17, 64), (18, 64), (27, 64), (11, 65), (12, 65), (13, 65), (14, 65), (28, 65), (7, 66), (8, 66), (9, 66), (10, 66), (29, 66), (6, 69), (28, 69), (5, 73), (27, 73), (4, 77), (26, 77), (3, 81), (25, 81), (3, 84), (23, 84), (24, 84), (25, 84), (4, 85), (19, 85), (20, 85), (21, 85), (22, 85), (5, 86), (15, 86), (16, 86), (17, 86), (18, 86), (6, 87), (11, 87), (12, 87), (13, 87), (14, 87), (7, 88), (8, 88), (9, 88), (10, 88)]
[(45, 62), (46, 62), (47, 62), (41, 63), (42, 63), (43, 63), (44, 63), (48, 63), (37, 64), (38, 64), (39, 64), (40, 64), (49, 64), (33, 65), (34, 65), (35, 65), (36, 65), (50, 65), (29, 66), (30, 66), (31, 66), (32, 66), (51, 66), (28, 69), (50, 69), (27, 73), (49, 73), (26, 77), (48, 77), (25, 81), (47, 81), (25, 84), (45, 84), (46, 84), (47, 84), (26, 85), (41, 85), (42, 85), (43, 85), (44, 85), (27, 86), (37, 86), (38, 86), (39, 86), (40, 86), (28, 87), (33, 87), (34, 87), (35, 87), (36, 87), (29, 88), (30, 88), (31, 88), (32, 88)]
[(45, 84), (46, 84), (47, 84), (41, 85), (42, 85), (43, 85), (44, 85), (48, 85), (37, 86), (38, 86), (39, 86), (40, 86), (49, 86), (33, 87), (34, 87), (35, 87), (36, 87), (50, 87), (29, 88), (30, 88), (31, 88), (32, 88), (51, 88), (28, 91), (50, 91), (27, 95), (49, 95), (26, 99), (48, 99), (25, 103), (47, 103), (25, 106), (45, 106), (46, 106), (47, 106), (26, 107), (41, 107), (42, 107), (43, 107), (44, 107), (27, 108), (37, 108), (38, 108), (39, 108), (40, 108), (28, 109), (33, 109), (34, 109), (35, 109), (36, 109), (29, 110), (30, 110), (31, 110), (32, 110)]
[(67, 84), (68, 84), (69, 84), (63, 85), (64, 85), (65, 85), (66, 85), (70, 85), (59, 86), (60, 86), (61, 86), (62, 86), (71, 86), (55, 87), (56, 87), (57, 87), (58, 87), (72, 87), (51, 88), (52, 88), (53, 88), (54, 88), (73, 88), (50, 91), (72, 91), (49, 95), (71, 95), (48, 99), (70, 99), (47, 103), (69, 103), (47, 106), (67, 106), (68, 106), (69, 106), (48, 107), (63, 107), (64, 107), (65, 107), (66, 107), (49, 108), (59, 108), (60, 108), (61, 108), (62, 108), (50, 109), (55, 109), (56, 109), (57, 109), (58, 109), (51, 110), (52, 110), (53, 110), (54, 110)]
[(67, 106), (68, 106), (69, 106), (63, 107), (64, 107), (65, 107), (66, 107), (70, 107), (59, 108), (60, 108), (61, 108), (62, 108), (71, 108), (55, 109), (56, 109), (57, 109), (58, 109), (72, 109), (51, 110), (52, 110), (53, 110), (54, 110), (73, 110), (50, 113), (72, 113)]
[(89, 106), (90, 106), (91, 106), (85, 107), (86, 107), (87, 107), (88, 107), (92, 107), (81, 108), (82, 108), (83, 108), (84, 108), (93, 108), (77, 109), (78, 109), (79, 109), (80, 109), (94, 109), (73, 110), (74, 110), (75, 110), (76, 110), (95, 110), (72, 113), (94, 113)]
[(23, 84), (24, 84), (25, 84), (19, 85), (20, 85), (21, 85), (22, 85), (26, 85), (15, 86), (16, 86), (17, 86), (18, 86), (27, 86), (11, 87), (12, 87), (13, 87), (14, 87), (28, 87), (7, 88), (8, 88), (9, 88), (10, 88), (29, 88), (6, 91), (28, 91), (5, 95), (27, 95), (4, 99), (26, 99), (3, 103), (25, 103), (3, 106), (23, 106), (24, 106), (25, 106), (4, 107), (19, 107), (20, 107), (21, 107), (22, 107), (5, 108), (15, 108), (16, 108), (17, 108), (18, 108), (6, 109), (11, 109), (12, 109), (13, 109), (14, 109), (7, 110), (8, 110), (9, 110), (10, 110)]
[(23, 106), (24, 106), (25, 106), (19, 107), (20, 107), (21, 107), (22, 107), (26, 107), (15, 108), (16, 108), (17, 108), (18, 108), (27, 108), (11, 109), (12, 109), (13, 109), (14, 109), (28, 109), (7, 110), (8, 110), (9, 110), (10, 110), (29, 110), (6, 113), (28, 113)]
[(45, 106), (46, 106), (47, 106), (41, 107), (42, 107), (43, 107), (44, 107), (48, 107), (37, 108), (38, 108), (39, 108), (40, 108), (49, 108), (33, 109), (34, 109), (35, 109), (36, 109), (50, 109), (29, 110), (30, 110), (31, 110), (32, 110), (51, 110), (28, 113), (50, 113)]
