[(107, 15), (104, 16), (105, 16), (106, 16), (108, 16), (102, 17), (103, 17), (109, 17), (100, 18), (101, 18), (110, 18), (98, 19), (99, 19), (111, 19), (95, 20), (96, 20), (97, 20), (112, 20), (93, 21), (94, 21), (113, 21), (91, 22), (92, 22), (114, 22), (89, 23), (90, 23), (86, 24), (87, 24), (88, 24), (114, 25), (85, 26), (113, 27), (84, 28), (112, 29), (83, 30), (111, 31), (82, 32), (110, 34), (81, 35), (109, 36), (80, 37), (108, 38), (79, 39), (107, 40), (78, 41), (106, 43), (77, 44), (106, 44), (77, 45), (103, 45), (104, 45), (105, 45), (78, 46), (101, 46), (102, 46), (79, 47), (99, 47), (100, 47), (80, 48), (97, 48), (98, 48), (81, 49), (94, 49), (95, 49), (96, 49), (82, 50), (92, 50), (93, 50), (83, 51), (90, 51), (91, 51), (84, 52), (88, 52), (89, 52), (85, 53), (86, 53), (87, 53)]
[(114, 25), (113, 27), (112, 29), (111, 31), (110, 34), (109, 36), (108, 38), (107, 40), (106, 43), (106, 44), (107, 45), (108, 46), (109, 47), (110, 48), (111, 49), (112, 50), (113, 51), (114, 52)]
[(114, 52), (113, 54), (112, 56), (111, 58), (110, 60), (109, 63), (108, 65), (107, 67), (106, 69), (105, 72), (105, 73), (106, 74), (107, 75), (108, 76), (109, 77), (110, 78), (111, 79), (112, 80), (113, 81), (114, 81)]
[(49, 17), (46, 18), (47, 18), (48, 18), (50, 18), (44, 19), (45, 19), (51, 19), (42, 20), (43, 20), (52, 20), (40, 21), (41, 21), (53, 21), (37, 22), (38, 22), (39, 22), (54, 22), (35, 23), (36, 23), (55, 23), (33, 24), (34, 24), (56, 24), (31, 25), (32, 25), (57, 25), (28, 26), (29, 26), (30, 26), (56, 27), (27, 28), (55, 29), (26, 30), (54, 31), (25, 32), (53, 33), (24, 34), (52, 36), (23, 37), (51, 38), (22, 39), (50, 40), (21, 41), (49, 42), (20, 43), (48, 45), (19, 46), (48, 46), (19, 47), (45, 47), (46, 47), (47, 47), (20, 48), (43, 48), (44, 48), (21, 49), (41, 49), (42, 49), (22, 50), (39, 50), (40, 50), (23, 51), (36, 51), (37, 51), (38, 51), (24, 52), (34, 52), (35, 52), (25, 53), (32, 53), (33, 53), (26, 54), (30, 54), (31, 54), (27, 55), (28, 55), (29, 55)]
[(78, 16), (75, 17), (76, 17), (77, 17), (79, 17), (73, 18), (74, 18), (80, 18), (71, 19), (72, 19), (81, 19), (69, 20), (70, 20), (82, 20), (66, 21), (67, 21), (68, 21), (83, 21), (64, 22), (65, 22), (84, 22), (62, 23), (63, 23), (85, 23), (60, 24), (61, 24), (86, 24), (57, 25), (58, 25), (59, 25), (85, 26), (56, 27), (84, 28), (55, 29), (83, 30), (54, 31), (82, 32), (53, 33), (81, 35), (52, 36), (80, 37), (51, 38), (79, 39), (50, 40), (78, 41), (49, 42), (77, 44), (48, 45), (77, 45), (48, 46), (74, 46), (75, 46), (76, 46), (49, 47), (72, 47), (73, 47), (50, 48), (70, 48), (71, 48), (51, 49), (68, 49), (69, 49), (52, 50), (65, 50), (66, 50), (67, 50), (53, 51), (63, 51), (64, 51), (54, 52), (61, 52), (62, 52), (55, 53), (59, 53), (60, 53), (56, 54), (57, 54), (58, 54)]
[(77, 45), (74, 46), (75, 46), (76, 46), (78, 46), (72, 47), (73, 47), (79, 47), (70, 48), (71, 48), (80, 48), (68, 49), (69, 49), (81, 49), (65, 50), (66, 50), (67, 50), (82, 50), (63, 51), (64, 51), (83, 51), (61, 52), (62, 52), (84, 52), (59, 53), (60, 53), (85, 53), (56, 54), (57, 54), (58, 54), (84, 55), (55, 56), (83, 57), (54, 58), (82, 59), (53, 60), (81, 61), (52, 62), (80, 64), (51, 65), (79, 66), (50, 67), (78, 68), (49, 69), (77, 70), (48, 71), (76, 73), (47, 74), (76, 74), (47, 75), (73, 75), (74, 75), (75, 75), (48, 76), (71, 76), (72, 76), (49, 77), (69, 77), (70, 77), (50, 78), (67, 78), (68, 78), (51, 79), (64, 79), (65, 79), (66, 79), (52, 80), (62, 80), (63, 80), (53, 81), (60, 81), (61, 81), (54, 82), (58, 82), (59, 82), (55, 83), (56, 83), (57, 83)]
[(106, 44), (103, 45), (104, 45), (105, 45), (107, 45), (101, 46), (102, 46), (108, 46), (99, 47), (100, 47), (109, 47), (97, 48), (98, 48), (110, 48), (94, 49), (95, 49), (96, 49), (111, 49), (92, 50), (93, 50), (112, 50), (90, 51), (91, 51), (113, 51), (88, 52), (89, 52), (114, 52), (85, 53), (86, 53), (87, 53), (113, 54), (84, 55), (112, 56), (83, 57), (111, 58), (82, 59), (110, 60), (81, 61), (109, 63), (80, 64), (108, 65), (79, 66), (107, 67), (78, 68), (106, 69), (77, 70), (105, 72), (76, 73), (105, 73), (76, 74), (102, 74), (103, 74), (104, 74), (77, 75), (100, 75), (101, 75), (78, 76), (98, 76), (99, 76), (79, 77), (96, 77), (97, 77), (80, 78), (93, 78), (94, 78), (95, 78), (81, 79), (91, 79), (92, 79), (82, 80), (89, 80), (90, 80), (83, 81), (87, 81), (88, 81), (84, 82), (85, 82), (86, 82)]
[(105, 73), (102, 74), (103, 74), (104, 74), (106, 74), (100, 75), (101, 75), (107, 75), (98, 76), (99, 76), (108, 76), (96, 77), (97, 77), (109, 77), (93, 78), (94, 78), (95, 78), (110, 78), (91, 79), (92, 79), (111, 79), (89, 80), (90, 80), (112, 80), (87, 81), (88, 81), (113, 81), (84, 82), (85, 82), (86, 82), (112, 83), (83, 84), (111, 85), (82, 86), (110, 87), (81, 88), (109, 89), (80, 90), (108, 92), (79, 93), (107, 94), (78, 95), (106, 96), (77, 97), (105, 98), (76, 99), (104, 101), (75, 102), (104, 102), (75, 103), (101, 103), (102, 103), (103, 103), (76, 104), (99, 104), (100, 104), (77, 105), (97, 105), (98, 105), (78, 106), (95, 106), (96, 106), (79, 107), (92, 107), (93, 107), (94, 107), (80, 108), (90, 108), (91, 108), (81, 109), (88, 109), (89, 109), (82, 110), (86, 110), (87, 110), (83, 111), (84, 111), (85, 111)]
[(113, 81), (114, 81), (112, 83), (111, 85), (110, 87), (109, 89), (108, 92), (107, 94), (106, 96), (105, 98), (104, 101), (104, 102), (105, 103), (106, 104), (107, 105), (108, 106), (109, 107), (110, 108), (111, 109), (112, 110), (113, 110), (114, 110)]
[(112, 110), (113, 110), (114, 110), (111, 112), (110, 114)]
[(19, 47), (16, 48), (17, 48), (18, 48), (20, 48), (14, 49), (15, 49), (21, 49), (12, 50), (13, 50), (22, 50), (10, 51), (11, 51), (23, 51), (7, 52), (8, 52), (9, 52), (24, 52), (5, 53), (6, 53), (25, 53), (3, 54), (4, 54), (26, 54), (1, 55), (2, 55), (27, 55), (0, 56), (26, 57), (25, 59), (24, 61), (23, 63), (22, 66), (21, 68), (20, 70), (19, 72), (18, 75), (18, 76), (15, 77), (16, 77), (17, 77), (13, 78), (14, 78), (11, 79), (12, 79), (9, 80), (10, 80), (6, 81), (7, 81), (8, 81), (4, 82), (5, 82), (2, 83), (3, 83), (0, 84), (1, 84)]
[(48, 46), (45, 47), (46, 47), (47, 47), (49, 47), (43, 48), (44, 48), (50, 48), (41, 49), (42, 49), (51, 49), (39, 50), (40, 50), (52, 50), (36, 51), (37, 51), (38, 51), (53, 51), (34, 52), (35, 52), (54, 52), (32, 53), (33, 53), (55, 53), (30, 54), (31, 54), (56, 54), (27, 55), (28, 55), (29, 55), (55, 56), (26, 57), (54, 58), (25, 59), (53, 60), (24, 61), (52, 62), (23, 63), (51, 65), (22, 66), (50, 67), (21, 68), (49, 69), (20, 70), (48, 71), (19, 72), (47, 74), (18, 75), (47, 75), (18, 76), (44, 76), (45, 76), (46, 76), (19, 77), (42, 77), (43, 77), (20, 78), (40, 78), (41, 78), (21, 79), (38, 79), (39, 79), (22, 80), (35, 80), (36, 80), (37, 80), (23, 81), (33, 81), (34, 81), (24, 82), (31, 82), (32, 82), (25, 83), (29, 83), (30, 83), (26, 84), (27, 84), (28, 84)]
[(47, 75), (44, 76), (45, 76), (46, 76), (48, 76), (42, 77), (43, 77), (49, 77), (40, 78), (41, 78), (50, 78), (38, 79), (39, 79), (51, 79), (35, 80), (36, 80), (37, 80), (52, 80), (33, 81), (34, 81), (53, 81), (31, 82), (32, 82), (54, 82), (29, 83), (30, 83), (55, 83), (26, 84), (27, 84), (28, 84), (54, 85), (25, 86), (53, 87), (24, 88), (52, 89), (23, 90), (51, 91), (22, 92), (50, 94), (21, 95), (49, 96), (20, 97), (48, 98), (19, 99), (47, 100), (18, 101), (46, 103), (17, 104), (46, 104), (17, 105), (43, 105), (44, 105), (45, 105), (18, 106), (41, 106), (42, 106), (19, 107), (39, 107), (40, 107), (20, 108), (37, 108), (38, 108), (21, 109), (34, 109), (35, 109), (36, 109), (22, 110), (32, 110), (33, 110), (23, 111), (30, 111), (31, 111), (24, 112), (28, 112), (29, 112), (25, 113), (26, 113), (27, 113)]
[(76, 74), (73, 75), (74, 75), (75, 75), (77, 75), (71, 76), (72, 76), (78, 76), (69, 77), (70, 77), (79, 77), (67, 78), (68, 78), (80, 78), (64, 79), (65, 79), (66, 79), (81, 79), (62, 80), (63, 80), (82, 80), (60, 81), (61, 81), (83, 81), (58, 82), (59, 82), (84, 82), (55, 83), (56, 83), (57, 83), (83, 84), (54, 85), (82, 86), (53, 87), (81, 88), (52, 89), (80, 90), (51, 91), (79, 93), (50, 94), (78, 95), (49, 96), (77, 97), (48, 98), (76, 99), (47, 100), (75, 102), (46, 103), (75, 103), (46, 104), (72, 104), (73, 104), (74, 104), (47, 105), (70, 105), (71, 105), (48, 106), (68, 106), (69, 106), (49, 107), (66, 107), (67, 107), (50, 108), (63, 108), (64, 108), (65, 108), (51, 109), (61, 109), (62, 109), (52, 110), (59, 110), (60, 110), (53, 111), (57, 111), (58, 111), (54, 112), (55, 112), (56, 112)]
[(75, 103), (72, 104), (73, 104), (74, 104), (76, 104), (70, 105), (71, 105), (77, 105), (68, 106), (69, 106), (78, 106), (66, 107), (67, 107), (79, 107), (63, 108), (64, 108), (65, 108), (80, 108), (61, 109), (62, 109), (81, 109), (59, 110), (60, 110), (82, 110), (57, 111), (58, 111), (83, 111), (54, 112), (55, 112), (56, 112), (82, 113), (53, 114)]
[(104, 102), (101, 103), (102, 103), (103, 103), (105, 103), (99, 104), (100, 104), (106, 104), (97, 105), (98, 105), (107, 105), (95, 106), (96, 106), (108, 106), (92, 107), (93, 107), (94, 107), (109, 107), (90, 108), (91, 108), (110, 108), (88, 109), (89, 109), (111, 109), (86, 110), (87, 110), (112, 110), (83, 111), (84, 111), (85, 111), (111, 112), (82, 113), (110, 114)]
[(18, 76), (15, 77), (16, 77), (17, 77), (19, 77), (13, 78), (14, 78), (20, 78), (11, 79), (12, 79), (21, 79), (9, 80), (10, 80), (22, 80), (6, 81), (7, 81), (8, 81), (23, 81), (4, 82), (5, 82), (24, 82), (2, 83), (3, 83), (25, 83), (0, 84), (1, 84), (26, 84), (25, 86), (24, 88), (23, 90), (22, 92), (21, 95), (20, 97), (19, 99), (18, 101), (17, 104), (17, 105), (14, 106), (15, 106), (16, 106), (12, 107), (13, 107), (10, 108), (11, 108), (8, 109), (9, 109), (5, 110), (6, 110), (7, 110), (3, 111), (4, 111), (1, 112), (2, 112), (0, 113)]
[(17, 105), (14, 106), (15, 106), (16, 106), (18, 106), (12, 107), (13, 107), (19, 107), (10, 108), (11, 108), (20, 108), (8, 109), (9, 109), (21, 109), (5, 110), (6, 110), (7, 110), (22, 110), (3, 111), (4, 111), (23, 111), (1, 112), (2, 112), (24, 112), (0, 113), (25, 113)]
[(46, 104), (43, 105), (44, 105), (45, 105), (47, 105), (41, 106), (42, 106), (48, 106), (39, 107), (40, 107), (49, 107), (37, 108), (38, 108), (50, 108), (34, 109), (35, 109), (36, 109), (51, 109), (32, 110), (33, 110), (52, 110), (30, 111), (31, 111), (53, 111), (28, 112), (29, 112), (54, 112), (25, 113), (26, 113), (27, 113), (53, 114)]
