[(100, 40), (101, 40), (98, 41), (99, 41), (102, 41), (95, 42), (96, 42), (97, 42), (103, 42), (93, 43), (94, 43), (104, 43), (90, 44), (91, 44), (92, 44), (105, 44), (88, 45), (89, 45), (106, 45), (85, 46), (86, 46), (87, 46), (107, 46), (82, 47), (83, 47), (84, 47), (106, 48), (81, 49), (105, 51), (80, 52), (104, 53), (79, 54), (103, 56), (78, 57), (102, 58), (77, 59), (101, 61), (76, 62), (100, 63), (75, 64), (99, 65), (100, 65), (75, 66), (97, 66), (98, 66), (76, 67), (94, 67), (95, 67), (96, 67), (77, 68), (92, 68), (93, 68), (78, 69), (89, 69), (90, 69), (91, 69), (79, 70), (87, 70), (88, 70), (80, 71), (84, 71), (85, 71), (86, 71), (81, 72), (82, 72), (83, 72)]
[(113, 44), (114, 44), (110, 45), (111, 45), (112, 45), (107, 46), (108, 46), (109, 46), (106, 48), (105, 51), (104, 53), (103, 56), (102, 58), (101, 61), (100, 63), (100, 65), (101, 66), (102, 67), (103, 68), (114, 68), (104, 69), (112, 69), (113, 69), (105, 70), (109, 70), (110, 70), (111, 70), (106, 71), (107, 71), (108, 71)]
[(114, 68), (112, 69), (113, 69), (109, 70), (110, 70), (111, 70), (106, 71), (107, 71), (108, 71), (105, 73), (104, 76), (103, 78), (102, 81), (101, 83), (100, 86), (99, 88), (99, 90), (100, 91), (101, 92), (102, 93), (113, 93), (114, 93), (103, 94), (111, 94), (112, 94), (104, 95), (108, 95), (109, 95), (110, 95), (105, 96), (106, 96), (107, 96)]
[(50, 42), (51, 42), (48, 43), (49, 43), (52, 43), (45, 44), (46, 44), (47, 44), (53, 44), (43, 45), (44, 45), (54, 45), (40, 46), (41, 46), (42, 46), (55, 46), (38, 47), (39, 47), (56, 47), (35, 48), (36, 48), (37, 48), (57, 48), (32, 49), (33, 49), (34, 49), (56, 50), (31, 51), (55, 53), (30, 54), (54, 55), (29, 56), (53, 58), (28, 59), (52, 60), (27, 61), (51, 63), (26, 64), (50, 65), (25, 66), (49, 67), (50, 67), (25, 68), (47, 68), (48, 68), (26, 69), (44, 69), (45, 69), (46, 69), (27, 70), (42, 70), (43, 70), (28, 71), (39, 71), (40, 71), (41, 71), (29, 72), (37, 72), (38, 72), (30, 73), (34, 73), (35, 73), (36, 73), (31, 74), (32, 74), (33, 74)]
[(75, 41), (76, 41), (73, 42), (74, 42), (77, 42), (70, 43), (71, 43), (72, 43), (78, 43), (68, 44), (69, 44), (79, 44), (65, 45), (66, 45), (67, 45), (80, 45), (63, 46), (64, 46), (81, 46), (60, 47), (61, 47), (62, 47), (82, 47), (57, 48), (58, 48), (59, 48), (81, 49), (56, 50), (80, 52), (55, 53), (79, 54), (54, 55), (78, 57), (53, 58), (77, 59), (52, 60), (76, 62), (51, 63), (75, 64), (50, 65), (74, 66), (75, 66), (50, 67), (72, 67), (73, 67), (51, 68), (69, 68), (70, 68), (71, 68), (52, 69), (67, 69), (68, 69), (53, 70), (64, 70), (65, 70), (66, 70), (54, 71), (62, 71), (63, 71), (55, 72), (59, 72), (60, 72), (61, 72), (56, 73), (57, 73), (58, 73)]
[(74, 66), (75, 66), (72, 67), (73, 67), (76, 67), (69, 68), (70, 68), (71, 68), (77, 68), (67, 69), (68, 69), (78, 69), (64, 70), (65, 70), (66, 70), (79, 70), (62, 71), (63, 71), (80, 71), (59, 72), (60, 72), (61, 72), (81, 72), (56, 73), (57, 73), (58, 73), (80, 74), (55, 75), (79, 77), (54, 78), (78, 79), (53, 80), (77, 82), (52, 83), (76, 84), (51, 85), (75, 87), (50, 88), (74, 89), (49, 90), (73, 91), (74, 91), (49, 92), (71, 92), (72, 92), (50, 93), (68, 93), (69, 93), (70, 93), (51, 94), (66, 94), (67, 94), (52, 95), (63, 95), (64, 95), (65, 95), (53, 96), (61, 96), (62, 96), (54, 97), (58, 97), (59, 97), (60, 97), (55, 98), (56, 98), (57, 98)]
[(99, 65), (100, 65), (97, 66), (98, 66), (101, 66), (94, 67), (95, 67), (96, 67), (102, 67), (92, 68), (93, 68), (103, 68), (89, 69), (90, 69), (91, 69), (104, 69), (87, 70), (88, 70), (105, 70), (84, 71), (85, 71), (86, 71), (106, 71), (81, 72), (82, 72), (83, 72), (105, 73), (80, 74), (104, 76), (79, 77), (103, 78), (78, 79), (102, 81), (77, 82), (101, 83), (76, 84), (100, 86), (75, 87), (99, 88), (74, 89), (98, 90), (99, 90), (74, 91), (96, 91), (97, 91), (75, 92), (93, 92), (94, 92), (95, 92), (76, 93), (91, 93), (92, 93), (77, 94), (88, 94), (89, 94), (90, 94), (78, 95), (86, 95), (87, 95), (79, 96), (83, 96), (84, 96), (85, 96), (80, 97), (81, 97), (82, 97)]
[(98, 90), (99, 90), (96, 91), (97, 91), (100, 91), (93, 92), (94, 92), (95, 92), (101, 92), (91, 93), (92, 93), (102, 93), (88, 94), (89, 94), (90, 94), (103, 94), (86, 95), (87, 95), (104, 95), (83, 96), (84, 96), (85, 96), (105, 96), (80, 97), (81, 97), (82, 97), (104, 98), (79, 99), (103, 101), (78, 102), (102, 103), (77, 104), (101, 106), (76, 107), (100, 108), (75, 109), (99, 111), (74, 112), (98, 113), (73, 114)]
[(113, 93), (114, 93), (111, 94), (112, 94), (108, 95), (109, 95), (110, 95), (105, 96), (106, 96), (107, 96), (104, 98), (103, 101), (102, 103), (101, 106), (100, 108), (99, 111), (98, 113)]
[(24, 68), (25, 68), (22, 69), (23, 69), (26, 69), (19, 70), (20, 70), (21, 70), (27, 70), (17, 71), (18, 71), (28, 71), (14, 72), (15, 72), (16, 72), (29, 72), (12, 73), (13, 73), (30, 73), (9, 74), (10, 74), (11, 74), (31, 74), (6, 75), (7, 75), (8, 75), (30, 76), (5, 77), (29, 79), (4, 80), (28, 81), (3, 82), (27, 84), (2, 85), (26, 86), (1, 87), (25, 89), (0, 90), (24, 91), (23, 93), (24, 93), (21, 94), (22, 94), (0, 95), (18, 95), (19, 95), (20, 95), (1, 96), (16, 96), (17, 96), (2, 97), (13, 97), (14, 97), (15, 97), (3, 98), (11, 98), (12, 98), (4, 99), (8, 99), (9, 99), (10, 99), (5, 100), (6, 100), (7, 100)]
[(49, 67), (50, 67), (47, 68), (48, 68), (51, 68), (44, 69), (45, 69), (46, 69), (52, 69), (42, 70), (43, 70), (53, 70), (39, 71), (40, 71), (41, 71), (54, 71), (37, 72), (38, 72), (55, 72), (34, 73), (35, 73), (36, 73), (56, 73), (31, 74), (32, 74), (33, 74), (55, 75), (30, 76), (54, 78), (29, 79), (53, 80), (28, 81), (52, 83), (27, 84), (51, 85), (26, 86), (50, 88), (25, 89), (49, 90), (24, 91), (48, 92), (49, 92), (24, 93), (46, 93), (47, 93), (25, 94), (43, 94), (44, 94), (45, 94), (26, 95), (41, 95), (42, 95), (27, 96), (38, 96), (39, 96), (40, 96), (28, 97), (36, 97), (37, 97), (29, 98), (33, 98), (34, 98), (35, 98), (30, 99), (31, 99), (32, 99)]
[(48, 92), (49, 92), (46, 93), (47, 93), (50, 93), (43, 94), (44, 94), (45, 94), (51, 94), (41, 95), (42, 95), (52, 95), (38, 96), (39, 96), (40, 96), (53, 96), (36, 97), (37, 97), (54, 97), (33, 98), (34, 98), (35, 98), (55, 98), (30, 99), (31, 99), (32, 99), (54, 100), (29, 101), (53, 103), (28, 104), (52, 105), (27, 106), (51, 108), (26, 109), (50, 110), (25, 111), (49, 113), (24, 114)]
[(73, 91), (74, 91), (71, 92), (72, 92), (75, 92), (68, 93), (69, 93), (70, 93), (76, 93), (66, 94), (67, 94), (77, 94), (63, 95), (64, 95), (65, 95), (78, 95), (61, 96), (62, 96), (79, 96), (58, 97), (59, 97), (60, 97), (80, 97), (55, 98), (56, 98), (57, 98), (79, 99), (54, 100), (78, 102), (53, 103), (77, 104), (52, 105), (76, 107), (51, 108), (75, 109), (50, 110), (74, 112), (49, 113), (73, 114)]
[(23, 93), (24, 93), (21, 94), (22, 94), (25, 94), (18, 95), (19, 95), (20, 95), (26, 95), (16, 96), (17, 96), (27, 96), (13, 97), (14, 97), (15, 97), (28, 97), (11, 98), (12, 98), (29, 98), (8, 99), (9, 99), (10, 99), (30, 99), (5, 100), (6, 100), (7, 100), (29, 101), (4, 102), (28, 104), (3, 105), (27, 106), (2, 107), (26, 109), (1, 110), (25, 111), (0, 112), (24, 114)]
