[(90, 39), (91, 39), (87, 40), (88, 40), (89, 40), (92, 40), (84, 41), (85, 41), (86, 41), (93, 41), (82, 42), (83, 42), (94, 42), (79, 43), (80, 43), (81, 43), (95, 43), (76, 44), (77, 44), (78, 44), (96, 44), (97, 45), (75, 46), (96, 47), (74, 49), (95, 50), (73, 52), (94, 53), (72, 54), (93, 55), (71, 57), (92, 58), (71, 59), (72, 60), (91, 60), (92, 60), (73, 61), (88, 61), (89, 61), (90, 61), (74, 62), (85, 62), (86, 62), (87, 62), (75, 63), (83, 63), (84, 63), (76, 64), (80, 64), (81, 64), (82, 64), (77, 65), (78, 65), (79, 65)]
[(111, 40), (112, 40), (108, 41), (109, 41), (110, 41), (113, 41), (105, 42), (106, 42), (107, 42), (114, 42), (103, 43), (104, 43), (100, 44), (101, 44), (102, 44), (97, 45), (98, 45), (99, 45), (96, 47), (95, 50), (94, 53), (93, 55), (114, 56), (92, 58), (113, 59), (92, 60), (93, 61), (112, 61), (113, 61), (94, 62), (109, 62), (110, 62), (111, 62), (95, 63), (106, 63), (107, 63), (108, 63), (96, 64), (104, 64), (105, 64), (97, 65), (101, 65), (102, 65), (103, 65), (98, 66), (99, 66), (100, 66)]
[(112, 61), (113, 61), (109, 62), (110, 62), (111, 62), (114, 62), (106, 63), (107, 63), (108, 63), (104, 64), (105, 64), (101, 65), (102, 65), (103, 65), (98, 66), (99, 66), (100, 66), (97, 68), (96, 71), (95, 74), (94, 76), (93, 79), (114, 80), (93, 81), (94, 82), (113, 82), (114, 82), (95, 83), (110, 83), (111, 83), (112, 83), (96, 84), (107, 84), (108, 84), (109, 84), (97, 85), (105, 85), (106, 85), (98, 86), (102, 86), (103, 86), (104, 86), (99, 87), (100, 87), (101, 87)]
[(114, 80), (114, 82)]
[(48, 37), (49, 37), (45, 38), (46, 38), (47, 38), (50, 38), (42, 39), (43, 39), (44, 39), (51, 39), (40, 40), (41, 40), (52, 40), (37, 41), (38, 41), (39, 41), (53, 41), (34, 42), (35, 42), (36, 42), (54, 42), (55, 43), (33, 44), (54, 45), (32, 47), (53, 48), (31, 50), (52, 51), (30, 52), (51, 53), (29, 55), (50, 56), (29, 57), (30, 58), (49, 58), (50, 58), (31, 59), (46, 59), (47, 59), (48, 59), (32, 60), (43, 60), (44, 60), (45, 60), (33, 61), (41, 61), (42, 61), (34, 62), (38, 62), (39, 62), (40, 62), (35, 63), (36, 63), (37, 63)]
[(69, 38), (70, 38), (66, 39), (67, 39), (68, 39), (71, 39), (63, 40), (64, 40), (65, 40), (72, 40), (61, 41), (62, 41), (73, 41), (58, 42), (59, 42), (60, 42), (74, 42), (55, 43), (56, 43), (57, 43), (75, 43), (76, 44), (54, 45), (75, 46), (53, 48), (74, 49), (52, 51), (73, 52), (51, 53), (72, 54), (50, 56), (71, 57), (50, 58), (51, 59), (70, 59), (71, 59), (52, 60), (67, 60), (68, 60), (69, 60), (53, 61), (64, 61), (65, 61), (66, 61), (54, 62), (62, 62), (63, 62), (55, 63), (59, 63), (60, 63), (61, 63), (56, 64), (57, 64), (58, 64)]
[(70, 59), (71, 59), (67, 60), (68, 60), (69, 60), (72, 60), (64, 61), (65, 61), (66, 61), (73, 61), (62, 62), (63, 62), (74, 62), (59, 63), (60, 63), (61, 63), (75, 63), (56, 64), (57, 64), (58, 64), (76, 64), (77, 65), (55, 66), (76, 67), (54, 69), (75, 70), (53, 72), (74, 73), (52, 74), (73, 75), (51, 77), (72, 78), (51, 79), (52, 80), (71, 80), (72, 80), (53, 81), (68, 81), (69, 81), (70, 81), (54, 82), (65, 82), (66, 82), (67, 82), (55, 83), (63, 83), (64, 83), (56, 84), (60, 84), (61, 84), (62, 84), (57, 85), (58, 85), (59, 85)]
[(91, 60), (92, 60), (88, 61), (89, 61), (90, 61), (93, 61), (85, 62), (86, 62), (87, 62), (94, 62), (83, 63), (84, 63), (95, 63), (80, 64), (81, 64), (82, 64), (96, 64), (77, 65), (78, 65), (79, 65), (97, 65), (98, 66), (76, 67), (97, 68), (75, 70), (96, 71), (74, 73), (95, 74), (73, 75), (94, 76), (72, 78), (93, 79), (72, 80), (73, 81), (92, 81), (93, 81), (74, 82), (89, 82), (90, 82), (91, 82), (75, 83), (86, 83), (87, 83), (88, 83), (76, 84), (84, 84), (85, 84), (77, 85), (81, 85), (82, 85), (83, 85), (78, 86), (79, 86), (80, 86)]
[(92, 81), (93, 81), (89, 82), (90, 82), (91, 82), (94, 82), (86, 83), (87, 83), (88, 83), (95, 83), (84, 84), (85, 84), (96, 84), (81, 85), (82, 85), (83, 85), (97, 85), (78, 86), (79, 86), (80, 86), (98, 86), (99, 87), (77, 88), (98, 89), (76, 91), (97, 92), (75, 94), (96, 95), (74, 96), (95, 97), (73, 99), (94, 100), (73, 101), (74, 102), (93, 102), (94, 102), (75, 103), (90, 103), (91, 103), (92, 103), (76, 104), (87, 104), (88, 104), (89, 104), (77, 105), (85, 105), (86, 105), (78, 106), (82, 106), (83, 106), (84, 106), (79, 107), (80, 107), (81, 107)]
[(113, 82), (114, 82), (110, 83), (111, 83), (112, 83), (107, 84), (108, 84), (109, 84), (105, 85), (106, 85), (102, 86), (103, 86), (104, 86), (99, 87), (100, 87), (101, 87), (98, 89), (97, 92), (96, 95), (95, 97), (94, 100), (94, 102), (95, 103), (114, 103), (96, 104), (111, 104), (112, 104), (113, 104), (97, 105), (108, 105), (109, 105), (110, 105), (98, 106), (106, 106), (107, 106), (99, 107), (103, 107), (104, 107), (105, 107), (100, 108), (101, 108), (102, 108)]
[(114, 103), (111, 104), (112, 104), (113, 104), (108, 105), (109, 105), (110, 105), (106, 106), (107, 106), (103, 107), (104, 107), (105, 107), (100, 108), (101, 108), (102, 108), (99, 110), (98, 113)]
[(28, 57), (29, 57), (25, 58), (26, 58), (27, 58), (30, 58), (22, 59), (23, 59), (24, 59), (31, 59), (20, 60), (21, 60), (32, 60), (17, 61), (18, 61), (19, 61), (33, 61), (14, 62), (15, 62), (16, 62), (34, 62), (35, 63), (13, 64), (34, 65), (12, 67), (33, 68), (11, 70), (32, 71), (10, 72), (31, 73), (9, 75), (30, 76), (9, 77), (10, 78), (29, 78), (30, 78), (11, 79), (26, 79), (27, 79), (28, 79), (12, 80), (23, 80), (24, 80), (25, 80), (13, 81), (21, 81), (22, 81), (14, 82), (18, 82), (19, 82), (20, 82), (15, 83), (16, 83), (17, 83)]
[(49, 58), (50, 58), (46, 59), (47, 59), (48, 59), (51, 59), (43, 60), (44, 60), (45, 60), (52, 60), (41, 61), (42, 61), (53, 61), (38, 62), (39, 62), (40, 62), (54, 62), (35, 63), (36, 63), (37, 63), (55, 63), (56, 64), (34, 65), (55, 66), (33, 68), (54, 69), (32, 71), (53, 72), (31, 73), (52, 74), (30, 76), (51, 77), (30, 78), (31, 79), (50, 79), (51, 79), (32, 80), (47, 80), (48, 80), (49, 80), (33, 81), (44, 81), (45, 81), (46, 81), (34, 82), (42, 82), (43, 82), (35, 83), (39, 83), (40, 83), (41, 83), (36, 84), (37, 84), (38, 84)]
[(50, 79), (51, 79), (47, 80), (48, 80), (49, 80), (52, 80), (44, 81), (45, 81), (46, 81), (53, 81), (42, 82), (43, 82), (54, 82), (39, 83), (40, 83), (41, 83), (55, 83), (36, 84), (37, 84), (38, 84), (56, 84), (57, 85), (35, 86), (56, 87), (34, 89), (55, 90), (33, 92), (54, 93), (32, 94), (53, 95), (31, 97), (52, 98), (31, 99), (32, 100), (51, 100), (52, 100), (33, 101), (48, 101), (49, 101), (50, 101), (34, 102), (45, 102), (46, 102), (47, 102), (35, 103), (43, 103), (44, 103), (36, 104), (40, 104), (41, 104), (42, 104), (37, 105), (38, 105), (39, 105)]
[(71, 80), (72, 80), (68, 81), (69, 81), (70, 81), (73, 81), (65, 82), (66, 82), (67, 82), (74, 82), (63, 83), (64, 83), (75, 83), (60, 84), (61, 84), (62, 84), (76, 84), (57, 85), (58, 85), (59, 85), (77, 85), (78, 86), (56, 87), (77, 88), (55, 90), (76, 91), (54, 93), (75, 94), (53, 95), (74, 96), (52, 98), (73, 99), (52, 100), (53, 101), (72, 101), (73, 101), (54, 102), (69, 102), (70, 102), (71, 102), (55, 103), (66, 103), (67, 103), (68, 103), (56, 104), (64, 104), (65, 104), (57, 105), (61, 105), (62, 105), (63, 105), (58, 106), (59, 106), (60, 106)]
[(72, 101), (73, 101), (69, 102), (70, 102), (71, 102), (74, 102), (66, 103), (67, 103), (68, 103), (75, 103), (64, 104), (65, 104), (76, 104), (61, 105), (62, 105), (63, 105), (77, 105), (58, 106), (59, 106), (60, 106), (78, 106), (79, 107), (57, 108), (78, 109), (56, 111), (77, 112), (55, 114)]
[(93, 102), (94, 102), (90, 103), (91, 103), (92, 103), (95, 103), (87, 104), (88, 104), (89, 104), (96, 104), (85, 105), (86, 105), (97, 105), (82, 106), (83, 106), (84, 106), (98, 106), (79, 107), (80, 107), (81, 107), (99, 107), (100, 108), (78, 109), (99, 110), (77, 112), (98, 113)]
[(29, 78), (30, 78), (26, 79), (27, 79), (28, 79), (31, 79), (23, 80), (24, 80), (25, 80), (32, 80), (21, 81), (22, 81), (33, 81), (18, 82), (19, 82), (20, 82), (34, 82), (15, 83), (16, 83), (17, 83), (35, 83), (36, 84), (14, 85), (35, 86), (13, 88), (34, 89), (12, 91), (33, 92), (11, 93), (32, 94), (10, 96), (31, 97), (10, 98), (11, 99), (30, 99), (31, 99), (12, 100), (27, 100), (28, 100), (29, 100), (13, 101), (24, 101), (25, 101), (26, 101), (14, 102), (22, 102), (23, 102), (15, 103), (19, 103), (20, 103), (21, 103), (16, 104), (17, 104), (18, 104)]
[(30, 99), (31, 99), (27, 100), (28, 100), (29, 100), (32, 100), (24, 101), (25, 101), (26, 101), (33, 101), (22, 102), (23, 102), (34, 102), (19, 103), (20, 103), (21, 103), (35, 103), (16, 104), (17, 104), (18, 104), (36, 104), (37, 105), (15, 106), (36, 107), (14, 109), (35, 110), (13, 112), (34, 113), (12, 114)]
[(51, 100), (52, 100), (48, 101), (49, 101), (50, 101), (53, 101), (45, 102), (46, 102), (47, 102), (54, 102), (43, 103), (44, 103), (55, 103), (40, 104), (41, 104), (42, 104), (56, 104), (37, 105), (38, 105), (39, 105), (57, 105), (58, 106), (36, 107), (57, 108), (35, 110), (56, 111), (34, 113), (55, 114)]
