[(112, 29), (113, 29), (110, 30), (111, 30), (114, 30), (107, 31), (108, 31), (109, 31), (104, 32), (105, 32), (106, 32), (102, 33), (103, 33), (114, 33), (99, 34), (100, 34), (101, 34), (97, 35), (98, 35), (94, 36), (95, 36), (96, 36), (113, 36), (91, 37), (92, 37), (93, 37), (112, 38), (90, 39), (111, 41), (89, 42), (110, 43), (88, 44), (109, 46), (87, 47), (86, 49), (108, 49), (107, 51), (85, 52), (106, 53), (107, 53), (104, 54), (105, 54), (84, 55), (101, 55), (102, 55), (103, 55), (98, 56), (99, 56), (100, 56), (83, 57), (96, 57), (97, 57), (93, 58), (94, 58), (95, 58), (83, 59), (91, 59), (92, 59), (84, 60), (88, 60), (89, 60), (90, 60), (85, 61), (86, 61), (87, 61)]
[(114, 33), (113, 36), (112, 38), (111, 41), (110, 43), (109, 46), (108, 49), (107, 51), (107, 53), (108, 54), (112, 54), (113, 54), (114, 54), (109, 55), (110, 55), (111, 55)]
[(112, 54), (113, 54), (114, 54), (109, 55), (110, 55), (111, 55), (108, 57), (107, 60), (106, 62), (105, 65), (104, 67), (103, 70), (102, 73), (101, 75), (114, 75), (111, 76), (112, 76), (113, 76), (101, 77), (109, 77), (110, 77), (102, 78), (106, 78), (107, 78), (108, 78), (103, 79), (104, 79), (105, 79)]
[(64, 41), (65, 41), (62, 42), (63, 42), (66, 42), (59, 43), (60, 43), (61, 43), (67, 43), (56, 44), (57, 44), (58, 44), (54, 45), (55, 45), (66, 45), (51, 46), (52, 46), (53, 46), (49, 47), (50, 47), (46, 48), (47, 48), (48, 48), (65, 48), (43, 49), (44, 49), (45, 49), (64, 50), (42, 51), (63, 53), (41, 54), (62, 55), (40, 56), (61, 58), (39, 59), (38, 61), (60, 61), (59, 63), (37, 64), (58, 65), (59, 65), (56, 66), (57, 66), (36, 67), (53, 67), (54, 67), (55, 67), (50, 68), (51, 68), (52, 68), (35, 69), (48, 69), (49, 69), (45, 70), (46, 70), (47, 70), (35, 71), (43, 71), (44, 71), (36, 72), (40, 72), (41, 72), (42, 72), (37, 73), (38, 73), (39, 73)]
[(88, 35), (89, 35), (86, 36), (87, 36), (90, 36), (83, 37), (84, 37), (85, 37), (91, 37), (80, 38), (81, 38), (82, 38), (78, 39), (79, 39), (90, 39), (75, 40), (76, 40), (77, 40), (73, 41), (74, 41), (70, 42), (71, 42), (72, 42), (89, 42), (67, 43), (68, 43), (69, 43), (88, 44), (66, 45), (87, 47), (65, 48), (86, 49), (64, 50), (85, 52), (63, 53), (62, 55), (84, 55), (83, 57), (61, 58), (82, 59), (83, 59), (80, 60), (81, 60), (60, 61), (77, 61), (78, 61), (79, 61), (74, 62), (75, 62), (76, 62), (59, 63), (72, 63), (73, 63), (69, 64), (70, 64), (71, 64), (59, 65), (67, 65), (68, 65), (60, 66), (64, 66), (65, 66), (66, 66), (61, 67), (62, 67), (63, 67)]
[(82, 59), (83, 59), (80, 60), (81, 60), (84, 60), (77, 61), (78, 61), (79, 61), (85, 61), (74, 62), (75, 62), (76, 62), (72, 63), (73, 63), (84, 63), (69, 64), (70, 64), (71, 64), (67, 65), (68, 65), (64, 66), (65, 66), (66, 66), (83, 66), (61, 67), (62, 67), (63, 67), (82, 68), (60, 69), (81, 71), (59, 72), (80, 73), (58, 74), (79, 76), (57, 77), (56, 79), (78, 79), (77, 81), (55, 82), (76, 83), (77, 83), (74, 84), (75, 84), (54, 85), (71, 85), (72, 85), (73, 85), (68, 86), (69, 86), (70, 86), (53, 87), (66, 87), (67, 87), (63, 88), (64, 88), (65, 88), (53, 89), (61, 89), (62, 89), (54, 90), (58, 90), (59, 90), (60, 90), (55, 91), (56, 91), (57, 91)]
[(106, 53), (107, 53), (104, 54), (105, 54), (108, 54), (101, 55), (102, 55), (103, 55), (109, 55), (98, 56), (99, 56), (100, 56), (96, 57), (97, 57), (108, 57), (93, 58), (94, 58), (95, 58), (91, 59), (92, 59), (88, 60), (89, 60), (90, 60), (107, 60), (85, 61), (86, 61), (87, 61), (106, 62), (84, 63), (105, 65), (83, 66), (104, 67), (82, 68), (103, 70), (81, 71), (80, 73), (102, 73), (101, 75), (79, 76), (100, 77), (101, 77), (98, 78), (99, 78), (78, 79), (95, 79), (96, 79), (97, 79), (92, 80), (93, 80), (94, 80), (77, 81), (90, 81), (91, 81), (87, 82), (88, 82), (89, 82), (77, 83), (85, 83), (86, 83), (78, 84), (82, 84), (83, 84), (84, 84), (79, 85), (80, 85), (81, 85)]
[(100, 77), (101, 77), (98, 78), (99, 78), (102, 78), (95, 79), (96, 79), (97, 79), (103, 79), (92, 80), (93, 80), (94, 80), (90, 81), (91, 81), (102, 81), (87, 82), (88, 82), (89, 82), (85, 83), (86, 83), (82, 84), (83, 84), (84, 84), (101, 84), (79, 85), (80, 85), (81, 85), (100, 86), (78, 87), (99, 89), (77, 90), (98, 91), (76, 92), (97, 94), (75, 95), (74, 97), (96, 97), (95, 99), (73, 100), (94, 101), (95, 101), (92, 102), (93, 102), (72, 103), (89, 103), (90, 103), (91, 103), (86, 104), (87, 104), (88, 104), (71, 105), (84, 105), (85, 105), (81, 106), (82, 106), (83, 106), (71, 107), (79, 107), (80, 107), (72, 108), (76, 108), (77, 108), (78, 108), (73, 109), (74, 109), (75, 109)]
[(114, 75), (111, 76), (112, 76), (113, 76), (109, 77), (110, 77), (106, 78), (107, 78), (108, 78), (103, 79), (104, 79), (105, 79), (102, 81), (101, 84), (100, 86), (99, 89), (98, 91), (97, 94), (96, 97), (113, 97), (114, 97), (110, 98), (111, 98), (112, 98), (95, 99), (108, 99), (109, 99), (105, 100), (106, 100), (107, 100), (95, 101), (103, 101), (104, 101), (96, 102), (100, 102), (101, 102), (102, 102), (97, 103), (98, 103), (99, 103)]
[(113, 97), (114, 97), (110, 98), (111, 98), (112, 98), (108, 99), (109, 99), (105, 100), (106, 100), (107, 100), (103, 101), (104, 101), (100, 102), (101, 102), (102, 102), (97, 103), (98, 103), (99, 103), (96, 105), (95, 108), (94, 110), (93, 113)]
[(34, 71), (35, 71), (32, 72), (33, 72), (36, 72), (29, 73), (30, 73), (31, 73), (37, 73), (26, 74), (27, 74), (28, 74), (24, 75), (25, 75), (36, 75), (21, 76), (22, 76), (23, 76), (19, 77), (20, 77), (16, 78), (17, 78), (18, 78), (35, 78), (13, 79), (14, 79), (15, 79), (34, 80), (12, 81), (33, 83), (11, 84), (32, 85), (10, 86), (31, 88), (9, 89), (8, 91), (30, 91), (29, 93), (7, 94), (28, 95), (29, 95), (26, 96), (27, 96), (6, 97), (23, 97), (24, 97), (25, 97), (20, 98), (21, 98), (22, 98), (5, 99), (18, 99), (19, 99), (15, 100), (16, 100), (17, 100), (5, 101), (13, 101), (14, 101), (6, 102), (10, 102), (11, 102), (12, 102), (7, 103), (8, 103), (9, 103)]
[(58, 65), (59, 65), (56, 66), (57, 66), (60, 66), (53, 67), (54, 67), (55, 67), (61, 67), (50, 68), (51, 68), (52, 68), (48, 69), (49, 69), (60, 69), (45, 70), (46, 70), (47, 70), (43, 71), (44, 71), (40, 72), (41, 72), (42, 72), (59, 72), (37, 73), (38, 73), (39, 73), (58, 74), (36, 75), (57, 77), (35, 78), (56, 79), (34, 80), (55, 82), (33, 83), (32, 85), (54, 85), (53, 87), (31, 88), (52, 89), (53, 89), (50, 90), (51, 90), (30, 91), (47, 91), (48, 91), (49, 91), (44, 92), (45, 92), (46, 92), (29, 93), (42, 93), (43, 93), (39, 94), (40, 94), (41, 94), (29, 95), (37, 95), (38, 95), (30, 96), (34, 96), (35, 96), (36, 96), (31, 97), (32, 97), (33, 97)]
[(52, 89), (53, 89), (50, 90), (51, 90), (54, 90), (47, 91), (48, 91), (49, 91), (55, 91), (44, 92), (45, 92), (46, 92), (42, 93), (43, 93), (54, 93), (39, 94), (40, 94), (41, 94), (37, 95), (38, 95), (34, 96), (35, 96), (36, 96), (53, 96), (31, 97), (32, 97), (33, 97), (52, 98), (30, 99), (51, 101), (29, 102), (50, 103), (28, 104), (49, 106), (27, 107), (26, 109), (48, 109), (47, 111), (25, 112), (46, 113), (47, 113), (44, 114), (45, 114)]
[(76, 83), (77, 83), (74, 84), (75, 84), (78, 84), (71, 85), (72, 85), (73, 85), (79, 85), (68, 86), (69, 86), (70, 86), (66, 87), (67, 87), (78, 87), (63, 88), (64, 88), (65, 88), (61, 89), (62, 89), (58, 90), (59, 90), (60, 90), (77, 90), (55, 91), (56, 91), (57, 91), (76, 92), (54, 93), (75, 95), (53, 96), (74, 97), (52, 98), (73, 100), (51, 101), (50, 103), (72, 103), (71, 105), (49, 106), (70, 107), (71, 107), (68, 108), (69, 108), (48, 109), (65, 109), (66, 109), (67, 109), (62, 110), (63, 110), (64, 110), (47, 111), (60, 111), (61, 111), (57, 112), (58, 112), (59, 112), (47, 113), (55, 113), (56, 113), (48, 114), (52, 114), (53, 114), (54, 114)]
[(70, 107), (71, 107), (68, 108), (69, 108), (72, 108), (65, 109), (66, 109), (67, 109), (73, 109), (62, 110), (63, 110), (64, 110), (60, 111), (61, 111), (72, 111), (57, 112), (58, 112), (59, 112), (55, 113), (56, 113), (52, 114), (53, 114), (54, 114), (71, 114)]
[(94, 101), (95, 101), (92, 102), (93, 102), (96, 102), (89, 103), (90, 103), (91, 103), (97, 103), (86, 104), (87, 104), (88, 104), (84, 105), (85, 105), (96, 105), (81, 106), (82, 106), (83, 106), (79, 107), (80, 107), (76, 108), (77, 108), (78, 108), (95, 108), (73, 109), (74, 109), (75, 109), (94, 110), (72, 111), (93, 113), (71, 114)]
[(28, 95), (29, 95), (26, 96), (27, 96), (30, 96), (23, 97), (24, 97), (25, 97), (31, 97), (20, 98), (21, 98), (22, 98), (18, 99), (19, 99), (30, 99), (15, 100), (16, 100), (17, 100), (13, 101), (14, 101), (10, 102), (11, 102), (12, 102), (29, 102), (7, 103), (8, 103), (9, 103), (28, 104), (6, 105), (27, 107), (5, 108), (26, 109), (4, 110), (25, 112), (3, 113)]
[(46, 113), (47, 113), (44, 114), (45, 114), (48, 114)]
