[(114, 30), (111, 31), (112, 31), (113, 31), (109, 32), (110, 32), (106, 33), (107, 33), (108, 33), (103, 34), (104, 34), (105, 34), (102, 36), (101, 39), (100, 41), (99, 44), (98, 46), (97, 49), (96, 52), (113, 52), (114, 52), (110, 53), (111, 53), (112, 53), (95, 54), (108, 54), (109, 54), (105, 55), (106, 55), (107, 55), (95, 56), (103, 56), (104, 56), (96, 57), (100, 57), (101, 57), (102, 57), (97, 58), (98, 58), (99, 58)]
[(114, 70), (113, 72), (113, 74), (114, 75)]
[(76, 38), (77, 38), (74, 39), (75, 39), (78, 39), (71, 40), (72, 40), (73, 40), (79, 40), (68, 41), (69, 41), (70, 41), (66, 42), (67, 42), (78, 42), (63, 43), (64, 43), (65, 43), (61, 44), (62, 44), (58, 45), (59, 45), (60, 45), (77, 45), (55, 46), (56, 46), (57, 46), (76, 47), (54, 48), (75, 50), (53, 51), (74, 52), (52, 53), (73, 55), (51, 56), (50, 58), (72, 58), (71, 60), (49, 61), (70, 62), (71, 62), (68, 63), (69, 63), (48, 64), (65, 64), (66, 64), (67, 64), (62, 65), (63, 65), (64, 65), (47, 66), (60, 66), (61, 66), (57, 67), (58, 67), (59, 67), (47, 68), (55, 68), (56, 68), (48, 69), (52, 69), (53, 69), (54, 69), (49, 70), (50, 70), (51, 70)]
[(100, 32), (101, 32), (98, 33), (99, 33), (102, 33), (95, 34), (96, 34), (97, 34), (103, 34), (92, 35), (93, 35), (94, 35), (90, 36), (91, 36), (102, 36), (87, 37), (88, 37), (89, 37), (85, 38), (86, 38), (82, 39), (83, 39), (84, 39), (101, 39), (79, 40), (80, 40), (81, 40), (100, 41), (78, 42), (99, 44), (77, 45), (98, 46), (76, 47), (97, 49), (75, 50), (74, 52), (96, 52), (95, 54), (73, 55), (94, 56), (95, 56), (92, 57), (93, 57), (72, 58), (89, 58), (90, 58), (91, 58), (86, 59), (87, 59), (88, 59), (71, 60), (84, 60), (85, 60), (81, 61), (82, 61), (83, 61), (71, 62), (79, 62), (80, 62), (72, 63), (76, 63), (77, 63), (78, 63), (73, 64), (74, 64), (75, 64)]
[(94, 56), (95, 56), (92, 57), (93, 57), (96, 57), (89, 58), (90, 58), (91, 58), (97, 58), (86, 59), (87, 59), (88, 59), (84, 60), (85, 60), (96, 60), (81, 61), (82, 61), (83, 61), (79, 62), (80, 62), (76, 63), (77, 63), (78, 63), (95, 63), (73, 64), (74, 64), (75, 64), (94, 65), (72, 66), (93, 68), (71, 69), (92, 70), (70, 71), (91, 73), (69, 74), (68, 76), (90, 76), (89, 78), (67, 79), (88, 80), (89, 80), (86, 81), (87, 81), (66, 82), (83, 82), (84, 82), (85, 82), (80, 83), (81, 83), (82, 83), (65, 84), (78, 84), (79, 84), (75, 85), (76, 85), (77, 85), (65, 86), (73, 86), (74, 86), (66, 87), (70, 87), (71, 87), (72, 87), (67, 88), (68, 88), (69, 88)]
[(113, 52), (114, 52), (110, 53), (111, 53), (112, 53), (108, 54), (109, 54), (105, 55), (106, 55), (107, 55), (103, 56), (104, 56), (100, 57), (101, 57), (102, 57), (97, 58), (98, 58), (99, 58), (96, 60), (95, 63), (94, 65), (93, 68), (92, 70), (114, 70), (113, 72), (91, 73), (112, 74), (113, 74), (110, 75), (111, 75), (90, 76), (107, 76), (108, 76), (109, 76), (104, 77), (105, 77), (106, 77), (89, 78), (102, 78), (103, 78), (99, 79), (100, 79), (101, 79), (89, 80), (97, 80), (98, 80), (90, 81), (94, 81), (95, 81), (96, 81), (91, 82), (92, 82), (93, 82)]
[(112, 74), (113, 74), (110, 75), (111, 75), (114, 75), (107, 76), (108, 76), (109, 76), (104, 77), (105, 77), (106, 77), (102, 78), (103, 78), (114, 78), (99, 79), (100, 79), (101, 79), (97, 80), (98, 80), (94, 81), (95, 81), (96, 81), (113, 81), (91, 82), (92, 82), (93, 82), (112, 83), (90, 84), (111, 86), (89, 87), (110, 88), (88, 89), (109, 91), (87, 92), (86, 94), (108, 94), (107, 96), (85, 97), (106, 98), (107, 98), (104, 99), (105, 99), (84, 100), (101, 100), (102, 100), (103, 100), (98, 101), (99, 101), (100, 101), (83, 102), (96, 102), (97, 102), (93, 103), (94, 103), (95, 103), (83, 104), (91, 104), (92, 104), (84, 105), (88, 105), (89, 105), (90, 105), (85, 106), (86, 106), (87, 106)]
[(114, 78), (113, 81), (112, 83), (111, 86), (110, 88), (109, 91), (108, 94), (107, 96), (107, 98), (108, 99), (112, 99), (113, 99), (114, 99), (109, 100), (110, 100), (111, 100)]
[(112, 99), (113, 99), (114, 99), (109, 100), (110, 100), (111, 100), (108, 102), (107, 105), (106, 107), (105, 110), (104, 112)]
[(46, 68), (47, 68), (44, 69), (45, 69), (48, 69), (41, 70), (42, 70), (43, 70), (49, 70), (38, 71), (39, 71), (40, 71), (36, 72), (37, 72), (48, 72), (33, 73), (34, 73), (35, 73), (31, 74), (32, 74), (28, 75), (29, 75), (30, 75), (47, 75), (25, 76), (26, 76), (27, 76), (46, 77), (24, 78), (45, 80), (23, 81), (44, 82), (22, 83), (43, 85), (21, 86), (20, 88), (42, 88), (41, 90), (19, 91), (40, 92), (41, 92), (38, 93), (39, 93), (18, 94), (35, 94), (36, 94), (37, 94), (32, 95), (33, 95), (34, 95), (17, 96), (30, 96), (31, 96), (27, 97), (28, 97), (29, 97), (17, 98), (25, 98), (26, 98), (18, 99), (22, 99), (23, 99), (24, 99), (19, 100), (20, 100), (21, 100)]
[(70, 62), (71, 62), (68, 63), (69, 63), (72, 63), (65, 64), (66, 64), (67, 64), (73, 64), (62, 65), (63, 65), (64, 65), (60, 66), (61, 66), (72, 66), (57, 67), (58, 67), (59, 67), (55, 68), (56, 68), (52, 69), (53, 69), (54, 69), (71, 69), (49, 70), (50, 70), (51, 70), (70, 71), (48, 72), (69, 74), (47, 75), (68, 76), (46, 77), (67, 79), (45, 80), (44, 82), (66, 82), (65, 84), (43, 85), (64, 86), (65, 86), (62, 87), (63, 87), (42, 88), (59, 88), (60, 88), (61, 88), (56, 89), (57, 89), (58, 89), (41, 90), (54, 90), (55, 90), (51, 91), (52, 91), (53, 91), (41, 92), (49, 92), (50, 92), (42, 93), (46, 93), (47, 93), (48, 93), (43, 94), (44, 94), (45, 94)]
[(64, 86), (65, 86), (62, 87), (63, 87), (66, 87), (59, 88), (60, 88), (61, 88), (67, 88), (56, 89), (57, 89), (58, 89), (54, 90), (55, 90), (66, 90), (51, 91), (52, 91), (53, 91), (49, 92), (50, 92), (46, 93), (47, 93), (48, 93), (65, 93), (43, 94), (44, 94), (45, 94), (64, 95), (42, 96), (63, 98), (41, 99), (62, 100), (40, 101), (61, 103), (39, 104), (38, 106), (60, 106), (59, 108), (37, 109), (58, 110), (59, 110), (56, 111), (57, 111), (36, 112), (53, 112), (54, 112), (55, 112), (50, 113), (51, 113), (52, 113), (35, 114), (48, 114), (49, 114)]
[(88, 80), (89, 80), (86, 81), (87, 81), (90, 81), (83, 82), (84, 82), (85, 82), (91, 82), (80, 83), (81, 83), (82, 83), (78, 84), (79, 84), (90, 84), (75, 85), (76, 85), (77, 85), (73, 86), (74, 86), (70, 87), (71, 87), (72, 87), (89, 87), (67, 88), (68, 88), (69, 88), (88, 89), (66, 90), (87, 92), (65, 93), (86, 94), (64, 95), (85, 97), (63, 98), (62, 100), (84, 100), (83, 102), (61, 103), (82, 104), (83, 104), (80, 105), (81, 105), (60, 106), (77, 106), (78, 106), (79, 106), (74, 107), (75, 107), (76, 107), (59, 108), (72, 108), (73, 108), (69, 109), (70, 109), (71, 109), (59, 110), (67, 110), (68, 110), (60, 111), (64, 111), (65, 111), (66, 111), (61, 112), (62, 112), (63, 112)]
[(82, 104), (83, 104), (80, 105), (81, 105), (84, 105), (77, 106), (78, 106), (79, 106), (85, 106), (74, 107), (75, 107), (76, 107), (72, 108), (73, 108), (84, 108), (69, 109), (70, 109), (71, 109), (67, 110), (68, 110), (64, 111), (65, 111), (66, 111), (83, 111), (61, 112), (62, 112), (63, 112), (82, 113), (60, 114)]
[(106, 98), (107, 98), (104, 99), (105, 99), (108, 99), (101, 100), (102, 100), (103, 100), (109, 100), (98, 101), (99, 101), (100, 101), (96, 102), (97, 102), (108, 102), (93, 103), (94, 103), (95, 103), (91, 104), (92, 104), (88, 105), (89, 105), (90, 105), (107, 105), (85, 106), (86, 106), (87, 106), (106, 107), (84, 108), (105, 110), (83, 111), (104, 112), (82, 113)]
[(40, 92), (41, 92), (38, 93), (39, 93), (42, 93), (35, 94), (36, 94), (37, 94), (43, 94), (32, 95), (33, 95), (34, 95), (30, 96), (31, 96), (42, 96), (27, 97), (28, 97), (29, 97), (25, 98), (26, 98), (22, 99), (23, 99), (24, 99), (41, 99), (19, 100), (20, 100), (21, 100), (40, 101), (18, 102), (39, 104), (17, 105), (38, 106), (16, 107), (37, 109), (15, 110), (14, 112), (36, 112), (35, 114)]
[(58, 110), (59, 110), (56, 111), (57, 111), (60, 111), (53, 112), (54, 112), (55, 112), (61, 112), (50, 113), (51, 113), (52, 113), (48, 114), (49, 114), (60, 114)]
