[(95, 6), (92, 7), (93, 7), (94, 7), (96, 7), (90, 8), (91, 8), (97, 8), (87, 9), (88, 9), (89, 9), (98, 9), (85, 10), (86, 10), (99, 10), (82, 11), (83, 11), (84, 11), (100, 11), (79, 12), (80, 12), (81, 12), (99, 13), (78, 14), (98, 16), (77, 17), (97, 18), (76, 19), (96, 21), (75, 22), (95, 23), (74, 24), (94, 26), (73, 27), (94, 27), (73, 28), (91, 28), (92, 28), (93, 28), (74, 29), (89, 29), (90, 29), (75, 30), (86, 30), (87, 30), (88, 30), (76, 31), (84, 31), (85, 31), (77, 32), (81, 32), (82, 32), (83, 32), (78, 33), (79, 33), (80, 33)]
[(113, 6), (114, 6), (111, 7), (112, 7), (108, 8), (109, 8), (110, 8), (106, 9), (107, 9), (103, 10), (104, 10), (105, 10), (100, 11), (101, 11), (102, 11), (99, 13), (98, 16), (97, 18), (96, 21), (95, 23), (94, 26), (94, 27), (112, 27), (113, 27), (114, 27), (95, 28), (110, 28), (111, 28), (96, 29), (107, 29), (108, 29), (109, 29), (97, 30), (105, 30), (106, 30), (98, 31), (102, 31), (103, 31), (104, 31), (99, 32), (100, 32), (101, 32)]
[(112, 27), (113, 27), (114, 27), (110, 28), (111, 28), (107, 29), (108, 29), (109, 29), (105, 30), (106, 30), (102, 31), (103, 31), (104, 31), (99, 32), (100, 32), (101, 32), (98, 34), (97, 37), (96, 39), (95, 42), (94, 44), (114, 46), (93, 47), (114, 47), (93, 48), (111, 48), (112, 48), (113, 48), (94, 49), (109, 49), (110, 49), (95, 50), (106, 50), (107, 50), (108, 50), (96, 51), (104, 51), (105, 51), (97, 52), (101, 52), (102, 52), (103, 52), (98, 53), (99, 53), (100, 53)]
[(114, 46), (114, 47)]
[(114, 64), (113, 67), (113, 68), (114, 69)]
[(53, 8), (50, 9), (51, 9), (52, 9), (54, 9), (48, 10), (49, 10), (55, 10), (45, 11), (46, 11), (47, 11), (56, 11), (43, 12), (44, 12), (57, 12), (40, 13), (41, 13), (42, 13), (58, 13), (37, 14), (38, 14), (39, 14), (57, 15), (36, 16), (56, 18), (35, 19), (55, 20), (34, 21), (54, 23), (33, 24), (53, 25), (32, 26), (52, 28), (31, 29), (52, 29), (31, 30), (49, 30), (50, 30), (51, 30), (32, 31), (47, 31), (48, 31), (33, 32), (44, 32), (45, 32), (46, 32), (34, 33), (42, 33), (43, 33), (35, 34), (39, 34), (40, 34), (41, 34), (36, 35), (37, 35), (38, 35)]
[(74, 7), (71, 8), (72, 8), (73, 8), (75, 8), (69, 9), (70, 9), (76, 9), (66, 10), (67, 10), (68, 10), (77, 10), (64, 11), (65, 11), (78, 11), (61, 12), (62, 12), (63, 12), (79, 12), (58, 13), (59, 13), (60, 13), (78, 14), (57, 15), (77, 17), (56, 18), (76, 19), (55, 20), (75, 22), (54, 23), (74, 24), (53, 25), (73, 27), (52, 28), (73, 28), (52, 29), (70, 29), (71, 29), (72, 29), (53, 30), (68, 30), (69, 30), (54, 31), (65, 31), (66, 31), (67, 31), (55, 32), (63, 32), (64, 32), (56, 33), (60, 33), (61, 33), (62, 33), (57, 34), (58, 34), (59, 34)]
[(73, 28), (70, 29), (71, 29), (72, 29), (74, 29), (68, 30), (69, 30), (75, 30), (65, 31), (66, 31), (67, 31), (76, 31), (63, 32), (64, 32), (77, 32), (60, 33), (61, 33), (62, 33), (78, 33), (57, 34), (58, 34), (59, 34), (77, 35), (56, 36), (76, 38), (55, 39), (75, 40), (54, 41), (74, 43), (53, 44), (73, 45), (52, 46), (72, 48), (51, 49), (72, 49), (51, 50), (69, 50), (70, 50), (71, 50), (52, 51), (67, 51), (68, 51), (53, 52), (64, 52), (65, 52), (66, 52), (54, 53), (62, 53), (63, 53), (55, 54), (59, 54), (60, 54), (61, 54), (56, 55), (57, 55), (58, 55)]
[(94, 27), (91, 28), (92, 28), (93, 28), (95, 28), (89, 29), (90, 29), (96, 29), (86, 30), (87, 30), (88, 30), (97, 30), (84, 31), (85, 31), (98, 31), (81, 32), (82, 32), (83, 32), (99, 32), (78, 33), (79, 33), (80, 33), (98, 34), (77, 35), (97, 37), (76, 38), (96, 39), (75, 40), (95, 42), (74, 43), (94, 44), (73, 45), (93, 47), (72, 48), (93, 48), (72, 49), (90, 49), (91, 49), (92, 49), (73, 50), (88, 50), (89, 50), (74, 51), (85, 51), (86, 51), (87, 51), (75, 52), (83, 52), (84, 52), (76, 53), (80, 53), (81, 53), (82, 53), (77, 54), (78, 54), (79, 54)]
[(93, 48), (90, 49), (91, 49), (92, 49), (94, 49), (88, 50), (89, 50), (95, 50), (85, 51), (86, 51), (87, 51), (96, 51), (83, 52), (84, 52), (97, 52), (80, 53), (81, 53), (82, 53), (98, 53), (77, 54), (78, 54), (79, 54), (97, 55), (76, 56), (96, 58), (75, 59), (95, 60), (74, 61), (94, 63), (73, 64), (93, 65), (72, 66), (92, 68), (71, 69), (92, 69), (71, 70), (89, 70), (90, 70), (91, 70), (72, 71), (87, 71), (88, 71), (73, 72), (84, 72), (85, 72), (86, 72), (74, 73), (82, 73), (83, 73), (75, 74), (79, 74), (80, 74), (81, 74), (76, 75), (77, 75), (78, 75)]
[(114, 47), (111, 48), (112, 48), (113, 48), (109, 49), (110, 49), (106, 50), (107, 50), (108, 50), (104, 51), (105, 51), (101, 52), (102, 52), (103, 52), (98, 53), (99, 53), (100, 53), (97, 55), (96, 58), (95, 60), (94, 63), (114, 64), (93, 65), (113, 67), (92, 68), (113, 68), (92, 69), (110, 69), (111, 69), (112, 69), (93, 70), (108, 70), (109, 70), (94, 71), (105, 71), (106, 71), (107, 71), (95, 72), (103, 72), (104, 72), (96, 73), (100, 73), (101, 73), (102, 73), (97, 74), (98, 74), (99, 74)]
[(113, 68), (110, 69), (111, 69), (112, 69), (114, 69), (108, 70), (109, 70), (105, 71), (106, 71), (107, 71), (103, 72), (104, 72), (100, 73), (101, 73), (102, 73), (97, 74), (98, 74), (99, 74), (96, 76), (95, 79), (94, 81), (114, 83), (93, 84), (113, 85), (92, 86), (112, 88), (91, 89), (112, 89), (91, 90), (109, 90), (110, 90), (111, 90), (92, 91), (107, 91), (108, 91), (93, 92), (104, 92), (105, 92), (106, 92), (94, 93), (102, 93), (103, 93), (95, 94), (99, 94), (100, 94), (101, 94), (96, 95), (97, 95), (98, 95)]
[(114, 83), (113, 85), (112, 88), (112, 89), (113, 90), (114, 91)]
[(31, 30), (28, 31), (29, 31), (30, 31), (32, 31), (26, 32), (27, 32), (33, 32), (23, 33), (24, 33), (25, 33), (34, 33), (21, 34), (22, 34), (35, 34), (18, 35), (19, 35), (20, 35), (36, 35), (15, 36), (16, 36), (17, 36), (35, 37), (14, 38), (34, 40), (13, 41), (33, 42), (12, 43), (32, 45), (11, 46), (31, 47), (10, 48), (30, 50), (9, 51), (30, 51), (9, 52), (27, 52), (28, 52), (29, 52), (10, 53), (25, 53), (26, 53), (11, 54), (22, 54), (23, 54), (24, 54), (12, 55), (20, 55), (21, 55), (13, 56), (17, 56), (18, 56), (19, 56), (14, 57), (15, 57), (16, 57)]
[(52, 29), (49, 30), (50, 30), (51, 30), (53, 30), (47, 31), (48, 31), (54, 31), (44, 32), (45, 32), (46, 32), (55, 32), (42, 33), (43, 33), (56, 33), (39, 34), (40, 34), (41, 34), (57, 34), (36, 35), (37, 35), (38, 35), (56, 36), (35, 37), (55, 39), (34, 40), (54, 41), (33, 42), (53, 44), (32, 45), (52, 46), (31, 47), (51, 49), (30, 50), (51, 50), (30, 51), (48, 51), (49, 51), (50, 51), (31, 52), (46, 52), (47, 52), (32, 53), (43, 53), (44, 53), (45, 53), (33, 54), (41, 54), (42, 54), (34, 55), (38, 55), (39, 55), (40, 55), (35, 56), (36, 56), (37, 56)]
[(51, 50), (48, 51), (49, 51), (50, 51), (52, 51), (46, 52), (47, 52), (53, 52), (43, 53), (44, 53), (45, 53), (54, 53), (41, 54), (42, 54), (55, 54), (38, 55), (39, 55), (40, 55), (56, 55), (35, 56), (36, 56), (37, 56), (55, 57), (34, 58), (54, 60), (33, 61), (53, 62), (32, 63), (52, 65), (31, 66), (51, 67), (30, 68), (50, 70), (29, 71), (50, 71), (29, 72), (47, 72), (48, 72), (49, 72), (30, 73), (45, 73), (46, 73), (31, 74), (42, 74), (43, 74), (44, 74), (32, 75), (40, 75), (41, 75), (33, 76), (37, 76), (38, 76), (39, 76), (34, 77), (35, 77), (36, 77)]
[(72, 49), (69, 50), (70, 50), (71, 50), (73, 50), (67, 51), (68, 51), (74, 51), (64, 52), (65, 52), (66, 52), (75, 52), (62, 53), (63, 53), (76, 53), (59, 54), (60, 54), (61, 54), (77, 54), (56, 55), (57, 55), (58, 55), (76, 56), (55, 57), (75, 59), (54, 60), (74, 61), (53, 62), (73, 64), (52, 65), (72, 66), (51, 67), (71, 69), (50, 70), (71, 70), (50, 71), (68, 71), (69, 71), (70, 71), (51, 72), (66, 72), (67, 72), (52, 73), (63, 73), (64, 73), (65, 73), (53, 74), (61, 74), (62, 74), (54, 75), (58, 75), (59, 75), (60, 75), (55, 76), (56, 76), (57, 76)]
[(71, 70), (68, 71), (69, 71), (70, 71), (72, 71), (66, 72), (67, 72), (73, 72), (63, 73), (64, 73), (65, 73), (74, 73), (61, 74), (62, 74), (75, 74), (58, 75), (59, 75), (60, 75), (76, 75), (55, 76), (56, 76), (57, 76), (75, 77), (54, 78), (74, 80), (53, 81), (73, 82), (52, 83), (72, 85), (51, 86), (71, 87), (50, 88), (70, 90), (49, 91), (70, 91), (49, 92), (67, 92), (68, 92), (69, 92), (50, 93), (65, 93), (66, 93), (51, 94), (62, 94), (63, 94), (64, 94), (52, 95), (60, 95), (61, 95), (53, 96), (57, 96), (58, 96), (59, 96), (54, 97), (55, 97), (56, 97)]
[(92, 69), (89, 70), (90, 70), (91, 70), (93, 70), (87, 71), (88, 71), (94, 71), (84, 72), (85, 72), (86, 72), (95, 72), (82, 73), (83, 73), (96, 73), (79, 74), (80, 74), (81, 74), (97, 74), (76, 75), (77, 75), (78, 75), (96, 76), (75, 77), (95, 79), (74, 80), (94, 81), (73, 82), (93, 84), (72, 85), (92, 86), (71, 87), (91, 89), (70, 90), (91, 90), (70, 91), (88, 91), (89, 91), (90, 91), (71, 92), (86, 92), (87, 92), (72, 93), (83, 93), (84, 93), (85, 93), (73, 94), (81, 94), (82, 94), (74, 95), (78, 95), (79, 95), (80, 95), (75, 96), (76, 96), (77, 96)]
[(91, 90), (88, 91), (89, 91), (90, 91), (92, 91), (86, 92), (87, 92), (93, 92), (83, 93), (84, 93), (85, 93), (94, 93), (81, 94), (82, 94), (95, 94), (78, 95), (79, 95), (80, 95), (96, 95), (75, 96), (76, 96), (77, 96), (95, 97), (74, 98), (94, 100), (73, 101), (93, 102), (72, 103), (92, 105), (71, 106), (91, 107), (70, 108), (90, 110), (69, 111), (90, 111), (69, 112), (87, 112), (88, 112), (89, 112), (70, 113), (85, 113), (86, 113), (71, 114), (82, 114), (83, 114), (84, 114)]
[(112, 89), (109, 90), (110, 90), (111, 90), (113, 90), (107, 91), (108, 91), (114, 91), (104, 92), (105, 92), (106, 92), (102, 93), (103, 93), (99, 94), (100, 94), (101, 94), (96, 95), (97, 95), (98, 95), (95, 97), (94, 100), (114, 101), (93, 102), (113, 104), (92, 105), (112, 106), (91, 107), (111, 109), (90, 110), (111, 110), (90, 111), (108, 111), (109, 111), (110, 111), (91, 112), (106, 112), (107, 112), (92, 113), (103, 113), (104, 113), (105, 113), (93, 114), (101, 114), (102, 114)]
[(30, 51), (27, 52), (28, 52), (29, 52), (31, 52), (25, 53), (26, 53), (32, 53), (22, 54), (23, 54), (24, 54), (33, 54), (20, 55), (21, 55), (34, 55), (17, 56), (18, 56), (19, 56), (35, 56), (14, 57), (15, 57), (16, 57), (34, 58), (13, 59), (33, 61), (12, 62), (32, 63), (11, 64), (31, 66), (10, 67), (30, 68), (9, 69), (29, 71), (8, 72), (29, 72), (8, 73), (26, 73), (27, 73), (28, 73), (9, 74), (24, 74), (25, 74), (10, 75), (21, 75), (22, 75), (23, 75), (11, 76), (19, 76), (20, 76), (12, 77), (16, 77), (17, 77), (18, 77), (13, 78), (14, 78), (15, 78)]
[(29, 72), (26, 73), (27, 73), (28, 73), (30, 73), (24, 74), (25, 74), (31, 74), (21, 75), (22, 75), (23, 75), (32, 75), (19, 76), (20, 76), (33, 76), (16, 77), (17, 77), (18, 77), (34, 77), (13, 78), (14, 78), (15, 78), (33, 79), (12, 80), (32, 82), (11, 83), (31, 84), (10, 85), (30, 87), (9, 88), (29, 89), (8, 90), (28, 92), (7, 93), (28, 93), (7, 94), (25, 94), (26, 94), (27, 94), (8, 95), (23, 95), (24, 95), (9, 96), (20, 96), (21, 96), (22, 96), (10, 97), (18, 97), (19, 97), (11, 98), (15, 98), (16, 98), (17, 98), (12, 99), (13, 99), (14, 99)]
[(50, 71), (47, 72), (48, 72), (49, 72), (51, 72), (45, 73), (46, 73), (52, 73), (42, 74), (43, 74), (44, 74), (53, 74), (40, 75), (41, 75), (54, 75), (37, 76), (38, 76), (39, 76), (55, 76), (34, 77), (35, 77), (36, 77), (54, 78), (33, 79), (53, 81), (32, 82), (52, 83), (31, 84), (51, 86), (30, 87), (50, 88), (29, 89), (49, 91), (28, 92), (49, 92), (28, 93), (46, 93), (47, 93), (48, 93), (29, 94), (44, 94), (45, 94), (30, 95), (41, 95), (42, 95), (43, 95), (31, 96), (39, 96), (40, 96), (32, 97), (36, 97), (37, 97), (38, 97), (33, 98), (34, 98), (35, 98)]
[(49, 92), (46, 93), (47, 93), (48, 93), (50, 93), (44, 94), (45, 94), (51, 94), (41, 95), (42, 95), (43, 95), (52, 95), (39, 96), (40, 96), (53, 96), (36, 97), (37, 97), (38, 97), (54, 97), (33, 98), (34, 98), (35, 98), (53, 99), (32, 100), (52, 102), (31, 103), (51, 104), (30, 105), (50, 107), (29, 108), (49, 109), (28, 110), (48, 112), (27, 113), (48, 113), (27, 114), (45, 114), (46, 114), (47, 114)]
[(70, 91), (67, 92), (68, 92), (69, 92), (71, 92), (65, 93), (66, 93), (72, 93), (62, 94), (63, 94), (64, 94), (73, 94), (60, 95), (61, 95), (74, 95), (57, 96), (58, 96), (59, 96), (75, 96), (54, 97), (55, 97), (56, 97), (74, 98), (53, 99), (73, 101), (52, 102), (72, 103), (51, 104), (71, 106), (50, 107), (70, 108), (49, 109), (69, 111), (48, 112), (69, 112), (48, 113), (66, 113), (67, 113), (68, 113), (49, 114), (64, 114), (65, 114)]
[(69, 112), (66, 113), (67, 113), (68, 113), (70, 113), (64, 114), (65, 114), (71, 114)]
[(90, 111), (87, 112), (88, 112), (89, 112), (91, 112), (85, 113), (86, 113), (92, 113), (82, 114), (83, 114), (84, 114), (93, 114)]
[(28, 93), (25, 94), (26, 94), (27, 94), (29, 94), (23, 95), (24, 95), (30, 95), (20, 96), (21, 96), (22, 96), (31, 96), (18, 97), (19, 97), (32, 97), (15, 98), (16, 98), (17, 98), (33, 98), (12, 99), (13, 99), (14, 99), (32, 100), (11, 101), (31, 103), (10, 104), (30, 105), (9, 106), (29, 108), (8, 109), (28, 110), (7, 111), (27, 113), (6, 114), (27, 114)]
[(27, 114)]
[(48, 113), (45, 114), (46, 114), (47, 114), (49, 114)]
