[(87, 37), (88, 37), (89, 37), (85, 38), (86, 38), (90, 38), (82, 39), (83, 39), (84, 39), (91, 39), (80, 40), (81, 40), (92, 40), (77, 41), (78, 41), (79, 41), (93, 41), (75, 42), (76, 42), (94, 42), (72, 43), (73, 43), (74, 43), (95, 43), (69, 44), (70, 44), (71, 44), (96, 44), (68, 46), (95, 46), (67, 49), (94, 49), (66, 51), (93, 51), (65, 54), (92, 54), (64, 56), (91, 56), (63, 59), (90, 59), (62, 61), (89, 61), (61, 64), (62, 64), (87, 64), (88, 64), (89, 64), (63, 65), (85, 65), (86, 65), (64, 66), (82, 66), (83, 66), (84, 66), (65, 67), (80, 67), (81, 67), (66, 68), (77, 68), (78, 68), (79, 68), (67, 69), (75, 69), (76, 69), (68, 70), (72, 70), (73, 70), (74, 70), (69, 71), (70, 71), (71, 71)]
[(114, 37), (112, 38), (113, 38), (109, 39), (110, 39), (111, 39), (107, 40), (108, 40), (104, 41), (105, 41), (106, 41), (102, 42), (103, 42), (99, 43), (100, 43), (101, 43), (96, 44), (97, 44), (98, 44), (95, 46), (94, 49), (93, 51), (92, 54), (91, 56), (90, 59), (89, 61), (88, 64), (89, 64), (114, 64), (90, 65), (112, 65), (113, 65), (91, 66), (109, 66), (110, 66), (111, 66), (92, 67), (107, 67), (108, 67), (93, 68), (104, 68), (105, 68), (106, 68), (94, 69), (102, 69), (103, 69), (95, 70), (99, 70), (100, 70), (101, 70), (96, 71), (97, 71), (98, 71)]
[(114, 64), (112, 65), (113, 65), (109, 66), (110, 66), (111, 66), (107, 67), (108, 67), (104, 68), (105, 68), (106, 68), (102, 69), (103, 69), (99, 70), (100, 70), (101, 70), (96, 71), (97, 71), (98, 71), (95, 73), (94, 76), (93, 78), (92, 81), (91, 83), (90, 86), (89, 88), (88, 91), (89, 91), (114, 91), (90, 92), (112, 92), (113, 92), (91, 93), (109, 93), (110, 93), (111, 93), (92, 94), (107, 94), (108, 94), (93, 95), (104, 95), (105, 95), (106, 95), (94, 96), (102, 96), (103, 96), (95, 97), (99, 97), (100, 97), (101, 97), (96, 98), (97, 98), (98, 98)]
[(33, 37), (34, 37), (35, 37), (31, 38), (32, 38), (36, 38), (28, 39), (29, 39), (30, 39), (37, 39), (26, 40), (27, 40), (38, 40), (23, 41), (24, 41), (25, 41), (39, 41), (21, 42), (22, 42), (40, 42), (18, 43), (19, 43), (20, 43), (41, 43), (15, 44), (16, 44), (17, 44), (42, 44), (14, 46), (41, 46), (13, 49), (40, 49), (12, 51), (39, 51), (11, 54), (38, 54), (10, 56), (37, 56), (9, 59), (36, 59), (8, 61), (35, 61), (7, 64), (8, 64), (33, 64), (34, 64), (35, 64), (9, 65), (31, 65), (32, 65), (10, 66), (28, 66), (29, 66), (30, 66), (11, 67), (26, 67), (27, 67), (12, 68), (23, 68), (24, 68), (25, 68), (13, 69), (21, 69), (22, 69), (14, 70), (18, 70), (19, 70), (20, 70), (15, 71), (16, 71), (17, 71)]
[(60, 37), (61, 37), (62, 37), (58, 38), (59, 38), (63, 38), (55, 39), (56, 39), (57, 39), (64, 39), (53, 40), (54, 40), (65, 40), (50, 41), (51, 41), (52, 41), (66, 41), (48, 42), (49, 42), (67, 42), (45, 43), (46, 43), (47, 43), (68, 43), (42, 44), (43, 44), (44, 44), (69, 44), (41, 46), (68, 46), (40, 49), (67, 49), (39, 51), (66, 51), (38, 54), (65, 54), (37, 56), (64, 56), (36, 59), (63, 59), (35, 61), (62, 61), (34, 64), (35, 64), (60, 64), (61, 64), (62, 64), (36, 65), (58, 65), (59, 65), (37, 66), (55, 66), (56, 66), (57, 66), (38, 67), (53, 67), (54, 67), (39, 68), (50, 68), (51, 68), (52, 68), (40, 69), (48, 69), (49, 69), (41, 70), (45, 70), (46, 70), (47, 70), (42, 71), (43, 71), (44, 71)]
[(60, 64), (61, 64), (62, 64), (58, 65), (59, 65), (63, 65), (55, 66), (56, 66), (57, 66), (64, 66), (53, 67), (54, 67), (65, 67), (50, 68), (51, 68), (52, 68), (66, 68), (48, 69), (49, 69), (67, 69), (45, 70), (46, 70), (47, 70), (68, 70), (42, 71), (43, 71), (44, 71), (69, 71), (41, 73), (68, 73), (40, 76), (67, 76), (39, 78), (66, 78), (38, 81), (65, 81), (37, 83), (64, 83), (36, 86), (63, 86), (35, 88), (62, 88), (34, 91), (35, 91), (60, 91), (61, 91), (62, 91), (36, 92), (58, 92), (59, 92), (37, 93), (55, 93), (56, 93), (57, 93), (38, 94), (53, 94), (54, 94), (39, 95), (50, 95), (51, 95), (52, 95), (40, 96), (48, 96), (49, 96), (41, 97), (45, 97), (46, 97), (47, 97), (42, 98), (43, 98), (44, 98)]
[(87, 64), (88, 64), (89, 64), (85, 65), (86, 65), (90, 65), (82, 66), (83, 66), (84, 66), (91, 66), (80, 67), (81, 67), (92, 67), (77, 68), (78, 68), (79, 68), (93, 68), (75, 69), (76, 69), (94, 69), (72, 70), (73, 70), (74, 70), (95, 70), (69, 71), (70, 71), (71, 71), (96, 71), (68, 73), (95, 73), (67, 76), (94, 76), (66, 78), (93, 78), (65, 81), (92, 81), (64, 83), (91, 83), (63, 86), (90, 86), (62, 88), (89, 88), (61, 91), (62, 91), (87, 91), (88, 91), (89, 91), (63, 92), (85, 92), (86, 92), (64, 93), (82, 93), (83, 93), (84, 93), (65, 94), (80, 94), (81, 94), (66, 95), (77, 95), (78, 95), (79, 95), (67, 96), (75, 96), (76, 96), (68, 97), (72, 97), (73, 97), (74, 97), (69, 98), (70, 98), (71, 98)]
[(87, 91), (88, 91), (89, 91), (85, 92), (86, 92), (90, 92), (82, 93), (83, 93), (84, 93), (91, 93), (80, 94), (81, 94), (92, 94), (77, 95), (78, 95), (79, 95), (93, 95), (75, 96), (76, 96), (94, 96), (72, 97), (73, 97), (74, 97), (95, 97), (69, 98), (70, 98), (71, 98), (96, 98), (68, 100), (95, 100), (67, 103), (94, 103), (66, 105), (93, 105), (65, 108), (92, 108), (64, 110), (91, 110), (63, 113), (90, 113)]
[(114, 91), (112, 92), (113, 92), (109, 93), (110, 93), (111, 93), (107, 94), (108, 94), (104, 95), (105, 95), (106, 95), (102, 96), (103, 96), (99, 97), (100, 97), (101, 97), (96, 98), (97, 98), (98, 98), (95, 100), (94, 103), (93, 105), (92, 108), (91, 110), (90, 113)]
[(6, 64), (7, 64), (8, 64), (4, 65), (5, 65), (9, 65), (1, 66), (2, 66), (3, 66), (10, 66), (0, 67), (11, 67), (12, 68), (13, 69), (14, 70), (15, 71), (14, 73), (13, 76), (12, 78), (11, 81), (10, 83), (9, 86), (8, 88), (6, 91), (7, 91), (8, 91), (4, 92), (5, 92), (1, 93), (2, 93), (3, 93), (0, 94)]
[(33, 64), (34, 64), (35, 64), (31, 65), (32, 65), (36, 65), (28, 66), (29, 66), (30, 66), (37, 66), (26, 67), (27, 67), (38, 67), (23, 68), (24, 68), (25, 68), (39, 68), (21, 69), (22, 69), (40, 69), (18, 70), (19, 70), (20, 70), (41, 70), (15, 71), (16, 71), (17, 71), (42, 71), (14, 73), (41, 73), (13, 76), (40, 76), (12, 78), (39, 78), (11, 81), (38, 81), (10, 83), (37, 83), (9, 86), (36, 86), (8, 88), (35, 88), (7, 91), (8, 91), (33, 91), (34, 91), (35, 91), (9, 92), (31, 92), (32, 92), (10, 93), (28, 93), (29, 93), (30, 93), (11, 94), (26, 94), (27, 94), (12, 95), (23, 95), (24, 95), (25, 95), (13, 96), (21, 96), (22, 96), (14, 97), (18, 97), (19, 97), (20, 97), (15, 98), (16, 98), (17, 98)]
[(33, 91), (34, 91), (35, 91), (31, 92), (32, 92), (36, 92), (28, 93), (29, 93), (30, 93), (37, 93), (26, 94), (27, 94), (38, 94), (23, 95), (24, 95), (25, 95), (39, 95), (21, 96), (22, 96), (40, 96), (18, 97), (19, 97), (20, 97), (41, 97), (15, 98), (16, 98), (17, 98), (42, 98), (14, 100), (41, 100), (13, 103), (40, 103), (12, 105), (39, 105), (11, 108), (38, 108), (10, 110), (37, 110), (9, 113), (36, 113)]
[(60, 91), (61, 91), (62, 91), (58, 92), (59, 92), (63, 92), (55, 93), (56, 93), (57, 93), (64, 93), (53, 94), (54, 94), (65, 94), (50, 95), (51, 95), (52, 95), (66, 95), (48, 96), (49, 96), (67, 96), (45, 97), (46, 97), (47, 97), (68, 97), (42, 98), (43, 98), (44, 98), (69, 98), (41, 100), (68, 100), (40, 103), (67, 103), (39, 105), (66, 105), (38, 108), (65, 108), (37, 110), (64, 110), (36, 113), (63, 113)]
[(6, 91), (7, 91), (8, 91), (4, 92), (5, 92), (9, 92), (1, 93), (2, 93), (3, 93), (10, 93), (0, 94), (11, 94), (12, 95), (13, 96), (14, 97), (15, 98), (14, 100), (13, 103), (12, 105), (11, 108), (10, 110), (9, 113)]
