[(75, 8), (76, 8), (77, 8), (78, 8), (72, 9), (73, 9), (74, 9), (79, 9), (68, 10), (69, 10), (70, 10), (71, 10), (80, 10), (64, 11), (65, 11), (66, 11), (67, 11), (81, 11), (60, 12), (61, 12), (62, 12), (63, 12), (82, 12), (59, 15), (81, 15), (58, 19), (80, 19), (57, 23), (79, 23), (56, 26), (78, 26), (55, 30), (56, 30), (75, 30), (76, 30), (77, 30), (78, 30), (57, 31), (72, 31), (73, 31), (74, 31), (58, 32), (68, 32), (69, 32), (70, 32), (71, 32), (59, 33), (64, 33), (65, 33), (66, 33), (67, 33), (60, 34), (61, 34), (62, 34), (63, 34)]
[(97, 8), (98, 8), (99, 8), (100, 8), (94, 9), (95, 9), (96, 9), (101, 9), (90, 10), (91, 10), (92, 10), (93, 10), (102, 10), (86, 11), (87, 11), (88, 11), (89, 11), (103, 11), (82, 12), (83, 12), (84, 12), (85, 12), (104, 12), (81, 15), (103, 15), (80, 19), (102, 19), (79, 23), (101, 23), (78, 26), (100, 26), (77, 30), (78, 30), (97, 30), (98, 30), (99, 30), (100, 30), (79, 31), (94, 31), (95, 31), (96, 31), (80, 32), (90, 32), (91, 32), (92, 32), (93, 32), (81, 33), (86, 33), (87, 33), (88, 33), (89, 33), (82, 34), (83, 34), (84, 34), (85, 34)]
[(97, 30), (98, 30), (99, 30), (100, 30), (94, 31), (95, 31), (96, 31), (101, 31), (90, 32), (91, 32), (92, 32), (93, 32), (102, 32), (86, 33), (87, 33), (88, 33), (89, 33), (103, 33), (82, 34), (83, 34), (84, 34), (85, 34), (104, 34), (81, 37), (103, 37), (80, 41), (102, 41), (79, 45), (101, 45), (78, 48), (100, 48), (77, 52), (78, 52), (97, 52), (98, 52), (99, 52), (100, 52), (79, 53), (94, 53), (95, 53), (96, 53), (80, 54), (90, 54), (91, 54), (92, 54), (93, 54), (81, 55), (86, 55), (87, 55), (88, 55), (89, 55), (82, 56), (83, 56), (84, 56), (85, 56)]
[(112, 32), (113, 32), (114, 32), (108, 33), (109, 33), (110, 33), (111, 33), (104, 34), (105, 34), (106, 34), (107, 34), (103, 37), (102, 41), (101, 45), (100, 48), (99, 52), (100, 52), (101, 53), (102, 54), (112, 54), (113, 54), (114, 54), (103, 55), (108, 55), (109, 55), (110, 55), (111, 55), (104, 56), (105, 56), (106, 56), (107, 56)]
[(112, 54), (113, 54), (114, 54), (108, 55), (109, 55), (110, 55), (111, 55), (104, 56), (105, 56), (106, 56), (107, 56), (103, 59), (102, 63), (101, 67), (100, 70), (99, 74), (100, 74), (101, 75), (102, 76), (112, 76), (113, 76), (114, 76), (103, 77), (108, 77), (109, 77), (110, 77), (111, 77), (104, 78), (105, 78), (106, 78), (107, 78)]
[(31, 8), (32, 8), (33, 8), (34, 8), (28, 9), (29, 9), (30, 9), (35, 9), (24, 10), (25, 10), (26, 10), (27, 10), (36, 10), (20, 11), (21, 11), (22, 11), (23, 11), (37, 11), (16, 12), (17, 12), (18, 12), (19, 12), (38, 12), (15, 15), (37, 15), (14, 19), (36, 19), (13, 23), (35, 23), (12, 26), (34, 26), (11, 30), (12, 30), (31, 30), (32, 30), (33, 30), (34, 30), (13, 31), (28, 31), (29, 31), (30, 31), (14, 32), (24, 32), (25, 32), (26, 32), (27, 32), (15, 33), (20, 33), (21, 33), (22, 33), (23, 33), (16, 34), (17, 34), (18, 34), (19, 34)]
[(53, 8), (54, 8), (55, 8), (56, 8), (50, 9), (51, 9), (52, 9), (57, 9), (46, 10), (47, 10), (48, 10), (49, 10), (58, 10), (42, 11), (43, 11), (44, 11), (45, 11), (59, 11), (38, 12), (39, 12), (40, 12), (41, 12), (60, 12), (37, 15), (59, 15), (36, 19), (58, 19), (35, 23), (57, 23), (34, 26), (56, 26), (33, 30), (34, 30), (53, 30), (54, 30), (55, 30), (56, 30), (35, 31), (50, 31), (51, 31), (52, 31), (36, 32), (46, 32), (47, 32), (48, 32), (49, 32), (37, 33), (42, 33), (43, 33), (44, 33), (45, 33), (38, 34), (39, 34), (40, 34), (41, 34)]
[(53, 30), (54, 30), (55, 30), (56, 30), (50, 31), (51, 31), (52, 31), (57, 31), (46, 32), (47, 32), (48, 32), (49, 32), (58, 32), (42, 33), (43, 33), (44, 33), (45, 33), (59, 33), (38, 34), (39, 34), (40, 34), (41, 34), (60, 34), (37, 37), (59, 37), (36, 41), (58, 41), (35, 45), (57, 45), (34, 48), (56, 48), (33, 52), (34, 52), (53, 52), (54, 52), (55, 52), (56, 52), (35, 53), (50, 53), (51, 53), (52, 53), (36, 54), (46, 54), (47, 54), (48, 54), (49, 54), (37, 55), (42, 55), (43, 55), (44, 55), (45, 55), (38, 56), (39, 56), (40, 56), (41, 56)]
[(75, 30), (76, 30), (77, 30), (78, 30), (72, 31), (73, 31), (74, 31), (79, 31), (68, 32), (69, 32), (70, 32), (71, 32), (80, 32), (64, 33), (65, 33), (66, 33), (67, 33), (81, 33), (60, 34), (61, 34), (62, 34), (63, 34), (82, 34), (59, 37), (81, 37), (58, 41), (80, 41), (57, 45), (79, 45), (56, 48), (78, 48), (55, 52), (56, 52), (75, 52), (76, 52), (77, 52), (78, 52), (57, 53), (72, 53), (73, 53), (74, 53), (58, 54), (68, 54), (69, 54), (70, 54), (71, 54), (59, 55), (64, 55), (65, 55), (66, 55), (67, 55), (60, 56), (61, 56), (62, 56), (63, 56)]
[(75, 52), (76, 52), (77, 52), (78, 52), (72, 53), (73, 53), (74, 53), (79, 53), (68, 54), (69, 54), (70, 54), (71, 54), (80, 54), (64, 55), (65, 55), (66, 55), (67, 55), (81, 55), (60, 56), (61, 56), (62, 56), (63, 56), (82, 56), (59, 59), (81, 59), (58, 63), (80, 63), (57, 67), (79, 67), (56, 70), (78, 70), (55, 74), (56, 74), (75, 74), (76, 74), (77, 74), (78, 74), (57, 75), (72, 75), (73, 75), (74, 75), (58, 76), (68, 76), (69, 76), (70, 76), (71, 76), (59, 77), (64, 77), (65, 77), (66, 77), (67, 77), (60, 78), (61, 78), (62, 78), (63, 78)]
[(97, 52), (98, 52), (99, 52), (100, 52), (94, 53), (95, 53), (96, 53), (101, 53), (90, 54), (91, 54), (92, 54), (93, 54), (102, 54), (86, 55), (87, 55), (88, 55), (89, 55), (103, 55), (82, 56), (83, 56), (84, 56), (85, 56), (104, 56), (81, 59), (103, 59), (80, 63), (102, 63), (79, 67), (101, 67), (78, 70), (100, 70), (77, 74), (78, 74), (97, 74), (98, 74), (99, 74), (100, 74), (79, 75), (94, 75), (95, 75), (96, 75), (80, 76), (90, 76), (91, 76), (92, 76), (93, 76), (81, 77), (86, 77), (87, 77), (88, 77), (89, 77), (82, 78), (83, 78), (84, 78), (85, 78)]
[(97, 74), (98, 74), (99, 74), (100, 74), (94, 75), (95, 75), (96, 75), (101, 75), (90, 76), (91, 76), (92, 76), (93, 76), (102, 76), (86, 77), (87, 77), (88, 77), (89, 77), (103, 77), (82, 78), (83, 78), (84, 78), (85, 78), (104, 78), (81, 81), (103, 81), (80, 85), (102, 85), (79, 89), (101, 89), (78, 92), (100, 92), (77, 96), (78, 96), (97, 96), (98, 96), (99, 96), (100, 96), (79, 97), (94, 97), (95, 97), (96, 97), (80, 98), (90, 98), (91, 98), (92, 98), (93, 98), (81, 99), (86, 99), (87, 99), (88, 99), (89, 99), (82, 100), (83, 100), (84, 100), (85, 100)]
[(112, 76), (113, 76), (114, 76), (108, 77), (109, 77), (110, 77), (111, 77), (104, 78), (105, 78), (106, 78), (107, 78), (103, 81), (102, 85), (101, 89), (100, 92), (99, 96), (100, 96), (101, 97), (102, 98), (112, 98), (113, 98), (114, 98), (103, 99), (108, 99), (109, 99), (110, 99), (111, 99), (104, 100), (105, 100), (106, 100), (107, 100)]
[(112, 98), (113, 98), (114, 98), (108, 99), (109, 99), (110, 99), (111, 99), (104, 100), (105, 100), (106, 100), (107, 100), (103, 103), (102, 107), (101, 111), (100, 114)]
[(9, 30), (10, 30), (11, 30), (12, 30), (6, 31), (7, 31), (8, 31), (13, 31), (2, 32), (3, 32), (4, 32), (5, 32), (14, 32), (0, 33), (1, 33), (15, 33), (16, 34), (15, 37), (14, 41), (13, 45), (12, 48), (9, 52), (10, 52), (11, 52), (12, 52), (6, 53), (7, 53), (8, 53), (2, 54), (3, 54), (4, 54), (5, 54), (0, 55), (1, 55)]
[(31, 30), (32, 30), (33, 30), (34, 30), (28, 31), (29, 31), (30, 31), (35, 31), (24, 32), (25, 32), (26, 32), (27, 32), (36, 32), (20, 33), (21, 33), (22, 33), (23, 33), (37, 33), (16, 34), (17, 34), (18, 34), (19, 34), (38, 34), (15, 37), (37, 37), (14, 41), (36, 41), (13, 45), (35, 45), (12, 48), (34, 48), (11, 52), (12, 52), (31, 52), (32, 52), (33, 52), (34, 52), (13, 53), (28, 53), (29, 53), (30, 53), (14, 54), (24, 54), (25, 54), (26, 54), (27, 54), (15, 55), (20, 55), (21, 55), (22, 55), (23, 55), (16, 56), (17, 56), (18, 56), (19, 56)]
[(31, 52), (32, 52), (33, 52), (34, 52), (28, 53), (29, 53), (30, 53), (35, 53), (24, 54), (25, 54), (26, 54), (27, 54), (36, 54), (20, 55), (21, 55), (22, 55), (23, 55), (37, 55), (16, 56), (17, 56), (18, 56), (19, 56), (38, 56), (15, 59), (37, 59), (14, 63), (36, 63), (13, 67), (35, 67), (12, 70), (34, 70), (11, 74), (12, 74), (31, 74), (32, 74), (33, 74), (34, 74), (13, 75), (28, 75), (29, 75), (30, 75), (14, 76), (24, 76), (25, 76), (26, 76), (27, 76), (15, 77), (20, 77), (21, 77), (22, 77), (23, 77), (16, 78), (17, 78), (18, 78), (19, 78)]
[(53, 52), (54, 52), (55, 52), (56, 52), (50, 53), (51, 53), (52, 53), (57, 53), (46, 54), (47, 54), (48, 54), (49, 54), (58, 54), (42, 55), (43, 55), (44, 55), (45, 55), (59, 55), (38, 56), (39, 56), (40, 56), (41, 56), (60, 56), (37, 59), (59, 59), (36, 63), (58, 63), (35, 67), (57, 67), (34, 70), (56, 70), (33, 74), (34, 74), (53, 74), (54, 74), (55, 74), (56, 74), (35, 75), (50, 75), (51, 75), (52, 75), (36, 76), (46, 76), (47, 76), (48, 76), (49, 76), (37, 77), (42, 77), (43, 77), (44, 77), (45, 77), (38, 78), (39, 78), (40, 78), (41, 78)]
[(53, 74), (54, 74), (55, 74), (56, 74), (50, 75), (51, 75), (52, 75), (57, 75), (46, 76), (47, 76), (48, 76), (49, 76), (58, 76), (42, 77), (43, 77), (44, 77), (45, 77), (59, 77), (38, 78), (39, 78), (40, 78), (41, 78), (60, 78), (37, 81), (59, 81), (36, 85), (58, 85), (35, 89), (57, 89), (34, 92), (56, 92), (33, 96), (34, 96), (53, 96), (54, 96), (55, 96), (56, 96), (35, 97), (50, 97), (51, 97), (52, 97), (36, 98), (46, 98), (47, 98), (48, 98), (49, 98), (37, 99), (42, 99), (43, 99), (44, 99), (45, 99), (38, 100), (39, 100), (40, 100), (41, 100)]
[(75, 74), (76, 74), (77, 74), (78, 74), (72, 75), (73, 75), (74, 75), (79, 75), (68, 76), (69, 76), (70, 76), (71, 76), (80, 76), (64, 77), (65, 77), (66, 77), (67, 77), (81, 77), (60, 78), (61, 78), (62, 78), (63, 78), (82, 78), (59, 81), (81, 81), (58, 85), (80, 85), (57, 89), (79, 89), (56, 92), (78, 92), (55, 96), (56, 96), (75, 96), (76, 96), (77, 96), (78, 96), (57, 97), (72, 97), (73, 97), (74, 97), (58, 98), (68, 98), (69, 98), (70, 98), (71, 98), (59, 99), (64, 99), (65, 99), (66, 99), (67, 99), (60, 100), (61, 100), (62, 100), (63, 100)]
[(75, 96), (76, 96), (77, 96), (78, 96), (72, 97), (73, 97), (74, 97), (79, 97), (68, 98), (69, 98), (70, 98), (71, 98), (80, 98), (64, 99), (65, 99), (66, 99), (67, 99), (81, 99), (60, 100), (61, 100), (62, 100), (63, 100), (82, 100), (59, 103), (81, 103), (58, 107), (80, 107), (57, 111), (79, 111), (56, 114), (78, 114)]
[(97, 96), (98, 96), (99, 96), (100, 96), (94, 97), (95, 97), (96, 97), (101, 97), (90, 98), (91, 98), (92, 98), (93, 98), (102, 98), (86, 99), (87, 99), (88, 99), (89, 99), (103, 99), (82, 100), (83, 100), (84, 100), (85, 100), (104, 100), (81, 103), (103, 103), (80, 107), (102, 107), (79, 111), (101, 111), (78, 114), (100, 114)]
[(9, 52), (10, 52), (11, 52), (12, 52), (6, 53), (7, 53), (8, 53), (13, 53), (2, 54), (3, 54), (4, 54), (5, 54), (14, 54), (0, 55), (1, 55), (15, 55), (16, 56), (15, 59), (14, 63), (13, 67), (12, 70), (9, 74), (10, 74), (11, 74), (12, 74), (6, 75), (7, 75), (8, 75), (2, 76), (3, 76), (4, 76), (5, 76), (0, 77), (1, 77)]
[(9, 74), (10, 74), (11, 74), (12, 74), (6, 75), (7, 75), (8, 75), (13, 75), (2, 76), (3, 76), (4, 76), (5, 76), (14, 76), (0, 77), (1, 77), (15, 77), (16, 78), (15, 81), (14, 85), (13, 89), (12, 92), (9, 96), (10, 96), (11, 96), (12, 96), (6, 97), (7, 97), (8, 97), (2, 98), (3, 98), (4, 98), (5, 98), (0, 99), (1, 99)]
[(31, 74), (32, 74), (33, 74), (34, 74), (28, 75), (29, 75), (30, 75), (35, 75), (24, 76), (25, 76), (26, 76), (27, 76), (36, 76), (20, 77), (21, 77), (22, 77), (23, 77), (37, 77), (16, 78), (17, 78), (18, 78), (19, 78), (38, 78), (15, 81), (37, 81), (14, 85), (36, 85), (13, 89), (35, 89), (12, 92), (34, 92), (11, 96), (12, 96), (31, 96), (32, 96), (33, 96), (34, 96), (13, 97), (28, 97), (29, 97), (30, 97), (14, 98), (24, 98), (25, 98), (26, 98), (27, 98), (15, 99), (20, 99), (21, 99), (22, 99), (23, 99), (16, 100), (17, 100), (18, 100), (19, 100)]
[(31, 96), (32, 96), (33, 96), (34, 96), (28, 97), (29, 97), (30, 97), (35, 97), (24, 98), (25, 98), (26, 98), (27, 98), (36, 98), (20, 99), (21, 99), (22, 99), (23, 99), (37, 99), (16, 100), (17, 100), (18, 100), (19, 100), (38, 100), (15, 103), (37, 103), (14, 107), (36, 107), (13, 111), (35, 111), (12, 114), (34, 114)]
[(53, 96), (54, 96), (55, 96), (56, 96), (50, 97), (51, 97), (52, 97), (57, 97), (46, 98), (47, 98), (48, 98), (49, 98), (58, 98), (42, 99), (43, 99), (44, 99), (45, 99), (59, 99), (38, 100), (39, 100), (40, 100), (41, 100), (60, 100), (37, 103), (59, 103), (36, 107), (58, 107), (35, 111), (57, 111), (34, 114), (56, 114)]
[(9, 96), (10, 96), (11, 96), (12, 96), (6, 97), (7, 97), (8, 97), (13, 97), (2, 98), (3, 98), (4, 98), (5, 98), (14, 98), (0, 99), (1, 99), (15, 99), (16, 100), (15, 103), (14, 107), (13, 111), (12, 114)]
