[(112, 12), (110, 13), (111, 13), (113, 13), (108, 14), (109, 14), (114, 14), (106, 15), (107, 15), (104, 16), (105, 16), (102, 17), (103, 17), (100, 18), (101, 18), (98, 19), (99, 19), (96, 20), (97, 20), (94, 21), (95, 21), (92, 22), (93, 22), (89, 23), (90, 23), (91, 23), (88, 25), (87, 27), (86, 29), (85, 31), (114, 32), (84, 33), (113, 34), (83, 35), (112, 36), (82, 37), (111, 38), (81, 39), (110, 40), (80, 41), (109, 42), (79, 43), (109, 43), (107, 44), (108, 44), (78, 45), (105, 45), (106, 45), (78, 46), (103, 46), (104, 46), (79, 47), (101, 47), (102, 47), (80, 48), (99, 48), (100, 48), (81, 49), (97, 49), (98, 49), (82, 50), (95, 50), (96, 50), (83, 51), (93, 51), (94, 51), (84, 52), (91, 52), (92, 52), (85, 53), (89, 53), (90, 53), (86, 54), (87, 54), (88, 54)]
[(114, 32), (113, 34), (112, 36), (111, 38), (110, 40), (109, 42), (109, 43), (110, 44), (111, 45), (112, 46), (113, 47), (114, 48)]
[(114, 57), (113, 59), (112, 61), (111, 63), (110, 65), (109, 67), (108, 69), (107, 71), (106, 73), (106, 74), (107, 75), (108, 76), (109, 77), (110, 78), (111, 79), (112, 80), (113, 81), (114, 82)]
[(50, 18), (48, 19), (49, 19), (51, 19), (46, 20), (47, 20), (52, 20), (44, 21), (45, 21), (53, 21), (42, 22), (43, 22), (54, 22), (40, 23), (41, 23), (55, 23), (38, 24), (39, 24), (56, 24), (36, 25), (37, 25), (57, 25), (34, 26), (35, 26), (58, 26), (32, 27), (33, 27), (30, 28), (31, 28), (57, 28), (27, 29), (28, 29), (29, 29), (56, 30), (26, 31), (55, 32), (25, 33), (54, 34), (24, 35), (53, 36), (23, 37), (52, 38), (22, 39), (51, 40), (21, 41), (50, 42), (20, 43), (49, 44), (19, 45), (48, 46), (18, 47), (47, 48), (17, 49), (47, 49), (45, 50), (46, 50), (16, 51), (43, 51), (44, 51), (16, 52), (41, 52), (42, 52), (17, 53), (39, 53), (40, 53), (18, 54), (37, 54), (38, 54), (19, 55), (35, 55), (36, 55), (20, 56), (33, 56), (34, 56), (21, 57), (31, 57), (32, 57), (22, 58), (29, 58), (30, 58), (23, 59), (27, 59), (28, 59), (24, 60), (25, 60), (26, 60)]
[(81, 15), (79, 16), (80, 16), (82, 16), (77, 17), (78, 17), (83, 17), (75, 18), (76, 18), (84, 18), (73, 19), (74, 19), (85, 19), (71, 20), (72, 20), (86, 20), (69, 21), (70, 21), (87, 21), (67, 22), (68, 22), (88, 22), (65, 23), (66, 23), (89, 23), (63, 24), (64, 24), (61, 25), (62, 25), (88, 25), (58, 26), (59, 26), (60, 26), (87, 27), (57, 28), (86, 29), (56, 30), (85, 31), (55, 32), (84, 33), (54, 34), (83, 35), (53, 36), (82, 37), (52, 38), (81, 39), (51, 40), (80, 41), (50, 42), (79, 43), (49, 44), (78, 45), (48, 46), (78, 46), (76, 47), (77, 47), (47, 48), (74, 48), (75, 48), (47, 49), (72, 49), (73, 49), (48, 50), (70, 50), (71, 50), (49, 51), (68, 51), (69, 51), (50, 52), (66, 52), (67, 52), (51, 53), (64, 53), (65, 53), (52, 54), (62, 54), (63, 54), (53, 55), (60, 55), (61, 55), (54, 56), (58, 56), (59, 56), (55, 57), (56, 57), (57, 57)]
[(78, 46), (76, 47), (77, 47), (79, 47), (74, 48), (75, 48), (80, 48), (72, 49), (73, 49), (81, 49), (70, 50), (71, 50), (82, 50), (68, 51), (69, 51), (83, 51), (66, 52), (67, 52), (84, 52), (64, 53), (65, 53), (85, 53), (62, 54), (63, 54), (86, 54), (60, 55), (61, 55), (58, 56), (59, 56), (85, 56), (55, 57), (56, 57), (57, 57), (84, 58), (54, 59), (83, 60), (53, 61), (82, 62), (52, 63), (81, 64), (51, 65), (80, 66), (50, 67), (79, 68), (49, 69), (78, 70), (48, 71), (77, 72), (47, 73), (76, 74), (46, 75), (75, 76), (45, 77), (75, 77), (73, 78), (74, 78), (44, 79), (71, 79), (72, 79), (44, 80), (69, 80), (70, 80), (45, 81), (67, 81), (68, 81), (46, 82), (65, 82), (66, 82), (47, 83), (63, 83), (64, 83), (48, 84), (61, 84), (62, 84), (49, 85), (59, 85), (60, 85), (50, 86), (57, 86), (58, 86), (51, 87), (55, 87), (56, 87), (52, 88), (53, 88), (54, 88)]
[(109, 43), (107, 44), (108, 44), (110, 44), (105, 45), (106, 45), (111, 45), (103, 46), (104, 46), (112, 46), (101, 47), (102, 47), (113, 47), (99, 48), (100, 48), (114, 48), (97, 49), (98, 49), (95, 50), (96, 50), (93, 51), (94, 51), (91, 52), (92, 52), (89, 53), (90, 53), (86, 54), (87, 54), (88, 54), (85, 56), (114, 57), (84, 58), (113, 59), (83, 60), (112, 61), (82, 62), (111, 63), (81, 64), (110, 65), (80, 66), (109, 67), (79, 68), (108, 69), (78, 70), (107, 71), (77, 72), (106, 73), (76, 74), (106, 74), (104, 75), (105, 75), (75, 76), (102, 76), (103, 76), (75, 77), (100, 77), (101, 77), (76, 78), (98, 78), (99, 78), (77, 79), (96, 79), (97, 79), (78, 80), (94, 80), (95, 80), (79, 81), (92, 81), (93, 81), (80, 82), (90, 82), (91, 82), (81, 83), (88, 83), (89, 83), (82, 84), (86, 84), (87, 84), (83, 85), (84, 85), (85, 85)]
[(106, 74), (104, 75), (105, 75), (107, 75), (102, 76), (103, 76), (108, 76), (100, 77), (101, 77), (109, 77), (98, 78), (99, 78), (110, 78), (96, 79), (97, 79), (111, 79), (94, 80), (95, 80), (112, 80), (92, 81), (93, 81), (113, 81), (90, 82), (91, 82), (114, 82), (88, 83), (89, 83), (86, 84), (87, 84), (113, 84), (83, 85), (84, 85), (85, 85), (112, 86), (82, 87), (111, 88), (81, 89), (110, 90), (80, 91), (109, 92), (79, 93), (108, 94), (78, 95), (107, 96), (77, 97), (106, 98), (76, 99), (105, 100), (75, 101), (104, 102), (74, 103), (103, 104), (73, 105), (103, 105), (101, 106), (102, 106), (72, 107), (99, 107), (100, 107), (72, 108), (97, 108), (98, 108), (73, 109), (95, 109), (96, 109), (74, 110), (93, 110), (94, 110), (75, 111), (91, 111), (92, 111), (76, 112), (89, 112), (90, 112), (77, 113), (87, 113), (88, 113), (78, 114), (85, 114), (86, 114)]
[(114, 82), (113, 84), (112, 86), (111, 88), (110, 90), (109, 92), (108, 94), (107, 96), (106, 98), (105, 100), (104, 102), (103, 104), (103, 105), (104, 106), (105, 107), (106, 108), (107, 109), (108, 110), (109, 111), (110, 112), (114, 112), (111, 113), (112, 113), (113, 113)]
[(114, 112), (111, 113), (112, 113), (113, 113)]
[(16, 52), (14, 53), (15, 53), (17, 53), (12, 54), (13, 54), (18, 54), (10, 55), (11, 55), (19, 55), (8, 56), (9, 56), (20, 56), (6, 57), (7, 57), (21, 57), (4, 58), (5, 58), (22, 58), (2, 59), (3, 59), (23, 59), (0, 60), (1, 60), (24, 60), (23, 62), (22, 64), (21, 66), (20, 68), (19, 70), (18, 72), (17, 74), (16, 76), (15, 78), (14, 80), (13, 82), (13, 83), (11, 84), (12, 84), (9, 85), (10, 85), (7, 86), (8, 86), (5, 87), (6, 87), (3, 88), (4, 88), (1, 89), (2, 89), (0, 90)]
[(47, 49), (45, 50), (46, 50), (48, 50), (43, 51), (44, 51), (49, 51), (41, 52), (42, 52), (50, 52), (39, 53), (40, 53), (51, 53), (37, 54), (38, 54), (52, 54), (35, 55), (36, 55), (53, 55), (33, 56), (34, 56), (54, 56), (31, 57), (32, 57), (55, 57), (29, 58), (30, 58), (27, 59), (28, 59), (54, 59), (24, 60), (25, 60), (26, 60), (53, 61), (23, 62), (52, 63), (22, 64), (51, 65), (21, 66), (50, 67), (20, 68), (49, 69), (19, 70), (48, 71), (18, 72), (47, 73), (17, 74), (46, 75), (16, 76), (45, 77), (15, 78), (44, 79), (14, 80), (44, 80), (42, 81), (43, 81), (13, 82), (40, 82), (41, 82), (13, 83), (38, 83), (39, 83), (14, 84), (36, 84), (37, 84), (15, 85), (34, 85), (35, 85), (16, 86), (32, 86), (33, 86), (17, 87), (30, 87), (31, 87), (18, 88), (28, 88), (29, 88), (19, 89), (26, 89), (27, 89), (20, 90), (24, 90), (25, 90), (21, 91), (22, 91), (23, 91)]
[(44, 80), (42, 81), (43, 81), (45, 81), (40, 82), (41, 82), (46, 82), (38, 83), (39, 83), (47, 83), (36, 84), (37, 84), (48, 84), (34, 85), (35, 85), (49, 85), (32, 86), (33, 86), (50, 86), (30, 87), (31, 87), (51, 87), (28, 88), (29, 88), (52, 88), (26, 89), (27, 89), (24, 90), (25, 90), (51, 90), (21, 91), (22, 91), (23, 91), (50, 92), (20, 93), (49, 94), (19, 95), (48, 96), (18, 97), (47, 98), (17, 99), (46, 100), (16, 101), (45, 102), (15, 103), (44, 104), (14, 105), (43, 106), (13, 107), (42, 108), (12, 109), (41, 110), (11, 111), (41, 111), (39, 112), (40, 112), (10, 113), (37, 113), (38, 113), (10, 114), (35, 114), (36, 114)]
[(75, 77), (73, 78), (74, 78), (76, 78), (71, 79), (72, 79), (77, 79), (69, 80), (70, 80), (78, 80), (67, 81), (68, 81), (79, 81), (65, 82), (66, 82), (80, 82), (63, 83), (64, 83), (81, 83), (61, 84), (62, 84), (82, 84), (59, 85), (60, 85), (83, 85), (57, 86), (58, 86), (55, 87), (56, 87), (82, 87), (52, 88), (53, 88), (54, 88), (81, 89), (51, 90), (80, 91), (50, 92), (79, 93), (49, 94), (78, 95), (48, 96), (77, 97), (47, 98), (76, 99), (46, 100), (75, 101), (45, 102), (74, 103), (44, 104), (73, 105), (43, 106), (72, 107), (42, 108), (72, 108), (70, 109), (71, 109), (41, 110), (68, 110), (69, 110), (41, 111), (66, 111), (67, 111), (42, 112), (64, 112), (65, 112), (43, 113), (62, 113), (63, 113), (44, 114), (60, 114), (61, 114)]
[(72, 108), (70, 109), (71, 109), (73, 109), (68, 110), (69, 110), (74, 110), (66, 111), (67, 111), (75, 111), (64, 112), (65, 112), (76, 112), (62, 113), (63, 113), (77, 113), (60, 114), (61, 114), (78, 114)]
[(103, 105), (101, 106), (102, 106), (104, 106), (99, 107), (100, 107), (105, 107), (97, 108), (98, 108), (106, 108), (95, 109), (96, 109), (107, 109), (93, 110), (94, 110), (108, 110), (91, 111), (92, 111), (109, 111), (89, 112), (90, 112), (110, 112), (87, 113), (88, 113), (111, 113), (85, 114), (86, 114)]
[(13, 83), (11, 84), (12, 84), (14, 84), (9, 85), (10, 85), (15, 85), (7, 86), (8, 86), (16, 86), (5, 87), (6, 87), (17, 87), (3, 88), (4, 88), (18, 88), (1, 89), (2, 89), (19, 89), (0, 90), (20, 90), (21, 91), (20, 93), (19, 95), (18, 97), (17, 99), (16, 101), (15, 103), (14, 105), (13, 107), (12, 109), (11, 111), (10, 113), (10, 114)]
[(10, 114)]
[(41, 111), (39, 112), (40, 112), (42, 112), (37, 113), (38, 113), (43, 113), (35, 114), (36, 114), (44, 114)]
