[(92, 29), (93, 29), (87, 30), (88, 30), (89, 30), (90, 30), (91, 30), (94, 30), (83, 31), (84, 31), (85, 31), (86, 31), (78, 32), (79, 32), (80, 32), (81, 32), (82, 32), (93, 34), (77, 36), (92, 38), (76, 40), (91, 43), (75, 45), (90, 45), (91, 45), (85, 46), (86, 46), (87, 46), (88, 46), (89, 46), (75, 47), (81, 47), (82, 47), (83, 47), (84, 47), (76, 48), (77, 48), (78, 48), (79, 48), (80, 48)]
[(108, 27), (109, 27), (103, 28), (104, 28), (105, 28), (106, 28), (107, 28), (110, 28), (99, 29), (100, 29), (101, 29), (102, 29), (94, 30), (95, 30), (96, 30), (97, 30), (98, 30), (109, 32), (93, 34), (108, 36), (92, 38), (107, 41), (91, 43), (106, 43), (107, 43), (101, 44), (102, 44), (103, 44), (104, 44), (105, 44), (91, 45), (97, 45), (98, 45), (99, 45), (100, 45), (92, 46), (93, 46), (94, 46), (95, 46), (96, 46)]
[(106, 43), (107, 43), (101, 44), (102, 44), (103, 44), (104, 44), (105, 44), (108, 44), (97, 45), (98, 45), (99, 45), (100, 45), (92, 46), (93, 46), (94, 46), (95, 46), (96, 46), (107, 48), (91, 50), (106, 52), (90, 54), (105, 57), (89, 59), (104, 59), (105, 59), (99, 60), (100, 60), (101, 60), (102, 60), (103, 60), (89, 61), (95, 61), (96, 61), (97, 61), (98, 61), (90, 62), (91, 62), (92, 62), (93, 62), (94, 62)]
[(113, 43), (114, 43), (108, 44), (109, 44), (110, 44), (111, 44), (112, 44), (107, 48), (106, 52), (105, 57), (105, 59), (111, 59), (112, 59), (113, 59), (114, 59), (106, 60), (107, 60), (108, 60), (109, 60), (110, 60)]
[(111, 59), (112, 59), (113, 59), (114, 59), (106, 60), (107, 60), (108, 60), (109, 60), (110, 60), (105, 64), (104, 68), (103, 73), (113, 74), (114, 74), (103, 75), (109, 75), (110, 75), (111, 75), (112, 75), (104, 76), (105, 76), (106, 76), (107, 76), (108, 76)]
[(60, 33), (61, 33), (55, 34), (56, 34), (57, 34), (58, 34), (59, 34), (62, 34), (51, 35), (52, 35), (53, 35), (54, 35), (46, 36), (47, 36), (48, 36), (49, 36), (50, 36), (61, 38), (45, 40), (60, 42), (44, 44), (59, 47), (43, 49), (58, 49), (59, 49), (53, 50), (54, 50), (55, 50), (56, 50), (57, 50), (43, 51), (49, 51), (50, 51), (51, 51), (52, 51), (44, 52), (45, 52), (46, 52), (47, 52), (48, 52)]
[(76, 31), (77, 31), (71, 32), (72, 32), (73, 32), (74, 32), (75, 32), (78, 32), (67, 33), (68, 33), (69, 33), (70, 33), (62, 34), (63, 34), (64, 34), (65, 34), (66, 34), (77, 36), (61, 38), (76, 40), (60, 42), (75, 45), (59, 47), (74, 47), (75, 47), (69, 48), (70, 48), (71, 48), (72, 48), (73, 48), (59, 49), (65, 49), (66, 49), (67, 49), (68, 49), (60, 50), (61, 50), (62, 50), (63, 50), (64, 50)]
[(74, 47), (75, 47), (69, 48), (70, 48), (71, 48), (72, 48), (73, 48), (76, 48), (65, 49), (66, 49), (67, 49), (68, 49), (60, 50), (61, 50), (62, 50), (63, 50), (64, 50), (75, 52), (59, 54), (74, 56), (58, 58), (73, 61), (57, 63), (72, 63), (73, 63), (67, 64), (68, 64), (69, 64), (70, 64), (71, 64), (57, 65), (63, 65), (64, 65), (65, 65), (66, 65), (58, 66), (59, 66), (60, 66), (61, 66), (62, 66)]
[(90, 45), (91, 45), (85, 46), (86, 46), (87, 46), (88, 46), (89, 46), (92, 46), (81, 47), (82, 47), (83, 47), (84, 47), (76, 48), (77, 48), (78, 48), (79, 48), (80, 48), (91, 50), (75, 52), (90, 54), (74, 56), (89, 59), (73, 61), (88, 61), (89, 61), (83, 62), (84, 62), (85, 62), (86, 62), (87, 62), (73, 63), (79, 63), (80, 63), (81, 63), (82, 63), (74, 64), (75, 64), (76, 64), (77, 64), (78, 64)]
[(88, 61), (89, 61), (83, 62), (84, 62), (85, 62), (86, 62), (87, 62), (90, 62), (79, 63), (80, 63), (81, 63), (82, 63), (74, 64), (75, 64), (76, 64), (77, 64), (78, 64), (89, 66), (73, 68), (88, 70), (72, 72), (87, 75), (71, 77), (86, 77), (87, 77), (81, 78), (82, 78), (83, 78), (84, 78), (85, 78), (71, 79), (77, 79), (78, 79), (79, 79), (80, 79), (72, 80), (73, 80), (74, 80), (75, 80), (76, 80)]
[(104, 59), (105, 59), (99, 60), (100, 60), (101, 60), (102, 60), (103, 60), (106, 60), (95, 61), (96, 61), (97, 61), (98, 61), (90, 62), (91, 62), (92, 62), (93, 62), (94, 62), (105, 64), (89, 66), (104, 68), (88, 70), (103, 73), (87, 75), (102, 75), (103, 75), (97, 76), (98, 76), (99, 76), (100, 76), (101, 76), (87, 77), (93, 77), (94, 77), (95, 77), (96, 77), (88, 78), (89, 78), (90, 78), (91, 78), (92, 78)]
[(102, 75), (103, 75), (97, 76), (98, 76), (99, 76), (100, 76), (101, 76), (104, 76), (93, 77), (94, 77), (95, 77), (96, 77), (88, 78), (89, 78), (90, 78), (91, 78), (92, 78), (103, 80), (87, 82), (102, 84), (86, 86), (101, 89), (85, 91), (100, 91), (101, 91), (95, 92), (96, 92), (97, 92), (98, 92), (99, 92), (85, 93), (91, 93), (92, 93), (93, 93), (94, 93), (86, 94), (87, 94), (88, 94), (89, 94), (90, 94)]
[(113, 74), (114, 74), (109, 75), (110, 75), (111, 75), (112, 75), (104, 76), (105, 76), (106, 76), (107, 76), (108, 76), (103, 80), (102, 84), (101, 89), (111, 90), (112, 90), (113, 90), (114, 90), (101, 91), (107, 91), (108, 91), (109, 91), (110, 91), (102, 92), (103, 92), (104, 92), (105, 92), (106, 92)]
[(111, 90), (112, 90), (113, 90), (114, 90), (107, 91), (108, 91), (109, 91), (110, 91), (102, 92), (103, 92), (104, 92), (105, 92), (106, 92), (101, 96), (100, 100), (99, 105), (114, 105), (109, 106), (110, 106), (111, 106), (112, 106), (113, 106), (99, 107), (105, 107), (106, 107), (107, 107), (108, 107), (100, 108), (101, 108), (102, 108), (103, 108), (104, 108)]
[(42, 51), (43, 51), (37, 52), (38, 52), (39, 52), (40, 52), (41, 52), (44, 52), (33, 53), (34, 53), (35, 53), (36, 53), (28, 54), (29, 54), (30, 54), (31, 54), (32, 54), (43, 56), (27, 58), (42, 60), (26, 62), (41, 65), (25, 67), (40, 67), (41, 67), (35, 68), (36, 68), (37, 68), (38, 68), (39, 68), (25, 69), (31, 69), (32, 69), (33, 69), (34, 69), (26, 70), (27, 70), (28, 70), (29, 70), (30, 70)]
[(58, 49), (59, 49), (53, 50), (54, 50), (55, 50), (56, 50), (57, 50), (60, 50), (49, 51), (50, 51), (51, 51), (52, 51), (44, 52), (45, 52), (46, 52), (47, 52), (48, 52), (59, 54), (43, 56), (58, 58), (42, 60), (57, 63), (41, 65), (56, 65), (57, 65), (51, 66), (52, 66), (53, 66), (54, 66), (55, 66), (41, 67), (47, 67), (48, 67), (49, 67), (50, 67), (42, 68), (43, 68), (44, 68), (45, 68), (46, 68)]
[(56, 65), (57, 65), (51, 66), (52, 66), (53, 66), (54, 66), (55, 66), (58, 66), (47, 67), (48, 67), (49, 67), (50, 67), (42, 68), (43, 68), (44, 68), (45, 68), (46, 68), (57, 70), (41, 72), (56, 74), (40, 76), (55, 79), (39, 81), (54, 81), (55, 81), (49, 82), (50, 82), (51, 82), (52, 82), (53, 82), (39, 83), (45, 83), (46, 83), (47, 83), (48, 83), (40, 84), (41, 84), (42, 84), (43, 84), (44, 84)]
[(72, 63), (73, 63), (67, 64), (68, 64), (69, 64), (70, 64), (71, 64), (74, 64), (63, 65), (64, 65), (65, 65), (66, 65), (58, 66), (59, 66), (60, 66), (61, 66), (62, 66), (73, 68), (57, 70), (72, 72), (56, 74), (71, 77), (55, 79), (70, 79), (71, 79), (65, 80), (66, 80), (67, 80), (68, 80), (69, 80), (55, 81), (61, 81), (62, 81), (63, 81), (64, 81), (56, 82), (57, 82), (58, 82), (59, 82), (60, 82)]
[(70, 79), (71, 79), (65, 80), (66, 80), (67, 80), (68, 80), (69, 80), (72, 80), (61, 81), (62, 81), (63, 81), (64, 81), (56, 82), (57, 82), (58, 82), (59, 82), (60, 82), (71, 84), (55, 86), (70, 88), (54, 90), (69, 93), (53, 95), (68, 95), (69, 95), (63, 96), (64, 96), (65, 96), (66, 96), (67, 96), (53, 97), (59, 97), (60, 97), (61, 97), (62, 97), (54, 98), (55, 98), (56, 98), (57, 98), (58, 98)]
[(86, 77), (87, 77), (81, 78), (82, 78), (83, 78), (84, 78), (85, 78), (88, 78), (77, 79), (78, 79), (79, 79), (80, 79), (72, 80), (73, 80), (74, 80), (75, 80), (76, 80), (87, 82), (71, 84), (86, 86), (70, 88), (85, 91), (69, 93), (84, 93), (85, 93), (79, 94), (80, 94), (81, 94), (82, 94), (83, 94), (69, 95), (75, 95), (76, 95), (77, 95), (78, 95), (70, 96), (71, 96), (72, 96), (73, 96), (74, 96)]
[(84, 93), (85, 93), (79, 94), (80, 94), (81, 94), (82, 94), (83, 94), (86, 94), (75, 95), (76, 95), (77, 95), (78, 95), (70, 96), (71, 96), (72, 96), (73, 96), (74, 96), (85, 98), (69, 100), (84, 102), (68, 104), (83, 107), (67, 109), (82, 109), (83, 109), (77, 110), (78, 110), (79, 110), (80, 110), (81, 110), (67, 111), (73, 111), (74, 111), (75, 111), (76, 111), (68, 112), (69, 112), (70, 112), (71, 112), (72, 112)]
[(100, 91), (101, 91), (95, 92), (96, 92), (97, 92), (98, 92), (99, 92), (102, 92), (91, 93), (92, 93), (93, 93), (94, 93), (86, 94), (87, 94), (88, 94), (89, 94), (90, 94), (101, 96), (85, 98), (100, 100), (84, 102), (99, 105), (83, 107), (98, 107), (99, 107), (93, 108), (94, 108), (95, 108), (96, 108), (97, 108), (83, 109), (89, 109), (90, 109), (91, 109), (92, 109), (84, 110), (85, 110), (86, 110), (87, 110), (88, 110)]
[(98, 107), (99, 107), (93, 108), (94, 108), (95, 108), (96, 108), (97, 108), (100, 108), (89, 109), (90, 109), (91, 109), (92, 109), (84, 110), (85, 110), (86, 110), (87, 110), (88, 110), (99, 112), (83, 114)]
[(114, 105), (109, 106), (110, 106), (111, 106), (112, 106), (113, 106), (105, 107), (106, 107), (107, 107), (108, 107), (100, 108), (101, 108), (102, 108), (103, 108), (104, 108), (99, 112), (114, 114)]
[(40, 67), (41, 67), (35, 68), (36, 68), (37, 68), (38, 68), (39, 68), (42, 68), (31, 69), (32, 69), (33, 69), (34, 69), (26, 70), (27, 70), (28, 70), (29, 70), (30, 70), (41, 72), (25, 74), (40, 76), (24, 78), (39, 81), (23, 83), (38, 83), (39, 83), (33, 84), (34, 84), (35, 84), (36, 84), (37, 84), (23, 85), (29, 85), (30, 85), (31, 85), (32, 85), (24, 86), (25, 86), (26, 86), (27, 86), (28, 86)]
[(38, 83), (39, 83), (33, 84), (34, 84), (35, 84), (36, 84), (37, 84), (40, 84), (29, 85), (30, 85), (31, 85), (32, 85), (24, 86), (25, 86), (26, 86), (27, 86), (28, 86), (39, 88), (23, 90), (38, 92), (22, 94), (37, 97), (21, 99), (36, 99), (37, 99), (31, 100), (32, 100), (33, 100), (34, 100), (35, 100), (21, 101), (27, 101), (28, 101), (29, 101), (30, 101), (22, 102), (23, 102), (24, 102), (25, 102), (26, 102)]
[(54, 81), (55, 81), (49, 82), (50, 82), (51, 82), (52, 82), (53, 82), (56, 82), (45, 83), (46, 83), (47, 83), (48, 83), (40, 84), (41, 84), (42, 84), (43, 84), (44, 84), (55, 86), (39, 88), (54, 90), (38, 92), (53, 95), (37, 97), (52, 97), (53, 97), (47, 98), (48, 98), (49, 98), (50, 98), (51, 98), (37, 99), (43, 99), (44, 99), (45, 99), (46, 99), (38, 100), (39, 100), (40, 100), (41, 100), (42, 100)]
[(52, 97), (53, 97), (47, 98), (48, 98), (49, 98), (50, 98), (51, 98), (54, 98), (43, 99), (44, 99), (45, 99), (46, 99), (38, 100), (39, 100), (40, 100), (41, 100), (42, 100), (53, 102), (37, 104), (52, 106), (36, 108), (51, 111), (35, 113), (50, 113), (51, 113), (45, 114), (46, 114), (47, 114), (48, 114), (49, 114)]
[(68, 95), (69, 95), (63, 96), (64, 96), (65, 96), (66, 96), (67, 96), (70, 96), (59, 97), (60, 97), (61, 97), (62, 97), (54, 98), (55, 98), (56, 98), (57, 98), (58, 98), (69, 100), (53, 102), (68, 104), (52, 106), (67, 109), (51, 111), (66, 111), (67, 111), (61, 112), (62, 112), (63, 112), (64, 112), (65, 112), (51, 113), (57, 113), (58, 113), (59, 113), (60, 113), (52, 114), (53, 114), (54, 114), (55, 114), (56, 114)]
[(66, 111), (67, 111), (61, 112), (62, 112), (63, 112), (64, 112), (65, 112), (68, 112), (57, 113), (58, 113), (59, 113), (60, 113), (52, 114), (53, 114), (54, 114), (55, 114), (56, 114)]
[(82, 109), (83, 109), (77, 110), (78, 110), (79, 110), (80, 110), (81, 110), (84, 110), (73, 111), (74, 111), (75, 111), (76, 111), (68, 112), (69, 112), (70, 112), (71, 112), (72, 112), (83, 114)]
[(36, 99), (37, 99), (31, 100), (32, 100), (33, 100), (34, 100), (35, 100), (38, 100), (27, 101), (28, 101), (29, 101), (30, 101), (22, 102), (23, 102), (24, 102), (25, 102), (26, 102), (37, 104), (21, 106), (36, 108), (20, 110), (35, 113)]
[(50, 113), (51, 113), (45, 114), (46, 114), (47, 114), (48, 114), (49, 114), (52, 114)]
