[(113, 12), (114, 12), (111, 13), (112, 13), (108, 14), (109, 14), (110, 14), (105, 15), (106, 15), (107, 15), (102, 16), (103, 16), (104, 16), (101, 18), (100, 21), (99, 24), (98, 26), (97, 29), (96, 32), (95, 35), (113, 36), (114, 36), (94, 37), (95, 37), (110, 37), (111, 37), (112, 37), (96, 38), (108, 38), (109, 38), (97, 39), (105, 39), (106, 39), (107, 39), (98, 40), (102, 40), (103, 40), (104, 40), (99, 41), (100, 41), (101, 41)]
[(71, 15), (72, 15), (73, 15), (69, 16), (70, 16), (74, 16), (66, 17), (67, 17), (68, 17), (75, 17), (63, 18), (64, 18), (65, 18), (76, 18), (61, 19), (62, 19), (77, 19), (58, 20), (59, 20), (60, 20), (55, 21), (56, 21), (57, 21), (76, 21), (52, 22), (53, 22), (54, 22), (51, 24), (75, 24), (50, 27), (74, 27), (73, 29), (49, 30), (48, 32), (72, 32), (47, 35), (71, 35), (46, 38), (70, 38), (68, 40), (69, 40), (70, 40), (45, 41), (66, 41), (67, 41), (63, 42), (64, 42), (65, 42), (44, 43), (45, 43), (60, 43), (61, 43), (62, 43), (46, 44), (58, 44), (59, 44), (47, 45), (55, 45), (56, 45), (57, 45), (48, 46), (52, 46), (53, 46), (54, 46), (49, 47), (50, 47), (51, 47)]
[(96, 12), (97, 12), (98, 12), (94, 13), (95, 13), (99, 13), (91, 14), (92, 14), (93, 14), (100, 14), (88, 15), (89, 15), (90, 15), (101, 15), (86, 16), (87, 16), (102, 16), (83, 17), (84, 17), (85, 17), (80, 18), (81, 18), (82, 18), (101, 18), (77, 19), (78, 19), (79, 19), (76, 21), (100, 21), (75, 24), (99, 24), (98, 26), (74, 27), (73, 29), (97, 29), (72, 32), (96, 32), (71, 35), (95, 35), (93, 37), (94, 37), (95, 37), (70, 38), (91, 38), (92, 38), (88, 39), (89, 39), (90, 39), (69, 40), (70, 40), (85, 40), (86, 40), (87, 40), (71, 41), (83, 41), (84, 41), (72, 42), (80, 42), (81, 42), (82, 42), (73, 43), (77, 43), (78, 43), (79, 43), (74, 44), (75, 44), (76, 44)]
[(93, 37), (94, 37), (95, 37), (91, 38), (92, 38), (96, 38), (88, 39), (89, 39), (90, 39), (97, 39), (85, 40), (86, 40), (87, 40), (98, 40), (83, 41), (84, 41), (99, 41), (80, 42), (81, 42), (82, 42), (77, 43), (78, 43), (79, 43), (98, 43), (74, 44), (75, 44), (76, 44), (73, 46), (97, 46), (72, 49), (96, 49), (95, 51), (71, 52), (70, 54), (94, 54), (69, 57), (93, 57), (68, 60), (92, 60), (90, 62), (91, 62), (92, 62), (67, 63), (88, 63), (89, 63), (85, 64), (86, 64), (87, 64), (66, 65), (67, 65), (82, 65), (83, 65), (84, 65), (68, 66), (80, 66), (81, 66), (69, 67), (77, 67), (78, 67), (79, 67), (70, 68), (74, 68), (75, 68), (76, 68), (71, 69), (72, 69), (73, 69)]
[(113, 36), (114, 36), (110, 37), (111, 37), (112, 37), (108, 38), (109, 38), (105, 39), (106, 39), (107, 39), (102, 40), (103, 40), (104, 40), (99, 41), (100, 41), (101, 41), (98, 43), (97, 46), (96, 49), (95, 51), (94, 54), (93, 57), (92, 60), (113, 60), (114, 60), (110, 61), (111, 61), (112, 61), (91, 62), (92, 62), (107, 62), (108, 62), (109, 62), (93, 63), (105, 63), (106, 63), (94, 64), (102, 64), (103, 64), (104, 64), (95, 65), (99, 65), (100, 65), (101, 65), (96, 66), (97, 66), (98, 66)]
[(113, 60), (114, 60), (110, 61), (111, 61), (112, 61), (107, 62), (108, 62), (109, 62), (105, 63), (106, 63), (102, 64), (103, 64), (104, 64), (99, 65), (100, 65), (101, 65), (96, 66), (97, 66), (98, 66), (95, 68), (94, 71), (93, 74), (92, 76), (91, 79), (90, 82), (114, 82), (112, 84), (113, 84), (114, 84), (89, 85), (110, 85), (111, 85), (107, 86), (108, 86), (109, 86), (88, 87), (89, 87), (104, 87), (105, 87), (106, 87), (90, 88), (102, 88), (103, 88), (91, 89), (99, 89), (100, 89), (101, 89), (92, 90), (96, 90), (97, 90), (98, 90), (93, 91), (94, 91), (95, 91)]
[(114, 82), (113, 84), (114, 84)]
[(43, 43), (44, 43), (45, 43), (41, 44), (42, 44), (46, 44), (38, 45), (39, 45), (40, 45), (47, 45), (35, 46), (36, 46), (37, 46), (48, 46), (33, 47), (34, 47), (49, 47), (30, 48), (31, 48), (32, 48), (27, 49), (28, 49), (29, 49), (48, 49), (24, 50), (25, 50), (26, 50), (23, 52), (47, 52), (22, 55), (46, 55), (45, 57), (21, 58), (20, 60), (44, 60), (19, 63), (43, 63), (18, 66), (42, 66), (40, 68), (41, 68), (42, 68), (17, 69), (38, 69), (39, 69), (35, 70), (36, 70), (37, 70), (16, 71), (17, 71), (32, 71), (33, 71), (34, 71), (18, 72), (30, 72), (31, 72), (19, 73), (27, 73), (28, 73), (29, 73), (20, 74), (24, 74), (25, 74), (26, 74), (21, 75), (22, 75), (23, 75)]
[(68, 40), (69, 40), (70, 40), (66, 41), (67, 41), (71, 41), (63, 42), (64, 42), (65, 42), (72, 42), (60, 43), (61, 43), (62, 43), (73, 43), (58, 44), (59, 44), (74, 44), (55, 45), (56, 45), (57, 45), (52, 46), (53, 46), (54, 46), (73, 46), (49, 47), (50, 47), (51, 47), (48, 49), (72, 49), (47, 52), (71, 52), (70, 54), (46, 55), (45, 57), (69, 57), (44, 60), (68, 60), (43, 63), (67, 63), (65, 65), (66, 65), (67, 65), (42, 66), (63, 66), (64, 66), (60, 67), (61, 67), (62, 67), (41, 68), (42, 68), (57, 68), (58, 68), (59, 68), (43, 69), (55, 69), (56, 69), (44, 70), (52, 70), (53, 70), (54, 70), (45, 71), (49, 71), (50, 71), (51, 71), (46, 72), (47, 72), (48, 72)]
[(65, 65), (66, 65), (67, 65), (63, 66), (64, 66), (68, 66), (60, 67), (61, 67), (62, 67), (69, 67), (57, 68), (58, 68), (59, 68), (70, 68), (55, 69), (56, 69), (71, 69), (52, 70), (53, 70), (54, 70), (49, 71), (50, 71), (51, 71), (70, 71), (46, 72), (47, 72), (48, 72), (45, 74), (69, 74), (44, 77), (68, 77), (67, 79), (43, 80), (42, 82), (66, 82), (41, 85), (65, 85), (40, 88), (64, 88), (62, 90), (63, 90), (64, 90), (39, 91), (60, 91), (61, 91), (57, 92), (58, 92), (59, 92), (38, 93), (39, 93), (54, 93), (55, 93), (56, 93), (40, 94), (52, 94), (53, 94), (41, 95), (49, 95), (50, 95), (51, 95), (42, 96), (46, 96), (47, 96), (48, 96), (43, 97), (44, 97), (45, 97)]
[(90, 62), (91, 62), (92, 62), (88, 63), (89, 63), (93, 63), (85, 64), (86, 64), (87, 64), (94, 64), (82, 65), (83, 65), (84, 65), (95, 65), (80, 66), (81, 66), (96, 66), (77, 67), (78, 67), (79, 67), (74, 68), (75, 68), (76, 68), (95, 68), (71, 69), (72, 69), (73, 69), (70, 71), (94, 71), (69, 74), (93, 74), (92, 76), (68, 77), (67, 79), (91, 79), (66, 82), (90, 82), (65, 85), (89, 85), (87, 87), (88, 87), (89, 87), (64, 88), (85, 88), (86, 88), (82, 89), (83, 89), (84, 89), (63, 90), (64, 90), (79, 90), (80, 90), (81, 90), (65, 91), (77, 91), (78, 91), (66, 92), (74, 92), (75, 92), (76, 92), (67, 93), (71, 93), (72, 93), (73, 93), (68, 94), (69, 94), (70, 94)]
[(87, 87), (88, 87), (89, 87), (85, 88), (86, 88), (90, 88), (82, 89), (83, 89), (84, 89), (91, 89), (79, 90), (80, 90), (81, 90), (92, 90), (77, 91), (78, 91), (93, 91), (74, 92), (75, 92), (76, 92), (71, 93), (72, 93), (73, 93), (92, 93), (68, 94), (69, 94), (70, 94), (67, 96), (91, 96), (66, 99), (90, 99), (89, 101), (65, 102), (64, 104), (88, 104), (63, 107), (87, 107), (62, 110), (86, 110), (84, 112), (85, 112), (86, 112), (61, 113), (82, 113), (83, 113), (79, 114), (80, 114), (81, 114)]
[(112, 84), (113, 84), (114, 84), (110, 85), (111, 85), (107, 86), (108, 86), (109, 86), (104, 87), (105, 87), (106, 87), (102, 88), (103, 88), (99, 89), (100, 89), (101, 89), (96, 90), (97, 90), (98, 90), (93, 91), (94, 91), (95, 91), (92, 93), (91, 96), (114, 98), (90, 99), (89, 101), (113, 101), (88, 104), (112, 104), (87, 107), (111, 107), (109, 109), (110, 109), (111, 109), (86, 110), (107, 110), (108, 110), (104, 111), (105, 111), (106, 111), (85, 112), (86, 112), (101, 112), (102, 112), (103, 112), (87, 113), (99, 113), (100, 113), (88, 114), (96, 114), (97, 114), (98, 114)]
[(40, 68), (41, 68), (42, 68), (38, 69), (39, 69), (43, 69), (35, 70), (36, 70), (37, 70), (44, 70), (32, 71), (33, 71), (34, 71), (45, 71), (30, 72), (31, 72), (46, 72), (27, 73), (28, 73), (29, 73), (24, 74), (25, 74), (26, 74), (45, 74), (21, 75), (22, 75), (23, 75), (20, 77), (44, 77), (19, 80), (43, 80), (42, 82), (18, 83), (17, 85), (41, 85), (16, 88), (40, 88), (15, 91), (39, 91), (37, 93), (38, 93), (39, 93), (14, 94), (35, 94), (36, 94), (32, 95), (33, 95), (34, 95), (13, 96), (14, 96), (29, 96), (30, 96), (31, 96), (15, 97), (27, 97), (28, 97), (16, 98), (24, 98), (25, 98), (26, 98), (17, 99), (21, 99), (22, 99), (23, 99), (18, 100), (19, 100), (20, 100)]
[(37, 93), (38, 93), (39, 93), (35, 94), (36, 94), (40, 94), (32, 95), (33, 95), (34, 95), (41, 95), (29, 96), (30, 96), (31, 96), (42, 96), (27, 97), (28, 97), (43, 97), (24, 98), (25, 98), (26, 98), (21, 99), (22, 99), (23, 99), (42, 99), (18, 100), (19, 100), (20, 100), (17, 102), (41, 102), (16, 105), (40, 105), (39, 107), (15, 108), (14, 110), (38, 110), (13, 113), (37, 113)]
[(62, 90), (63, 90), (64, 90), (60, 91), (61, 91), (65, 91), (57, 92), (58, 92), (59, 92), (66, 92), (54, 93), (55, 93), (56, 93), (67, 93), (52, 94), (53, 94), (68, 94), (49, 95), (50, 95), (51, 95), (46, 96), (47, 96), (48, 96), (67, 96), (43, 97), (44, 97), (45, 97), (42, 99), (66, 99), (41, 102), (65, 102), (64, 104), (40, 105), (39, 107), (63, 107), (38, 110), (62, 110), (37, 113), (61, 113)]
[(84, 112), (85, 112), (86, 112), (82, 113), (83, 113), (87, 113), (79, 114), (80, 114), (81, 114), (88, 114)]
