[(108, 25), (109, 25), (106, 26), (107, 26), (110, 26), (103, 27), (104, 27), (105, 27), (111, 27), (100, 28), (101, 28), (102, 28), (98, 29), (99, 29), (110, 29), (95, 30), (96, 30), (97, 30), (93, 31), (94, 31), (90, 32), (91, 32), (92, 32), (109, 32), (87, 33), (88, 33), (89, 33), (108, 34), (86, 35), (107, 37), (85, 38), (106, 39), (84, 40), (105, 42), (83, 43), (82, 45), (104, 45), (103, 47), (81, 48), (102, 49), (103, 49), (100, 50), (101, 50), (80, 51), (97, 51), (98, 51), (99, 51), (94, 52), (95, 52), (96, 52), (79, 53), (92, 53), (93, 53), (89, 54), (90, 54), (91, 54), (79, 55), (87, 55), (88, 55), (80, 56), (84, 56), (85, 56), (86, 56), (81, 57), (82, 57), (83, 57)]
[(114, 26), (111, 27), (112, 27), (113, 27), (110, 29), (109, 32), (108, 34), (107, 37), (106, 39), (105, 42), (104, 45), (103, 47), (113, 48), (114, 48), (103, 49), (111, 49), (112, 49), (104, 50), (108, 50), (109, 50), (110, 50), (105, 51), (106, 51), (107, 51)]
[(113, 48), (114, 48), (111, 49), (112, 49), (108, 50), (109, 50), (110, 50), (105, 51), (106, 51), (107, 51), (104, 53), (103, 56), (102, 58), (101, 61), (100, 63), (99, 66), (98, 69), (112, 70), (113, 70), (114, 70), (97, 71), (110, 71), (111, 71), (107, 72), (108, 72), (109, 72), (97, 73), (105, 73), (106, 73), (98, 74), (102, 74), (103, 74), (104, 74), (99, 75), (100, 75), (101, 75)]
[(60, 37), (61, 37), (58, 38), (59, 38), (62, 38), (55, 39), (56, 39), (57, 39), (63, 39), (52, 40), (53, 40), (54, 40), (50, 41), (51, 41), (62, 41), (47, 42), (48, 42), (49, 42), (45, 43), (46, 43), (42, 44), (43, 44), (44, 44), (61, 44), (39, 45), (40, 45), (41, 45), (60, 46), (38, 47), (59, 49), (37, 50), (58, 51), (36, 52), (57, 54), (35, 55), (34, 57), (56, 57), (55, 59), (33, 60), (54, 61), (55, 61), (52, 62), (53, 62), (32, 63), (49, 63), (50, 63), (51, 63), (46, 64), (47, 64), (48, 64), (31, 65), (44, 65), (45, 65), (41, 66), (42, 66), (43, 66), (31, 67), (39, 67), (40, 67), (32, 68), (36, 68), (37, 68), (38, 68), (33, 69), (34, 69), (35, 69)]
[(84, 31), (85, 31), (82, 32), (83, 32), (86, 32), (79, 33), (80, 33), (81, 33), (87, 33), (76, 34), (77, 34), (78, 34), (74, 35), (75, 35), (86, 35), (71, 36), (72, 36), (73, 36), (69, 37), (70, 37), (66, 38), (67, 38), (68, 38), (85, 38), (63, 39), (64, 39), (65, 39), (84, 40), (62, 41), (83, 43), (61, 44), (82, 45), (60, 46), (81, 48), (59, 49), (58, 51), (80, 51), (79, 53), (57, 54), (78, 55), (79, 55), (76, 56), (77, 56), (56, 57), (73, 57), (74, 57), (75, 57), (70, 58), (71, 58), (72, 58), (55, 59), (68, 59), (69, 59), (65, 60), (66, 60), (67, 60), (55, 61), (63, 61), (64, 61), (56, 62), (60, 62), (61, 62), (62, 62), (57, 63), (58, 63), (59, 63)]
[(78, 55), (79, 55), (76, 56), (77, 56), (80, 56), (73, 57), (74, 57), (75, 57), (81, 57), (70, 58), (71, 58), (72, 58), (68, 59), (69, 59), (80, 59), (65, 60), (66, 60), (67, 60), (63, 61), (64, 61), (60, 62), (61, 62), (62, 62), (79, 62), (57, 63), (58, 63), (59, 63), (78, 64), (56, 65), (77, 67), (55, 68), (76, 69), (54, 70), (75, 72), (53, 73), (52, 75), (74, 75), (73, 77), (51, 78), (72, 79), (73, 79), (70, 80), (71, 80), (50, 81), (67, 81), (68, 81), (69, 81), (64, 82), (65, 82), (66, 82), (49, 83), (62, 83), (63, 83), (59, 84), (60, 84), (61, 84), (49, 85), (57, 85), (58, 85), (50, 86), (54, 86), (55, 86), (56, 86), (51, 87), (52, 87), (53, 87)]
[(102, 49), (103, 49), (100, 50), (101, 50), (104, 50), (97, 51), (98, 51), (99, 51), (105, 51), (94, 52), (95, 52), (96, 52), (92, 53), (93, 53), (104, 53), (89, 54), (90, 54), (91, 54), (87, 55), (88, 55), (84, 56), (85, 56), (86, 56), (103, 56), (81, 57), (82, 57), (83, 57), (102, 58), (80, 59), (101, 61), (79, 62), (100, 63), (78, 64), (99, 66), (77, 67), (76, 69), (98, 69), (97, 71), (75, 72), (96, 73), (97, 73), (94, 74), (95, 74), (74, 75), (91, 75), (92, 75), (93, 75), (88, 76), (89, 76), (90, 76), (73, 77), (86, 77), (87, 77), (83, 78), (84, 78), (85, 78), (73, 79), (81, 79), (82, 79), (74, 80), (78, 80), (79, 80), (80, 80), (75, 81), (76, 81), (77, 81)]
[(96, 73), (97, 73), (94, 74), (95, 74), (98, 74), (91, 75), (92, 75), (93, 75), (99, 75), (88, 76), (89, 76), (90, 76), (86, 77), (87, 77), (98, 77), (83, 78), (84, 78), (85, 78), (81, 79), (82, 79), (78, 80), (79, 80), (80, 80), (97, 80), (75, 81), (76, 81), (77, 81), (96, 82), (74, 83), (95, 85), (73, 86), (94, 87), (72, 88), (93, 90), (71, 91), (70, 93), (92, 93), (91, 95), (69, 96), (90, 97), (91, 97), (88, 98), (89, 98), (68, 99), (85, 99), (86, 99), (87, 99), (82, 100), (83, 100), (84, 100), (67, 101), (80, 101), (81, 101), (77, 102), (78, 102), (79, 102), (67, 103), (75, 103), (76, 103), (68, 104), (72, 104), (73, 104), (74, 104), (69, 105), (70, 105), (71, 105)]
[(112, 70), (113, 70), (114, 70), (110, 71), (111, 71), (107, 72), (108, 72), (109, 72), (105, 73), (106, 73), (102, 74), (103, 74), (104, 74), (99, 75), (100, 75), (101, 75), (98, 77), (97, 80), (96, 82), (95, 85), (94, 87), (93, 90), (114, 91), (112, 92), (113, 92), (92, 93), (109, 93), (110, 93), (111, 93), (106, 94), (107, 94), (108, 94), (91, 95), (104, 95), (105, 95), (101, 96), (102, 96), (103, 96), (91, 97), (99, 97), (100, 97), (92, 98), (96, 98), (97, 98), (98, 98), (93, 99), (94, 99), (95, 99)]
[(114, 91), (112, 92), (113, 92), (109, 93), (110, 93), (111, 93), (106, 94), (107, 94), (108, 94), (104, 95), (105, 95), (101, 96), (102, 96), (103, 96), (99, 97), (100, 97), (96, 98), (97, 98), (98, 98), (93, 99), (94, 99), (95, 99), (114, 100), (92, 101), (113, 103), (91, 104), (112, 105), (90, 106), (111, 108), (89, 109), (88, 111), (110, 111), (109, 113), (87, 114)]
[(114, 100), (113, 103), (112, 105), (111, 108), (110, 111), (109, 113)]
[(30, 67), (31, 67), (28, 68), (29, 68), (32, 68), (25, 69), (26, 69), (27, 69), (33, 69), (22, 70), (23, 70), (24, 70), (20, 71), (21, 71), (32, 71), (17, 72), (18, 72), (19, 72), (15, 73), (16, 73), (12, 74), (13, 74), (14, 74), (31, 74), (9, 75), (10, 75), (11, 75), (30, 76), (8, 77), (29, 79), (7, 80), (28, 81), (6, 82), (27, 84), (5, 85), (4, 87), (26, 87), (25, 89), (3, 90), (24, 91), (25, 91), (22, 92), (23, 92), (2, 93), (19, 93), (20, 93), (21, 93), (16, 94), (17, 94), (18, 94), (1, 95), (14, 95), (15, 95), (11, 96), (12, 96), (13, 96), (1, 97), (9, 97), (10, 97), (2, 98), (6, 98), (7, 98), (8, 98), (3, 99), (4, 99), (5, 99)]
[(54, 61), (55, 61), (52, 62), (53, 62), (56, 62), (49, 63), (50, 63), (51, 63), (57, 63), (46, 64), (47, 64), (48, 64), (44, 65), (45, 65), (56, 65), (41, 66), (42, 66), (43, 66), (39, 67), (40, 67), (36, 68), (37, 68), (38, 68), (55, 68), (33, 69), (34, 69), (35, 69), (54, 70), (32, 71), (53, 73), (31, 74), (52, 75), (30, 76), (51, 78), (29, 79), (28, 81), (50, 81), (49, 83), (27, 84), (48, 85), (49, 85), (46, 86), (47, 86), (26, 87), (43, 87), (44, 87), (45, 87), (40, 88), (41, 88), (42, 88), (25, 89), (38, 89), (39, 89), (35, 90), (36, 90), (37, 90), (25, 91), (33, 91), (34, 91), (26, 92), (30, 92), (31, 92), (32, 92), (27, 93), (28, 93), (29, 93)]
[(48, 85), (49, 85), (46, 86), (47, 86), (50, 86), (43, 87), (44, 87), (45, 87), (51, 87), (40, 88), (41, 88), (42, 88), (38, 89), (39, 89), (50, 89), (35, 90), (36, 90), (37, 90), (33, 91), (34, 91), (30, 92), (31, 92), (32, 92), (49, 92), (27, 93), (28, 93), (29, 93), (48, 94), (26, 95), (47, 97), (25, 98), (46, 99), (24, 100), (45, 102), (23, 103), (22, 105), (44, 105), (43, 107), (21, 108), (42, 109), (43, 109), (40, 110), (41, 110), (20, 111), (37, 111), (38, 111), (39, 111), (34, 112), (35, 112), (36, 112), (19, 113), (32, 113), (33, 113), (29, 114), (30, 114), (31, 114)]
[(72, 79), (73, 79), (70, 80), (71, 80), (74, 80), (67, 81), (68, 81), (69, 81), (75, 81), (64, 82), (65, 82), (66, 82), (62, 83), (63, 83), (74, 83), (59, 84), (60, 84), (61, 84), (57, 85), (58, 85), (54, 86), (55, 86), (56, 86), (73, 86), (51, 87), (52, 87), (53, 87), (72, 88), (50, 89), (71, 91), (49, 92), (70, 93), (48, 94), (69, 96), (47, 97), (46, 99), (68, 99), (67, 101), (45, 102), (66, 103), (67, 103), (64, 104), (65, 104), (44, 105), (61, 105), (62, 105), (63, 105), (58, 106), (59, 106), (60, 106), (43, 107), (56, 107), (57, 107), (53, 108), (54, 108), (55, 108), (43, 109), (51, 109), (52, 109), (44, 110), (48, 110), (49, 110), (50, 110), (45, 111), (46, 111), (47, 111)]
[(66, 103), (67, 103), (64, 104), (65, 104), (68, 104), (61, 105), (62, 105), (63, 105), (69, 105), (58, 106), (59, 106), (60, 106), (56, 107), (57, 107), (68, 107), (53, 108), (54, 108), (55, 108), (51, 109), (52, 109), (48, 110), (49, 110), (50, 110), (67, 110), (45, 111), (46, 111), (47, 111), (66, 112), (44, 113)]
[(90, 97), (91, 97), (88, 98), (89, 98), (92, 98), (85, 99), (86, 99), (87, 99), (93, 99), (82, 100), (83, 100), (84, 100), (80, 101), (81, 101), (92, 101), (77, 102), (78, 102), (79, 102), (75, 103), (76, 103), (72, 104), (73, 104), (74, 104), (91, 104), (69, 105), (70, 105), (71, 105), (90, 106), (68, 107), (89, 109), (67, 110), (88, 111), (66, 112), (87, 114)]
[(24, 91), (25, 91), (22, 92), (23, 92), (26, 92), (19, 93), (20, 93), (21, 93), (27, 93), (16, 94), (17, 94), (18, 94), (14, 95), (15, 95), (26, 95), (11, 96), (12, 96), (13, 96), (9, 97), (10, 97), (6, 98), (7, 98), (8, 98), (25, 98), (3, 99), (4, 99), (5, 99), (24, 100), (2, 101), (23, 103), (1, 104), (22, 105), (0, 106), (21, 108), (20, 111), (19, 113)]
[(42, 109), (43, 109), (40, 110), (41, 110), (44, 110), (37, 111), (38, 111), (39, 111), (45, 111), (34, 112), (35, 112), (36, 112), (32, 113), (33, 113), (44, 113), (29, 114), (30, 114), (31, 114)]
