[(112, 39), (113, 39), (114, 39), (110, 40), (111, 40), (107, 41), (108, 41), (109, 41), (104, 42), (105, 42), (106, 42), (102, 43), (103, 43), (99, 44), (100, 44), (101, 44), (96, 45), (97, 45), (98, 45), (95, 47), (94, 50), (93, 53), (92, 55), (91, 58), (90, 61), (114, 61), (89, 63), (90, 63), (112, 63), (113, 63), (114, 63), (91, 64), (110, 64), (111, 64), (92, 65), (107, 65), (108, 65), (109, 65), (93, 66), (104, 66), (105, 66), (106, 66), (94, 67), (102, 67), (103, 67), (95, 68), (99, 68), (100, 68), (101, 68), (96, 69), (97, 69), (98, 69)]
[(114, 61), (113, 63), (114, 63)]
[(114, 85), (113, 87), (114, 87)]
[(64, 39), (65, 39), (66, 39), (62, 40), (63, 40), (67, 40), (59, 41), (60, 41), (61, 41), (68, 41), (56, 42), (57, 42), (58, 42), (69, 42), (54, 43), (55, 43), (70, 43), (51, 44), (52, 44), (53, 44), (71, 44), (48, 45), (49, 45), (50, 45), (72, 45), (47, 47), (71, 47), (46, 50), (70, 50), (45, 53), (69, 53), (44, 55), (68, 55), (43, 58), (67, 58), (42, 61), (66, 61), (41, 63), (42, 63), (64, 63), (65, 63), (66, 63), (43, 64), (62, 64), (63, 64), (44, 65), (59, 65), (60, 65), (61, 65), (45, 66), (56, 66), (57, 66), (58, 66), (46, 67), (54, 67), (55, 67), (47, 68), (51, 68), (52, 68), (53, 68), (48, 69), (49, 69), (50, 69)]
[(88, 39), (89, 39), (90, 39), (86, 40), (87, 40), (91, 40), (83, 41), (84, 41), (85, 41), (92, 41), (80, 42), (81, 42), (82, 42), (93, 42), (78, 43), (79, 43), (94, 43), (75, 44), (76, 44), (77, 44), (95, 44), (72, 45), (73, 45), (74, 45), (96, 45), (71, 47), (95, 47), (70, 50), (94, 50), (69, 53), (93, 53), (68, 55), (92, 55), (67, 58), (91, 58), (66, 61), (90, 61), (65, 63), (66, 63), (88, 63), (89, 63), (90, 63), (67, 64), (86, 64), (87, 64), (68, 65), (83, 65), (84, 65), (85, 65), (69, 66), (80, 66), (81, 66), (82, 66), (70, 67), (78, 67), (79, 67), (71, 68), (75, 68), (76, 68), (77, 68), (72, 69), (73, 69), (74, 69)]
[(88, 63), (89, 63), (90, 63), (86, 64), (87, 64), (91, 64), (83, 65), (84, 65), (85, 65), (92, 65), (80, 66), (81, 66), (82, 66), (93, 66), (78, 67), (79, 67), (94, 67), (75, 68), (76, 68), (77, 68), (95, 68), (72, 69), (73, 69), (74, 69), (96, 69), (71, 71), (95, 71), (70, 74), (94, 74), (69, 77), (93, 77), (68, 79), (92, 79), (67, 82), (91, 82), (66, 85), (90, 85), (65, 87), (66, 87), (88, 87), (89, 87), (90, 87), (67, 88), (86, 88), (87, 88), (68, 89), (83, 89), (84, 89), (85, 89), (69, 90), (80, 90), (81, 90), (82, 90), (70, 91), (78, 91), (79, 91), (71, 92), (75, 92), (76, 92), (77, 92), (72, 93), (73, 93), (74, 93)]
[(112, 63), (113, 63), (114, 63), (110, 64), (111, 64), (107, 65), (108, 65), (109, 65), (104, 66), (105, 66), (106, 66), (102, 67), (103, 67), (99, 68), (100, 68), (101, 68), (96, 69), (97, 69), (98, 69), (95, 71), (94, 74), (93, 77), (92, 79), (91, 82), (90, 85), (114, 85), (89, 87), (90, 87), (112, 87), (113, 87), (114, 87), (91, 88), (110, 88), (111, 88), (92, 89), (107, 89), (108, 89), (109, 89), (93, 90), (104, 90), (105, 90), (106, 90), (94, 91), (102, 91), (103, 91), (95, 92), (99, 92), (100, 92), (101, 92), (96, 93), (97, 93), (98, 93)]
[(112, 87), (113, 87), (114, 87), (110, 88), (111, 88), (107, 89), (108, 89), (109, 89), (104, 90), (105, 90), (106, 90), (102, 91), (103, 91), (99, 92), (100, 92), (101, 92), (96, 93), (97, 93), (98, 93), (95, 95), (94, 98), (93, 101), (92, 103), (91, 106), (90, 109), (114, 109), (89, 111), (90, 111), (112, 111), (113, 111), (114, 111), (91, 112), (110, 112), (111, 112), (92, 113), (107, 113), (108, 113), (109, 113), (93, 114), (104, 114), (105, 114), (106, 114)]
[(114, 109), (113, 111), (114, 111)]
[(40, 63), (41, 63), (42, 63), (38, 64), (39, 64), (43, 64), (35, 65), (36, 65), (37, 65), (44, 65), (32, 66), (33, 66), (34, 66), (45, 66), (30, 67), (31, 67), (46, 67), (27, 68), (28, 68), (29, 68), (47, 68), (24, 69), (25, 69), (26, 69), (48, 69), (23, 71), (47, 71), (22, 74), (46, 74), (21, 77), (45, 77), (20, 79), (44, 79), (19, 82), (43, 82), (18, 85), (42, 85), (17, 87), (18, 87), (40, 87), (41, 87), (42, 87), (19, 88), (38, 88), (39, 88), (20, 89), (35, 89), (36, 89), (37, 89), (21, 90), (32, 90), (33, 90), (34, 90), (22, 91), (30, 91), (31, 91), (23, 92), (27, 92), (28, 92), (29, 92), (24, 93), (25, 93), (26, 93)]
[(64, 63), (65, 63), (66, 63), (62, 64), (63, 64), (67, 64), (59, 65), (60, 65), (61, 65), (68, 65), (56, 66), (57, 66), (58, 66), (69, 66), (54, 67), (55, 67), (70, 67), (51, 68), (52, 68), (53, 68), (71, 68), (48, 69), (49, 69), (50, 69), (72, 69), (47, 71), (71, 71), (46, 74), (70, 74), (45, 77), (69, 77), (44, 79), (68, 79), (43, 82), (67, 82), (42, 85), (66, 85), (41, 87), (42, 87), (64, 87), (65, 87), (66, 87), (43, 88), (62, 88), (63, 88), (44, 89), (59, 89), (60, 89), (61, 89), (45, 90), (56, 90), (57, 90), (58, 90), (46, 91), (54, 91), (55, 91), (47, 92), (51, 92), (52, 92), (53, 92), (48, 93), (49, 93), (50, 93)]
[(64, 87), (65, 87), (66, 87), (62, 88), (63, 88), (67, 88), (59, 89), (60, 89), (61, 89), (68, 89), (56, 90), (57, 90), (58, 90), (69, 90), (54, 91), (55, 91), (70, 91), (51, 92), (52, 92), (53, 92), (71, 92), (48, 93), (49, 93), (50, 93), (72, 93), (47, 95), (71, 95), (46, 98), (70, 98), (45, 101), (69, 101), (44, 103), (68, 103), (43, 106), (67, 106), (42, 109), (66, 109), (41, 111), (42, 111), (64, 111), (65, 111), (66, 111), (43, 112), (62, 112), (63, 112), (44, 113), (59, 113), (60, 113), (61, 113), (45, 114), (56, 114), (57, 114), (58, 114)]
[(88, 87), (89, 87), (90, 87), (86, 88), (87, 88), (91, 88), (83, 89), (84, 89), (85, 89), (92, 89), (80, 90), (81, 90), (82, 90), (93, 90), (78, 91), (79, 91), (94, 91), (75, 92), (76, 92), (77, 92), (95, 92), (72, 93), (73, 93), (74, 93), (96, 93), (71, 95), (95, 95), (70, 98), (94, 98), (69, 101), (93, 101), (68, 103), (92, 103), (67, 106), (91, 106), (66, 109), (90, 109), (65, 111), (66, 111), (88, 111), (89, 111), (90, 111), (67, 112), (86, 112), (87, 112), (68, 113), (83, 113), (84, 113), (85, 113), (69, 114), (80, 114), (81, 114), (82, 114)]
[(88, 111), (89, 111), (90, 111), (86, 112), (87, 112), (91, 112), (83, 113), (84, 113), (85, 113), (92, 113), (80, 114), (81, 114), (82, 114), (93, 114)]
[(112, 111), (113, 111), (114, 111), (110, 112), (111, 112), (107, 113), (108, 113), (109, 113), (104, 114), (105, 114), (106, 114)]
[(40, 87), (41, 87), (42, 87), (38, 88), (39, 88), (43, 88), (35, 89), (36, 89), (37, 89), (44, 89), (32, 90), (33, 90), (34, 90), (45, 90), (30, 91), (31, 91), (46, 91), (27, 92), (28, 92), (29, 92), (47, 92), (24, 93), (25, 93), (26, 93), (48, 93), (23, 95), (47, 95), (22, 98), (46, 98), (21, 101), (45, 101), (20, 103), (44, 103), (19, 106), (43, 106), (18, 109), (42, 109), (17, 111), (18, 111), (40, 111), (41, 111), (42, 111), (19, 112), (38, 112), (39, 112), (20, 113), (35, 113), (36, 113), (37, 113), (21, 114), (32, 114), (33, 114), (34, 114)]
[(40, 111), (41, 111), (42, 111), (38, 112), (39, 112), (43, 112), (35, 113), (36, 113), (37, 113), (44, 113), (32, 114), (33, 114), (34, 114), (45, 114)]
[(64, 111), (65, 111), (66, 111), (62, 112), (63, 112), (67, 112), (59, 113), (60, 113), (61, 113), (68, 113), (56, 114), (57, 114), (58, 114), (69, 114)]
