[(85, 37), (86, 37), (87, 37), (88, 37), (81, 38), (82, 38), (83, 38), (84, 38), (89, 38), (77, 39), (78, 39), (79, 39), (80, 39), (73, 40), (74, 40), (75, 40), (76, 40), (69, 41), (70, 41), (71, 41), (72, 41), (88, 42), (68, 45), (87, 46), (67, 49), (86, 50), (66, 53), (85, 54), (65, 57), (82, 57), (83, 57), (84, 57), (85, 57), (78, 58), (79, 58), (80, 58), (81, 58), (74, 59), (75, 59), (76, 59), (77, 59), (65, 60), (70, 60), (71, 60), (72, 60), (73, 60), (66, 61), (67, 61), (68, 61), (69, 61)]
[(105, 34), (106, 34), (107, 34), (108, 34), (101, 35), (102, 35), (103, 35), (104, 35), (109, 35), (97, 36), (98, 36), (99, 36), (100, 36), (93, 37), (94, 37), (95, 37), (96, 37), (89, 38), (90, 38), (91, 38), (92, 38), (108, 39), (88, 42), (107, 43), (87, 46), (106, 47), (86, 50), (105, 51), (85, 54), (102, 54), (103, 54), (104, 54), (105, 54), (98, 55), (99, 55), (100, 55), (101, 55), (94, 56), (95, 56), (96, 56), (97, 56), (85, 57), (90, 57), (91, 57), (92, 57), (93, 57), (86, 58), (87, 58), (88, 58), (89, 58)]
[(102, 54), (103, 54), (104, 54), (105, 54), (98, 55), (99, 55), (100, 55), (101, 55), (106, 55), (94, 56), (95, 56), (96, 56), (97, 56), (90, 57), (91, 57), (92, 57), (93, 57), (86, 58), (87, 58), (88, 58), (89, 58), (105, 59), (85, 62), (104, 63), (84, 66), (103, 67), (83, 70), (102, 71), (82, 74), (99, 74), (100, 74), (101, 74), (102, 74), (95, 75), (96, 75), (97, 75), (98, 75), (91, 76), (92, 76), (93, 76), (94, 76), (82, 77), (87, 77), (88, 77), (89, 77), (90, 77), (83, 78), (84, 78), (85, 78), (86, 78)]
[(114, 53), (110, 54), (111, 54), (112, 54), (113, 54), (106, 55), (107, 55), (108, 55), (109, 55), (105, 59), (104, 63), (103, 67), (102, 71), (111, 73), (112, 73), (113, 73), (114, 73), (102, 74), (107, 74), (108, 74), (109, 74), (110, 74), (103, 75), (104, 75), (105, 75), (106, 75)]
[(111, 73), (112, 73), (113, 73), (114, 73), (107, 74), (108, 74), (109, 74), (110, 74), (103, 75), (104, 75), (105, 75), (106, 75), (102, 79), (101, 83), (100, 87), (99, 91), (112, 92), (113, 92), (114, 92), (108, 93), (109, 93), (110, 93), (111, 93), (99, 94), (104, 94), (105, 94), (106, 94), (107, 94), (100, 95), (101, 95), (102, 95), (103, 95)]
[(45, 43), (46, 43), (47, 43), (48, 43), (41, 44), (42, 44), (43, 44), (44, 44), (49, 44), (37, 45), (38, 45), (39, 45), (40, 45), (33, 46), (34, 46), (35, 46), (36, 46), (29, 47), (30, 47), (31, 47), (32, 47), (48, 48), (28, 51), (47, 52), (27, 55), (46, 56), (26, 59), (45, 60), (25, 63), (42, 63), (43, 63), (44, 63), (45, 63), (38, 64), (39, 64), (40, 64), (41, 64), (34, 65), (35, 65), (36, 65), (37, 65), (25, 66), (30, 66), (31, 66), (32, 66), (33, 66), (26, 67), (27, 67), (28, 67), (29, 67)]
[(65, 40), (66, 40), (67, 40), (68, 40), (61, 41), (62, 41), (63, 41), (64, 41), (69, 41), (57, 42), (58, 42), (59, 42), (60, 42), (53, 43), (54, 43), (55, 43), (56, 43), (49, 44), (50, 44), (51, 44), (52, 44), (68, 45), (48, 48), (67, 49), (47, 52), (66, 53), (46, 56), (65, 57), (45, 60), (62, 60), (63, 60), (64, 60), (65, 60), (58, 61), (59, 61), (60, 61), (61, 61), (54, 62), (55, 62), (56, 62), (57, 62), (45, 63), (50, 63), (51, 63), (52, 63), (53, 63), (46, 64), (47, 64), (48, 64), (49, 64)]
[(62, 60), (63, 60), (64, 60), (65, 60), (58, 61), (59, 61), (60, 61), (61, 61), (66, 61), (54, 62), (55, 62), (56, 62), (57, 62), (50, 63), (51, 63), (52, 63), (53, 63), (46, 64), (47, 64), (48, 64), (49, 64), (65, 65), (45, 68), (64, 69), (44, 72), (63, 73), (43, 76), (62, 77), (42, 80), (59, 80), (60, 80), (61, 80), (62, 80), (55, 81), (56, 81), (57, 81), (58, 81), (51, 82), (52, 82), (53, 82), (54, 82), (42, 83), (47, 83), (48, 83), (49, 83), (50, 83), (43, 84), (44, 84), (45, 84), (46, 84)]
[(82, 57), (83, 57), (84, 57), (85, 57), (78, 58), (79, 58), (80, 58), (81, 58), (86, 58), (74, 59), (75, 59), (76, 59), (77, 59), (70, 60), (71, 60), (72, 60), (73, 60), (66, 61), (67, 61), (68, 61), (69, 61), (85, 62), (65, 65), (84, 66), (64, 69), (83, 70), (63, 73), (82, 74), (62, 77), (79, 77), (80, 77), (81, 77), (82, 77), (75, 78), (76, 78), (77, 78), (78, 78), (71, 79), (72, 79), (73, 79), (74, 79), (62, 80), (67, 80), (68, 80), (69, 80), (70, 80), (63, 81), (64, 81), (65, 81), (66, 81)]
[(79, 77), (80, 77), (81, 77), (82, 77), (75, 78), (76, 78), (77, 78), (78, 78), (83, 78), (71, 79), (72, 79), (73, 79), (74, 79), (67, 80), (68, 80), (69, 80), (70, 80), (63, 81), (64, 81), (65, 81), (66, 81), (82, 82), (62, 85), (81, 86), (61, 89), (80, 90), (60, 93), (79, 94), (59, 97), (76, 97), (77, 97), (78, 97), (79, 97), (72, 98), (73, 98), (74, 98), (75, 98), (68, 99), (69, 99), (70, 99), (71, 99), (59, 100), (64, 100), (65, 100), (66, 100), (67, 100), (60, 101), (61, 101), (62, 101), (63, 101)]
[(99, 74), (100, 74), (101, 74), (102, 74), (95, 75), (96, 75), (97, 75), (98, 75), (103, 75), (91, 76), (92, 76), (93, 76), (94, 76), (87, 77), (88, 77), (89, 77), (90, 77), (83, 78), (84, 78), (85, 78), (86, 78), (102, 79), (82, 82), (101, 83), (81, 86), (100, 87), (80, 90), (99, 91), (79, 94), (96, 94), (97, 94), (98, 94), (99, 94), (92, 95), (93, 95), (94, 95), (95, 95), (88, 96), (89, 96), (90, 96), (91, 96), (79, 97), (84, 97), (85, 97), (86, 97), (87, 97), (80, 98), (81, 98), (82, 98), (83, 98)]
[(96, 94), (97, 94), (98, 94), (99, 94), (92, 95), (93, 95), (94, 95), (95, 95), (100, 95), (88, 96), (89, 96), (90, 96), (91, 96), (84, 97), (85, 97), (86, 97), (87, 97), (80, 98), (81, 98), (82, 98), (83, 98), (99, 99), (79, 102), (98, 103), (78, 106), (97, 107), (77, 110), (96, 111), (76, 114), (93, 114), (94, 114), (95, 114), (96, 114)]
[(112, 92), (113, 92), (114, 92), (108, 93), (109, 93), (110, 93), (111, 93), (104, 94), (105, 94), (106, 94), (107, 94), (100, 95), (101, 95), (102, 95), (103, 95), (99, 99), (98, 103), (97, 107), (96, 111), (113, 111), (114, 111), (109, 112), (110, 112), (111, 112), (112, 112), (105, 113), (106, 113), (107, 113), (108, 113), (96, 114), (101, 114), (102, 114), (103, 114), (104, 114)]
[(22, 66), (23, 66), (24, 66), (25, 66), (18, 67), (19, 67), (20, 67), (21, 67), (26, 67), (14, 68), (15, 68), (16, 68), (17, 68), (10, 69), (11, 69), (12, 69), (13, 69), (6, 70), (7, 70), (8, 70), (9, 70), (25, 71), (5, 74), (24, 75), (4, 78), (23, 79), (3, 82), (22, 83), (2, 86), (19, 86), (20, 86), (21, 86), (22, 86), (15, 87), (16, 87), (17, 87), (18, 87), (11, 88), (12, 88), (13, 88), (14, 88), (2, 89), (7, 89), (8, 89), (9, 89), (10, 89), (3, 90), (4, 90), (5, 90), (6, 90)]
[(42, 63), (43, 63), (44, 63), (45, 63), (38, 64), (39, 64), (40, 64), (41, 64), (46, 64), (34, 65), (35, 65), (36, 65), (37, 65), (30, 66), (31, 66), (32, 66), (33, 66), (26, 67), (27, 67), (28, 67), (29, 67), (45, 68), (25, 71), (44, 72), (24, 75), (43, 76), (23, 79), (42, 80), (22, 83), (39, 83), (40, 83), (41, 83), (42, 83), (35, 84), (36, 84), (37, 84), (38, 84), (31, 85), (32, 85), (33, 85), (34, 85), (22, 86), (27, 86), (28, 86), (29, 86), (30, 86), (23, 87), (24, 87), (25, 87), (26, 87)]
[(39, 83), (40, 83), (41, 83), (42, 83), (35, 84), (36, 84), (37, 84), (38, 84), (43, 84), (31, 85), (32, 85), (33, 85), (34, 85), (27, 86), (28, 86), (29, 86), (30, 86), (23, 87), (24, 87), (25, 87), (26, 87), (42, 88), (22, 91), (41, 92), (21, 95), (40, 96), (20, 99), (39, 100), (19, 103), (36, 103), (37, 103), (38, 103), (39, 103), (32, 104), (33, 104), (34, 104), (35, 104), (28, 105), (29, 105), (30, 105), (31, 105), (19, 106), (24, 106), (25, 106), (26, 106), (27, 106), (20, 107), (21, 107), (22, 107), (23, 107)]
[(59, 80), (60, 80), (61, 80), (62, 80), (55, 81), (56, 81), (57, 81), (58, 81), (63, 81), (51, 82), (52, 82), (53, 82), (54, 82), (47, 83), (48, 83), (49, 83), (50, 83), (43, 84), (44, 84), (45, 84), (46, 84), (62, 85), (42, 88), (61, 89), (41, 92), (60, 93), (40, 96), (59, 97), (39, 100), (56, 100), (57, 100), (58, 100), (59, 100), (52, 101), (53, 101), (54, 101), (55, 101), (48, 102), (49, 102), (50, 102), (51, 102), (39, 103), (44, 103), (45, 103), (46, 103), (47, 103), (40, 104), (41, 104), (42, 104), (43, 104)]
[(56, 100), (57, 100), (58, 100), (59, 100), (52, 101), (53, 101), (54, 101), (55, 101), (60, 101), (48, 102), (49, 102), (50, 102), (51, 102), (44, 103), (45, 103), (46, 103), (47, 103), (40, 104), (41, 104), (42, 104), (43, 104), (59, 105), (39, 108), (58, 109), (38, 112), (57, 113)]
[(76, 97), (77, 97), (78, 97), (79, 97), (72, 98), (73, 98), (74, 98), (75, 98), (80, 98), (68, 99), (69, 99), (70, 99), (71, 99), (64, 100), (65, 100), (66, 100), (67, 100), (60, 101), (61, 101), (62, 101), (63, 101), (79, 102), (59, 105), (78, 106), (58, 109), (77, 110), (57, 113), (76, 114)]
[(93, 114), (94, 114), (95, 114), (96, 114)]
[(19, 86), (20, 86), (21, 86), (22, 86), (15, 87), (16, 87), (17, 87), (18, 87), (23, 87), (11, 88), (12, 88), (13, 88), (14, 88), (7, 89), (8, 89), (9, 89), (10, 89), (3, 90), (4, 90), (5, 90), (6, 90), (22, 91), (2, 94), (21, 95), (1, 98), (20, 99), (0, 102), (19, 103), (16, 106), (17, 106), (18, 106), (19, 106), (12, 107), (13, 107), (14, 107), (15, 107), (8, 108), (9, 108), (10, 108), (11, 108), (4, 109), (5, 109), (6, 109), (7, 109), (0, 110), (1, 110), (2, 110), (3, 110)]
[(16, 106), (17, 106), (18, 106), (19, 106), (12, 107), (13, 107), (14, 107), (15, 107), (20, 107), (8, 108), (9, 108), (10, 108), (11, 108), (4, 109), (5, 109), (6, 109), (7, 109), (0, 110), (1, 110), (2, 110), (3, 110), (19, 111)]
[(36, 103), (37, 103), (38, 103), (39, 103), (32, 104), (33, 104), (34, 104), (35, 104), (40, 104), (28, 105), (29, 105), (30, 105), (31, 105), (24, 106), (25, 106), (26, 106), (27, 106), (20, 107), (21, 107), (22, 107), (23, 107), (39, 108), (19, 111), (38, 112)]
