[(77, 14), (75, 15), (76, 15), (78, 15), (72, 16), (73, 16), (74, 16), (70, 17), (71, 17), (77, 17), (67, 18), (68, 18), (69, 18), (65, 19), (66, 19), (62, 20), (63, 20), (64, 20), (76, 20), (59, 21), (60, 21), (61, 21), (75, 22), (58, 23), (74, 25), (57, 26), (73, 27), (56, 28), (72, 30), (55, 31), (71, 32), (54, 33), (71, 33), (69, 34), (70, 34), (66, 35), (67, 35), (68, 35), (53, 36), (64, 36), (65, 36), (61, 37), (62, 37), (63, 37), (52, 38), (59, 38), (60, 38), (52, 39), (56, 39), (57, 39), (58, 39), (53, 40), (54, 40), (55, 40)]
[(96, 8), (94, 9), (95, 9), (97, 9), (91, 10), (92, 10), (93, 10), (89, 11), (90, 11), (96, 11), (86, 12), (87, 12), (88, 12), (84, 13), (85, 13), (81, 14), (82, 14), (83, 14), (95, 14), (78, 15), (79, 15), (80, 15), (94, 16), (77, 17), (93, 19), (76, 20), (92, 21), (75, 22), (91, 24), (74, 25), (90, 26), (73, 27), (90, 27), (88, 28), (89, 28), (85, 29), (86, 29), (87, 29), (72, 30), (83, 30), (84, 30), (80, 31), (81, 31), (82, 31), (71, 32), (78, 32), (79, 32), (71, 33), (75, 33), (76, 33), (77, 33), (72, 34), (73, 34), (74, 34)]
[(90, 27), (88, 28), (89, 28), (91, 28), (85, 29), (86, 29), (87, 29), (83, 30), (84, 30), (90, 30), (80, 31), (81, 31), (82, 31), (78, 32), (79, 32), (75, 33), (76, 33), (77, 33), (89, 33), (72, 34), (73, 34), (74, 34), (88, 35), (71, 36), (87, 38), (70, 39), (86, 40), (69, 41), (85, 43), (68, 44), (84, 45), (67, 46), (84, 46), (82, 47), (83, 47), (79, 48), (80, 48), (81, 48), (66, 49), (77, 49), (78, 49), (74, 50), (75, 50), (76, 50), (65, 51), (72, 51), (73, 51), (65, 52), (69, 52), (70, 52), (71, 52), (66, 53), (67, 53), (68, 53)]
[(109, 21), (107, 22), (108, 22), (110, 22), (104, 23), (105, 23), (106, 23), (102, 24), (103, 24), (109, 24), (99, 25), (100, 25), (101, 25), (97, 26), (98, 26), (94, 27), (95, 27), (96, 27), (108, 27), (91, 28), (92, 28), (93, 28), (107, 29), (90, 30), (106, 32), (89, 33), (105, 34), (88, 35), (104, 37), (87, 38), (103, 39), (86, 40), (103, 40), (101, 41), (102, 41), (98, 42), (99, 42), (100, 42), (85, 43), (96, 43), (97, 43), (93, 44), (94, 44), (95, 44), (84, 45), (91, 45), (92, 45), (84, 46), (88, 46), (89, 46), (90, 46), (85, 47), (86, 47), (87, 47)]
[(103, 40), (101, 41), (102, 41), (104, 41), (98, 42), (99, 42), (100, 42), (96, 43), (97, 43), (103, 43), (93, 44), (94, 44), (95, 44), (91, 45), (92, 45), (88, 46), (89, 46), (90, 46), (102, 46), (85, 47), (86, 47), (87, 47), (101, 48), (84, 49), (100, 51), (83, 52), (99, 53), (82, 54), (98, 56), (81, 57), (97, 58), (80, 59), (97, 59), (95, 60), (96, 60), (92, 61), (93, 61), (94, 61), (79, 62), (90, 62), (91, 62), (87, 63), (88, 63), (89, 63), (78, 64), (85, 64), (86, 64), (78, 65), (82, 65), (83, 65), (84, 65), (79, 66), (80, 66), (81, 66)]
[(112, 38), (113, 38), (114, 38), (110, 39), (111, 39), (107, 40), (108, 40), (109, 40), (104, 41), (105, 41), (106, 41), (103, 43), (102, 46), (101, 48), (100, 51), (99, 53), (114, 54), (111, 55), (112, 55), (113, 55), (98, 56), (109, 56), (110, 56), (106, 57), (107, 57), (108, 57), (97, 58), (104, 58), (105, 58), (97, 59), (101, 59), (102, 59), (103, 59), (98, 60), (99, 60), (100, 60)]
[(114, 54), (111, 55), (112, 55), (113, 55), (109, 56), (110, 56), (106, 57), (107, 57), (108, 57), (104, 58), (105, 58), (101, 59), (102, 59), (103, 59), (98, 60), (99, 60), (100, 60), (114, 61), (97, 62), (113, 64), (96, 65), (112, 66), (95, 67), (111, 69), (94, 70), (110, 71), (93, 72), (110, 72), (108, 73), (109, 73), (105, 74), (106, 74), (107, 74), (92, 75), (103, 75), (104, 75), (100, 76), (101, 76), (102, 76), (91, 77), (98, 77), (99, 77), (91, 78), (95, 78), (96, 78), (97, 78), (92, 79), (93, 79), (94, 79)]
[(114, 61), (113, 64), (112, 66), (111, 69), (110, 71), (110, 72), (114, 72), (111, 73), (112, 73), (113, 73)]
[(114, 72), (111, 73), (112, 73), (113, 73), (110, 75), (109, 78), (108, 80), (107, 83), (106, 85), (105, 88), (113, 89), (114, 89), (104, 90), (111, 90), (112, 90), (104, 91), (108, 91), (109, 91), (110, 91), (105, 92), (106, 92), (107, 92)]
[(39, 26), (37, 27), (38, 27), (40, 27), (34, 28), (35, 28), (36, 28), (32, 29), (33, 29), (39, 29), (29, 30), (30, 30), (31, 30), (27, 31), (28, 31), (24, 32), (25, 32), (26, 32), (38, 32), (21, 33), (22, 33), (23, 33), (37, 34), (20, 35), (36, 37), (19, 38), (35, 39), (18, 40), (34, 42), (17, 43), (33, 44), (16, 45), (33, 45), (31, 46), (32, 46), (28, 47), (29, 47), (30, 47), (15, 48), (26, 48), (27, 48), (23, 49), (24, 49), (25, 49), (14, 50), (21, 50), (22, 50), (14, 51), (18, 51), (19, 51), (20, 51), (15, 52), (16, 52), (17, 52)]
[(58, 20), (56, 21), (57, 21), (59, 21), (53, 22), (54, 22), (55, 22), (51, 23), (52, 23), (58, 23), (48, 24), (49, 24), (50, 24), (46, 25), (47, 25), (43, 26), (44, 26), (45, 26), (57, 26), (40, 27), (41, 27), (42, 27), (56, 28), (39, 29), (55, 31), (38, 32), (54, 33), (37, 34), (53, 36), (36, 37), (52, 38), (35, 39), (52, 39), (50, 40), (51, 40), (47, 41), (48, 41), (49, 41), (34, 42), (45, 42), (46, 42), (42, 43), (43, 43), (44, 43), (33, 44), (40, 44), (41, 44), (33, 45), (37, 45), (38, 45), (39, 45), (34, 46), (35, 46), (36, 46)]
[(52, 39), (50, 40), (51, 40), (53, 40), (47, 41), (48, 41), (49, 41), (45, 42), (46, 42), (52, 42), (42, 43), (43, 43), (44, 43), (40, 44), (41, 44), (37, 45), (38, 45), (39, 45), (51, 45), (34, 46), (35, 46), (36, 46), (50, 47), (33, 48), (49, 50), (32, 51), (48, 52), (31, 53), (47, 55), (30, 56), (46, 57), (29, 58), (46, 58), (44, 59), (45, 59), (41, 60), (42, 60), (43, 60), (28, 61), (39, 61), (40, 61), (36, 62), (37, 62), (38, 62), (27, 63), (34, 63), (35, 63), (27, 64), (31, 64), (32, 64), (33, 64), (28, 65), (29, 65), (30, 65)]
[(71, 33), (69, 34), (70, 34), (72, 34), (66, 35), (67, 35), (68, 35), (64, 36), (65, 36), (71, 36), (61, 37), (62, 37), (63, 37), (59, 38), (60, 38), (56, 39), (57, 39), (58, 39), (70, 39), (53, 40), (54, 40), (55, 40), (69, 41), (52, 42), (68, 44), (51, 45), (67, 46), (50, 47), (66, 49), (49, 50), (65, 51), (48, 52), (65, 52), (63, 53), (64, 53), (60, 54), (61, 54), (62, 54), (47, 55), (58, 55), (59, 55), (55, 56), (56, 56), (57, 56), (46, 57), (53, 57), (54, 57), (46, 58), (50, 58), (51, 58), (52, 58), (47, 59), (48, 59), (49, 59)]
[(65, 52), (63, 53), (64, 53), (66, 53), (60, 54), (61, 54), (62, 54), (58, 55), (59, 55), (65, 55), (55, 56), (56, 56), (57, 56), (53, 57), (54, 57), (50, 58), (51, 58), (52, 58), (64, 58), (47, 59), (48, 59), (49, 59), (63, 60), (46, 61), (62, 63), (45, 64), (61, 65), (44, 66), (60, 68), (43, 69), (59, 70), (42, 71), (59, 71), (57, 72), (58, 72), (54, 73), (55, 73), (56, 73), (41, 74), (52, 74), (53, 74), (49, 75), (50, 75), (51, 75), (40, 76), (47, 76), (48, 76), (40, 77), (44, 77), (45, 77), (46, 77), (41, 78), (42, 78), (43, 78)]
[(84, 46), (82, 47), (83, 47), (85, 47), (79, 48), (80, 48), (81, 48), (77, 49), (78, 49), (84, 49), (74, 50), (75, 50), (76, 50), (72, 51), (73, 51), (69, 52), (70, 52), (71, 52), (83, 52), (66, 53), (67, 53), (68, 53), (82, 54), (65, 55), (81, 57), (64, 58), (80, 59), (63, 60), (79, 62), (62, 63), (78, 64), (61, 65), (78, 65), (76, 66), (77, 66), (73, 67), (74, 67), (75, 67), (60, 68), (71, 68), (72, 68), (68, 69), (69, 69), (70, 69), (59, 70), (66, 70), (67, 70), (59, 71), (63, 71), (64, 71), (65, 71), (60, 72), (61, 72), (62, 72)]
[(78, 65), (76, 66), (77, 66), (79, 66), (73, 67), (74, 67), (75, 67), (71, 68), (72, 68), (78, 68), (68, 69), (69, 69), (70, 69), (66, 70), (67, 70), (63, 71), (64, 71), (65, 71), (77, 71), (60, 72), (61, 72), (62, 72), (76, 73), (59, 74), (75, 76), (58, 77), (74, 78), (57, 79), (73, 81), (56, 82), (72, 83), (55, 84), (72, 84), (70, 85), (71, 85), (67, 86), (68, 86), (69, 86), (54, 87), (65, 87), (66, 87), (62, 88), (63, 88), (64, 88), (53, 89), (60, 89), (61, 89), (53, 90), (57, 90), (58, 90), (59, 90), (54, 91), (55, 91), (56, 91)]
[(97, 59), (95, 60), (96, 60), (98, 60), (92, 61), (93, 61), (94, 61), (90, 62), (91, 62), (97, 62), (87, 63), (88, 63), (89, 63), (85, 64), (86, 64), (82, 65), (83, 65), (84, 65), (96, 65), (79, 66), (80, 66), (81, 66), (95, 67), (78, 68), (94, 70), (77, 71), (93, 72), (76, 73), (92, 75), (75, 76), (91, 77), (74, 78), (91, 78), (89, 79), (90, 79), (86, 80), (87, 80), (88, 80), (73, 81), (84, 81), (85, 81), (81, 82), (82, 82), (83, 82), (72, 83), (79, 83), (80, 83), (72, 84), (76, 84), (77, 84), (78, 84), (73, 85), (74, 85), (75, 85)]
[(91, 78), (89, 79), (90, 79), (92, 79), (86, 80), (87, 80), (88, 80), (84, 81), (85, 81), (91, 81), (81, 82), (82, 82), (83, 82), (79, 83), (80, 83), (76, 84), (77, 84), (78, 84), (90, 84), (73, 85), (74, 85), (75, 85), (89, 86), (72, 87), (88, 89), (71, 90), (87, 91), (70, 92), (86, 94), (69, 95), (85, 96), (68, 97), (85, 97), (83, 98), (84, 98), (80, 99), (81, 99), (82, 99), (67, 100), (78, 100), (79, 100), (75, 101), (76, 101), (77, 101), (66, 102), (73, 102), (74, 102), (66, 103), (70, 103), (71, 103), (72, 103), (67, 104), (68, 104), (69, 104)]
[(110, 72), (108, 73), (109, 73), (111, 73), (105, 74), (106, 74), (107, 74), (103, 75), (104, 75), (110, 75), (100, 76), (101, 76), (102, 76), (98, 77), (99, 77), (95, 78), (96, 78), (97, 78), (109, 78), (92, 79), (93, 79), (94, 79), (108, 80), (91, 81), (107, 83), (90, 84), (106, 85), (89, 86), (105, 88), (88, 89), (104, 90), (87, 91), (104, 91), (102, 92), (103, 92), (99, 93), (100, 93), (101, 93), (86, 94), (97, 94), (98, 94), (94, 95), (95, 95), (96, 95), (85, 96), (92, 96), (93, 96), (85, 97), (89, 97), (90, 97), (91, 97), (86, 98), (87, 98), (88, 98)]
[(104, 91), (102, 92), (103, 92), (105, 92), (99, 93), (100, 93), (101, 93), (97, 94), (98, 94), (104, 94), (94, 95), (95, 95), (96, 95), (92, 96), (93, 96), (89, 97), (90, 97), (91, 97), (103, 97), (86, 98), (87, 98), (88, 98), (102, 99), (85, 100), (101, 102), (84, 103), (100, 104), (83, 105), (99, 107), (82, 108), (98, 109), (81, 110), (98, 110), (96, 111), (97, 111), (93, 112), (94, 112), (95, 112), (80, 113), (91, 113), (92, 113), (88, 114), (89, 114), (90, 114)]
[(113, 89), (114, 89), (111, 90), (112, 90), (108, 91), (109, 91), (110, 91), (105, 92), (106, 92), (107, 92), (104, 94), (103, 97), (102, 99), (101, 102), (100, 104), (112, 106), (113, 106), (114, 106), (99, 107), (110, 107), (111, 107), (107, 108), (108, 108), (109, 108), (98, 109), (105, 109), (106, 109), (98, 110), (102, 110), (103, 110), (104, 110), (99, 111), (100, 111), (101, 111)]
[(112, 106), (113, 106), (114, 106), (110, 107), (111, 107), (107, 108), (108, 108), (109, 108), (105, 109), (106, 109), (102, 110), (103, 110), (104, 110), (99, 111), (100, 111), (101, 111), (98, 113)]
[(14, 51), (12, 52), (13, 52), (15, 52), (9, 53), (10, 53), (11, 53), (7, 54), (8, 54), (14, 54), (4, 55), (5, 55), (6, 55), (2, 56), (3, 56), (0, 57), (1, 57), (13, 57), (12, 59), (11, 62), (10, 64), (9, 67), (8, 69), (8, 70), (6, 71), (7, 71), (3, 72), (4, 72), (5, 72), (1, 73), (2, 73), (0, 74)]
[(33, 45), (31, 46), (32, 46), (34, 46), (28, 47), (29, 47), (30, 47), (26, 48), (27, 48), (33, 48), (23, 49), (24, 49), (25, 49), (21, 50), (22, 50), (18, 51), (19, 51), (20, 51), (32, 51), (15, 52), (16, 52), (17, 52), (31, 53), (14, 54), (30, 56), (13, 57), (29, 58), (12, 59), (28, 61), (11, 62), (27, 63), (10, 64), (27, 64), (25, 65), (26, 65), (22, 66), (23, 66), (24, 66), (9, 67), (20, 67), (21, 67), (17, 68), (18, 68), (19, 68), (8, 69), (15, 69), (16, 69), (8, 70), (12, 70), (13, 70), (14, 70), (9, 71), (10, 71), (11, 71)]
[(27, 64), (25, 65), (26, 65), (28, 65), (22, 66), (23, 66), (24, 66), (20, 67), (21, 67), (27, 67), (17, 68), (18, 68), (19, 68), (15, 69), (16, 69), (12, 70), (13, 70), (14, 70), (26, 70), (9, 71), (10, 71), (11, 71), (25, 72), (8, 73), (24, 75), (7, 76), (23, 77), (6, 78), (22, 80), (5, 81), (21, 82), (4, 83), (21, 83), (19, 84), (20, 84), (16, 85), (17, 85), (18, 85), (3, 86), (14, 86), (15, 86), (11, 87), (12, 87), (13, 87), (2, 88), (9, 88), (10, 88), (2, 89), (6, 89), (7, 89), (8, 89), (3, 90), (4, 90), (5, 90)]
[(46, 58), (44, 59), (45, 59), (47, 59), (41, 60), (42, 60), (43, 60), (39, 61), (40, 61), (46, 61), (36, 62), (37, 62), (38, 62), (34, 63), (35, 63), (31, 64), (32, 64), (33, 64), (45, 64), (28, 65), (29, 65), (30, 65), (44, 66), (27, 67), (43, 69), (26, 70), (42, 71), (25, 72), (41, 74), (24, 75), (40, 76), (23, 77), (40, 77), (38, 78), (39, 78), (35, 79), (36, 79), (37, 79), (22, 80), (33, 80), (34, 80), (30, 81), (31, 81), (32, 81), (21, 82), (28, 82), (29, 82), (21, 83), (25, 83), (26, 83), (27, 83), (22, 84), (23, 84), (24, 84)]
[(40, 77), (38, 78), (39, 78), (41, 78), (35, 79), (36, 79), (37, 79), (33, 80), (34, 80), (40, 80), (30, 81), (31, 81), (32, 81), (28, 82), (29, 82), (25, 83), (26, 83), (27, 83), (39, 83), (22, 84), (23, 84), (24, 84), (38, 85), (21, 86), (37, 88), (20, 89), (36, 90), (19, 91), (35, 93), (18, 94), (34, 95), (17, 96), (34, 96), (32, 97), (33, 97), (29, 98), (30, 98), (31, 98), (16, 99), (27, 99), (28, 99), (24, 100), (25, 100), (26, 100), (15, 101), (22, 101), (23, 101), (15, 102), (19, 102), (20, 102), (21, 102), (16, 103), (17, 103), (18, 103)]
[(59, 71), (57, 72), (58, 72), (60, 72), (54, 73), (55, 73), (56, 73), (52, 74), (53, 74), (59, 74), (49, 75), (50, 75), (51, 75), (47, 76), (48, 76), (44, 77), (45, 77), (46, 77), (58, 77), (41, 78), (42, 78), (43, 78), (57, 79), (40, 80), (56, 82), (39, 83), (55, 84), (38, 85), (54, 87), (37, 88), (53, 89), (36, 90), (53, 90), (51, 91), (52, 91), (48, 92), (49, 92), (50, 92), (35, 93), (46, 93), (47, 93), (43, 94), (44, 94), (45, 94), (34, 95), (41, 95), (42, 95), (34, 96), (38, 96), (39, 96), (40, 96), (35, 97), (36, 97), (37, 97)]
[(53, 90), (51, 91), (52, 91), (54, 91), (48, 92), (49, 92), (50, 92), (46, 93), (47, 93), (53, 93), (43, 94), (44, 94), (45, 94), (41, 95), (42, 95), (38, 96), (39, 96), (40, 96), (52, 96), (35, 97), (36, 97), (37, 97), (51, 98), (34, 99), (50, 101), (33, 102), (49, 103), (32, 104), (48, 106), (31, 107), (47, 108), (30, 109), (47, 109), (45, 110), (46, 110), (42, 111), (43, 111), (44, 111), (29, 112), (40, 112), (41, 112), (37, 113), (38, 113), (39, 113), (28, 114), (35, 114), (36, 114)]
[(72, 84), (70, 85), (71, 85), (73, 85), (67, 86), (68, 86), (69, 86), (65, 87), (66, 87), (72, 87), (62, 88), (63, 88), (64, 88), (60, 89), (61, 89), (57, 90), (58, 90), (59, 90), (71, 90), (54, 91), (55, 91), (56, 91), (70, 92), (53, 93), (69, 95), (52, 96), (68, 97), (51, 98), (67, 100), (50, 101), (66, 102), (49, 103), (66, 103), (64, 104), (65, 104), (61, 105), (62, 105), (63, 105), (48, 106), (59, 106), (60, 106), (56, 107), (57, 107), (58, 107), (47, 108), (54, 108), (55, 108), (47, 109), (51, 109), (52, 109), (53, 109), (48, 110), (49, 110), (50, 110)]
[(66, 103), (64, 104), (65, 104), (67, 104), (61, 105), (62, 105), (63, 105), (59, 106), (60, 106), (66, 106), (56, 107), (57, 107), (58, 107), (54, 108), (55, 108), (51, 109), (52, 109), (53, 109), (65, 109), (48, 110), (49, 110), (50, 110), (64, 111), (47, 112), (63, 114)]
[(85, 97), (83, 98), (84, 98), (86, 98), (80, 99), (81, 99), (82, 99), (78, 100), (79, 100), (85, 100), (75, 101), (76, 101), (77, 101), (73, 102), (74, 102), (70, 103), (71, 103), (72, 103), (84, 103), (67, 104), (68, 104), (69, 104), (83, 105), (66, 106), (82, 108), (65, 109), (81, 110), (64, 111), (80, 113), (63, 114)]
[(98, 110), (96, 111), (97, 111), (99, 111), (93, 112), (94, 112), (95, 112), (91, 113), (92, 113), (98, 113), (88, 114), (89, 114), (90, 114)]
[(8, 70), (6, 71), (7, 71), (9, 71), (3, 72), (4, 72), (5, 72), (1, 73), (2, 73), (8, 73), (0, 74), (7, 76), (6, 78), (5, 81), (4, 83), (3, 86), (2, 88), (2, 89), (0, 90), (1, 90)]
[(2, 89), (0, 90), (1, 90), (3, 90), (2, 92), (1, 95), (0, 97)]
[(21, 83), (19, 84), (20, 84), (22, 84), (16, 85), (17, 85), (18, 85), (14, 86), (15, 86), (21, 86), (11, 87), (12, 87), (13, 87), (9, 88), (10, 88), (6, 89), (7, 89), (8, 89), (20, 89), (3, 90), (4, 90), (5, 90), (19, 91), (2, 92), (18, 94), (1, 95), (17, 96), (0, 97), (16, 99), (15, 101), (15, 102), (13, 103), (14, 103), (10, 104), (11, 104), (12, 104), (8, 105), (9, 105), (5, 106), (6, 106), (7, 106), (3, 107), (4, 107), (0, 108), (1, 108), (2, 108)]
[(15, 102), (13, 103), (14, 103), (16, 103), (10, 104), (11, 104), (12, 104), (8, 105), (9, 105), (15, 105), (5, 106), (6, 106), (7, 106), (3, 107), (4, 107), (0, 108), (1, 108), (2, 108), (14, 108), (13, 110), (12, 113)]
[(34, 96), (32, 97), (33, 97), (35, 97), (29, 98), (30, 98), (31, 98), (27, 99), (28, 99), (34, 99), (24, 100), (25, 100), (26, 100), (22, 101), (23, 101), (19, 102), (20, 102), (21, 102), (33, 102), (16, 103), (17, 103), (18, 103), (32, 104), (15, 105), (31, 107), (14, 108), (30, 109), (13, 110), (29, 112), (12, 113), (28, 114)]
[(47, 109), (45, 110), (46, 110), (48, 110), (42, 111), (43, 111), (44, 111), (40, 112), (41, 112), (47, 112), (37, 113), (38, 113), (39, 113), (35, 114), (36, 114)]
