[(101, 17), (102, 17), (103, 17), (104, 17), (97, 18), (98, 18), (99, 18), (100, 18), (105, 18), (93, 19), (94, 19), (95, 19), (96, 19), (106, 19), (88, 20), (89, 20), (90, 20), (91, 20), (92, 20), (107, 20), (108, 21), (109, 22), (110, 23), (87, 24), (109, 27), (86, 28), (108, 31), (85, 32), (107, 35), (85, 36), (86, 37), (87, 38), (88, 39), (104, 39), (105, 39), (106, 39), (107, 39), (89, 40), (100, 40), (101, 40), (102, 40), (103, 40), (90, 41), (96, 41), (97, 41), (98, 41), (99, 41), (91, 42), (92, 42), (93, 42), (94, 42), (95, 42)]
[(110, 23), (111, 23), (112, 23), (113, 23), (114, 23), (109, 27), (108, 31), (107, 35), (107, 39), (108, 40), (109, 41), (110, 42), (111, 43), (112, 44), (113, 45), (114, 45)]
[(113, 45), (114, 45), (112, 49), (111, 53), (110, 57), (110, 61), (111, 62), (112, 63), (113, 64), (114, 65)]
[(57, 11), (58, 11), (59, 11), (60, 11), (53, 12), (54, 12), (55, 12), (56, 12), (61, 12), (49, 13), (50, 13), (51, 13), (52, 13), (62, 13), (44, 14), (45, 14), (46, 14), (47, 14), (48, 14), (63, 14), (64, 15), (65, 16), (66, 17), (43, 18), (65, 21), (42, 22), (64, 25), (41, 26), (63, 29), (41, 30), (42, 31), (43, 32), (44, 33), (60, 33), (61, 33), (62, 33), (63, 33), (45, 34), (56, 34), (57, 34), (58, 34), (59, 34), (46, 35), (52, 35), (53, 35), (54, 35), (55, 35), (47, 36), (48, 36), (49, 36), (50, 36), (51, 36)]
[(79, 14), (80, 14), (81, 14), (82, 14), (75, 15), (76, 15), (77, 15), (78, 15), (83, 15), (71, 16), (72, 16), (73, 16), (74, 16), (84, 16), (66, 17), (67, 17), (68, 17), (69, 17), (70, 17), (85, 17), (86, 18), (87, 19), (88, 20), (65, 21), (87, 24), (64, 25), (86, 28), (63, 29), (85, 32), (63, 33), (64, 34), (65, 35), (66, 36), (82, 36), (83, 36), (84, 36), (85, 36), (67, 37), (78, 37), (79, 37), (80, 37), (81, 37), (68, 38), (74, 38), (75, 38), (76, 38), (77, 38), (69, 39), (70, 39), (71, 39), (72, 39), (73, 39)]
[(82, 36), (83, 36), (84, 36), (85, 36), (78, 37), (79, 37), (80, 37), (81, 37), (86, 37), (74, 38), (75, 38), (76, 38), (77, 38), (87, 38), (69, 39), (70, 39), (71, 39), (72, 39), (73, 39), (88, 39), (89, 40), (90, 41), (91, 42), (68, 43), (90, 46), (67, 47), (89, 50), (66, 51), (88, 54), (66, 55), (67, 56), (68, 57), (69, 58), (85, 58), (86, 58), (87, 58), (88, 58), (70, 59), (81, 59), (82, 59), (83, 59), (84, 59), (71, 60), (77, 60), (78, 60), (79, 60), (80, 60), (72, 61), (73, 61), (74, 61), (75, 61), (76, 61)]
[(104, 39), (105, 39), (106, 39), (107, 39), (100, 40), (101, 40), (102, 40), (103, 40), (108, 40), (96, 41), (97, 41), (98, 41), (99, 41), (109, 41), (91, 42), (92, 42), (93, 42), (94, 42), (95, 42), (110, 42), (111, 43), (112, 44), (113, 45), (90, 46), (112, 49), (89, 50), (111, 53), (88, 54), (110, 57), (88, 58), (89, 59), (90, 60), (91, 61), (107, 61), (108, 61), (109, 61), (110, 61), (92, 62), (103, 62), (104, 62), (105, 62), (106, 62), (93, 63), (99, 63), (100, 63), (101, 63), (102, 63), (94, 64), (95, 64), (96, 64), (97, 64), (98, 64)]
[(107, 61), (108, 61), (109, 61), (110, 61), (103, 62), (104, 62), (105, 62), (106, 62), (111, 62), (99, 63), (100, 63), (101, 63), (102, 63), (112, 63), (94, 64), (95, 64), (96, 64), (97, 64), (98, 64), (113, 64), (114, 65), (93, 68), (92, 72), (114, 75), (91, 76), (113, 79), (91, 80), (92, 81), (93, 82), (94, 83), (110, 83), (111, 83), (112, 83), (113, 83), (95, 84), (106, 84), (107, 84), (108, 84), (109, 84), (96, 85), (102, 85), (103, 85), (104, 85), (105, 85), (97, 86), (98, 86), (99, 86), (100, 86), (101, 86)]
[(114, 75), (113, 79), (113, 83), (114, 84)]
[(38, 30), (39, 30), (40, 30), (41, 30), (34, 31), (35, 31), (36, 31), (37, 31), (42, 31), (30, 32), (31, 32), (32, 32), (33, 32), (43, 32), (25, 33), (26, 33), (27, 33), (28, 33), (29, 33), (44, 33), (45, 34), (46, 35), (47, 36), (24, 37), (46, 40), (23, 41), (45, 44), (22, 45), (44, 48), (22, 49), (23, 50), (24, 51), (25, 52), (41, 52), (42, 52), (43, 52), (44, 52), (26, 53), (37, 53), (38, 53), (39, 53), (40, 53), (27, 54), (33, 54), (34, 54), (35, 54), (36, 54), (28, 55), (29, 55), (30, 55), (31, 55), (32, 55)]
[(60, 33), (61, 33), (62, 33), (63, 33), (56, 34), (57, 34), (58, 34), (59, 34), (64, 34), (52, 35), (53, 35), (54, 35), (55, 35), (65, 35), (47, 36), (48, 36), (49, 36), (50, 36), (51, 36), (66, 36), (67, 37), (68, 38), (69, 39), (46, 40), (68, 43), (45, 44), (67, 47), (44, 48), (66, 51), (44, 52), (45, 53), (46, 54), (47, 55), (63, 55), (64, 55), (65, 55), (66, 55), (48, 56), (59, 56), (60, 56), (61, 56), (62, 56), (49, 57), (55, 57), (56, 57), (57, 57), (58, 57), (50, 58), (51, 58), (52, 58), (53, 58), (54, 58)]
[(63, 55), (64, 55), (65, 55), (66, 55), (59, 56), (60, 56), (61, 56), (62, 56), (67, 56), (55, 57), (56, 57), (57, 57), (58, 57), (68, 57), (50, 58), (51, 58), (52, 58), (53, 58), (54, 58), (69, 58), (70, 59), (71, 60), (72, 61), (49, 62), (71, 65), (48, 66), (70, 69), (47, 70), (69, 73), (47, 74), (48, 75), (49, 76), (50, 77), (66, 77), (67, 77), (68, 77), (69, 77), (51, 78), (62, 78), (63, 78), (64, 78), (65, 78), (52, 79), (58, 79), (59, 79), (60, 79), (61, 79), (53, 80), (54, 80), (55, 80), (56, 80), (57, 80)]
[(85, 58), (86, 58), (87, 58), (88, 58), (81, 59), (82, 59), (83, 59), (84, 59), (89, 59), (77, 60), (78, 60), (79, 60), (80, 60), (90, 60), (72, 61), (73, 61), (74, 61), (75, 61), (76, 61), (91, 61), (92, 62), (93, 63), (94, 64), (71, 65), (93, 68), (70, 69), (92, 72), (69, 73), (91, 76), (69, 77), (70, 78), (71, 79), (72, 80), (88, 80), (89, 80), (90, 80), (91, 80), (73, 81), (84, 81), (85, 81), (86, 81), (87, 81), (74, 82), (80, 82), (81, 82), (82, 82), (83, 82), (75, 83), (76, 83), (77, 83), (78, 83), (79, 83)]
[(88, 80), (89, 80), (90, 80), (91, 80), (84, 81), (85, 81), (86, 81), (87, 81), (92, 81), (80, 82), (81, 82), (82, 82), (83, 82), (93, 82), (75, 83), (76, 83), (77, 83), (78, 83), (79, 83), (94, 83), (95, 84), (96, 85), (97, 86), (74, 87), (96, 90), (73, 91), (95, 94), (72, 95), (94, 98), (72, 99), (73, 100), (74, 101), (75, 102), (91, 102), (92, 102), (93, 102), (94, 102), (76, 103), (87, 103), (88, 103), (89, 103), (90, 103), (77, 104), (83, 104), (84, 104), (85, 104), (86, 104), (78, 105), (79, 105), (80, 105), (81, 105), (82, 105)]
[(110, 83), (111, 83), (112, 83), (113, 83), (106, 84), (107, 84), (108, 84), (109, 84), (114, 84), (102, 85), (103, 85), (104, 85), (105, 85), (97, 86), (98, 86), (99, 86), (100, 86), (101, 86), (96, 90), (95, 94), (94, 98), (94, 102), (95, 103), (96, 104), (97, 105), (113, 105), (114, 105), (98, 106), (109, 106), (110, 106), (111, 106), (112, 106), (99, 107), (105, 107), (106, 107), (107, 107), (108, 107), (100, 108), (101, 108), (102, 108), (103, 108), (104, 108)]
[(41, 52), (42, 52), (43, 52), (44, 52), (37, 53), (38, 53), (39, 53), (40, 53), (45, 53), (33, 54), (34, 54), (35, 54), (36, 54), (46, 54), (28, 55), (29, 55), (30, 55), (31, 55), (32, 55), (47, 55), (48, 56), (49, 57), (50, 58), (27, 59), (49, 62), (26, 63), (48, 66), (25, 67), (47, 70), (25, 71), (26, 72), (27, 73), (28, 74), (44, 74), (45, 74), (46, 74), (47, 74), (29, 75), (40, 75), (41, 75), (42, 75), (43, 75), (30, 76), (36, 76), (37, 76), (38, 76), (39, 76), (31, 77), (32, 77), (33, 77), (34, 77), (35, 77)]
[(44, 74), (45, 74), (46, 74), (47, 74), (40, 75), (41, 75), (42, 75), (43, 75), (48, 75), (36, 76), (37, 76), (38, 76), (39, 76), (49, 76), (31, 77), (32, 77), (33, 77), (34, 77), (35, 77), (50, 77), (51, 78), (52, 79), (53, 80), (30, 81), (52, 84), (29, 85), (51, 88), (28, 89), (50, 92), (28, 93), (29, 94), (30, 95), (31, 96), (47, 96), (48, 96), (49, 96), (50, 96), (32, 97), (43, 97), (44, 97), (45, 97), (46, 97), (33, 98), (39, 98), (40, 98), (41, 98), (42, 98), (34, 99), (35, 99), (36, 99), (37, 99), (38, 99)]
[(66, 77), (67, 77), (68, 77), (69, 77), (62, 78), (63, 78), (64, 78), (65, 78), (70, 78), (58, 79), (59, 79), (60, 79), (61, 79), (71, 79), (53, 80), (54, 80), (55, 80), (56, 80), (57, 80), (72, 80), (73, 81), (74, 82), (75, 83), (52, 84), (74, 87), (51, 88), (73, 91), (50, 92), (72, 95), (50, 96), (51, 97), (52, 98), (53, 99), (69, 99), (70, 99), (71, 99), (72, 99), (54, 100), (65, 100), (66, 100), (67, 100), (68, 100), (55, 101), (61, 101), (62, 101), (63, 101), (64, 101), (56, 102), (57, 102), (58, 102), (59, 102), (60, 102)]
[(69, 99), (70, 99), (71, 99), (72, 99), (65, 100), (66, 100), (67, 100), (68, 100), (73, 100), (61, 101), (62, 101), (63, 101), (64, 101), (74, 101), (56, 102), (57, 102), (58, 102), (59, 102), (60, 102), (75, 102), (76, 103), (77, 104), (78, 105), (55, 106), (77, 109), (54, 110), (76, 113), (53, 114)]
[(91, 102), (92, 102), (93, 102), (94, 102), (87, 103), (88, 103), (89, 103), (90, 103), (95, 103), (83, 104), (84, 104), (85, 104), (86, 104), (96, 104), (78, 105), (79, 105), (80, 105), (81, 105), (82, 105), (97, 105), (98, 106), (99, 107), (100, 108), (77, 109), (99, 112), (76, 113)]
[(47, 96), (48, 96), (49, 96), (50, 96), (43, 97), (44, 97), (45, 97), (46, 97), (51, 97), (39, 98), (40, 98), (41, 98), (42, 98), (52, 98), (34, 99), (35, 99), (36, 99), (37, 99), (38, 99), (53, 99), (54, 100), (55, 101), (56, 102), (33, 103), (55, 106), (32, 107), (54, 110), (31, 111), (53, 114)]
