[(114, 1), (112, 2), (113, 2), (110, 3), (111, 3), (108, 4), (109, 4), (106, 5), (107, 5), (104, 6), (105, 6), (102, 7), (103, 7), (100, 8), (101, 8), (97, 9), (98, 9), (99, 9), (96, 11), (95, 13), (94, 15), (93, 17), (92, 19), (91, 21), (90, 23), (89, 25), (88, 27), (87, 29), (114, 30), (86, 31), (112, 31), (113, 31), (110, 32), (111, 32), (85, 33), (108, 33), (109, 33), (106, 34), (107, 34), (85, 35), (104, 35), (105, 35), (86, 36), (102, 36), (103, 36), (87, 37), (100, 37), (101, 37), (88, 38), (98, 38), (99, 38), (89, 39), (96, 39), (97, 39), (90, 40), (94, 40), (95, 40), (91, 41), (92, 41), (93, 41)]
[(114, 53), (113, 55), (112, 57), (111, 59), (111, 61), (112, 62), (113, 63), (114, 64)]
[(58, 9), (59, 9), (56, 10), (57, 10), (60, 10), (54, 11), (55, 11), (61, 11), (52, 12), (53, 12), (62, 12), (50, 13), (51, 13), (63, 13), (48, 14), (49, 14), (64, 14), (46, 15), (47, 15), (65, 15), (44, 16), (45, 16), (42, 17), (43, 17), (64, 17), (40, 18), (41, 18), (38, 19), (39, 19), (63, 19), (36, 20), (37, 20), (33, 21), (34, 21), (35, 21), (62, 21), (32, 23), (61, 23), (31, 25), (60, 25), (30, 27), (59, 27), (29, 29), (58, 29), (28, 31), (57, 31), (27, 33), (56, 33), (26, 35), (55, 35), (25, 37), (54, 37), (24, 39), (53, 39), (23, 41), (52, 41), (53, 41), (50, 42), (51, 42), (22, 43), (48, 43), (49, 43), (46, 44), (47, 44), (21, 45), (44, 45), (45, 45), (42, 46), (43, 46), (21, 47), (40, 47), (41, 47), (22, 48), (38, 48), (39, 48), (23, 49), (36, 49), (37, 49), (24, 50), (34, 50), (35, 50), (25, 51), (32, 51), (33, 51), (26, 52), (30, 52), (31, 52), (27, 53), (28, 53), (29, 53)]
[(90, 3), (91, 3), (88, 4), (89, 4), (92, 4), (86, 5), (87, 5), (93, 5), (84, 6), (85, 6), (94, 6), (82, 7), (83, 7), (95, 7), (80, 8), (81, 8), (96, 8), (78, 9), (79, 9), (97, 9), (76, 10), (77, 10), (74, 11), (75, 11), (96, 11), (72, 12), (73, 12), (70, 13), (71, 13), (95, 13), (68, 14), (69, 14), (65, 15), (66, 15), (67, 15), (94, 15), (64, 17), (93, 17), (63, 19), (92, 19), (62, 21), (91, 21), (61, 23), (90, 23), (60, 25), (89, 25), (59, 27), (88, 27), (58, 29), (87, 29), (57, 31), (86, 31), (56, 33), (85, 33), (55, 35), (84, 35), (85, 35), (82, 36), (83, 36), (54, 37), (80, 37), (81, 37), (78, 38), (79, 38), (53, 39), (76, 39), (77, 39), (74, 40), (75, 40), (53, 41), (72, 41), (73, 41), (54, 42), (70, 42), (71, 42), (55, 43), (68, 43), (69, 43), (56, 44), (66, 44), (67, 44), (57, 45), (64, 45), (65, 45), (58, 46), (62, 46), (63, 46), (59, 47), (60, 47), (61, 47)]
[(84, 35), (85, 35), (82, 36), (83, 36), (86, 36), (80, 37), (81, 37), (87, 37), (78, 38), (79, 38), (88, 38), (76, 39), (77, 39), (89, 39), (74, 40), (75, 40), (90, 40), (72, 41), (73, 41), (91, 41), (70, 42), (71, 42), (68, 43), (69, 43), (90, 43), (66, 44), (67, 44), (64, 45), (65, 45), (89, 45), (62, 46), (63, 46), (59, 47), (60, 47), (61, 47), (88, 47), (58, 49), (87, 49), (57, 51), (86, 51), (56, 53), (85, 53), (55, 55), (84, 55), (54, 57), (83, 57), (53, 59), (82, 59), (52, 61), (81, 61), (51, 63), (80, 63), (50, 65), (79, 65), (49, 67), (78, 67), (79, 67), (76, 68), (77, 68), (48, 69), (74, 69), (75, 69), (72, 70), (73, 70), (47, 71), (70, 71), (71, 71), (68, 72), (69, 72), (47, 73), (66, 73), (67, 73), (48, 74), (64, 74), (65, 74), (49, 75), (62, 75), (63, 75), (50, 76), (60, 76), (61, 76), (51, 77), (58, 77), (59, 77), (52, 78), (56, 78), (57, 78), (53, 79), (54, 79), (55, 79)]
[(114, 30), (112, 31), (113, 31), (110, 32), (111, 32), (108, 33), (109, 33), (106, 34), (107, 34), (104, 35), (105, 35), (102, 36), (103, 36), (100, 37), (101, 37), (98, 38), (99, 38), (96, 39), (97, 39), (94, 40), (95, 40), (91, 41), (92, 41), (93, 41), (90, 43), (89, 45), (88, 47), (87, 49), (86, 51), (85, 53), (114, 53), (84, 55), (113, 55), (83, 57), (112, 57), (82, 59), (111, 59), (81, 61), (110, 61), (111, 61), (108, 62), (109, 62), (80, 63), (106, 63), (107, 63), (104, 64), (105, 64), (79, 65), (102, 65), (103, 65), (100, 66), (101, 66), (79, 67), (98, 67), (99, 67), (80, 68), (96, 68), (97, 68), (81, 69), (94, 69), (95, 69), (82, 70), (92, 70), (93, 70), (83, 71), (90, 71), (91, 71), (84, 72), (88, 72), (89, 72), (85, 73), (86, 73), (87, 73)]
[(110, 61), (111, 61), (108, 62), (109, 62), (112, 62), (106, 63), (107, 63), (113, 63), (104, 64), (105, 64), (114, 64), (102, 65), (103, 65), (100, 66), (101, 66), (98, 67), (99, 67), (96, 68), (97, 68), (94, 69), (95, 69), (92, 70), (93, 70), (90, 71), (91, 71), (88, 72), (89, 72), (85, 73), (86, 73), (87, 73), (114, 73), (84, 75), (113, 75), (83, 77), (112, 77), (82, 79), (111, 79), (81, 81), (110, 81), (80, 83), (109, 83), (79, 85), (108, 85), (78, 87), (107, 87), (77, 89), (106, 89), (76, 91), (105, 91), (75, 93), (104, 93), (105, 93), (102, 94), (103, 94), (74, 95), (100, 95), (101, 95), (98, 96), (99, 96), (73, 97), (96, 97), (97, 97), (94, 98), (95, 98), (73, 99), (92, 99), (93, 99), (74, 100), (90, 100), (91, 100), (75, 101), (88, 101), (89, 101), (76, 102), (86, 102), (87, 102), (77, 103), (84, 103), (85, 103), (78, 104), (82, 104), (83, 104), (79, 105), (80, 105), (81, 105)]
[(114, 73), (113, 75), (112, 77), (111, 79), (110, 81), (109, 83), (108, 85), (107, 87), (106, 89), (105, 91), (105, 93), (106, 94), (107, 95), (108, 96), (109, 97), (110, 98), (114, 98), (111, 99), (112, 99), (113, 99)]
[(114, 98), (111, 99), (112, 99), (113, 99), (110, 101), (109, 103), (108, 105), (107, 107), (106, 109), (105, 111), (104, 113)]
[(20, 47), (21, 47), (18, 48), (19, 48), (22, 48), (16, 49), (17, 49), (23, 49), (14, 50), (15, 50), (24, 50), (12, 51), (13, 51), (25, 51), (10, 52), (11, 52), (26, 52), (8, 53), (9, 53), (27, 53), (6, 54), (7, 54), (4, 55), (5, 55), (26, 55), (2, 56), (3, 56), (0, 57), (1, 57), (25, 57), (24, 59), (23, 61), (22, 63), (21, 65), (20, 67), (19, 69), (18, 71), (17, 73), (16, 75), (15, 77), (14, 79), (15, 79), (12, 80), (13, 80), (10, 81), (11, 81), (8, 82), (9, 82), (6, 83), (7, 83), (4, 84), (5, 84), (2, 85), (3, 85), (0, 86), (1, 86)]
[(52, 41), (53, 41), (50, 42), (51, 42), (54, 42), (48, 43), (49, 43), (55, 43), (46, 44), (47, 44), (56, 44), (44, 45), (45, 45), (57, 45), (42, 46), (43, 46), (58, 46), (40, 47), (41, 47), (59, 47), (38, 48), (39, 48), (36, 49), (37, 49), (58, 49), (34, 50), (35, 50), (32, 51), (33, 51), (57, 51), (30, 52), (31, 52), (27, 53), (28, 53), (29, 53), (56, 53), (26, 55), (55, 55), (25, 57), (54, 57), (24, 59), (53, 59), (23, 61), (52, 61), (22, 63), (51, 63), (21, 65), (50, 65), (20, 67), (49, 67), (19, 69), (48, 69), (18, 71), (47, 71), (17, 73), (46, 73), (47, 73), (44, 74), (45, 74), (16, 75), (42, 75), (43, 75), (40, 76), (41, 76), (15, 77), (38, 77), (39, 77), (36, 78), (37, 78), (15, 79), (34, 79), (35, 79), (16, 80), (32, 80), (33, 80), (17, 81), (30, 81), (31, 81), (18, 82), (28, 82), (29, 82), (19, 83), (26, 83), (27, 83), (20, 84), (24, 84), (25, 84), (21, 85), (22, 85), (23, 85)]
[(46, 73), (47, 73), (44, 74), (45, 74), (48, 74), (42, 75), (43, 75), (49, 75), (40, 76), (41, 76), (50, 76), (38, 77), (39, 77), (51, 77), (36, 78), (37, 78), (52, 78), (34, 79), (35, 79), (53, 79), (32, 80), (33, 80), (30, 81), (31, 81), (52, 81), (28, 82), (29, 82), (26, 83), (27, 83), (51, 83), (24, 84), (25, 84), (21, 85), (22, 85), (23, 85), (50, 85), (20, 87), (49, 87), (19, 89), (48, 89), (18, 91), (47, 91), (17, 93), (46, 93), (16, 95), (45, 95), (15, 97), (44, 97), (14, 99), (43, 99), (13, 101), (42, 101), (12, 103), (41, 103), (11, 105), (40, 105), (41, 105), (38, 106), (39, 106), (10, 107), (36, 107), (37, 107), (34, 108), (35, 108), (9, 109), (32, 109), (33, 109), (30, 110), (31, 110), (9, 111), (28, 111), (29, 111), (10, 112), (26, 112), (27, 112), (11, 113), (24, 113), (25, 113), (12, 114), (22, 114), (23, 114)]
[(78, 67), (79, 67), (76, 68), (77, 68), (80, 68), (74, 69), (75, 69), (81, 69), (72, 70), (73, 70), (82, 70), (70, 71), (71, 71), (83, 71), (68, 72), (69, 72), (84, 72), (66, 73), (67, 73), (85, 73), (64, 74), (65, 74), (62, 75), (63, 75), (84, 75), (60, 76), (61, 76), (58, 77), (59, 77), (83, 77), (56, 78), (57, 78), (53, 79), (54, 79), (55, 79), (82, 79), (52, 81), (81, 81), (51, 83), (80, 83), (50, 85), (79, 85), (49, 87), (78, 87), (48, 89), (77, 89), (47, 91), (76, 91), (46, 93), (75, 93), (45, 95), (74, 95), (44, 97), (73, 97), (43, 99), (72, 99), (73, 99), (70, 100), (71, 100), (42, 101), (68, 101), (69, 101), (66, 102), (67, 102), (41, 103), (64, 103), (65, 103), (62, 104), (63, 104), (41, 105), (60, 105), (61, 105), (42, 106), (58, 106), (59, 106), (43, 107), (56, 107), (57, 107), (44, 108), (54, 108), (55, 108), (45, 109), (52, 109), (53, 109), (46, 110), (50, 110), (51, 110), (47, 111), (48, 111), (49, 111)]
[(72, 99), (73, 99), (70, 100), (71, 100), (74, 100), (68, 101), (69, 101), (75, 101), (66, 102), (67, 102), (76, 102), (64, 103), (65, 103), (77, 103), (62, 104), (63, 104), (78, 104), (60, 105), (61, 105), (79, 105), (58, 106), (59, 106), (56, 107), (57, 107), (78, 107), (54, 108), (55, 108), (52, 109), (53, 109), (77, 109), (50, 110), (51, 110), (47, 111), (48, 111), (49, 111), (76, 111), (46, 113), (75, 113)]
[(104, 93), (105, 93), (102, 94), (103, 94), (106, 94), (100, 95), (101, 95), (107, 95), (98, 96), (99, 96), (108, 96), (96, 97), (97, 97), (109, 97), (94, 98), (95, 98), (110, 98), (92, 99), (93, 99), (111, 99), (90, 100), (91, 100), (88, 101), (89, 101), (110, 101), (86, 102), (87, 102), (84, 103), (85, 103), (109, 103), (82, 104), (83, 104), (79, 105), (80, 105), (81, 105), (108, 105), (78, 107), (107, 107), (77, 109), (106, 109), (76, 111), (105, 111), (75, 113), (104, 113)]
[(14, 79), (15, 79), (12, 80), (13, 80), (16, 80), (10, 81), (11, 81), (17, 81), (8, 82), (9, 82), (18, 82), (6, 83), (7, 83), (19, 83), (4, 84), (5, 84), (20, 84), (2, 85), (3, 85), (21, 85), (0, 86), (1, 86), (20, 87), (19, 89), (18, 91), (17, 93), (16, 95), (15, 97), (14, 99), (13, 101), (12, 103), (11, 105), (10, 107), (9, 109), (8, 111), (9, 111), (6, 112), (7, 112), (4, 113), (5, 113), (2, 114), (3, 114)]
[(8, 111), (9, 111), (6, 112), (7, 112), (10, 112), (4, 113), (5, 113), (11, 113), (2, 114), (3, 114), (12, 114)]
[(40, 105), (41, 105), (38, 106), (39, 106), (42, 106), (36, 107), (37, 107), (43, 107), (34, 108), (35, 108), (44, 108), (32, 109), (33, 109), (45, 109), (30, 110), (31, 110), (46, 110), (28, 111), (29, 111), (47, 111), (26, 112), (27, 112), (24, 113), (25, 113), (46, 113), (22, 114), (23, 114)]
