[(108, 0), (109, 0), (106, 1), (107, 1), (103, 2), (104, 2), (105, 2), (102, 4), (101, 6), (100, 8), (99, 11), (98, 13), (97, 15), (96, 17), (95, 20), (114, 21), (94, 22), (111, 22), (112, 22), (113, 22), (109, 23), (110, 23), (93, 24), (107, 24), (108, 24), (105, 25), (106, 25), (102, 26), (103, 26), (104, 26), (92, 27), (93, 27), (100, 27), (101, 27), (94, 28), (98, 28), (99, 28), (95, 29), (96, 29), (97, 29)]
[(114, 39), (113, 41), (112, 43), (111, 46), (112, 46), (113, 47), (114, 48)]
[(72, 8), (73, 8), (74, 8), (70, 9), (71, 9), (75, 9), (68, 10), (69, 10), (76, 10), (65, 11), (66, 11), (67, 11), (63, 12), (64, 12), (75, 12), (61, 13), (62, 13), (59, 14), (60, 14), (74, 14), (56, 15), (57, 15), (58, 15), (54, 16), (55, 16), (73, 16), (52, 17), (53, 17), (49, 18), (50, 18), (51, 18), (72, 19), (48, 20), (71, 21), (47, 22), (70, 23), (46, 24), (69, 25), (45, 27), (68, 28), (44, 29), (67, 30), (43, 31), (66, 32), (42, 33), (64, 35), (65, 35), (66, 35), (41, 36), (62, 36), (63, 36), (60, 37), (61, 37), (40, 38), (57, 38), (58, 38), (59, 38), (55, 39), (56, 39), (39, 40), (53, 40), (54, 40), (51, 41), (52, 41), (48, 42), (49, 42), (50, 42), (38, 43), (39, 43), (46, 43), (47, 43), (40, 44), (44, 44), (45, 44), (41, 45), (42, 45), (43, 45)]
[(99, 0), (100, 0), (101, 0), (97, 1), (98, 1), (102, 1), (95, 2), (96, 2), (103, 2), (92, 3), (93, 3), (94, 3), (90, 4), (91, 4), (102, 4), (88, 5), (89, 5), (86, 6), (87, 6), (101, 6), (83, 7), (84, 7), (85, 7), (81, 8), (82, 8), (100, 8), (79, 9), (80, 9), (76, 10), (77, 10), (78, 10), (99, 11), (75, 12), (98, 13), (74, 14), (97, 15), (73, 16), (96, 17), (72, 19), (95, 20), (71, 21), (94, 22), (70, 23), (93, 24), (69, 25), (91, 27), (92, 27), (93, 27), (68, 28), (89, 28), (90, 28), (87, 29), (88, 29), (67, 30), (84, 30), (85, 30), (86, 30), (82, 31), (83, 31), (66, 32), (80, 32), (81, 32), (78, 33), (79, 33), (75, 34), (76, 34), (77, 34), (65, 35), (66, 35), (73, 35), (74, 35), (67, 36), (71, 36), (72, 36), (68, 37), (69, 37), (70, 37)]
[(91, 27), (92, 27), (93, 27), (89, 28), (90, 28), (94, 28), (87, 29), (88, 29), (95, 29), (84, 30), (85, 30), (86, 30), (82, 31), (83, 31), (94, 31), (80, 32), (81, 32), (78, 33), (79, 33), (93, 33), (75, 34), (76, 34), (77, 34), (73, 35), (74, 35), (92, 35), (71, 36), (72, 36), (68, 37), (69, 37), (70, 37), (91, 38), (67, 39), (90, 40), (66, 41), (89, 42), (65, 43), (88, 44), (64, 46), (87, 47), (63, 48), (86, 49), (62, 50), (85, 51), (61, 52), (83, 54), (84, 54), (85, 54), (60, 55), (81, 55), (82, 55), (79, 56), (80, 56), (59, 57), (76, 57), (77, 57), (78, 57), (74, 58), (75, 58), (58, 59), (72, 59), (73, 59), (70, 60), (71, 60), (67, 61), (68, 61), (69, 61), (57, 62), (58, 62), (65, 62), (66, 62), (59, 63), (63, 63), (64, 63), (60, 64), (61, 64), (62, 64)]
[(114, 21), (111, 22), (112, 22), (113, 22), (109, 23), (110, 23), (107, 24), (108, 24), (105, 25), (106, 25), (102, 26), (103, 26), (104, 26), (100, 27), (101, 27), (98, 28), (99, 28), (95, 29), (96, 29), (97, 29), (94, 31), (93, 33), (92, 35), (91, 38), (114, 39), (90, 40), (113, 41), (89, 42), (112, 43), (88, 44), (110, 46), (111, 46), (112, 46), (87, 47), (108, 47), (109, 47), (106, 48), (107, 48), (86, 49), (103, 49), (104, 49), (105, 49), (101, 50), (102, 50), (85, 51), (99, 51), (100, 51), (97, 52), (98, 52), (94, 53), (95, 53), (96, 53), (84, 54), (85, 54), (92, 54), (93, 54), (86, 55), (90, 55), (91, 55), (87, 56), (88, 56), (89, 56)]
[(110, 46), (111, 46), (112, 46), (108, 47), (109, 47), (113, 47), (106, 48), (107, 48), (114, 48), (103, 49), (104, 49), (105, 49), (101, 50), (102, 50), (113, 50), (99, 51), (100, 51), (97, 52), (98, 52), (112, 52), (94, 53), (95, 53), (96, 53), (92, 54), (93, 54), (111, 54), (90, 55), (91, 55), (87, 56), (88, 56), (89, 56), (110, 57), (86, 58), (109, 59), (85, 60), (108, 61), (84, 62), (107, 63), (83, 65), (106, 66), (82, 67), (105, 68), (81, 69), (104, 70), (80, 71), (102, 73), (103, 73), (104, 73), (79, 74), (100, 74), (101, 74), (98, 75), (99, 75), (78, 76), (95, 76), (96, 76), (97, 76), (93, 77), (94, 77), (77, 78), (91, 78), (92, 78), (89, 79), (90, 79), (86, 80), (87, 80), (88, 80), (76, 81), (77, 81), (84, 81), (85, 81), (78, 82), (82, 82), (83, 82), (79, 83), (80, 83), (81, 83)]
[(114, 48), (113, 50), (112, 52), (111, 54), (110, 57), (109, 59), (108, 61), (107, 63), (106, 66), (105, 68), (104, 70), (113, 72), (114, 72), (103, 73), (104, 73), (111, 73), (112, 73), (105, 74), (109, 74), (110, 74), (106, 75), (107, 75), (108, 75)]
[(113, 72), (114, 72), (111, 73), (112, 73), (109, 74), (110, 74), (106, 75), (107, 75), (108, 75), (105, 77), (104, 79), (103, 81), (102, 84), (101, 86), (100, 88), (99, 90), (98, 93), (97, 95), (114, 95), (112, 96), (113, 96), (96, 97), (110, 97), (111, 97), (108, 98), (109, 98), (105, 99), (106, 99), (107, 99), (95, 100), (96, 100), (103, 100), (104, 100), (97, 101), (101, 101), (102, 101), (98, 102), (99, 102), (100, 102)]
[(37, 43), (38, 43), (39, 43), (35, 44), (36, 44), (40, 44), (33, 45), (34, 45), (41, 45), (30, 46), (31, 46), (32, 46), (28, 47), (29, 47), (40, 47), (26, 48), (27, 48), (24, 49), (25, 49), (39, 49), (21, 50), (22, 50), (23, 50), (19, 51), (20, 51), (38, 51), (17, 52), (18, 52), (14, 53), (15, 53), (16, 53), (37, 54), (13, 55), (36, 56), (12, 57), (35, 58), (11, 59), (34, 60), (10, 62), (33, 63), (9, 64), (32, 65), (8, 66), (31, 67), (7, 68), (29, 70), (30, 70), (31, 70), (6, 71), (27, 71), (28, 71), (25, 72), (26, 72), (5, 73), (22, 73), (23, 73), (24, 73), (20, 74), (21, 74), (4, 75), (18, 75), (19, 75), (16, 76), (17, 76), (13, 77), (14, 77), (15, 77), (3, 78), (4, 78), (11, 78), (12, 78), (5, 79), (9, 79), (10, 79), (6, 80), (7, 80), (8, 80)]
[(64, 35), (65, 35), (66, 35), (62, 36), (63, 36), (67, 36), (60, 37), (61, 37), (68, 37), (57, 38), (58, 38), (59, 38), (55, 39), (56, 39), (67, 39), (53, 40), (54, 40), (51, 41), (52, 41), (66, 41), (48, 42), (49, 42), (50, 42), (46, 43), (47, 43), (65, 43), (44, 44), (45, 44), (41, 45), (42, 45), (43, 45), (64, 46), (40, 47), (63, 48), (39, 49), (62, 50), (38, 51), (61, 52), (37, 54), (60, 55), (36, 56), (59, 57), (35, 58), (58, 59), (34, 60), (56, 62), (57, 62), (58, 62), (33, 63), (54, 63), (55, 63), (52, 64), (53, 64), (32, 65), (49, 65), (50, 65), (51, 65), (47, 66), (48, 66), (31, 67), (45, 67), (46, 67), (43, 68), (44, 68), (40, 69), (41, 69), (42, 69), (30, 70), (31, 70), (38, 70), (39, 70), (32, 71), (36, 71), (37, 71), (33, 72), (34, 72), (35, 72)]
[(56, 62), (57, 62), (58, 62), (54, 63), (55, 63), (59, 63), (52, 64), (53, 64), (60, 64), (49, 65), (50, 65), (51, 65), (47, 66), (48, 66), (59, 66), (45, 67), (46, 67), (43, 68), (44, 68), (58, 68), (40, 69), (41, 69), (42, 69), (38, 70), (39, 70), (57, 70), (36, 71), (37, 71), (33, 72), (34, 72), (35, 72), (56, 73), (32, 74), (55, 75), (31, 76), (54, 77), (30, 78), (53, 79), (29, 81), (52, 82), (28, 83), (51, 84), (27, 85), (50, 86), (26, 87), (48, 89), (49, 89), (50, 89), (25, 90), (46, 90), (47, 90), (44, 91), (45, 91), (24, 92), (41, 92), (42, 92), (43, 92), (39, 93), (40, 93), (23, 94), (37, 94), (38, 94), (35, 95), (36, 95), (32, 96), (33, 96), (34, 96), (22, 97), (23, 97), (30, 97), (31, 97), (24, 98), (28, 98), (29, 98), (25, 99), (26, 99), (27, 99)]
[(83, 54), (84, 54), (85, 54), (81, 55), (82, 55), (86, 55), (79, 56), (80, 56), (87, 56), (76, 57), (77, 57), (78, 57), (74, 58), (75, 58), (86, 58), (72, 59), (73, 59), (70, 60), (71, 60), (85, 60), (67, 61), (68, 61), (69, 61), (65, 62), (66, 62), (84, 62), (63, 63), (64, 63), (60, 64), (61, 64), (62, 64), (83, 65), (59, 66), (82, 67), (58, 68), (81, 69), (57, 70), (80, 71), (56, 73), (79, 74), (55, 75), (78, 76), (54, 77), (77, 78), (53, 79), (75, 81), (76, 81), (77, 81), (52, 82), (73, 82), (74, 82), (71, 83), (72, 83), (51, 84), (68, 84), (69, 84), (70, 84), (66, 85), (67, 85), (50, 86), (64, 86), (65, 86), (62, 87), (63, 87), (59, 88), (60, 88), (61, 88), (49, 89), (50, 89), (57, 89), (58, 89), (51, 90), (55, 90), (56, 90), (52, 91), (53, 91), (54, 91)]
[(75, 81), (76, 81), (77, 81), (73, 82), (74, 82), (78, 82), (71, 83), (72, 83), (79, 83), (68, 84), (69, 84), (70, 84), (66, 85), (67, 85), (78, 85), (64, 86), (65, 86), (62, 87), (63, 87), (77, 87), (59, 88), (60, 88), (61, 88), (57, 89), (58, 89), (76, 89), (55, 90), (56, 90), (52, 91), (53, 91), (54, 91), (75, 92), (51, 93), (74, 94), (50, 95), (73, 96), (49, 97), (72, 98), (48, 100), (71, 101), (47, 102), (70, 103), (46, 104), (69, 105), (45, 106), (67, 108), (68, 108), (69, 108), (44, 109), (65, 109), (66, 109), (63, 110), (64, 110), (43, 111), (60, 111), (61, 111), (62, 111), (58, 112), (59, 112), (42, 113), (56, 113), (57, 113), (54, 114), (55, 114)]
[(102, 73), (103, 73), (104, 73), (100, 74), (101, 74), (105, 74), (98, 75), (99, 75), (106, 75), (95, 76), (96, 76), (97, 76), (93, 77), (94, 77), (105, 77), (91, 78), (92, 78), (89, 79), (90, 79), (104, 79), (86, 80), (87, 80), (88, 80), (84, 81), (85, 81), (103, 81), (82, 82), (83, 82), (79, 83), (80, 83), (81, 83), (102, 84), (78, 85), (101, 86), (77, 87), (100, 88), (76, 89), (99, 90), (75, 92), (98, 93), (74, 94), (97, 95), (73, 96), (96, 97), (72, 98), (94, 100), (95, 100), (96, 100), (71, 101), (92, 101), (93, 101), (90, 102), (91, 102), (70, 103), (87, 103), (88, 103), (89, 103), (85, 104), (86, 104), (69, 105), (83, 105), (84, 105), (81, 106), (82, 106), (78, 107), (79, 107), (80, 107), (68, 108), (69, 108), (76, 108), (77, 108), (70, 109), (74, 109), (75, 109), (71, 110), (72, 110), (73, 110)]
[(94, 100), (95, 100), (96, 100), (92, 101), (93, 101), (97, 101), (90, 102), (91, 102), (98, 102), (87, 103), (88, 103), (89, 103), (85, 104), (86, 104), (97, 104), (83, 105), (84, 105), (81, 106), (82, 106), (96, 106), (78, 107), (79, 107), (80, 107), (76, 108), (77, 108), (95, 108), (74, 109), (75, 109), (71, 110), (72, 110), (73, 110), (94, 111), (70, 112), (93, 113), (69, 114)]
[(114, 95), (112, 96), (113, 96), (110, 97), (111, 97), (108, 98), (109, 98), (105, 99), (106, 99), (107, 99), (103, 100), (104, 100), (101, 101), (102, 101), (98, 102), (99, 102), (100, 102), (97, 104), (96, 106), (95, 108), (94, 111), (93, 113)]
[(29, 70), (30, 70), (31, 70), (27, 71), (28, 71), (32, 71), (25, 72), (26, 72), (33, 72), (22, 73), (23, 73), (24, 73), (20, 74), (21, 74), (32, 74), (18, 75), (19, 75), (16, 76), (17, 76), (31, 76), (13, 77), (14, 77), (15, 77), (11, 78), (12, 78), (30, 78), (9, 79), (10, 79), (6, 80), (7, 80), (8, 80), (29, 81), (5, 82), (28, 83), (4, 84), (27, 85), (3, 86), (26, 87), (2, 89), (25, 90), (1, 91), (24, 92), (0, 93), (23, 94), (21, 97), (22, 97), (23, 97), (19, 98), (20, 98), (17, 99), (18, 99), (14, 100), (15, 100), (16, 100), (12, 101), (13, 101), (10, 102), (11, 102), (8, 103), (9, 103), (5, 104), (6, 104), (7, 104), (3, 105), (4, 105), (1, 106), (2, 106), (0, 107)]
[(21, 97), (22, 97), (23, 97), (19, 98), (20, 98), (24, 98), (17, 99), (18, 99), (25, 99), (14, 100), (15, 100), (16, 100), (12, 101), (13, 101), (24, 101), (10, 102), (11, 102), (8, 103), (9, 103), (23, 103), (5, 104), (6, 104), (7, 104), (3, 105), (4, 105), (22, 105), (1, 106), (2, 106), (0, 107), (21, 108), (20, 110), (19, 112), (18, 114)]
[(48, 89), (49, 89), (50, 89), (46, 90), (47, 90), (51, 90), (44, 91), (45, 91), (52, 91), (41, 92), (42, 92), (43, 92), (39, 93), (40, 93), (51, 93), (37, 94), (38, 94), (35, 95), (36, 95), (50, 95), (32, 96), (33, 96), (34, 96), (30, 97), (31, 97), (49, 97), (28, 98), (29, 98), (25, 99), (26, 99), (27, 99), (48, 100), (24, 101), (47, 102), (23, 103), (46, 104), (22, 105), (45, 106), (21, 108), (44, 109), (20, 110), (43, 111), (19, 112), (42, 113), (18, 114)]
[(67, 108), (68, 108), (69, 108), (65, 109), (66, 109), (70, 109), (63, 110), (64, 110), (71, 110), (60, 111), (61, 111), (62, 111), (58, 112), (59, 112), (70, 112), (56, 113), (57, 113), (54, 114), (55, 114), (69, 114)]
