[(111, 19), (112, 19), (108, 20), (109, 20), (110, 20), (113, 20), (106, 21), (107, 21), (114, 21), (103, 22), (104, 22), (105, 22), (101, 23), (102, 23), (98, 24), (99, 24), (100, 24), (114, 24), (95, 25), (96, 25), (97, 25), (94, 27), (113, 27), (112, 29), (93, 30), (92, 32), (111, 32), (110, 34), (91, 35), (90, 37), (109, 37), (108, 39), (109, 39), (89, 40), (105, 40), (106, 40), (107, 40), (103, 41), (104, 41), (89, 42), (100, 42), (101, 42), (102, 42), (90, 43), (98, 43), (99, 43), (91, 44), (95, 44), (96, 44), (97, 44), (92, 45), (93, 45), (94, 45)]
[(114, 24), (113, 27), (112, 29), (111, 32), (110, 34), (109, 37), (109, 39), (110, 40), (111, 41), (112, 42), (113, 42), (114, 42)]
[(112, 42), (113, 42), (114, 42), (111, 44), (110, 47), (109, 49), (108, 52), (107, 54), (106, 57), (106, 59), (107, 60), (108, 61), (112, 61), (113, 61), (114, 61), (109, 62), (110, 62), (111, 62)]
[(71, 25), (72, 25), (68, 26), (69, 26), (70, 26), (73, 26), (66, 27), (67, 27), (74, 27), (63, 28), (64, 28), (65, 28), (75, 28), (61, 29), (62, 29), (58, 30), (59, 30), (60, 30), (74, 30), (55, 31), (56, 31), (57, 31), (54, 33), (73, 33), (72, 35), (53, 36), (52, 38), (71, 38), (70, 40), (51, 41), (50, 43), (69, 43), (68, 45), (69, 45), (49, 46), (65, 46), (66, 46), (67, 46), (63, 47), (64, 47), (49, 48), (60, 48), (61, 48), (62, 48), (50, 49), (58, 49), (59, 49), (51, 50), (55, 50), (56, 50), (57, 50), (52, 51), (53, 51), (54, 51)]
[(91, 22), (92, 22), (88, 23), (89, 23), (90, 23), (93, 23), (86, 24), (87, 24), (94, 24), (83, 25), (84, 25), (85, 25), (95, 25), (81, 26), (82, 26), (78, 27), (79, 27), (80, 27), (94, 27), (75, 28), (76, 28), (77, 28), (74, 30), (93, 30), (92, 32), (73, 33), (72, 35), (91, 35), (90, 37), (71, 38), (70, 40), (89, 40), (88, 42), (89, 42), (69, 43), (85, 43), (86, 43), (87, 43), (83, 44), (84, 44), (69, 45), (80, 45), (81, 45), (82, 45), (70, 46), (78, 46), (79, 46), (71, 47), (75, 47), (76, 47), (77, 47), (72, 48), (73, 48), (74, 48)]
[(88, 42), (89, 42), (85, 43), (86, 43), (87, 43), (90, 43), (83, 44), (84, 44), (91, 44), (80, 45), (81, 45), (82, 45), (92, 45), (78, 46), (79, 46), (75, 47), (76, 47), (77, 47), (91, 47), (72, 48), (73, 48), (74, 48), (71, 50), (90, 50), (89, 52), (70, 53), (69, 55), (88, 55), (87, 57), (68, 58), (67, 60), (86, 60), (85, 62), (86, 62), (66, 63), (82, 63), (83, 63), (84, 63), (80, 64), (81, 64), (66, 65), (77, 65), (78, 65), (79, 65), (67, 66), (75, 66), (76, 66), (68, 67), (72, 67), (73, 67), (74, 67), (69, 68), (70, 68), (71, 68)]
[(108, 39), (109, 39), (105, 40), (106, 40), (107, 40), (110, 40), (103, 41), (104, 41), (111, 41), (100, 42), (101, 42), (102, 42), (112, 42), (98, 43), (99, 43), (95, 44), (96, 44), (97, 44), (111, 44), (92, 45), (93, 45), (94, 45), (91, 47), (110, 47), (109, 49), (90, 50), (89, 52), (108, 52), (107, 54), (88, 55), (87, 57), (106, 57), (105, 59), (106, 59), (86, 60), (102, 60), (103, 60), (104, 60), (100, 61), (101, 61), (86, 62), (97, 62), (98, 62), (99, 62), (87, 63), (95, 63), (96, 63), (88, 64), (92, 64), (93, 64), (94, 64), (89, 65), (90, 65), (91, 65)]
[(105, 59), (106, 59), (102, 60), (103, 60), (104, 60), (107, 60), (100, 61), (101, 61), (108, 61), (97, 62), (98, 62), (99, 62), (109, 62), (95, 63), (96, 63), (92, 64), (93, 64), (94, 64), (108, 64), (89, 65), (90, 65), (91, 65), (88, 67), (107, 67), (106, 69), (87, 70), (86, 72), (105, 72), (104, 74), (85, 75), (84, 77), (103, 77), (102, 79), (103, 79), (83, 80), (99, 80), (100, 80), (101, 80), (97, 81), (98, 81), (83, 82), (94, 82), (95, 82), (96, 82), (84, 83), (92, 83), (93, 83), (85, 84), (89, 84), (90, 84), (91, 84), (86, 85), (87, 85), (88, 85)]
[(112, 61), (113, 61), (114, 61), (109, 62), (110, 62), (111, 62), (108, 64), (107, 67), (106, 69), (105, 72), (104, 74), (103, 77), (103, 79), (114, 79), (104, 80), (112, 80), (113, 80), (105, 81), (109, 81), (110, 81), (111, 81), (106, 82), (107, 82), (108, 82)]
[(114, 79), (112, 80), (113, 80), (109, 81), (110, 81), (111, 81), (106, 82), (107, 82), (108, 82), (105, 84), (104, 87), (103, 89), (102, 92), (101, 94), (100, 97), (114, 98), (100, 99), (111, 99), (112, 99), (113, 99), (101, 100), (109, 100), (110, 100), (102, 101), (106, 101), (107, 101), (108, 101), (103, 102), (104, 102), (105, 102)]
[(48, 48), (49, 48), (45, 49), (46, 49), (47, 49), (50, 49), (43, 50), (44, 50), (51, 50), (40, 51), (41, 51), (42, 51), (52, 51), (38, 52), (39, 52), (35, 53), (36, 53), (37, 53), (51, 53), (32, 54), (33, 54), (34, 54), (31, 56), (50, 56), (49, 58), (30, 59), (29, 61), (48, 61), (47, 63), (28, 64), (27, 66), (46, 66), (45, 68), (46, 68), (26, 69), (42, 69), (43, 69), (44, 69), (40, 70), (41, 70), (26, 71), (37, 71), (38, 71), (39, 71), (27, 72), (35, 72), (36, 72), (28, 73), (32, 73), (33, 73), (34, 73), (29, 74), (30, 74), (31, 74)]
[(68, 45), (69, 45), (65, 46), (66, 46), (67, 46), (70, 46), (63, 47), (64, 47), (71, 47), (60, 48), (61, 48), (62, 48), (72, 48), (58, 49), (59, 49), (55, 50), (56, 50), (57, 50), (71, 50), (52, 51), (53, 51), (54, 51), (51, 53), (70, 53), (69, 55), (50, 56), (49, 58), (68, 58), (67, 60), (48, 61), (47, 63), (66, 63), (65, 65), (66, 65), (46, 66), (62, 66), (63, 66), (64, 66), (60, 67), (61, 67), (46, 68), (57, 68), (58, 68), (59, 68), (47, 69), (55, 69), (56, 69), (48, 70), (52, 70), (53, 70), (54, 70), (49, 71), (50, 71), (51, 71)]
[(65, 65), (66, 65), (62, 66), (63, 66), (64, 66), (67, 66), (60, 67), (61, 67), (68, 67), (57, 68), (58, 68), (59, 68), (69, 68), (55, 69), (56, 69), (52, 70), (53, 70), (54, 70), (68, 70), (49, 71), (50, 71), (51, 71), (48, 73), (67, 73), (66, 75), (47, 76), (46, 78), (65, 78), (64, 80), (45, 81), (44, 83), (63, 83), (62, 85), (63, 85), (43, 86), (59, 86), (60, 86), (61, 86), (57, 87), (58, 87), (43, 88), (54, 88), (55, 88), (56, 88), (44, 89), (52, 89), (53, 89), (45, 90), (49, 90), (50, 90), (51, 90), (46, 91), (47, 91), (48, 91)]
[(85, 62), (86, 62), (82, 63), (83, 63), (84, 63), (87, 63), (80, 64), (81, 64), (88, 64), (77, 65), (78, 65), (79, 65), (89, 65), (75, 66), (76, 66), (72, 67), (73, 67), (74, 67), (88, 67), (69, 68), (70, 68), (71, 68), (68, 70), (87, 70), (86, 72), (67, 73), (66, 75), (85, 75), (84, 77), (65, 78), (64, 80), (83, 80), (82, 82), (83, 82), (63, 83), (79, 83), (80, 83), (81, 83), (77, 84), (78, 84), (63, 85), (74, 85), (75, 85), (76, 85), (64, 86), (72, 86), (73, 86), (65, 87), (69, 87), (70, 87), (71, 87), (66, 88), (67, 88), (68, 88)]
[(82, 82), (83, 82), (79, 83), (80, 83), (81, 83), (84, 83), (77, 84), (78, 84), (85, 84), (74, 85), (75, 85), (76, 85), (86, 85), (72, 86), (73, 86), (69, 87), (70, 87), (71, 87), (85, 87), (66, 88), (67, 88), (68, 88), (65, 90), (84, 90), (83, 92), (64, 93), (63, 95), (82, 95), (81, 97), (62, 98), (61, 100), (80, 100), (79, 102), (80, 102), (60, 103), (76, 103), (77, 103), (78, 103), (74, 104), (75, 104), (60, 105), (71, 105), (72, 105), (73, 105), (61, 106), (69, 106), (70, 106), (62, 107), (66, 107), (67, 107), (68, 107), (63, 108), (64, 108), (65, 108)]
[(102, 79), (103, 79), (99, 80), (100, 80), (101, 80), (104, 80), (97, 81), (98, 81), (105, 81), (94, 82), (95, 82), (96, 82), (106, 82), (92, 83), (93, 83), (89, 84), (90, 84), (91, 84), (105, 84), (86, 85), (87, 85), (88, 85), (85, 87), (104, 87), (103, 89), (84, 90), (83, 92), (102, 92), (101, 94), (82, 95), (81, 97), (100, 97), (99, 99), (100, 99), (80, 100), (96, 100), (97, 100), (98, 100), (94, 101), (95, 101), (80, 102), (91, 102), (92, 102), (93, 102), (81, 103), (89, 103), (90, 103), (82, 104), (86, 104), (87, 104), (88, 104), (83, 105), (84, 105), (85, 105)]
[(99, 99), (100, 99), (96, 100), (97, 100), (98, 100), (101, 100), (94, 101), (95, 101), (102, 101), (91, 102), (92, 102), (93, 102), (103, 102), (89, 103), (90, 103), (86, 104), (87, 104), (88, 104), (102, 104), (83, 105), (84, 105), (85, 105), (82, 107), (101, 107), (100, 109), (81, 110), (80, 112), (99, 112), (98, 114)]
[(114, 98), (111, 99), (112, 99), (113, 99), (109, 100), (110, 100), (106, 101), (107, 101), (108, 101), (103, 102), (104, 102), (105, 102), (102, 104), (101, 107), (100, 109), (99, 112), (98, 114)]
[(45, 68), (46, 68), (42, 69), (43, 69), (44, 69), (47, 69), (40, 70), (41, 70), (48, 70), (37, 71), (38, 71), (39, 71), (49, 71), (35, 72), (36, 72), (32, 73), (33, 73), (34, 73), (48, 73), (29, 74), (30, 74), (31, 74), (28, 76), (47, 76), (46, 78), (27, 79), (26, 81), (45, 81), (44, 83), (25, 84), (24, 86), (43, 86), (42, 88), (43, 88), (23, 89), (39, 89), (40, 89), (41, 89), (37, 90), (38, 90), (23, 91), (34, 91), (35, 91), (36, 91), (24, 92), (32, 92), (33, 92), (25, 93), (29, 93), (30, 93), (31, 93), (26, 94), (27, 94), (28, 94)]
[(42, 88), (43, 88), (39, 89), (40, 89), (41, 89), (44, 89), (37, 90), (38, 90), (45, 90), (34, 91), (35, 91), (36, 91), (46, 91), (32, 92), (33, 92), (29, 93), (30, 93), (31, 93), (45, 93), (26, 94), (27, 94), (28, 94), (25, 96), (44, 96), (43, 98), (24, 99), (23, 101), (42, 101), (41, 103), (22, 104), (21, 106), (40, 106), (39, 108), (40, 108), (20, 109), (36, 109), (37, 109), (38, 109), (34, 110), (35, 110), (20, 111), (31, 111), (32, 111), (33, 111), (21, 112), (29, 112), (30, 112), (22, 113), (26, 113), (27, 113), (28, 113), (23, 114), (24, 114), (25, 114)]
[(62, 85), (63, 85), (59, 86), (60, 86), (61, 86), (64, 86), (57, 87), (58, 87), (65, 87), (54, 88), (55, 88), (56, 88), (66, 88), (52, 89), (53, 89), (49, 90), (50, 90), (51, 90), (65, 90), (46, 91), (47, 91), (48, 91), (45, 93), (64, 93), (63, 95), (44, 96), (43, 98), (62, 98), (61, 100), (42, 101), (41, 103), (60, 103), (59, 105), (60, 105), (40, 106), (56, 106), (57, 106), (58, 106), (54, 107), (55, 107), (40, 108), (51, 108), (52, 108), (53, 108), (41, 109), (49, 109), (50, 109), (42, 110), (46, 110), (47, 110), (48, 110), (43, 111), (44, 111), (45, 111)]
[(59, 105), (60, 105), (56, 106), (57, 106), (58, 106), (61, 106), (54, 107), (55, 107), (62, 107), (51, 108), (52, 108), (53, 108), (63, 108), (49, 109), (50, 109), (46, 110), (47, 110), (48, 110), (62, 110), (43, 111), (44, 111), (45, 111), (42, 113), (61, 113)]
[(79, 102), (80, 102), (76, 103), (77, 103), (78, 103), (81, 103), (74, 104), (75, 104), (82, 104), (71, 105), (72, 105), (73, 105), (83, 105), (69, 106), (70, 106), (66, 107), (67, 107), (68, 107), (82, 107), (63, 108), (64, 108), (65, 108), (62, 110), (81, 110), (80, 112), (61, 113)]
[(39, 108), (40, 108), (36, 109), (37, 109), (38, 109), (41, 109), (34, 110), (35, 110), (42, 110), (31, 111), (32, 111), (33, 111), (43, 111), (29, 112), (30, 112), (26, 113), (27, 113), (28, 113), (42, 113), (23, 114), (24, 114), (25, 114)]
