[(77, 28), (78, 28), (74, 29), (75, 29), (76, 29), (79, 29), (71, 30), (72, 30), (73, 30), (68, 31), (69, 31), (70, 31), (65, 32), (66, 32), (67, 32), (78, 32), (62, 33), (63, 33), (64, 33), (58, 34), (59, 34), (60, 34), (61, 34), (77, 35), (57, 37), (76, 38), (56, 40), (75, 41), (55, 43), (74, 44), (54, 46), (73, 47), (53, 49), (72, 49), (73, 49), (69, 50), (70, 50), (71, 50), (66, 51), (67, 51), (68, 51), (52, 52), (63, 52), (64, 52), (65, 52), (60, 53), (61, 53), (62, 53), (52, 54), (57, 54), (58, 54), (59, 54), (53, 55), (54, 55), (55, 55), (56, 55)]
[(98, 23), (99, 23), (95, 24), (96, 24), (97, 24), (100, 24), (92, 25), (93, 25), (94, 25), (89, 26), (90, 26), (91, 26), (86, 27), (87, 27), (88, 27), (99, 27), (83, 28), (84, 28), (85, 28), (79, 29), (80, 29), (81, 29), (82, 29), (98, 30), (78, 32), (97, 33), (77, 35), (96, 36), (76, 38), (95, 39), (75, 41), (94, 42), (74, 44), (93, 44), (94, 44), (90, 45), (91, 45), (92, 45), (87, 46), (88, 46), (89, 46), (73, 47), (84, 47), (85, 47), (86, 47), (81, 48), (82, 48), (83, 48), (73, 49), (78, 49), (79, 49), (80, 49), (74, 50), (75, 50), (76, 50), (77, 50)]
[(93, 44), (94, 44), (90, 45), (91, 45), (92, 45), (95, 45), (87, 46), (88, 46), (89, 46), (84, 47), (85, 47), (86, 47), (81, 48), (82, 48), (83, 48), (94, 48), (78, 49), (79, 49), (80, 49), (74, 50), (75, 50), (76, 50), (77, 50), (93, 51), (73, 53), (92, 54), (72, 56), (91, 57), (71, 59), (90, 60), (70, 62), (89, 63), (69, 65), (88, 65), (89, 65), (85, 66), (86, 66), (87, 66), (82, 67), (83, 67), (84, 67), (68, 68), (79, 68), (80, 68), (81, 68), (76, 69), (77, 69), (78, 69), (68, 70), (73, 70), (74, 70), (75, 70), (69, 71), (70, 71), (71, 71), (72, 71)]
[(114, 39), (111, 40), (112, 40), (113, 40), (108, 41), (109, 41), (110, 41), (105, 42), (106, 42), (107, 42), (102, 43), (103, 43), (104, 43), (99, 44), (100, 44), (101, 44), (95, 45), (96, 45), (97, 45), (98, 45), (114, 46), (94, 48), (113, 49), (93, 51), (112, 52), (92, 54), (111, 55), (91, 57), (110, 58), (90, 60), (109, 60), (110, 60), (106, 61), (107, 61), (108, 61), (103, 62), (104, 62), (105, 62), (89, 63), (100, 63), (101, 63), (102, 63), (97, 64), (98, 64), (99, 64), (89, 65), (94, 65), (95, 65), (96, 65), (90, 66), (91, 66), (92, 66), (93, 66)]
[(109, 60), (110, 60), (106, 61), (107, 61), (108, 61), (111, 61), (103, 62), (104, 62), (105, 62), (100, 63), (101, 63), (102, 63), (97, 64), (98, 64), (99, 64), (110, 64), (94, 65), (95, 65), (96, 65), (90, 66), (91, 66), (92, 66), (93, 66), (109, 67), (89, 69), (108, 70), (88, 72), (107, 73), (87, 75), (106, 76), (86, 78), (105, 79), (85, 81), (104, 81), (105, 81), (101, 82), (102, 82), (103, 82), (98, 83), (99, 83), (100, 83), (84, 84), (95, 84), (96, 84), (97, 84), (92, 85), (93, 85), (94, 85), (84, 86), (89, 86), (90, 86), (91, 86), (85, 87), (86, 87), (87, 87), (88, 87)]
[(111, 61), (112, 61), (113, 61), (114, 61), (110, 64), (109, 67), (108, 70), (107, 73), (106, 76), (105, 79), (113, 80), (114, 80), (105, 81), (110, 81), (111, 81), (112, 81), (106, 82), (107, 82), (108, 82), (109, 82)]
[(113, 80), (114, 80), (110, 81), (111, 81), (112, 81), (106, 82), (107, 82), (108, 82), (109, 82), (105, 85), (104, 88), (103, 91), (102, 94), (101, 97), (114, 99), (100, 100), (111, 100), (112, 100), (113, 100), (108, 101), (109, 101), (110, 101), (100, 102), (105, 102), (106, 102), (107, 102), (101, 103), (102, 103), (103, 103), (104, 103)]
[(35, 38), (36, 38), (32, 39), (33, 39), (34, 39), (37, 39), (29, 40), (30, 40), (31, 40), (26, 41), (27, 41), (28, 41), (23, 42), (24, 42), (25, 42), (36, 42), (20, 43), (21, 43), (22, 43), (16, 44), (17, 44), (18, 44), (19, 44), (35, 45), (15, 47), (34, 48), (14, 50), (33, 51), (13, 53), (32, 54), (12, 56), (31, 57), (11, 59), (30, 59), (31, 59), (27, 60), (28, 60), (29, 60), (24, 61), (25, 61), (26, 61), (10, 62), (21, 62), (22, 62), (23, 62), (18, 63), (19, 63), (20, 63), (10, 64), (15, 64), (16, 64), (17, 64), (11, 65), (12, 65), (13, 65), (14, 65)]
[(56, 33), (57, 33), (53, 34), (54, 34), (55, 34), (58, 34), (50, 35), (51, 35), (52, 35), (47, 36), (48, 36), (49, 36), (44, 37), (45, 37), (46, 37), (57, 37), (41, 38), (42, 38), (43, 38), (37, 39), (38, 39), (39, 39), (40, 39), (56, 40), (36, 42), (55, 43), (35, 45), (54, 46), (34, 48), (53, 49), (33, 51), (52, 52), (32, 54), (51, 54), (52, 54), (48, 55), (49, 55), (50, 55), (45, 56), (46, 56), (47, 56), (31, 57), (42, 57), (43, 57), (44, 57), (39, 58), (40, 58), (41, 58), (31, 59), (36, 59), (37, 59), (38, 59), (32, 60), (33, 60), (34, 60), (35, 60)]
[(51, 54), (52, 54), (48, 55), (49, 55), (50, 55), (53, 55), (45, 56), (46, 56), (47, 56), (42, 57), (43, 57), (44, 57), (39, 58), (40, 58), (41, 58), (52, 58), (36, 59), (37, 59), (38, 59), (32, 60), (33, 60), (34, 60), (35, 60), (51, 61), (31, 63), (50, 64), (30, 66), (49, 67), (29, 69), (48, 70), (28, 72), (47, 73), (27, 75), (46, 75), (47, 75), (43, 76), (44, 76), (45, 76), (40, 77), (41, 77), (42, 77), (26, 78), (37, 78), (38, 78), (39, 78), (34, 79), (35, 79), (36, 79), (26, 80), (31, 80), (32, 80), (33, 80), (27, 81), (28, 81), (29, 81), (30, 81)]
[(72, 49), (73, 49), (69, 50), (70, 50), (71, 50), (74, 50), (66, 51), (67, 51), (68, 51), (63, 52), (64, 52), (65, 52), (60, 53), (61, 53), (62, 53), (73, 53), (57, 54), (58, 54), (59, 54), (53, 55), (54, 55), (55, 55), (56, 55), (72, 56), (52, 58), (71, 59), (51, 61), (70, 62), (50, 64), (69, 65), (49, 67), (68, 68), (48, 70), (67, 70), (68, 70), (64, 71), (65, 71), (66, 71), (61, 72), (62, 72), (63, 72), (47, 73), (58, 73), (59, 73), (60, 73), (55, 74), (56, 74), (57, 74), (47, 75), (52, 75), (53, 75), (54, 75), (48, 76), (49, 76), (50, 76), (51, 76)]
[(67, 70), (68, 70), (64, 71), (65, 71), (66, 71), (69, 71), (61, 72), (62, 72), (63, 72), (58, 73), (59, 73), (60, 73), (55, 74), (56, 74), (57, 74), (68, 74), (52, 75), (53, 75), (54, 75), (48, 76), (49, 76), (50, 76), (51, 76), (67, 77), (47, 79), (66, 80), (46, 82), (65, 83), (45, 85), (64, 86), (44, 88), (63, 89), (43, 91), (62, 91), (63, 91), (59, 92), (60, 92), (61, 92), (56, 93), (57, 93), (58, 93), (42, 94), (53, 94), (54, 94), (55, 94), (50, 95), (51, 95), (52, 95), (42, 96), (47, 96), (48, 96), (49, 96), (43, 97), (44, 97), (45, 97), (46, 97)]
[(88, 65), (89, 65), (85, 66), (86, 66), (87, 66), (90, 66), (82, 67), (83, 67), (84, 67), (79, 68), (80, 68), (81, 68), (76, 69), (77, 69), (78, 69), (89, 69), (73, 70), (74, 70), (75, 70), (69, 71), (70, 71), (71, 71), (72, 71), (88, 72), (68, 74), (87, 75), (67, 77), (86, 78), (66, 80), (85, 81), (65, 83), (84, 84), (64, 86), (83, 86), (84, 86), (80, 87), (81, 87), (82, 87), (77, 88), (78, 88), (79, 88), (63, 89), (74, 89), (75, 89), (76, 89), (71, 90), (72, 90), (73, 90), (63, 91), (68, 91), (69, 91), (70, 91), (64, 92), (65, 92), (66, 92), (67, 92)]
[(83, 86), (84, 86), (80, 87), (81, 87), (82, 87), (85, 87), (77, 88), (78, 88), (79, 88), (74, 89), (75, 89), (76, 89), (71, 90), (72, 90), (73, 90), (84, 90), (68, 91), (69, 91), (70, 91), (64, 92), (65, 92), (66, 92), (67, 92), (83, 93), (63, 95), (82, 96), (62, 98), (81, 99), (61, 101), (80, 102), (60, 104), (79, 105), (59, 107), (78, 107), (79, 107), (75, 108), (76, 108), (77, 108), (72, 109), (73, 109), (74, 109), (58, 110), (69, 110), (70, 110), (71, 110), (66, 111), (67, 111), (68, 111), (58, 112), (63, 112), (64, 112), (65, 112), (59, 113), (60, 113), (61, 113), (62, 113)]
[(104, 81), (105, 81), (101, 82), (102, 82), (103, 82), (106, 82), (98, 83), (99, 83), (100, 83), (95, 84), (96, 84), (97, 84), (92, 85), (93, 85), (94, 85), (105, 85), (89, 86), (90, 86), (91, 86), (85, 87), (86, 87), (87, 87), (88, 87), (104, 88), (84, 90), (103, 91), (83, 93), (102, 94), (82, 96), (101, 97), (81, 99), (100, 100), (80, 102), (99, 102), (100, 102), (96, 103), (97, 103), (98, 103), (93, 104), (94, 104), (95, 104), (79, 105), (90, 105), (91, 105), (92, 105), (87, 106), (88, 106), (89, 106), (79, 107), (84, 107), (85, 107), (86, 107), (80, 108), (81, 108), (82, 108), (83, 108)]
[(99, 102), (100, 102), (96, 103), (97, 103), (98, 103), (101, 103), (93, 104), (94, 104), (95, 104), (90, 105), (91, 105), (92, 105), (87, 106), (88, 106), (89, 106), (100, 106), (84, 107), (85, 107), (86, 107), (80, 108), (81, 108), (82, 108), (83, 108), (99, 109), (79, 111), (98, 112), (78, 114)]
[(114, 99), (111, 100), (112, 100), (113, 100), (108, 101), (109, 101), (110, 101), (105, 102), (106, 102), (107, 102), (101, 103), (102, 103), (103, 103), (104, 103), (100, 106), (99, 109), (98, 112)]
[(9, 64), (10, 64), (6, 65), (7, 65), (8, 65), (11, 65), (3, 66), (4, 66), (5, 66), (0, 67), (1, 67), (2, 67), (10, 68), (9, 71), (8, 74), (7, 77), (6, 80), (5, 83), (4, 85), (5, 85), (1, 86), (2, 86), (3, 86), (0, 87)]
[(30, 59), (31, 59), (27, 60), (28, 60), (29, 60), (32, 60), (24, 61), (25, 61), (26, 61), (21, 62), (22, 62), (23, 62), (18, 63), (19, 63), (20, 63), (31, 63), (15, 64), (16, 64), (17, 64), (11, 65), (12, 65), (13, 65), (14, 65), (30, 66), (10, 68), (29, 69), (9, 71), (28, 72), (8, 74), (27, 75), (7, 77), (26, 78), (6, 80), (25, 80), (26, 80), (22, 81), (23, 81), (24, 81), (19, 82), (20, 82), (21, 82), (5, 83), (16, 83), (17, 83), (18, 83), (13, 84), (14, 84), (15, 84), (5, 85), (10, 85), (11, 85), (12, 85), (6, 86), (7, 86), (8, 86), (9, 86)]
[(25, 80), (26, 80), (22, 81), (23, 81), (24, 81), (27, 81), (19, 82), (20, 82), (21, 82), (16, 83), (17, 83), (18, 83), (13, 84), (14, 84), (15, 84), (26, 84), (10, 85), (11, 85), (12, 85), (6, 86), (7, 86), (8, 86), (9, 86), (25, 87), (5, 89), (24, 90), (4, 92), (23, 93), (3, 95), (22, 96), (2, 98), (21, 99), (1, 101), (20, 101), (21, 101), (17, 102), (18, 102), (19, 102), (14, 103), (15, 103), (16, 103), (0, 104), (11, 104), (12, 104), (13, 104), (8, 105), (9, 105), (10, 105), (0, 106), (5, 106), (6, 106), (7, 106), (1, 107), (2, 107), (3, 107), (4, 107)]
[(46, 75), (47, 75), (43, 76), (44, 76), (45, 76), (48, 76), (40, 77), (41, 77), (42, 77), (37, 78), (38, 78), (39, 78), (34, 79), (35, 79), (36, 79), (47, 79), (31, 80), (32, 80), (33, 80), (27, 81), (28, 81), (29, 81), (30, 81), (46, 82), (26, 84), (45, 85), (25, 87), (44, 88), (24, 90), (43, 91), (23, 93), (42, 94), (22, 96), (41, 96), (42, 96), (38, 97), (39, 97), (40, 97), (35, 98), (36, 98), (37, 98), (21, 99), (32, 99), (33, 99), (34, 99), (29, 100), (30, 100), (31, 100), (21, 101), (26, 101), (27, 101), (28, 101), (22, 102), (23, 102), (24, 102), (25, 102)]
[(41, 96), (42, 96), (38, 97), (39, 97), (40, 97), (43, 97), (35, 98), (36, 98), (37, 98), (32, 99), (33, 99), (34, 99), (29, 100), (30, 100), (31, 100), (42, 100), (26, 101), (27, 101), (28, 101), (22, 102), (23, 102), (24, 102), (25, 102), (41, 103), (21, 105), (40, 106), (20, 108), (39, 109), (19, 111), (38, 112), (18, 114)]
[(62, 91), (63, 91), (59, 92), (60, 92), (61, 92), (64, 92), (56, 93), (57, 93), (58, 93), (53, 94), (54, 94), (55, 94), (50, 95), (51, 95), (52, 95), (63, 95), (47, 96), (48, 96), (49, 96), (43, 97), (44, 97), (45, 97), (46, 97), (62, 98), (42, 100), (61, 101), (41, 103), (60, 104), (40, 106), (59, 107), (39, 109), (58, 110), (38, 112), (57, 112), (58, 112), (54, 113), (55, 113), (56, 113), (51, 114), (52, 114), (53, 114)]
[(57, 112), (58, 112), (54, 113), (55, 113), (56, 113), (59, 113), (51, 114), (52, 114), (53, 114)]
[(78, 107), (79, 107), (75, 108), (76, 108), (77, 108), (80, 108), (72, 109), (73, 109), (74, 109), (69, 110), (70, 110), (71, 110), (66, 111), (67, 111), (68, 111), (79, 111), (63, 112), (64, 112), (65, 112), (59, 113), (60, 113), (61, 113), (62, 113), (78, 114)]
[(4, 85), (5, 85), (1, 86), (2, 86), (3, 86), (6, 86), (0, 87), (5, 89), (4, 92), (3, 95), (2, 98), (1, 101), (0, 104), (0, 106)]
[(0, 106), (1, 107), (0, 110)]
[(20, 101), (21, 101), (17, 102), (18, 102), (19, 102), (22, 102), (14, 103), (15, 103), (16, 103), (11, 104), (12, 104), (13, 104), (8, 105), (9, 105), (10, 105), (21, 105), (5, 106), (6, 106), (7, 106), (1, 107), (2, 107), (3, 107), (4, 107), (20, 108), (0, 110), (19, 111), (18, 114)]
