[(111, 30), (112, 30), (113, 30), (114, 30), (108, 31), (109, 31), (110, 31), (104, 32), (105, 32), (106, 32), (107, 32), (103, 35), (102, 38), (101, 42), (100, 45), (99, 48), (100, 48), (101, 49), (102, 50), (103, 51), (104, 52), (113, 52), (114, 52), (105, 53), (110, 53), (111, 53), (112, 53), (106, 54), (107, 54), (108, 54), (109, 54)]
[(74, 24), (75, 24), (76, 24), (71, 25), (72, 25), (73, 25), (77, 25), (67, 26), (68, 26), (69, 26), (70, 26), (78, 26), (64, 27), (65, 27), (66, 27), (79, 27), (60, 28), (61, 28), (62, 28), (63, 28), (80, 28), (81, 29), (82, 30), (59, 31), (81, 33), (58, 34), (80, 36), (57, 38), (79, 40), (56, 41), (78, 43), (55, 44), (56, 44), (57, 45), (58, 46), (76, 46), (77, 46), (78, 46), (59, 47), (73, 47), (74, 47), (75, 47), (60, 48), (69, 48), (70, 48), (71, 48), (72, 48), (61, 49), (66, 49), (67, 49), (68, 49), (62, 50), (63, 50), (64, 50), (65, 50)]
[(96, 26), (97, 26), (98, 26), (93, 27), (94, 27), (95, 27), (99, 27), (89, 28), (90, 28), (91, 28), (92, 28), (100, 28), (86, 29), (87, 29), (88, 29), (101, 29), (82, 30), (83, 30), (84, 30), (85, 30), (102, 30), (103, 31), (104, 32), (81, 33), (103, 35), (80, 36), (102, 38), (79, 40), (101, 42), (78, 43), (100, 45), (77, 46), (78, 46), (79, 47), (80, 48), (98, 48), (99, 48), (100, 48), (81, 49), (95, 49), (96, 49), (97, 49), (82, 50), (91, 50), (92, 50), (93, 50), (94, 50), (83, 51), (88, 51), (89, 51), (90, 51), (84, 52), (85, 52), (86, 52), (87, 52)]
[(98, 48), (99, 48), (100, 48), (95, 49), (96, 49), (97, 49), (101, 49), (91, 50), (92, 50), (93, 50), (94, 50), (102, 50), (88, 51), (89, 51), (90, 51), (103, 51), (84, 52), (85, 52), (86, 52), (87, 52), (104, 52), (105, 53), (106, 54), (83, 55), (105, 57), (82, 58), (104, 60), (81, 62), (103, 64), (80, 65), (102, 67), (79, 68), (80, 68), (81, 69), (82, 70), (100, 70), (101, 70), (102, 70), (83, 71), (97, 71), (98, 71), (99, 71), (84, 72), (93, 72), (94, 72), (95, 72), (96, 72), (85, 73), (90, 73), (91, 73), (92, 73), (86, 74), (87, 74), (88, 74), (89, 74)]
[(113, 52), (114, 52), (110, 53), (111, 53), (112, 53), (106, 54), (107, 54), (108, 54), (109, 54), (105, 57), (104, 60), (103, 64), (102, 67), (101, 70), (102, 70), (103, 71), (104, 72), (105, 73), (106, 74), (107, 75), (112, 75), (113, 75), (114, 75), (108, 76), (109, 76), (110, 76), (111, 76)]
[(112, 75), (113, 75), (114, 75), (108, 76), (109, 76), (110, 76), (111, 76), (107, 79), (106, 82), (105, 86), (104, 89), (103, 92), (104, 92), (105, 93), (106, 94), (107, 95), (108, 96), (109, 97), (114, 97), (110, 98), (111, 98), (112, 98), (113, 98)]
[(54, 44), (55, 44), (56, 44), (51, 45), (52, 45), (53, 45), (57, 45), (47, 46), (48, 46), (49, 46), (50, 46), (58, 46), (44, 47), (45, 47), (46, 47), (59, 47), (40, 48), (41, 48), (42, 48), (43, 48), (60, 48), (61, 49), (62, 50), (39, 51), (61, 53), (38, 54), (60, 56), (37, 58), (59, 60), (36, 61), (58, 63), (35, 64), (36, 64), (37, 65), (38, 66), (56, 66), (57, 66), (58, 66), (39, 67), (53, 67), (54, 67), (55, 67), (40, 68), (49, 68), (50, 68), (51, 68), (52, 68), (41, 69), (46, 69), (47, 69), (48, 69), (42, 70), (43, 70), (44, 70), (45, 70)]
[(76, 46), (77, 46), (78, 46), (73, 47), (74, 47), (75, 47), (79, 47), (69, 48), (70, 48), (71, 48), (72, 48), (80, 48), (66, 49), (67, 49), (68, 49), (81, 49), (62, 50), (63, 50), (64, 50), (65, 50), (82, 50), (83, 51), (84, 52), (61, 53), (83, 55), (60, 56), (82, 58), (59, 60), (81, 62), (58, 63), (80, 65), (57, 66), (58, 66), (59, 67), (60, 68), (78, 68), (79, 68), (80, 68), (61, 69), (75, 69), (76, 69), (77, 69), (62, 70), (71, 70), (72, 70), (73, 70), (74, 70), (63, 71), (68, 71), (69, 71), (70, 71), (64, 72), (65, 72), (66, 72), (67, 72)]
[(78, 68), (79, 68), (80, 68), (75, 69), (76, 69), (77, 69), (81, 69), (71, 70), (72, 70), (73, 70), (74, 70), (82, 70), (68, 71), (69, 71), (70, 71), (83, 71), (64, 72), (65, 72), (66, 72), (67, 72), (84, 72), (85, 73), (86, 74), (63, 75), (85, 77), (62, 78), (84, 80), (61, 82), (83, 84), (60, 85), (82, 87), (59, 88), (60, 88), (61, 89), (62, 90), (80, 90), (81, 90), (82, 90), (63, 91), (77, 91), (78, 91), (79, 91), (64, 92), (73, 92), (74, 92), (75, 92), (76, 92), (65, 93), (70, 93), (71, 93), (72, 93), (66, 94), (67, 94), (68, 94), (69, 94)]
[(100, 70), (101, 70), (102, 70), (97, 71), (98, 71), (99, 71), (103, 71), (93, 72), (94, 72), (95, 72), (96, 72), (104, 72), (90, 73), (91, 73), (92, 73), (105, 73), (86, 74), (87, 74), (88, 74), (89, 74), (106, 74), (107, 75), (108, 76), (85, 77), (107, 79), (84, 80), (106, 82), (83, 84), (105, 86), (82, 87), (104, 89), (81, 90), (82, 90), (83, 91), (84, 92), (102, 92), (103, 92), (104, 92), (85, 93), (99, 93), (100, 93), (101, 93), (86, 94), (95, 94), (96, 94), (97, 94), (98, 94), (87, 95), (92, 95), (93, 95), (94, 95), (88, 96), (89, 96), (90, 96), (91, 96)]
[(102, 92), (103, 92), (104, 92), (99, 93), (100, 93), (101, 93), (105, 93), (95, 94), (96, 94), (97, 94), (98, 94), (106, 94), (92, 95), (93, 95), (94, 95), (107, 95), (88, 96), (89, 96), (90, 96), (91, 96), (108, 96), (109, 97), (110, 98), (87, 99), (109, 101), (86, 102), (108, 104), (85, 106), (107, 108), (84, 109), (106, 111), (83, 112), (84, 112), (85, 113), (86, 114), (104, 114), (105, 114), (106, 114)]
[(114, 97), (110, 98), (111, 98), (112, 98), (113, 98), (109, 101), (108, 104), (107, 108), (106, 111), (105, 114), (106, 114)]
[(56, 66), (57, 66), (58, 66), (53, 67), (54, 67), (55, 67), (59, 67), (49, 68), (50, 68), (51, 68), (52, 68), (60, 68), (46, 69), (47, 69), (48, 69), (61, 69), (42, 70), (43, 70), (44, 70), (45, 70), (62, 70), (63, 71), (64, 72), (41, 73), (63, 75), (40, 76), (62, 78), (39, 80), (61, 82), (38, 83), (60, 85), (37, 86), (38, 86), (39, 87), (40, 88), (58, 88), (59, 88), (60, 88), (41, 89), (55, 89), (56, 89), (57, 89), (42, 90), (51, 90), (52, 90), (53, 90), (54, 90), (43, 91), (48, 91), (49, 91), (50, 91), (44, 92), (45, 92), (46, 92), (47, 92)]
[(58, 88), (59, 88), (60, 88), (55, 89), (56, 89), (57, 89), (61, 89), (51, 90), (52, 90), (53, 90), (54, 90), (62, 90), (48, 91), (49, 91), (50, 91), (63, 91), (44, 92), (45, 92), (46, 92), (47, 92), (64, 92), (65, 93), (66, 94), (43, 95), (65, 97), (42, 98), (64, 100), (41, 102), (63, 104), (40, 105), (62, 107), (39, 108), (40, 108), (41, 109), (42, 110), (60, 110), (61, 110), (62, 110), (43, 111), (57, 111), (58, 111), (59, 111), (44, 112), (53, 112), (54, 112), (55, 112), (56, 112), (45, 113), (50, 113), (51, 113), (52, 113), (46, 114), (47, 114), (48, 114), (49, 114)]
[(80, 90), (81, 90), (82, 90), (77, 91), (78, 91), (79, 91), (83, 91), (73, 92), (74, 92), (75, 92), (76, 92), (84, 92), (70, 93), (71, 93), (72, 93), (85, 93), (66, 94), (67, 94), (68, 94), (69, 94), (86, 94), (87, 95), (88, 96), (65, 97), (87, 99), (64, 100), (86, 102), (63, 104), (85, 106), (62, 107), (84, 109), (61, 110), (62, 110), (63, 111), (64, 112), (82, 112), (83, 112), (84, 112), (65, 113), (79, 113), (80, 113), (81, 113), (66, 114), (75, 114), (76, 114), (77, 114), (78, 114)]
[(82, 112), (83, 112), (84, 112), (79, 113), (80, 113), (81, 113), (85, 113), (75, 114), (76, 114), (77, 114), (78, 114), (86, 114)]
[(104, 114), (105, 114), (106, 114)]
[(60, 110), (61, 110), (62, 110), (57, 111), (58, 111), (59, 111), (63, 111), (53, 112), (54, 112), (55, 112), (56, 112), (64, 112), (50, 113), (51, 113), (52, 113), (65, 113), (46, 114), (47, 114), (48, 114), (49, 114), (66, 114)]
