[(82, 1), (79, 2), (80, 2), (81, 2), (83, 2), (75, 3), (76, 3), (77, 3), (78, 3), (72, 4), (73, 4), (74, 4), (69, 5), (70, 5), (71, 5), (82, 5), (66, 6), (67, 6), (68, 6), (62, 7), (63, 7), (64, 7), (65, 7), (81, 8), (61, 10), (80, 11), (60, 13), (79, 15), (59, 16), (78, 18), (58, 20), (77, 21), (77, 22), (57, 23), (74, 23), (75, 23), (76, 23), (70, 24), (71, 24), (72, 24), (73, 24), (67, 25), (68, 25), (69, 25), (56, 26), (64, 26), (65, 26), (66, 26), (56, 27), (61, 27), (62, 27), (63, 27), (57, 28), (58, 28), (59, 28), (60, 28)]
[(90, 0), (91, 0), (92, 0), (103, 0), (87, 1), (88, 1), (89, 1), (83, 2), (84, 2), (85, 2), (86, 2), (102, 3), (82, 5), (101, 6), (81, 8), (100, 10), (80, 11), (99, 13), (79, 15), (98, 16), (98, 17), (78, 18), (95, 18), (96, 18), (97, 18), (91, 19), (92, 19), (93, 19), (94, 19), (88, 20), (89, 20), (90, 20), (77, 21), (85, 21), (86, 21), (87, 21), (77, 22), (82, 22), (83, 22), (84, 22), (78, 23), (79, 23), (80, 23), (81, 23)]
[(98, 17), (95, 18), (96, 18), (97, 18), (99, 18), (91, 19), (92, 19), (93, 19), (94, 19), (88, 20), (89, 20), (90, 20), (85, 21), (86, 21), (87, 21), (98, 21), (82, 22), (83, 22), (84, 22), (78, 23), (79, 23), (80, 23), (81, 23), (97, 24), (77, 26), (96, 27), (76, 29), (95, 31), (75, 32), (94, 34), (74, 36), (93, 37), (93, 38), (73, 39), (90, 39), (91, 39), (92, 39), (86, 40), (87, 40), (88, 40), (89, 40), (83, 41), (84, 41), (85, 41), (72, 42), (80, 42), (81, 42), (82, 42), (72, 43), (77, 43), (78, 43), (79, 43), (73, 44), (74, 44), (75, 44), (76, 44)]
[(112, 14), (113, 14), (114, 14), (109, 15), (110, 15), (111, 15), (106, 16), (107, 16), (108, 16), (103, 17), (104, 17), (105, 17), (99, 18), (100, 18), (101, 18), (102, 18), (98, 21), (97, 24), (96, 27), (95, 31), (114, 32), (114, 33), (94, 34), (111, 34), (112, 34), (113, 34), (107, 35), (108, 35), (109, 35), (110, 35), (104, 36), (105, 36), (106, 36), (93, 37), (101, 37), (102, 37), (103, 37), (93, 38), (98, 38), (99, 38), (100, 38), (94, 39), (95, 39), (96, 39), (97, 39)]
[(114, 33), (111, 34), (112, 34), (113, 34), (107, 35), (108, 35), (109, 35), (110, 35), (104, 36), (105, 36), (106, 36), (101, 37), (102, 37), (103, 37), (114, 37), (98, 38), (99, 38), (100, 38), (94, 39), (95, 39), (96, 39), (97, 39), (113, 40), (93, 42), (112, 43), (92, 45), (111, 47), (91, 48), (110, 50), (90, 52), (109, 53), (109, 54), (89, 55), (106, 55), (107, 55), (108, 55), (102, 56), (103, 56), (104, 56), (105, 56), (99, 57), (100, 57), (101, 57), (88, 58), (96, 58), (97, 58), (98, 58), (88, 59), (93, 59), (94, 59), (95, 59), (89, 60), (90, 60), (91, 60), (92, 60)]
[(114, 37), (113, 40), (112, 43), (111, 47), (110, 50), (109, 53), (109, 54), (114, 54), (110, 55), (111, 55), (112, 55), (113, 55)]
[(114, 54), (110, 55), (111, 55), (112, 55), (113, 55), (109, 58), (108, 61), (107, 64), (106, 68), (105, 71), (104, 74), (112, 74), (113, 74), (114, 74), (104, 75), (109, 75), (110, 75), (111, 75), (105, 76), (106, 76), (107, 76), (108, 76)]
[(40, 11), (37, 12), (38, 12), (39, 12), (41, 12), (33, 13), (34, 13), (35, 13), (36, 13), (30, 14), (31, 14), (32, 14), (27, 15), (28, 15), (29, 15), (40, 15), (24, 16), (25, 16), (26, 16), (20, 17), (21, 17), (22, 17), (23, 17), (39, 18), (19, 20), (38, 21), (18, 23), (37, 25), (17, 26), (36, 28), (16, 30), (35, 31), (35, 32), (15, 33), (32, 33), (33, 33), (34, 33), (28, 34), (29, 34), (30, 34), (31, 34), (25, 35), (26, 35), (27, 35), (14, 36), (22, 36), (23, 36), (24, 36), (14, 37), (19, 37), (20, 37), (21, 37), (15, 38), (16, 38), (17, 38), (18, 38)]
[(61, 6), (58, 7), (59, 7), (60, 7), (62, 7), (54, 8), (55, 8), (56, 8), (57, 8), (51, 9), (52, 9), (53, 9), (48, 10), (49, 10), (50, 10), (61, 10), (45, 11), (46, 11), (47, 11), (41, 12), (42, 12), (43, 12), (44, 12), (60, 13), (40, 15), (59, 16), (39, 18), (58, 20), (38, 21), (57, 23), (37, 25), (56, 26), (56, 27), (36, 28), (53, 28), (54, 28), (55, 28), (49, 29), (50, 29), (51, 29), (52, 29), (46, 30), (47, 30), (48, 30), (35, 31), (43, 31), (44, 31), (45, 31), (35, 32), (40, 32), (41, 32), (42, 32), (36, 33), (37, 33), (38, 33), (39, 33)]
[(56, 27), (53, 28), (54, 28), (55, 28), (57, 28), (49, 29), (50, 29), (51, 29), (52, 29), (46, 30), (47, 30), (48, 30), (43, 31), (44, 31), (45, 31), (56, 31), (40, 32), (41, 32), (42, 32), (36, 33), (37, 33), (38, 33), (39, 33), (55, 34), (35, 36), (54, 37), (34, 39), (53, 41), (33, 42), (52, 44), (32, 46), (51, 47), (51, 48), (31, 49), (48, 49), (49, 49), (50, 49), (44, 50), (45, 50), (46, 50), (47, 50), (41, 51), (42, 51), (43, 51), (30, 52), (38, 52), (39, 52), (40, 52), (30, 53), (35, 53), (36, 53), (37, 53), (31, 54), (32, 54), (33, 54), (34, 54)]
[(77, 22), (74, 23), (75, 23), (76, 23), (78, 23), (70, 24), (71, 24), (72, 24), (73, 24), (67, 25), (68, 25), (69, 25), (64, 26), (65, 26), (66, 26), (77, 26), (61, 27), (62, 27), (63, 27), (57, 28), (58, 28), (59, 28), (60, 28), (76, 29), (56, 31), (75, 32), (55, 34), (74, 36), (54, 37), (73, 39), (53, 41), (72, 42), (72, 43), (52, 44), (69, 44), (70, 44), (71, 44), (65, 45), (66, 45), (67, 45), (68, 45), (62, 46), (63, 46), (64, 46), (51, 47), (59, 47), (60, 47), (61, 47), (51, 48), (56, 48), (57, 48), (58, 48), (52, 49), (53, 49), (54, 49), (55, 49)]
[(72, 43), (69, 44), (70, 44), (71, 44), (73, 44), (65, 45), (66, 45), (67, 45), (68, 45), (62, 46), (63, 46), (64, 46), (59, 47), (60, 47), (61, 47), (72, 47), (56, 48), (57, 48), (58, 48), (52, 49), (53, 49), (54, 49), (55, 49), (71, 50), (51, 52), (70, 53), (50, 55), (69, 57), (49, 58), (68, 60), (48, 62), (67, 63), (67, 64), (47, 65), (64, 65), (65, 65), (66, 65), (60, 66), (61, 66), (62, 66), (63, 66), (57, 67), (58, 67), (59, 67), (46, 68), (54, 68), (55, 68), (56, 68), (46, 69), (51, 69), (52, 69), (53, 69), (47, 70), (48, 70), (49, 70), (50, 70)]
[(93, 38), (90, 39), (91, 39), (92, 39), (94, 39), (86, 40), (87, 40), (88, 40), (89, 40), (83, 41), (84, 41), (85, 41), (80, 42), (81, 42), (82, 42), (93, 42), (77, 43), (78, 43), (79, 43), (73, 44), (74, 44), (75, 44), (76, 44), (92, 45), (72, 47), (91, 48), (71, 50), (90, 52), (70, 53), (89, 55), (69, 57), (88, 58), (88, 59), (68, 60), (85, 60), (86, 60), (87, 60), (81, 61), (82, 61), (83, 61), (84, 61), (78, 62), (79, 62), (80, 62), (67, 63), (75, 63), (76, 63), (77, 63), (67, 64), (72, 64), (73, 64), (74, 64), (68, 65), (69, 65), (70, 65), (71, 65)]
[(88, 59), (85, 60), (86, 60), (87, 60), (89, 60), (81, 61), (82, 61), (83, 61), (84, 61), (78, 62), (79, 62), (80, 62), (75, 63), (76, 63), (77, 63), (88, 63), (72, 64), (73, 64), (74, 64), (68, 65), (69, 65), (70, 65), (71, 65), (87, 66), (67, 68), (86, 69), (66, 71), (85, 73), (65, 74), (84, 76), (64, 78), (83, 79), (83, 80), (63, 81), (80, 81), (81, 81), (82, 81), (76, 82), (77, 82), (78, 82), (79, 82), (73, 83), (74, 83), (75, 83), (62, 84), (70, 84), (71, 84), (72, 84), (62, 85), (67, 85), (68, 85), (69, 85), (63, 86), (64, 86), (65, 86), (66, 86)]
[(109, 54), (106, 55), (107, 55), (108, 55), (110, 55), (102, 56), (103, 56), (104, 56), (105, 56), (99, 57), (100, 57), (101, 57), (96, 58), (97, 58), (98, 58), (109, 58), (93, 59), (94, 59), (95, 59), (89, 60), (90, 60), (91, 60), (92, 60), (108, 61), (88, 63), (107, 64), (87, 66), (106, 68), (86, 69), (105, 71), (85, 73), (104, 74), (104, 75), (84, 76), (101, 76), (102, 76), (103, 76), (97, 77), (98, 77), (99, 77), (100, 77), (94, 78), (95, 78), (96, 78), (83, 79), (91, 79), (92, 79), (93, 79), (83, 80), (88, 80), (89, 80), (90, 80), (84, 81), (85, 81), (86, 81), (87, 81)]
[(104, 75), (101, 76), (102, 76), (103, 76), (105, 76), (97, 77), (98, 77), (99, 77), (100, 77), (94, 78), (95, 78), (96, 78), (91, 79), (92, 79), (93, 79), (104, 79), (88, 80), (89, 80), (90, 80), (84, 81), (85, 81), (86, 81), (87, 81), (103, 82), (83, 84), (102, 85), (82, 87), (101, 89), (81, 90), (100, 92), (80, 94), (99, 95), (99, 96), (79, 97), (96, 97), (97, 97), (98, 97), (92, 98), (93, 98), (94, 98), (95, 98), (89, 99), (90, 99), (91, 99), (78, 100), (86, 100), (87, 100), (88, 100), (78, 101), (83, 101), (84, 101), (85, 101), (79, 102), (80, 102), (81, 102), (82, 102)]
[(112, 74), (113, 74), (114, 74), (109, 75), (110, 75), (111, 75), (105, 76), (106, 76), (107, 76), (108, 76), (104, 79), (103, 82), (102, 85), (101, 89), (100, 92), (113, 93), (114, 93), (110, 94), (111, 94), (112, 94), (99, 95), (107, 95), (108, 95), (109, 95), (99, 96), (104, 96), (105, 96), (106, 96), (100, 97), (101, 97), (102, 97), (103, 97)]
[(113, 93), (114, 93), (110, 94), (111, 94), (112, 94), (107, 95), (108, 95), (109, 95), (104, 96), (105, 96), (106, 96), (100, 97), (101, 97), (102, 97), (103, 97), (99, 100), (98, 103), (97, 106), (96, 110), (95, 113), (112, 113), (113, 113), (114, 113), (108, 114), (109, 114), (110, 114), (111, 114)]
[(14, 37), (11, 38), (12, 38), (13, 38), (15, 38), (7, 39), (8, 39), (9, 39), (10, 39), (4, 40), (5, 40), (6, 40), (1, 41), (2, 41), (3, 41), (14, 41), (0, 42), (13, 44), (12, 47), (11, 51), (10, 54), (9, 57), (9, 58), (6, 59), (7, 59), (8, 59), (2, 60), (3, 60), (4, 60), (5, 60), (0, 61), (1, 61)]
[(35, 32), (32, 33), (33, 33), (34, 33), (36, 33), (28, 34), (29, 34), (30, 34), (31, 34), (25, 35), (26, 35), (27, 35), (22, 36), (23, 36), (24, 36), (35, 36), (19, 37), (20, 37), (21, 37), (15, 38), (16, 38), (17, 38), (18, 38), (34, 39), (14, 41), (33, 42), (13, 44), (32, 46), (12, 47), (31, 49), (11, 51), (30, 52), (30, 53), (10, 54), (27, 54), (28, 54), (29, 54), (23, 55), (24, 55), (25, 55), (26, 55), (20, 56), (21, 56), (22, 56), (9, 57), (17, 57), (18, 57), (19, 57), (9, 58), (14, 58), (15, 58), (16, 58), (10, 59), (11, 59), (12, 59), (13, 59)]
[(30, 53), (27, 54), (28, 54), (29, 54), (31, 54), (23, 55), (24, 55), (25, 55), (26, 55), (20, 56), (21, 56), (22, 56), (17, 57), (18, 57), (19, 57), (30, 57), (14, 58), (15, 58), (16, 58), (10, 59), (11, 59), (12, 59), (13, 59), (29, 60), (9, 62), (28, 63), (8, 65), (27, 67), (7, 68), (26, 70), (6, 72), (25, 73), (25, 74), (5, 75), (22, 75), (23, 75), (24, 75), (18, 76), (19, 76), (20, 76), (21, 76), (15, 77), (16, 77), (17, 77), (4, 78), (12, 78), (13, 78), (14, 78), (4, 79), (9, 79), (10, 79), (11, 79), (5, 80), (6, 80), (7, 80), (8, 80)]
[(51, 48), (48, 49), (49, 49), (50, 49), (52, 49), (44, 50), (45, 50), (46, 50), (47, 50), (41, 51), (42, 51), (43, 51), (38, 52), (39, 52), (40, 52), (51, 52), (35, 53), (36, 53), (37, 53), (31, 54), (32, 54), (33, 54), (34, 54), (50, 55), (30, 57), (49, 58), (29, 60), (48, 62), (28, 63), (47, 65), (27, 67), (46, 68), (46, 69), (26, 70), (43, 70), (44, 70), (45, 70), (39, 71), (40, 71), (41, 71), (42, 71), (36, 72), (37, 72), (38, 72), (25, 73), (33, 73), (34, 73), (35, 73), (25, 74), (30, 74), (31, 74), (32, 74), (26, 75), (27, 75), (28, 75), (29, 75)]
[(46, 69), (43, 70), (44, 70), (45, 70), (47, 70), (39, 71), (40, 71), (41, 71), (42, 71), (36, 72), (37, 72), (38, 72), (33, 73), (34, 73), (35, 73), (46, 73), (30, 74), (31, 74), (32, 74), (26, 75), (27, 75), (28, 75), (29, 75), (45, 76), (25, 78), (44, 79), (24, 81), (43, 83), (23, 84), (42, 86), (22, 88), (41, 89), (41, 90), (21, 91), (38, 91), (39, 91), (40, 91), (34, 92), (35, 92), (36, 92), (37, 92), (31, 93), (32, 93), (33, 93), (20, 94), (28, 94), (29, 94), (30, 94), (20, 95), (25, 95), (26, 95), (27, 95), (21, 96), (22, 96), (23, 96), (24, 96)]
[(67, 64), (64, 65), (65, 65), (66, 65), (68, 65), (60, 66), (61, 66), (62, 66), (63, 66), (57, 67), (58, 67), (59, 67), (54, 68), (55, 68), (56, 68), (67, 68), (51, 69), (52, 69), (53, 69), (47, 70), (48, 70), (49, 70), (50, 70), (66, 71), (46, 73), (65, 74), (45, 76), (64, 78), (44, 79), (63, 81), (43, 83), (62, 84), (62, 85), (42, 86), (59, 86), (60, 86), (61, 86), (55, 87), (56, 87), (57, 87), (58, 87), (52, 88), (53, 88), (54, 88), (41, 89), (49, 89), (50, 89), (51, 89), (41, 90), (46, 90), (47, 90), (48, 90), (42, 91), (43, 91), (44, 91), (45, 91)]
[(62, 85), (59, 86), (60, 86), (61, 86), (63, 86), (55, 87), (56, 87), (57, 87), (58, 87), (52, 88), (53, 88), (54, 88), (49, 89), (50, 89), (51, 89), (62, 89), (46, 90), (47, 90), (48, 90), (42, 91), (43, 91), (44, 91), (45, 91), (61, 92), (41, 94), (60, 95), (40, 97), (59, 99), (39, 100), (58, 102), (38, 104), (57, 105), (57, 106), (37, 107), (54, 107), (55, 107), (56, 107), (50, 108), (51, 108), (52, 108), (53, 108), (47, 109), (48, 109), (49, 109), (36, 110), (44, 110), (45, 110), (46, 110), (36, 111), (41, 111), (42, 111), (43, 111), (37, 112), (38, 112), (39, 112), (40, 112)]
[(83, 80), (80, 81), (81, 81), (82, 81), (84, 81), (76, 82), (77, 82), (78, 82), (79, 82), (73, 83), (74, 83), (75, 83), (70, 84), (71, 84), (72, 84), (83, 84), (67, 85), (68, 85), (69, 85), (63, 86), (64, 86), (65, 86), (66, 86), (82, 87), (62, 89), (81, 90), (61, 92), (80, 94), (60, 95), (79, 97), (59, 99), (78, 100), (78, 101), (58, 102), (75, 102), (76, 102), (77, 102), (71, 103), (72, 103), (73, 103), (74, 103), (68, 104), (69, 104), (70, 104), (57, 105), (65, 105), (66, 105), (67, 105), (57, 106), (62, 106), (63, 106), (64, 106), (58, 107), (59, 107), (60, 107), (61, 107)]
[(78, 101), (75, 102), (76, 102), (77, 102), (79, 102), (71, 103), (72, 103), (73, 103), (74, 103), (68, 104), (69, 104), (70, 104), (65, 105), (66, 105), (67, 105), (78, 105), (62, 106), (63, 106), (64, 106), (58, 107), (59, 107), (60, 107), (61, 107), (77, 108), (57, 110), (76, 111), (56, 113)]
[(99, 96), (96, 97), (97, 97), (98, 97), (100, 97), (92, 98), (93, 98), (94, 98), (95, 98), (89, 99), (90, 99), (91, 99), (86, 100), (87, 100), (88, 100), (99, 100), (83, 101), (84, 101), (85, 101), (79, 102), (80, 102), (81, 102), (82, 102), (98, 103), (78, 105), (97, 106), (77, 108), (96, 110), (76, 111), (95, 113)]
[(112, 113), (113, 113), (114, 113), (108, 114), (109, 114), (110, 114), (111, 114)]
[(9, 58), (6, 59), (7, 59), (8, 59), (10, 59), (2, 60), (3, 60), (4, 60), (5, 60), (0, 61), (1, 61), (9, 62), (8, 65), (7, 68), (6, 72), (5, 75), (4, 78), (4, 79), (1, 80), (2, 80), (3, 80), (0, 81)]
[(4, 79), (1, 80), (2, 80), (3, 80), (5, 80), (0, 81), (4, 83), (3, 86), (2, 89), (1, 93), (0, 96)]
[(25, 74), (22, 75), (23, 75), (24, 75), (26, 75), (18, 76), (19, 76), (20, 76), (21, 76), (15, 77), (16, 77), (17, 77), (12, 78), (13, 78), (14, 78), (25, 78), (9, 79), (10, 79), (11, 79), (5, 80), (6, 80), (7, 80), (8, 80), (24, 81), (4, 83), (23, 84), (3, 86), (22, 88), (2, 89), (21, 91), (1, 93), (20, 94), (20, 95), (0, 96), (17, 96), (18, 96), (19, 96), (13, 97), (14, 97), (15, 97), (16, 97), (10, 98), (11, 98), (12, 98), (7, 99), (8, 99), (9, 99), (4, 100), (5, 100), (6, 100), (0, 101), (1, 101), (2, 101), (3, 101)]
[(20, 95), (17, 96), (18, 96), (19, 96), (21, 96), (13, 97), (14, 97), (15, 97), (16, 97), (10, 98), (11, 98), (12, 98), (7, 99), (8, 99), (9, 99), (20, 99), (4, 100), (5, 100), (6, 100), (0, 101), (1, 101), (2, 101), (3, 101), (19, 102), (18, 105), (17, 109), (16, 112)]
[(41, 90), (38, 91), (39, 91), (40, 91), (42, 91), (34, 92), (35, 92), (36, 92), (37, 92), (31, 93), (32, 93), (33, 93), (28, 94), (29, 94), (30, 94), (41, 94), (25, 95), (26, 95), (27, 95), (21, 96), (22, 96), (23, 96), (24, 96), (40, 97), (20, 99), (39, 100), (19, 102), (38, 104), (18, 105), (37, 107), (17, 109), (36, 110), (36, 111), (16, 112), (33, 112), (34, 112), (35, 112), (29, 113), (30, 113), (31, 113), (32, 113), (26, 114), (27, 114), (28, 114)]
[(36, 111), (33, 112), (34, 112), (35, 112), (37, 112), (29, 113), (30, 113), (31, 113), (32, 113), (26, 114), (27, 114), (28, 114)]
[(57, 106), (54, 107), (55, 107), (56, 107), (58, 107), (50, 108), (51, 108), (52, 108), (53, 108), (47, 109), (48, 109), (49, 109), (44, 110), (45, 110), (46, 110), (57, 110), (41, 111), (42, 111), (43, 111), (37, 112), (38, 112), (39, 112), (40, 112), (56, 113)]
[(0, 101)]
