[(112, 20), (113, 20), (114, 20), (109, 21), (110, 21), (111, 21), (105, 22), (106, 22), (107, 22), (108, 22), (104, 25), (103, 28), (102, 32), (101, 35), (100, 38), (100, 39), (101, 40), (102, 41), (103, 42), (104, 43), (105, 44), (114, 44), (106, 45), (111, 45), (112, 45), (113, 45), (107, 46), (108, 46), (109, 46), (110, 46)]
[(74, 13), (71, 14), (72, 14), (73, 14), (75, 14), (68, 15), (69, 15), (70, 15), (76, 15), (64, 16), (65, 16), (66, 16), (67, 16), (77, 16), (61, 17), (62, 17), (63, 17), (78, 17), (57, 18), (58, 18), (59, 18), (60, 18), (79, 18), (80, 19), (81, 20), (56, 21), (80, 23), (55, 24), (79, 26), (54, 28), (78, 30), (53, 31), (77, 33), (52, 34), (52, 35), (53, 36), (76, 36), (54, 37), (76, 37), (55, 38), (73, 38), (74, 38), (75, 38), (56, 39), (70, 39), (71, 39), (72, 39), (57, 40), (66, 40), (67, 40), (68, 40), (69, 40), (58, 41), (63, 41), (64, 41), (65, 41), (59, 42), (60, 42), (61, 42), (62, 42)]
[(98, 15), (95, 16), (96, 16), (97, 16), (99, 16), (92, 17), (93, 17), (94, 17), (100, 17), (88, 18), (89, 18), (90, 18), (91, 18), (101, 18), (85, 19), (86, 19), (87, 19), (102, 19), (81, 20), (82, 20), (83, 20), (84, 20), (103, 20), (104, 21), (105, 22), (80, 23), (104, 25), (79, 26), (103, 28), (78, 30), (102, 32), (77, 33), (101, 35), (76, 36), (76, 37), (77, 38), (100, 38), (78, 39), (100, 39), (79, 40), (97, 40), (98, 40), (99, 40), (80, 41), (94, 41), (95, 41), (96, 41), (81, 42), (90, 42), (91, 42), (92, 42), (93, 42), (82, 43), (87, 43), (88, 43), (89, 43), (83, 44), (84, 44), (85, 44), (86, 44)]
[(100, 39), (97, 40), (98, 40), (99, 40), (101, 40), (94, 41), (95, 41), (96, 41), (102, 41), (90, 42), (91, 42), (92, 42), (93, 42), (103, 42), (87, 43), (88, 43), (89, 43), (104, 43), (83, 44), (84, 44), (85, 44), (86, 44), (105, 44), (106, 45), (107, 46), (82, 47), (106, 49), (81, 50), (105, 52), (80, 54), (104, 56), (79, 57), (103, 59), (78, 60), (78, 61), (79, 62), (102, 62), (80, 63), (102, 63), (81, 64), (99, 64), (100, 64), (101, 64), (82, 65), (96, 65), (97, 65), (98, 65), (83, 66), (92, 66), (93, 66), (94, 66), (95, 66), (84, 67), (89, 67), (90, 67), (91, 67), (85, 68), (86, 68), (87, 68), (88, 68)]
[(114, 44), (111, 45), (112, 45), (113, 45), (107, 46), (108, 46), (109, 46), (110, 46), (106, 49), (105, 52), (104, 56), (103, 59), (102, 62), (102, 63), (103, 64), (104, 65), (105, 66), (106, 67), (107, 68), (108, 69), (113, 69), (114, 69), (109, 70), (110, 70), (111, 70), (112, 70)]
[(113, 69), (114, 69), (109, 70), (110, 70), (111, 70), (112, 70), (108, 73), (107, 76), (106, 80), (105, 83), (104, 86), (104, 87), (105, 88), (106, 89), (107, 90), (108, 91), (109, 92), (110, 93), (111, 94), (112, 94), (113, 94), (114, 94)]
[(52, 35), (49, 36), (50, 36), (51, 36), (53, 36), (46, 37), (47, 37), (48, 37), (54, 37), (42, 38), (43, 38), (44, 38), (45, 38), (55, 38), (39, 39), (40, 39), (41, 39), (56, 39), (35, 40), (36, 40), (37, 40), (38, 40), (57, 40), (58, 41), (59, 42), (34, 43), (58, 45), (33, 46), (57, 48), (32, 50), (56, 52), (31, 53), (55, 55), (30, 56), (30, 57), (31, 58), (54, 58), (32, 59), (54, 59), (33, 60), (51, 60), (52, 60), (53, 60), (34, 61), (48, 61), (49, 61), (50, 61), (35, 62), (44, 62), (45, 62), (46, 62), (47, 62), (36, 63), (41, 63), (42, 63), (43, 63), (37, 64), (38, 64), (39, 64), (40, 64)]
[(76, 37), (73, 38), (74, 38), (75, 38), (77, 38), (70, 39), (71, 39), (72, 39), (78, 39), (66, 40), (67, 40), (68, 40), (69, 40), (79, 40), (63, 41), (64, 41), (65, 41), (80, 41), (59, 42), (60, 42), (61, 42), (62, 42), (81, 42), (82, 43), (83, 44), (58, 45), (82, 47), (57, 48), (81, 50), (56, 52), (80, 54), (55, 55), (79, 57), (54, 58), (54, 59), (55, 60), (78, 60), (56, 61), (78, 61), (57, 62), (75, 62), (76, 62), (77, 62), (58, 63), (72, 63), (73, 63), (74, 63), (59, 64), (68, 64), (69, 64), (70, 64), (71, 64), (60, 65), (65, 65), (66, 65), (67, 65), (61, 66), (62, 66), (63, 66), (64, 66)]
[(78, 61), (75, 62), (76, 62), (77, 62), (79, 62), (72, 63), (73, 63), (74, 63), (80, 63), (68, 64), (69, 64), (70, 64), (71, 64), (81, 64), (65, 65), (66, 65), (67, 65), (82, 65), (61, 66), (62, 66), (63, 66), (64, 66), (83, 66), (84, 67), (85, 68), (60, 69), (84, 71), (59, 72), (83, 74), (58, 76), (82, 78), (57, 79), (81, 81), (56, 82), (56, 83), (57, 84), (80, 84), (58, 85), (80, 85), (59, 86), (77, 86), (78, 86), (79, 86), (60, 87), (74, 87), (75, 87), (76, 87), (61, 88), (70, 88), (71, 88), (72, 88), (73, 88), (62, 89), (67, 89), (68, 89), (69, 89), (63, 90), (64, 90), (65, 90), (66, 90)]
[(102, 63), (99, 64), (100, 64), (101, 64), (103, 64), (96, 65), (97, 65), (98, 65), (104, 65), (92, 66), (93, 66), (94, 66), (95, 66), (105, 66), (89, 67), (90, 67), (91, 67), (106, 67), (85, 68), (86, 68), (87, 68), (88, 68), (107, 68), (108, 69), (109, 70), (84, 71), (108, 73), (83, 74), (107, 76), (82, 78), (106, 80), (81, 81), (105, 83), (80, 84), (80, 85), (81, 86), (104, 86), (82, 87), (104, 87), (83, 88), (101, 88), (102, 88), (103, 88), (84, 89), (98, 89), (99, 89), (100, 89), (85, 90), (94, 90), (95, 90), (96, 90), (97, 90), (86, 91), (91, 91), (92, 91), (93, 91), (87, 92), (88, 92), (89, 92), (90, 92)]
[(104, 87), (101, 88), (102, 88), (103, 88), (105, 88), (98, 89), (99, 89), (100, 89), (106, 89), (94, 90), (95, 90), (96, 90), (97, 90), (107, 90), (91, 91), (92, 91), (93, 91), (108, 91), (87, 92), (88, 92), (89, 92), (90, 92), (109, 92), (110, 93), (111, 94), (86, 95), (110, 97), (85, 98), (109, 100), (84, 102), (108, 104), (83, 105), (107, 107), (82, 108), (82, 109), (83, 110), (106, 110), (84, 111), (106, 111), (85, 112), (103, 112), (104, 112), (105, 112), (86, 113), (100, 113), (101, 113), (102, 113), (87, 114), (96, 114), (97, 114), (98, 114), (99, 114)]
[(111, 94), (112, 94), (113, 94), (114, 94), (110, 97), (109, 100), (108, 104), (107, 107), (106, 110), (106, 111), (107, 112), (108, 113), (109, 114)]
[(54, 59), (51, 60), (52, 60), (53, 60), (55, 60), (48, 61), (49, 61), (50, 61), (56, 61), (44, 62), (45, 62), (46, 62), (47, 62), (57, 62), (41, 63), (42, 63), (43, 63), (58, 63), (37, 64), (38, 64), (39, 64), (40, 64), (59, 64), (60, 65), (61, 66), (36, 67), (60, 69), (35, 70), (59, 72), (34, 74), (58, 76), (33, 77), (57, 79), (32, 80), (32, 81), (33, 82), (56, 82), (34, 83), (56, 83), (35, 84), (53, 84), (54, 84), (55, 84), (36, 85), (50, 85), (51, 85), (52, 85), (37, 86), (46, 86), (47, 86), (48, 86), (49, 86), (38, 87), (43, 87), (44, 87), (45, 87), (39, 88), (40, 88), (41, 88), (42, 88)]
[(56, 83), (53, 84), (54, 84), (55, 84), (57, 84), (50, 85), (51, 85), (52, 85), (58, 85), (46, 86), (47, 86), (48, 86), (49, 86), (59, 86), (43, 87), (44, 87), (45, 87), (60, 87), (39, 88), (40, 88), (41, 88), (42, 88), (61, 88), (62, 89), (63, 90), (38, 91), (62, 93), (37, 94), (61, 96), (36, 98), (60, 100), (35, 101), (59, 103), (34, 104), (34, 105), (35, 106), (58, 106), (36, 107), (58, 107), (37, 108), (55, 108), (56, 108), (57, 108), (38, 109), (52, 109), (53, 109), (54, 109), (39, 110), (48, 110), (49, 110), (50, 110), (51, 110), (40, 111), (45, 111), (46, 111), (47, 111), (41, 112), (42, 112), (43, 112), (44, 112)]
[(80, 85), (77, 86), (78, 86), (79, 86), (81, 86), (74, 87), (75, 87), (76, 87), (82, 87), (70, 88), (71, 88), (72, 88), (73, 88), (83, 88), (67, 89), (68, 89), (69, 89), (84, 89), (63, 90), (64, 90), (65, 90), (66, 90), (85, 90), (86, 91), (87, 92), (62, 93), (86, 95), (61, 96), (85, 98), (60, 100), (84, 102), (59, 103), (83, 105), (58, 106), (58, 107), (59, 108), (82, 108), (60, 109), (82, 109), (61, 110), (79, 110), (80, 110), (81, 110), (62, 111), (76, 111), (77, 111), (78, 111), (63, 112), (72, 112), (73, 112), (74, 112), (75, 112), (64, 113), (69, 113), (70, 113), (71, 113), (65, 114), (66, 114), (67, 114), (68, 114)]
[(82, 109), (79, 110), (80, 110), (81, 110), (83, 110), (76, 111), (77, 111), (78, 111), (84, 111), (72, 112), (73, 112), (74, 112), (75, 112), (85, 112), (69, 113), (70, 113), (71, 113), (86, 113), (65, 114), (66, 114), (67, 114), (68, 114), (87, 114)]
[(106, 111), (103, 112), (104, 112), (105, 112), (107, 112), (100, 113), (101, 113), (102, 113), (108, 113), (96, 114), (97, 114), (98, 114), (99, 114), (109, 114)]
[(58, 107), (55, 108), (56, 108), (57, 108), (59, 108), (52, 109), (53, 109), (54, 109), (60, 109), (48, 110), (49, 110), (50, 110), (51, 110), (61, 110), (45, 111), (46, 111), (47, 111), (62, 111), (41, 112), (42, 112), (43, 112), (44, 112), (63, 112), (64, 113), (65, 114)]
