[(113, 12), (114, 12), (110, 13), (111, 13), (112, 13), (108, 14), (109, 14), (106, 15), (107, 15), (104, 16), (105, 16), (101, 17), (102, 17), (103, 17), (100, 19), (99, 21), (98, 23), (97, 25), (96, 28), (95, 30), (94, 32), (93, 34), (92, 37), (91, 39), (112, 39), (113, 39), (114, 39), (110, 40), (111, 40), (90, 41), (108, 41), (109, 41), (106, 42), (107, 42), (89, 43), (90, 43), (103, 43), (104, 43), (105, 43), (91, 44), (101, 44), (102, 44), (92, 45), (99, 45), (100, 45), (93, 46), (97, 46), (98, 46), (94, 47), (95, 47), (96, 47)]
[(114, 62), (113, 64), (112, 66), (113, 66), (114, 67)]
[(66, 20), (67, 20), (64, 21), (65, 21), (68, 21), (62, 22), (63, 22), (69, 22), (59, 23), (60, 23), (61, 23), (70, 23), (57, 24), (58, 24), (71, 24), (55, 25), (56, 25), (53, 26), (54, 26), (70, 26), (50, 27), (51, 27), (52, 27), (48, 28), (49, 28), (69, 28), (46, 29), (47, 29), (44, 30), (45, 30), (68, 30), (41, 31), (42, 31), (43, 31), (67, 32), (40, 33), (39, 35), (66, 35), (38, 37), (65, 37), (37, 39), (64, 39), (63, 41), (36, 42), (35, 44), (62, 44), (34, 46), (61, 46), (33, 48), (60, 48), (59, 50), (60, 50), (32, 51), (57, 51), (58, 51), (55, 52), (56, 52), (31, 53), (52, 53), (53, 53), (54, 53), (50, 54), (51, 54), (30, 55), (48, 55), (49, 55), (46, 56), (47, 56), (29, 57), (30, 57), (43, 57), (44, 57), (45, 57), (31, 58), (41, 58), (42, 58), (32, 59), (39, 59), (40, 59), (33, 60), (37, 60), (38, 60), (34, 61), (35, 61), (36, 61)]
[(96, 13), (97, 13), (94, 14), (95, 14), (98, 14), (92, 15), (93, 15), (99, 15), (89, 16), (90, 16), (91, 16), (100, 16), (87, 17), (88, 17), (101, 17), (85, 18), (86, 18), (83, 19), (84, 19), (100, 19), (80, 20), (81, 20), (82, 20), (78, 21), (79, 21), (99, 21), (76, 22), (77, 22), (74, 23), (75, 23), (98, 23), (71, 24), (72, 24), (73, 24), (97, 25), (70, 26), (69, 28), (96, 28), (68, 30), (95, 30), (67, 32), (94, 32), (93, 34), (66, 35), (65, 37), (92, 37), (64, 39), (91, 39), (63, 41), (90, 41), (89, 43), (90, 43), (62, 44), (87, 44), (88, 44), (85, 45), (86, 45), (61, 46), (82, 46), (83, 46), (84, 46), (80, 47), (81, 47), (60, 48), (78, 48), (79, 48), (76, 49), (77, 49), (59, 50), (60, 50), (73, 50), (74, 50), (75, 50), (61, 51), (71, 51), (72, 51), (62, 52), (69, 52), (70, 52), (63, 53), (67, 53), (68, 53), (64, 54), (65, 54), (66, 54)]
[(89, 43), (90, 43), (87, 44), (88, 44), (91, 44), (85, 45), (86, 45), (92, 45), (82, 46), (83, 46), (84, 46), (93, 46), (80, 47), (81, 47), (94, 47), (78, 48), (79, 48), (76, 49), (77, 49), (93, 49), (73, 50), (74, 50), (75, 50), (71, 51), (72, 51), (92, 51), (69, 52), (70, 52), (67, 53), (68, 53), (91, 53), (64, 54), (65, 54), (66, 54), (90, 55), (63, 56), (62, 58), (89, 58), (61, 60), (88, 60), (60, 62), (87, 62), (86, 64), (59, 65), (58, 67), (85, 67), (57, 69), (84, 69), (56, 71), (83, 71), (82, 73), (83, 73), (55, 74), (80, 74), (81, 74), (78, 75), (79, 75), (54, 76), (75, 76), (76, 76), (77, 76), (73, 77), (74, 77), (53, 78), (71, 78), (72, 78), (69, 79), (70, 79), (52, 80), (53, 80), (66, 80), (67, 80), (68, 80), (54, 81), (64, 81), (65, 81), (55, 82), (62, 82), (63, 82), (56, 83), (60, 83), (61, 83), (57, 84), (58, 84), (59, 84)]
[(112, 39), (113, 39), (114, 39), (110, 40), (111, 40), (108, 41), (109, 41), (106, 42), (107, 42), (103, 43), (104, 43), (105, 43), (101, 44), (102, 44), (99, 45), (100, 45), (97, 46), (98, 46), (94, 47), (95, 47), (96, 47), (93, 49), (92, 51), (91, 53), (90, 55), (89, 58), (88, 60), (87, 62), (114, 62), (86, 64), (113, 64), (112, 66), (113, 66), (85, 67), (110, 67), (111, 67), (108, 68), (109, 68), (84, 69), (105, 69), (106, 69), (107, 69), (103, 70), (104, 70), (83, 71), (101, 71), (102, 71), (99, 72), (100, 72), (82, 73), (83, 73), (96, 73), (97, 73), (98, 73), (84, 74), (94, 74), (95, 74), (85, 75), (92, 75), (93, 75), (86, 76), (90, 76), (91, 76), (87, 77), (88, 77), (89, 77)]
[(112, 66), (113, 66), (110, 67), (111, 67), (114, 67), (108, 68), (109, 68), (105, 69), (106, 69), (107, 69), (103, 70), (104, 70), (101, 71), (102, 71), (99, 72), (100, 72), (96, 73), (97, 73), (98, 73), (94, 74), (95, 74), (92, 75), (93, 75), (90, 76), (91, 76), (114, 76), (87, 77), (88, 77), (89, 77), (113, 78), (86, 79), (85, 81), (112, 81), (84, 83), (111, 83), (83, 85), (110, 85), (109, 87), (82, 88), (81, 90), (108, 90), (80, 92), (107, 92), (79, 94), (106, 94), (105, 96), (106, 96), (78, 97), (103, 97), (104, 97), (101, 98), (102, 98), (77, 99), (98, 99), (99, 99), (100, 99), (96, 100), (97, 100), (76, 101), (94, 101), (95, 101), (92, 102), (93, 102), (75, 103), (76, 103), (89, 103), (90, 103), (91, 103), (77, 104), (87, 104), (88, 104), (78, 105), (85, 105), (86, 105), (79, 106), (83, 106), (84, 106), (80, 107), (81, 107), (82, 107)]
[(114, 76), (113, 78), (112, 81), (111, 83), (110, 85), (109, 87), (108, 90), (107, 92), (106, 94), (105, 96), (106, 96), (107, 97), (108, 98), (109, 99), (113, 99), (114, 99), (110, 100), (111, 100), (112, 100)]
[(113, 99), (114, 99), (110, 100), (111, 100), (112, 100), (109, 102), (108, 104), (107, 106), (106, 108), (105, 111), (104, 113)]
[(29, 57), (30, 57), (27, 58), (28, 58), (31, 58), (25, 59), (26, 59), (32, 59), (22, 60), (23, 60), (24, 60), (33, 60), (20, 61), (21, 61), (34, 61), (18, 62), (19, 62), (16, 63), (17, 63), (33, 63), (13, 64), (14, 64), (15, 64), (11, 65), (12, 65), (32, 65), (9, 66), (10, 66), (7, 67), (8, 67), (31, 67), (4, 68), (5, 68), (6, 68), (30, 69), (3, 70), (2, 72), (29, 72), (1, 74), (28, 74), (0, 76), (27, 76), (26, 78), (25, 81), (24, 83), (23, 85), (22, 87), (23, 87), (20, 88), (21, 88), (18, 89), (19, 89), (15, 90), (16, 90), (17, 90), (13, 91), (14, 91), (11, 92), (12, 92), (9, 93), (10, 93), (6, 94), (7, 94), (8, 94), (4, 95), (5, 95), (2, 96), (3, 96), (0, 97), (1, 97)]
[(59, 50), (60, 50), (57, 51), (58, 51), (61, 51), (55, 52), (56, 52), (62, 52), (52, 53), (53, 53), (54, 53), (63, 53), (50, 54), (51, 54), (64, 54), (48, 55), (49, 55), (46, 56), (47, 56), (63, 56), (43, 57), (44, 57), (45, 57), (41, 58), (42, 58), (62, 58), (39, 59), (40, 59), (37, 60), (38, 60), (61, 60), (34, 61), (35, 61), (36, 61), (60, 62), (33, 63), (32, 65), (59, 65), (31, 67), (58, 67), (30, 69), (57, 69), (56, 71), (29, 72), (28, 74), (55, 74), (27, 76), (54, 76), (26, 78), (53, 78), (52, 80), (53, 80), (25, 81), (50, 81), (51, 81), (48, 82), (49, 82), (24, 83), (45, 83), (46, 83), (47, 83), (43, 84), (44, 84), (23, 85), (41, 85), (42, 85), (39, 86), (40, 86), (22, 87), (23, 87), (36, 87), (37, 87), (38, 87), (24, 88), (34, 88), (35, 88), (25, 89), (32, 89), (33, 89), (26, 90), (30, 90), (31, 90), (27, 91), (28, 91), (29, 91)]
[(52, 80), (53, 80), (50, 81), (51, 81), (54, 81), (48, 82), (49, 82), (55, 82), (45, 83), (46, 83), (47, 83), (56, 83), (43, 84), (44, 84), (57, 84), (41, 85), (42, 85), (39, 86), (40, 86), (56, 86), (36, 87), (37, 87), (38, 87), (34, 88), (35, 88), (55, 88), (32, 89), (33, 89), (30, 90), (31, 90), (54, 90), (27, 91), (28, 91), (29, 91), (53, 92), (26, 93), (25, 95), (52, 95), (24, 97), (51, 97), (23, 99), (50, 99), (49, 101), (22, 102), (21, 104), (48, 104), (20, 106), (47, 106), (19, 108), (46, 108), (45, 110), (46, 110), (18, 111), (43, 111), (44, 111), (41, 112), (42, 112), (17, 113), (38, 113), (39, 113), (40, 113), (36, 114), (37, 114)]
[(82, 73), (83, 73), (80, 74), (81, 74), (84, 74), (78, 75), (79, 75), (85, 75), (75, 76), (76, 76), (77, 76), (86, 76), (73, 77), (74, 77), (87, 77), (71, 78), (72, 78), (69, 79), (70, 79), (86, 79), (66, 80), (67, 80), (68, 80), (64, 81), (65, 81), (85, 81), (62, 82), (63, 82), (60, 83), (61, 83), (84, 83), (57, 84), (58, 84), (59, 84), (83, 85), (56, 86), (55, 88), (82, 88), (54, 90), (81, 90), (53, 92), (80, 92), (79, 94), (52, 95), (51, 97), (78, 97), (50, 99), (77, 99), (49, 101), (76, 101), (75, 103), (76, 103), (48, 104), (73, 104), (74, 104), (71, 105), (72, 105), (47, 106), (68, 106), (69, 106), (70, 106), (66, 107), (67, 107), (46, 108), (64, 108), (65, 108), (62, 109), (63, 109), (45, 110), (46, 110), (59, 110), (60, 110), (61, 110), (47, 111), (57, 111), (58, 111), (48, 112), (55, 112), (56, 112), (49, 113), (53, 113), (54, 113), (50, 114), (51, 114), (52, 114)]
[(75, 103), (76, 103), (73, 104), (74, 104), (77, 104), (71, 105), (72, 105), (78, 105), (68, 106), (69, 106), (70, 106), (79, 106), (66, 107), (67, 107), (80, 107), (64, 108), (65, 108), (62, 109), (63, 109), (79, 109), (59, 110), (60, 110), (61, 110), (57, 111), (58, 111), (78, 111), (55, 112), (56, 112), (53, 113), (54, 113), (77, 113), (50, 114), (51, 114), (52, 114)]
[(105, 96), (106, 96), (103, 97), (104, 97), (107, 97), (101, 98), (102, 98), (108, 98), (98, 99), (99, 99), (100, 99), (109, 99), (96, 100), (97, 100), (110, 100), (94, 101), (95, 101), (92, 102), (93, 102), (109, 102), (89, 103), (90, 103), (91, 103), (87, 104), (88, 104), (108, 104), (85, 105), (86, 105), (83, 106), (84, 106), (107, 106), (80, 107), (81, 107), (82, 107), (106, 108), (79, 109), (78, 111), (105, 111), (77, 113), (104, 113)]
[(22, 87), (23, 87), (20, 88), (21, 88), (24, 88), (18, 89), (19, 89), (25, 89), (15, 90), (16, 90), (17, 90), (26, 90), (13, 91), (14, 91), (27, 91), (11, 92), (12, 92), (9, 93), (10, 93), (26, 93), (6, 94), (7, 94), (8, 94), (4, 95), (5, 95), (25, 95), (2, 96), (3, 96), (0, 97), (1, 97), (24, 97), (23, 99), (22, 102), (21, 104), (20, 106), (19, 108), (18, 111), (17, 113)]
[(45, 110), (46, 110), (43, 111), (44, 111), (47, 111), (41, 112), (42, 112), (48, 112), (38, 113), (39, 113), (40, 113), (49, 113), (36, 114), (37, 114), (50, 114)]
