[(82, 0), (83, 0), (84, 0), (96, 0), (79, 1), (80, 1), (81, 1), (76, 2), (77, 2), (78, 2), (73, 3), (74, 3), (75, 3), (95, 3), (70, 4), (71, 4), (72, 4), (69, 6), (94, 6), (68, 9), (93, 9), (67, 12), (92, 12), (66, 15), (91, 15), (90, 17), (65, 18), (89, 20), (64, 21), (63, 23), (87, 23), (88, 23), (89, 23), (84, 24), (85, 24), (86, 24), (82, 25), (83, 25), (62, 26), (79, 26), (80, 26), (81, 26), (76, 27), (77, 27), (78, 27), (73, 28), (74, 28), (75, 28), (61, 29), (62, 29), (70, 29), (71, 29), (72, 29), (63, 30), (67, 30), (68, 30), (69, 30), (64, 31), (65, 31), (66, 31)]
[(96, 0), (95, 3), (94, 6), (93, 9), (92, 12), (91, 15), (90, 17), (114, 17), (111, 18), (112, 18), (113, 18), (109, 19), (110, 19), (89, 20), (106, 20), (107, 20), (108, 20), (103, 21), (104, 21), (105, 21), (100, 22), (101, 22), (102, 22), (88, 23), (89, 23), (97, 23), (98, 23), (99, 23), (90, 24), (94, 24), (95, 24), (96, 24), (91, 25), (92, 25), (93, 25)]
[(114, 17), (111, 18), (112, 18), (113, 18), (109, 19), (110, 19), (106, 20), (107, 20), (108, 20), (103, 21), (104, 21), (105, 21), (100, 22), (101, 22), (102, 22), (97, 23), (98, 23), (99, 23), (94, 24), (95, 24), (96, 24), (91, 25), (92, 25), (93, 25), (90, 27), (89, 30), (114, 30), (88, 33), (113, 33), (87, 36), (112, 36), (111, 38), (86, 39), (110, 41), (85, 42), (84, 44), (108, 44), (109, 44), (110, 44), (105, 45), (106, 45), (107, 45), (103, 46), (104, 46), (83, 47), (100, 47), (101, 47), (102, 47), (97, 48), (98, 48), (99, 48), (94, 49), (95, 49), (96, 49), (82, 50), (83, 50), (91, 50), (92, 50), (93, 50), (84, 51), (88, 51), (89, 51), (90, 51), (85, 52), (86, 52), (87, 52)]
[(114, 30), (113, 33), (112, 36), (111, 38), (110, 41), (109, 44), (110, 44), (111, 45), (112, 46), (113, 46), (114, 46)]
[(112, 46), (113, 46), (114, 46), (111, 48), (110, 51), (109, 54), (108, 57), (107, 60), (106, 63), (105, 65), (104, 68), (103, 71), (104, 71), (112, 71), (113, 71), (114, 71), (105, 72), (109, 72), (110, 72), (111, 72), (106, 73), (107, 73), (108, 73)]
[(39, 8), (40, 8), (41, 8), (36, 9), (37, 9), (38, 9), (42, 9), (34, 10), (35, 10), (43, 10), (31, 11), (32, 11), (33, 11), (28, 12), (29, 12), (30, 12), (42, 12), (25, 13), (26, 13), (27, 13), (22, 14), (23, 14), (24, 14), (19, 15), (20, 15), (21, 15), (41, 15), (16, 16), (17, 16), (18, 16), (15, 18), (40, 18), (14, 21), (39, 21), (13, 24), (38, 24), (12, 27), (37, 27), (36, 29), (11, 30), (35, 32), (10, 33), (9, 35), (33, 35), (34, 35), (35, 35), (30, 36), (31, 36), (32, 36), (28, 37), (29, 37), (8, 38), (25, 38), (26, 38), (27, 38), (22, 39), (23, 39), (24, 39), (19, 40), (20, 40), (21, 40), (7, 41), (8, 41), (16, 41), (17, 41), (18, 41), (9, 42), (13, 42), (14, 42), (15, 42), (10, 43), (11, 43), (12, 43)]
[(66, 2), (67, 2), (68, 2), (63, 3), (64, 3), (65, 3), (69, 3), (61, 4), (62, 4), (70, 4), (58, 5), (59, 5), (60, 5), (55, 6), (56, 6), (57, 6), (69, 6), (52, 7), (53, 7), (54, 7), (49, 8), (50, 8), (51, 8), (46, 9), (47, 9), (48, 9), (68, 9), (43, 10), (44, 10), (45, 10), (42, 12), (67, 12), (41, 15), (66, 15), (40, 18), (65, 18), (39, 21), (64, 21), (63, 23), (38, 24), (62, 26), (37, 27), (36, 29), (60, 29), (61, 29), (62, 29), (57, 30), (58, 30), (59, 30), (55, 31), (56, 31), (35, 32), (52, 32), (53, 32), (54, 32), (49, 33), (50, 33), (51, 33), (46, 34), (47, 34), (48, 34), (34, 35), (35, 35), (43, 35), (44, 35), (45, 35), (36, 36), (40, 36), (41, 36), (42, 36), (37, 37), (38, 37), (39, 37)]
[(60, 29), (61, 29), (62, 29), (57, 30), (58, 30), (59, 30), (63, 30), (55, 31), (56, 31), (64, 31), (52, 32), (53, 32), (54, 32), (49, 33), (50, 33), (51, 33), (63, 33), (46, 34), (47, 34), (48, 34), (43, 35), (44, 35), (45, 35), (40, 36), (41, 36), (42, 36), (62, 36), (37, 37), (38, 37), (39, 37), (36, 39), (61, 39), (35, 42), (60, 42), (34, 45), (59, 45), (33, 48), (58, 48), (57, 50), (32, 51), (56, 53), (31, 54), (30, 56), (54, 56), (55, 56), (56, 56), (51, 57), (52, 57), (53, 57), (49, 58), (50, 58), (29, 59), (46, 59), (47, 59), (48, 59), (43, 60), (44, 60), (45, 60), (40, 61), (41, 61), (42, 61), (28, 62), (29, 62), (37, 62), (38, 62), (39, 62), (30, 63), (34, 63), (35, 63), (36, 63), (31, 64), (32, 64), (33, 64)]
[(87, 23), (88, 23), (89, 23), (84, 24), (85, 24), (86, 24), (90, 24), (82, 25), (83, 25), (91, 25), (79, 26), (80, 26), (81, 26), (76, 27), (77, 27), (78, 27), (90, 27), (73, 28), (74, 28), (75, 28), (70, 29), (71, 29), (72, 29), (67, 30), (68, 30), (69, 30), (89, 30), (64, 31), (65, 31), (66, 31), (63, 33), (88, 33), (62, 36), (87, 36), (61, 39), (86, 39), (60, 42), (85, 42), (84, 44), (59, 45), (83, 47), (58, 48), (57, 50), (81, 50), (82, 50), (83, 50), (78, 51), (79, 51), (80, 51), (76, 52), (77, 52), (56, 53), (73, 53), (74, 53), (75, 53), (70, 54), (71, 54), (72, 54), (67, 55), (68, 55), (69, 55), (55, 56), (56, 56), (64, 56), (65, 56), (66, 56), (57, 57), (61, 57), (62, 57), (63, 57), (58, 58), (59, 58), (60, 58)]
[(81, 50), (82, 50), (83, 50), (78, 51), (79, 51), (80, 51), (84, 51), (76, 52), (77, 52), (85, 52), (73, 53), (74, 53), (75, 53), (70, 54), (71, 54), (72, 54), (84, 54), (67, 55), (68, 55), (69, 55), (64, 56), (65, 56), (66, 56), (61, 57), (62, 57), (63, 57), (83, 57), (58, 58), (59, 58), (60, 58), (57, 60), (82, 60), (56, 63), (81, 63), (55, 66), (80, 66), (54, 69), (79, 69), (78, 71), (53, 72), (77, 74), (52, 75), (51, 77), (75, 77), (76, 77), (77, 77), (72, 78), (73, 78), (74, 78), (70, 79), (71, 79), (50, 80), (67, 80), (68, 80), (69, 80), (64, 81), (65, 81), (66, 81), (61, 82), (62, 82), (63, 82), (49, 83), (50, 83), (58, 83), (59, 83), (60, 83), (51, 84), (55, 84), (56, 84), (57, 84), (52, 85), (53, 85), (54, 85)]
[(108, 44), (109, 44), (110, 44), (105, 45), (106, 45), (107, 45), (111, 45), (103, 46), (104, 46), (112, 46), (100, 47), (101, 47), (102, 47), (97, 48), (98, 48), (99, 48), (111, 48), (94, 49), (95, 49), (96, 49), (91, 50), (92, 50), (93, 50), (88, 51), (89, 51), (90, 51), (110, 51), (85, 52), (86, 52), (87, 52), (84, 54), (109, 54), (83, 57), (108, 57), (82, 60), (107, 60), (81, 63), (106, 63), (105, 65), (80, 66), (104, 68), (79, 69), (78, 71), (102, 71), (103, 71), (104, 71), (99, 72), (100, 72), (101, 72), (97, 73), (98, 73), (77, 74), (94, 74), (95, 74), (96, 74), (91, 75), (92, 75), (93, 75), (88, 76), (89, 76), (90, 76), (76, 77), (77, 77), (85, 77), (86, 77), (87, 77), (78, 78), (82, 78), (83, 78), (84, 78), (79, 79), (80, 79), (81, 79)]
[(102, 71), (103, 71), (104, 71), (99, 72), (100, 72), (101, 72), (105, 72), (97, 73), (98, 73), (106, 73), (94, 74), (95, 74), (96, 74), (91, 75), (92, 75), (93, 75), (105, 75), (88, 76), (89, 76), (90, 76), (85, 77), (86, 77), (87, 77), (82, 78), (83, 78), (84, 78), (104, 78), (79, 79), (80, 79), (81, 79), (78, 81), (103, 81), (77, 84), (102, 84), (76, 87), (101, 87), (75, 90), (100, 90), (99, 92), (74, 93), (98, 95), (73, 96), (72, 98), (96, 98), (97, 98), (98, 98), (93, 99), (94, 99), (95, 99), (91, 100), (92, 100), (71, 101), (88, 101), (89, 101), (90, 101), (85, 102), (86, 102), (87, 102), (82, 103), (83, 103), (84, 103), (70, 104), (71, 104), (79, 104), (80, 104), (81, 104), (72, 105), (76, 105), (77, 105), (78, 105), (73, 106), (74, 106), (75, 106)]
[(112, 71), (113, 71), (114, 71), (109, 72), (110, 72), (111, 72), (106, 73), (107, 73), (108, 73), (105, 75), (104, 78), (103, 81), (102, 84), (101, 87), (100, 90), (99, 92), (98, 95), (112, 96), (113, 96), (114, 96), (109, 97), (110, 97), (111, 97), (97, 98), (98, 98), (106, 98), (107, 98), (108, 98), (99, 99), (103, 99), (104, 99), (105, 99), (100, 100), (101, 100), (102, 100)]
[(112, 96), (113, 96), (114, 96), (109, 97), (110, 97), (111, 97), (106, 98), (107, 98), (108, 98), (103, 99), (104, 99), (105, 99), (100, 100), (101, 100), (102, 100), (99, 102), (98, 105), (97, 108), (96, 111), (95, 114)]
[(6, 41), (7, 41), (8, 41), (3, 42), (4, 42), (5, 42), (9, 42), (1, 43), (2, 43), (10, 43), (0, 44), (9, 45), (8, 48), (7, 51), (6, 54), (5, 57), (4, 60), (3, 62), (2, 65), (0, 68), (1, 68), (2, 68)]
[(33, 35), (34, 35), (35, 35), (30, 36), (31, 36), (32, 36), (36, 36), (28, 37), (29, 37), (37, 37), (25, 38), (26, 38), (27, 38), (22, 39), (23, 39), (24, 39), (36, 39), (19, 40), (20, 40), (21, 40), (16, 41), (17, 41), (18, 41), (13, 42), (14, 42), (15, 42), (35, 42), (10, 43), (11, 43), (12, 43), (9, 45), (34, 45), (8, 48), (33, 48), (7, 51), (32, 51), (6, 54), (31, 54), (30, 56), (5, 57), (29, 59), (4, 60), (3, 62), (27, 62), (28, 62), (29, 62), (24, 63), (25, 63), (26, 63), (22, 64), (23, 64), (2, 65), (19, 65), (20, 65), (21, 65), (16, 66), (17, 66), (18, 66), (13, 67), (14, 67), (15, 67), (1, 68), (2, 68), (10, 68), (11, 68), (12, 68), (3, 69), (7, 69), (8, 69), (9, 69), (4, 70), (5, 70), (6, 70)]
[(27, 62), (28, 62), (29, 62), (24, 63), (25, 63), (26, 63), (30, 63), (22, 64), (23, 64), (31, 64), (19, 65), (20, 65), (21, 65), (16, 66), (17, 66), (18, 66), (30, 66), (13, 67), (14, 67), (15, 67), (10, 68), (11, 68), (12, 68), (7, 69), (8, 69), (9, 69), (29, 69), (4, 70), (5, 70), (6, 70), (3, 72), (28, 72), (2, 75), (27, 75), (1, 78), (26, 78), (0, 81), (25, 81), (24, 83), (23, 86), (21, 89), (22, 89), (23, 89), (18, 90), (19, 90), (20, 90), (16, 91), (17, 91), (13, 92), (14, 92), (15, 92), (10, 93), (11, 93), (12, 93), (7, 94), (8, 94), (9, 94), (4, 95), (5, 95), (6, 95), (1, 96), (2, 96), (3, 96), (0, 97)]
[(54, 56), (55, 56), (56, 56), (51, 57), (52, 57), (53, 57), (57, 57), (49, 58), (50, 58), (58, 58), (46, 59), (47, 59), (48, 59), (43, 60), (44, 60), (45, 60), (57, 60), (40, 61), (41, 61), (42, 61), (37, 62), (38, 62), (39, 62), (34, 63), (35, 63), (36, 63), (56, 63), (31, 64), (32, 64), (33, 64), (30, 66), (55, 66), (29, 69), (54, 69), (28, 72), (53, 72), (27, 75), (52, 75), (51, 77), (26, 78), (50, 80), (25, 81), (24, 83), (48, 83), (49, 83), (50, 83), (45, 84), (46, 84), (47, 84), (43, 85), (44, 85), (23, 86), (40, 86), (41, 86), (42, 86), (37, 87), (38, 87), (39, 87), (34, 88), (35, 88), (36, 88), (22, 89), (23, 89), (31, 89), (32, 89), (33, 89), (24, 90), (28, 90), (29, 90), (30, 90), (25, 91), (26, 91), (27, 91)]
[(48, 83), (49, 83), (50, 83), (45, 84), (46, 84), (47, 84), (51, 84), (43, 85), (44, 85), (52, 85), (40, 86), (41, 86), (42, 86), (37, 87), (38, 87), (39, 87), (51, 87), (34, 88), (35, 88), (36, 88), (31, 89), (32, 89), (33, 89), (28, 90), (29, 90), (30, 90), (50, 90), (25, 91), (26, 91), (27, 91), (24, 93), (49, 93), (23, 96), (48, 96), (22, 99), (47, 99), (21, 102), (46, 102), (45, 104), (20, 105), (44, 107), (19, 108), (18, 110), (42, 110), (43, 110), (44, 110), (39, 111), (40, 111), (41, 111), (37, 112), (38, 112), (17, 113), (34, 113), (35, 113), (36, 113), (31, 114), (32, 114), (33, 114)]
[(75, 77), (76, 77), (77, 77), (72, 78), (73, 78), (74, 78), (78, 78), (70, 79), (71, 79), (79, 79), (67, 80), (68, 80), (69, 80), (64, 81), (65, 81), (66, 81), (78, 81), (61, 82), (62, 82), (63, 82), (58, 83), (59, 83), (60, 83), (55, 84), (56, 84), (57, 84), (77, 84), (52, 85), (53, 85), (54, 85), (51, 87), (76, 87), (50, 90), (75, 90), (49, 93), (74, 93), (48, 96), (73, 96), (72, 98), (47, 99), (71, 101), (46, 102), (45, 104), (69, 104), (70, 104), (71, 104), (66, 105), (67, 105), (68, 105), (64, 106), (65, 106), (44, 107), (61, 107), (62, 107), (63, 107), (58, 108), (59, 108), (60, 108), (55, 109), (56, 109), (57, 109), (43, 110), (44, 110), (52, 110), (53, 110), (54, 110), (45, 111), (49, 111), (50, 111), (51, 111), (46, 112), (47, 112), (48, 112)]
[(69, 104), (70, 104), (71, 104), (66, 105), (67, 105), (68, 105), (72, 105), (64, 106), (65, 106), (73, 106), (61, 107), (62, 107), (63, 107), (58, 108), (59, 108), (60, 108), (72, 108), (55, 109), (56, 109), (57, 109), (52, 110), (53, 110), (54, 110), (49, 111), (50, 111), (51, 111), (71, 111), (46, 112), (47, 112), (48, 112), (45, 114), (70, 114)]
[(96, 98), (97, 98), (98, 98), (93, 99), (94, 99), (95, 99), (99, 99), (91, 100), (92, 100), (100, 100), (88, 101), (89, 101), (90, 101), (85, 102), (86, 102), (87, 102), (99, 102), (82, 103), (83, 103), (84, 103), (79, 104), (80, 104), (81, 104), (76, 105), (77, 105), (78, 105), (98, 105), (73, 106), (74, 106), (75, 106), (72, 108), (97, 108), (71, 111), (96, 111), (70, 114), (95, 114)]
[(0, 68), (1, 68), (2, 68), (3, 69), (4, 70), (3, 72), (2, 75), (1, 78), (0, 81)]
[(21, 89), (22, 89), (23, 89), (18, 90), (19, 90), (20, 90), (24, 90), (16, 91), (17, 91), (25, 91), (13, 92), (14, 92), (15, 92), (10, 93), (11, 93), (12, 93), (24, 93), (7, 94), (8, 94), (9, 94), (4, 95), (5, 95), (6, 95), (1, 96), (2, 96), (3, 96), (23, 96), (0, 97), (22, 99), (21, 102), (20, 105), (19, 108), (18, 110), (17, 113)]
[(42, 110), (43, 110), (44, 110), (39, 111), (40, 111), (41, 111), (45, 111), (37, 112), (38, 112), (46, 112), (34, 113), (35, 113), (36, 113), (31, 114), (32, 114), (33, 114), (45, 114)]
