[(79, 0), (102, 1), (78, 2), (101, 3), (77, 5), (100, 6), (76, 7), (99, 8), (75, 9), (98, 10), (74, 11), (96, 13), (97, 13), (98, 13), (73, 14), (94, 14), (95, 14), (92, 15), (93, 15), (72, 16), (89, 16), (90, 16), (91, 16), (87, 17), (88, 17), (71, 18), (85, 18), (86, 18), (83, 19), (84, 19), (80, 20), (81, 20), (82, 20), (70, 21), (71, 21), (78, 21), (79, 21), (72, 22), (76, 22), (77, 22), (73, 23), (74, 23), (75, 23)]
[(102, 1), (101, 3), (100, 6), (99, 8), (114, 9), (98, 10), (112, 10), (113, 10), (110, 11), (111, 11), (107, 12), (108, 12), (109, 12), (97, 13), (98, 13), (105, 13), (106, 13), (99, 14), (103, 14), (104, 14), (100, 15), (101, 15), (102, 15)]
[(114, 9), (112, 10), (113, 10), (110, 11), (111, 11), (107, 12), (108, 12), (109, 12), (105, 13), (106, 13), (103, 14), (104, 14), (100, 15), (101, 15), (102, 15), (99, 17), (98, 19), (97, 21), (96, 24), (95, 26), (94, 28), (93, 30), (92, 33), (113, 33), (114, 33), (111, 34), (112, 34), (91, 35), (108, 35), (109, 35), (110, 35), (106, 36), (107, 36), (90, 37), (104, 37), (105, 37), (102, 38), (103, 38), (99, 39), (100, 39), (101, 39), (89, 40), (90, 40), (97, 40), (98, 40), (91, 41), (95, 41), (96, 41), (92, 42), (93, 42), (94, 42)]
[(114, 45), (113, 47), (112, 49), (111, 52), (110, 54), (109, 56), (108, 59), (109, 59), (110, 60), (114, 60), (111, 61), (112, 61), (113, 61)]
[(50, 2), (51, 2), (52, 2), (48, 3), (49, 3), (53, 3), (46, 4), (47, 4), (54, 4), (43, 5), (44, 5), (45, 5), (41, 6), (42, 6), (53, 6), (39, 7), (40, 7), (37, 8), (38, 8), (52, 8), (34, 9), (35, 9), (36, 9), (32, 10), (33, 10), (51, 10), (30, 11), (31, 11), (27, 12), (28, 12), (29, 12), (50, 13), (26, 14), (49, 15), (25, 16), (48, 17), (24, 18), (47, 19), (23, 21), (46, 22), (22, 23), (45, 24), (21, 25), (44, 26), (20, 27), (42, 29), (43, 29), (44, 29), (19, 30), (40, 30), (41, 30), (38, 31), (39, 31), (18, 32), (35, 32), (36, 32), (37, 32), (33, 33), (34, 33), (17, 34), (31, 34), (32, 34), (29, 35), (30, 35), (26, 36), (27, 36), (28, 36), (16, 37), (17, 37), (24, 37), (25, 37), (18, 38), (22, 38), (23, 38), (19, 39), (20, 39), (21, 39)]
[(64, 0), (65, 0), (79, 0), (61, 1), (62, 1), (63, 1), (59, 2), (60, 2), (78, 2), (57, 3), (58, 3), (54, 4), (55, 4), (56, 4), (77, 5), (53, 6), (76, 7), (52, 8), (75, 9), (51, 10), (74, 11), (50, 13), (73, 14), (49, 15), (72, 16), (48, 17), (71, 18), (47, 19), (69, 21), (70, 21), (71, 21), (46, 22), (67, 22), (68, 22), (65, 23), (66, 23), (45, 24), (62, 24), (63, 24), (64, 24), (60, 25), (61, 25), (44, 26), (58, 26), (59, 26), (56, 27), (57, 27), (53, 28), (54, 28), (55, 28), (43, 29), (44, 29), (51, 29), (52, 29), (45, 30), (49, 30), (50, 30), (46, 31), (47, 31), (48, 31)]
[(69, 21), (70, 21), (71, 21), (67, 22), (68, 22), (72, 22), (65, 23), (66, 23), (73, 23), (62, 24), (63, 24), (64, 24), (60, 25), (61, 25), (72, 25), (58, 26), (59, 26), (56, 27), (57, 27), (71, 27), (53, 28), (54, 28), (55, 28), (51, 29), (52, 29), (70, 29), (49, 30), (50, 30), (46, 31), (47, 31), (48, 31), (69, 32), (45, 33), (68, 34), (44, 35), (67, 36), (43, 37), (66, 38), (42, 40), (65, 41), (41, 42), (64, 43), (40, 44), (63, 45), (39, 46), (61, 48), (62, 48), (63, 48), (38, 49), (59, 49), (60, 49), (57, 50), (58, 50), (37, 51), (54, 51), (55, 51), (56, 51), (52, 52), (53, 52), (36, 53), (50, 53), (51, 53), (48, 54), (49, 54), (45, 55), (46, 55), (47, 55), (35, 56), (36, 56), (43, 56), (44, 56), (37, 57), (41, 57), (42, 57), (38, 58), (39, 58), (40, 58)]
[(96, 13), (97, 13), (98, 13), (94, 14), (95, 14), (99, 14), (92, 15), (93, 15), (100, 15), (89, 16), (90, 16), (91, 16), (87, 17), (88, 17), (99, 17), (85, 18), (86, 18), (83, 19), (84, 19), (98, 19), (80, 20), (81, 20), (82, 20), (78, 21), (79, 21), (97, 21), (76, 22), (77, 22), (73, 23), (74, 23), (75, 23), (96, 24), (72, 25), (95, 26), (71, 27), (94, 28), (70, 29), (93, 30), (69, 32), (92, 33), (68, 34), (91, 35), (67, 36), (90, 37), (66, 38), (88, 40), (89, 40), (90, 40), (65, 41), (86, 41), (87, 41), (84, 42), (85, 42), (64, 43), (81, 43), (82, 43), (83, 43), (79, 44), (80, 44), (63, 45), (77, 45), (78, 45), (75, 46), (76, 46), (72, 47), (73, 47), (74, 47), (62, 48), (63, 48), (70, 48), (71, 48), (64, 49), (68, 49), (69, 49), (65, 50), (66, 50), (67, 50)]
[(88, 40), (89, 40), (90, 40), (86, 41), (87, 41), (91, 41), (84, 42), (85, 42), (92, 42), (81, 43), (82, 43), (83, 43), (79, 44), (80, 44), (91, 44), (77, 45), (78, 45), (75, 46), (76, 46), (90, 46), (72, 47), (73, 47), (74, 47), (70, 48), (71, 48), (89, 48), (68, 49), (69, 49), (65, 50), (66, 50), (67, 50), (88, 51), (64, 52), (87, 53), (63, 54), (86, 55), (62, 56), (85, 57), (61, 59), (84, 60), (60, 61), (83, 62), (59, 63), (82, 64), (58, 65), (80, 67), (81, 67), (82, 67), (57, 68), (78, 68), (79, 68), (76, 69), (77, 69), (56, 70), (73, 70), (74, 70), (75, 70), (71, 71), (72, 71), (55, 72), (69, 72), (70, 72), (67, 73), (68, 73), (64, 74), (65, 74), (66, 74), (54, 75), (55, 75), (62, 75), (63, 75), (56, 76), (60, 76), (61, 76), (57, 77), (58, 77), (59, 77)]
[(113, 33), (114, 33), (111, 34), (112, 34), (108, 35), (109, 35), (110, 35), (106, 36), (107, 36), (104, 37), (105, 37), (102, 38), (103, 38), (99, 39), (100, 39), (101, 39), (97, 40), (98, 40), (95, 41), (96, 41), (92, 42), (93, 42), (94, 42), (91, 44), (114, 45), (90, 46), (113, 47), (89, 48), (112, 49), (88, 51), (111, 52), (87, 53), (110, 54), (86, 55), (109, 56), (85, 57), (107, 59), (108, 59), (109, 59), (84, 60), (105, 60), (106, 60), (103, 61), (104, 61), (83, 62), (100, 62), (101, 62), (102, 62), (98, 63), (99, 63), (82, 64), (96, 64), (97, 64), (94, 65), (95, 65), (91, 66), (92, 66), (93, 66), (81, 67), (82, 67), (89, 67), (90, 67), (83, 68), (87, 68), (88, 68), (84, 69), (85, 69), (86, 69)]
[(107, 59), (108, 59), (109, 59), (105, 60), (106, 60), (110, 60), (103, 61), (104, 61), (111, 61), (100, 62), (101, 62), (102, 62), (98, 63), (99, 63), (110, 63), (96, 64), (97, 64), (94, 65), (95, 65), (109, 65), (91, 66), (92, 66), (93, 66), (89, 67), (90, 67), (108, 67), (87, 68), (88, 68), (84, 69), (85, 69), (86, 69), (107, 70), (83, 71), (106, 72), (82, 73), (105, 74), (81, 75), (104, 76), (80, 78), (103, 79), (79, 80), (102, 81), (78, 82), (101, 83), (77, 84), (99, 86), (100, 86), (101, 86), (76, 87), (97, 87), (98, 87), (95, 88), (96, 88), (75, 89), (92, 89), (93, 89), (94, 89), (90, 90), (91, 90), (74, 91), (88, 91), (89, 91), (86, 92), (87, 92), (83, 93), (84, 93), (85, 93), (73, 94), (74, 94), (81, 94), (82, 94), (75, 95), (79, 95), (80, 95), (76, 96), (77, 96), (78, 96)]
[(114, 60), (111, 61), (112, 61), (113, 61), (110, 63), (109, 65), (108, 67), (107, 70), (106, 72), (105, 74), (104, 76), (103, 79), (102, 81), (101, 83), (113, 84), (114, 84), (110, 85), (111, 85), (112, 85), (100, 86), (101, 86), (108, 86), (109, 86), (102, 87), (106, 87), (107, 87), (103, 88), (104, 88), (105, 88)]
[(113, 84), (114, 84), (110, 85), (111, 85), (112, 85), (108, 86), (109, 86), (106, 87), (107, 87), (103, 88), (104, 88), (105, 88), (102, 90), (101, 92), (100, 94), (99, 97), (98, 99), (97, 101), (96, 103), (95, 106), (114, 107), (94, 108), (111, 108), (112, 108), (113, 108), (109, 109), (110, 109), (93, 110), (107, 110), (108, 110), (105, 111), (106, 111), (102, 112), (103, 112), (104, 112), (92, 113), (93, 113), (100, 113), (101, 113), (94, 114), (98, 114), (99, 114)]
[(15, 37), (16, 37), (17, 37), (13, 38), (14, 38), (18, 38), (11, 39), (12, 39), (19, 39), (8, 40), (9, 40), (10, 40), (6, 41), (7, 41), (18, 41), (4, 42), (5, 42), (2, 43), (3, 43), (17, 43), (0, 44), (1, 44), (16, 45), (15, 48), (14, 50), (13, 52), (12, 54), (11, 57), (10, 59), (9, 61), (7, 64), (8, 64), (9, 64), (5, 65), (6, 65), (3, 66), (4, 66), (0, 67), (1, 67), (2, 67)]
[(42, 29), (43, 29), (44, 29), (40, 30), (41, 30), (45, 30), (38, 31), (39, 31), (46, 31), (35, 32), (36, 32), (37, 32), (33, 33), (34, 33), (45, 33), (31, 34), (32, 34), (29, 35), (30, 35), (44, 35), (26, 36), (27, 36), (28, 36), (24, 37), (25, 37), (43, 37), (22, 38), (23, 38), (19, 39), (20, 39), (21, 39), (42, 40), (18, 41), (41, 42), (17, 43), (40, 44), (16, 45), (39, 46), (15, 48), (38, 49), (14, 50), (37, 51), (13, 52), (36, 53), (12, 54), (34, 56), (35, 56), (36, 56), (11, 57), (32, 57), (33, 57), (30, 58), (31, 58), (10, 59), (27, 59), (28, 59), (29, 59), (25, 60), (26, 60), (9, 61), (23, 61), (24, 61), (21, 62), (22, 62), (18, 63), (19, 63), (20, 63), (8, 64), (9, 64), (16, 64), (17, 64), (10, 65), (14, 65), (15, 65), (11, 66), (12, 66), (13, 66)]
[(34, 56), (35, 56), (36, 56), (32, 57), (33, 57), (37, 57), (30, 58), (31, 58), (38, 58), (27, 59), (28, 59), (29, 59), (25, 60), (26, 60), (37, 60), (23, 61), (24, 61), (21, 62), (22, 62), (36, 62), (18, 63), (19, 63), (20, 63), (16, 64), (17, 64), (35, 64), (14, 65), (15, 65), (11, 66), (12, 66), (13, 66), (34, 67), (10, 68), (33, 69), (9, 70), (32, 71), (8, 72), (31, 73), (7, 75), (30, 76), (6, 77), (29, 78), (5, 79), (28, 80), (4, 81), (26, 83), (27, 83), (28, 83), (3, 84), (24, 84), (25, 84), (22, 85), (23, 85), (2, 86), (19, 86), (20, 86), (21, 86), (17, 87), (18, 87), (1, 88), (15, 88), (16, 88), (13, 89), (14, 89), (10, 90), (11, 90), (12, 90), (0, 91), (1, 91), (8, 91), (9, 91), (2, 92), (6, 92), (7, 92), (3, 93), (4, 93), (5, 93)]
[(61, 48), (62, 48), (63, 48), (59, 49), (60, 49), (64, 49), (57, 50), (58, 50), (65, 50), (54, 51), (55, 51), (56, 51), (52, 52), (53, 52), (64, 52), (50, 53), (51, 53), (48, 54), (49, 54), (63, 54), (45, 55), (46, 55), (47, 55), (43, 56), (44, 56), (62, 56), (41, 57), (42, 57), (38, 58), (39, 58), (40, 58), (61, 59), (37, 60), (60, 61), (36, 62), (59, 63), (35, 64), (58, 65), (34, 67), (57, 68), (33, 69), (56, 70), (32, 71), (55, 72), (31, 73), (53, 75), (54, 75), (55, 75), (30, 76), (51, 76), (52, 76), (49, 77), (50, 77), (29, 78), (46, 78), (47, 78), (48, 78), (44, 79), (45, 79), (28, 80), (42, 80), (43, 80), (40, 81), (41, 81), (37, 82), (38, 82), (39, 82), (27, 83), (28, 83), (35, 83), (36, 83), (29, 84), (33, 84), (34, 84), (30, 85), (31, 85), (32, 85)]
[(53, 75), (54, 75), (55, 75), (51, 76), (52, 76), (56, 76), (49, 77), (50, 77), (57, 77), (46, 78), (47, 78), (48, 78), (44, 79), (45, 79), (56, 79), (42, 80), (43, 80), (40, 81), (41, 81), (55, 81), (37, 82), (38, 82), (39, 82), (35, 83), (36, 83), (54, 83), (33, 84), (34, 84), (30, 85), (31, 85), (32, 85), (53, 86), (29, 87), (52, 88), (28, 89), (51, 90), (27, 91), (50, 92), (26, 94), (49, 95), (25, 96), (48, 97), (24, 98), (47, 99), (23, 100), (45, 102), (46, 102), (47, 102), (22, 103), (43, 103), (44, 103), (41, 104), (42, 104), (21, 105), (38, 105), (39, 105), (40, 105), (36, 106), (37, 106), (20, 107), (34, 107), (35, 107), (32, 108), (33, 108), (29, 109), (30, 109), (31, 109), (19, 110), (20, 110), (27, 110), (28, 110), (21, 111), (25, 111), (26, 111), (22, 112), (23, 112), (24, 112)]
[(80, 67), (81, 67), (82, 67), (78, 68), (79, 68), (83, 68), (76, 69), (77, 69), (84, 69), (73, 70), (74, 70), (75, 70), (71, 71), (72, 71), (83, 71), (69, 72), (70, 72), (67, 73), (68, 73), (82, 73), (64, 74), (65, 74), (66, 74), (62, 75), (63, 75), (81, 75), (60, 76), (61, 76), (57, 77), (58, 77), (59, 77), (80, 78), (56, 79), (79, 80), (55, 81), (78, 82), (54, 83), (77, 84), (53, 86), (76, 87), (52, 88), (75, 89), (51, 90), (74, 91), (50, 92), (72, 94), (73, 94), (74, 94), (49, 95), (70, 95), (71, 95), (68, 96), (69, 96), (48, 97), (65, 97), (66, 97), (67, 97), (63, 98), (64, 98), (47, 99), (61, 99), (62, 99), (59, 100), (60, 100), (56, 101), (57, 101), (58, 101), (46, 102), (47, 102), (54, 102), (55, 102), (48, 103), (52, 103), (53, 103), (49, 104), (50, 104), (51, 104)]
[(72, 94), (73, 94), (74, 94), (70, 95), (71, 95), (75, 95), (68, 96), (69, 96), (76, 96), (65, 97), (66, 97), (67, 97), (63, 98), (64, 98), (75, 98), (61, 99), (62, 99), (59, 100), (60, 100), (74, 100), (56, 101), (57, 101), (58, 101), (54, 102), (55, 102), (73, 102), (52, 103), (53, 103), (49, 104), (50, 104), (51, 104), (72, 105), (48, 106), (71, 107), (47, 108), (70, 109), (46, 110), (69, 111), (45, 113), (68, 114)]
[(99, 86), (100, 86), (101, 86), (97, 87), (98, 87), (102, 87), (95, 88), (96, 88), (103, 88), (92, 89), (93, 89), (94, 89), (90, 90), (91, 90), (102, 90), (88, 91), (89, 91), (86, 92), (87, 92), (101, 92), (83, 93), (84, 93), (85, 93), (81, 94), (82, 94), (100, 94), (79, 95), (80, 95), (76, 96), (77, 96), (78, 96), (99, 97), (75, 98), (98, 99), (74, 100), (97, 101), (73, 102), (96, 103), (72, 105), (95, 106), (71, 107), (94, 108), (70, 109), (93, 110), (69, 111), (91, 113), (92, 113), (93, 113), (68, 114), (89, 114), (90, 114)]
[(91, 113), (92, 113), (93, 113), (89, 114), (90, 114), (94, 114)]
[(114, 107), (111, 108), (112, 108), (113, 108), (109, 109), (110, 109), (107, 110), (108, 110), (105, 111), (106, 111), (102, 112), (103, 112), (104, 112), (100, 113), (101, 113), (98, 114), (99, 114)]
[(7, 64), (8, 64), (9, 64), (5, 65), (6, 65), (10, 65), (3, 66), (4, 66), (11, 66), (0, 67), (1, 67), (2, 67), (10, 68), (9, 70), (8, 72), (7, 75), (6, 77), (5, 79), (4, 81), (3, 84), (2, 86), (1, 88), (0, 91), (1, 91)]
[(0, 91), (1, 91), (2, 92), (3, 93), (2, 95), (1, 97), (0, 99)]
[(26, 83), (27, 83), (28, 83), (24, 84), (25, 84), (29, 84), (22, 85), (23, 85), (30, 85), (19, 86), (20, 86), (21, 86), (17, 87), (18, 87), (29, 87), (15, 88), (16, 88), (13, 89), (14, 89), (28, 89), (10, 90), (11, 90), (12, 90), (8, 91), (9, 91), (27, 91), (6, 92), (7, 92), (3, 93), (4, 93), (5, 93), (26, 94), (2, 95), (25, 96), (1, 97), (24, 98), (0, 99), (23, 100), (22, 103), (21, 105), (20, 107), (18, 110), (19, 110), (20, 110), (16, 111), (17, 111), (14, 112), (15, 112), (11, 113), (12, 113), (13, 113), (9, 114), (10, 114)]
[(18, 110), (19, 110), (20, 110), (16, 111), (17, 111), (21, 111), (14, 112), (15, 112), (22, 112), (11, 113), (12, 113), (13, 113), (9, 114), (10, 114), (21, 114)]
[(45, 102), (46, 102), (47, 102), (43, 103), (44, 103), (48, 103), (41, 104), (42, 104), (49, 104), (38, 105), (39, 105), (40, 105), (36, 106), (37, 106), (48, 106), (34, 107), (35, 107), (32, 108), (33, 108), (47, 108), (29, 109), (30, 109), (31, 109), (27, 110), (28, 110), (46, 110), (25, 111), (26, 111), (22, 112), (23, 112), (24, 112), (45, 113), (21, 114)]
