[(112, 41), (113, 41), (114, 41), (111, 43), (110, 45), (109, 48), (108, 50), (107, 53), (106, 55), (105, 58), (104, 60), (103, 62), (102, 65), (101, 67), (101, 69), (102, 70), (103, 71), (104, 72), (105, 73), (106, 74), (107, 75), (108, 76), (109, 77), (110, 78), (111, 79), (112, 80), (113, 80), (114, 80)]
[(61, 30), (62, 30), (59, 31), (60, 31), (63, 31), (56, 32), (57, 32), (58, 32), (64, 32), (54, 33), (55, 33), (65, 33), (51, 34), (52, 34), (53, 34), (66, 34), (49, 35), (50, 35), (67, 35), (47, 36), (48, 36), (68, 36), (44, 37), (45, 37), (46, 37), (69, 37), (42, 38), (43, 38), (70, 38), (39, 39), (40, 39), (41, 39), (71, 39), (37, 40), (38, 40), (72, 40), (34, 41), (35, 41), (36, 41), (73, 41), (33, 43), (72, 43), (32, 45), (71, 45), (31, 48), (70, 48), (30, 50), (69, 50), (29, 53), (68, 53), (28, 55), (67, 55), (27, 58), (66, 58), (26, 60), (65, 60), (25, 62), (64, 62), (24, 65), (63, 65), (23, 67), (62, 67), (23, 69), (61, 69), (62, 69), (24, 70), (59, 70), (60, 70), (25, 71), (56, 71), (57, 71), (58, 71), (26, 72), (54, 72), (55, 72), (27, 73), (51, 73), (52, 73), (53, 73), (28, 74), (49, 74), (50, 74), (29, 75), (47, 75), (48, 75), (30, 76), (44, 76), (45, 76), (46, 76), (31, 77), (42, 77), (43, 77), (32, 78), (39, 78), (40, 78), (41, 78), (33, 79), (37, 79), (38, 79), (34, 80), (35, 80), (36, 80)]
[(100, 30), (101, 30), (98, 31), (99, 31), (102, 31), (95, 32), (96, 32), (97, 32), (103, 32), (93, 33), (94, 33), (104, 33), (90, 34), (91, 34), (92, 34), (105, 34), (88, 35), (89, 35), (106, 35), (86, 36), (87, 36), (107, 36), (83, 37), (84, 37), (85, 37), (108, 37), (81, 38), (82, 38), (109, 38), (78, 39), (79, 39), (80, 39), (110, 39), (76, 40), (77, 40), (111, 40), (73, 41), (74, 41), (75, 41), (112, 41), (72, 43), (111, 43), (71, 45), (110, 45), (70, 48), (109, 48), (69, 50), (108, 50), (68, 53), (107, 53), (67, 55), (106, 55), (66, 58), (105, 58), (65, 60), (104, 60), (64, 62), (103, 62), (63, 65), (102, 65), (62, 67), (101, 67), (62, 69), (100, 69), (101, 69), (63, 70), (98, 70), (99, 70), (64, 71), (95, 71), (96, 71), (97, 71), (65, 72), (93, 72), (94, 72), (66, 73), (90, 73), (91, 73), (92, 73), (67, 74), (88, 74), (89, 74), (68, 75), (86, 75), (87, 75), (69, 76), (83, 76), (84, 76), (85, 76), (70, 77), (81, 77), (82, 77), (71, 78), (78, 78), (79, 78), (80, 78), (72, 79), (76, 79), (77, 79), (73, 80), (74, 80), (75, 80)]
[(100, 69), (101, 69), (98, 70), (99, 70), (102, 70), (95, 71), (96, 71), (97, 71), (103, 71), (93, 72), (94, 72), (104, 72), (90, 73), (91, 73), (92, 73), (105, 73), (88, 74), (89, 74), (106, 74), (86, 75), (87, 75), (107, 75), (83, 76), (84, 76), (85, 76), (108, 76), (81, 77), (82, 77), (109, 77), (78, 78), (79, 78), (80, 78), (110, 78), (76, 79), (77, 79), (111, 79), (73, 80), (74, 80), (75, 80), (112, 80), (72, 82), (111, 82), (71, 84), (110, 84), (70, 87), (109, 87), (69, 89), (108, 89), (68, 92), (107, 92), (67, 94), (106, 94), (66, 97), (105, 97), (65, 99), (104, 99), (64, 101), (103, 101), (63, 104), (102, 104), (62, 106), (101, 106), (62, 108), (100, 108), (101, 108), (63, 109), (98, 109), (99, 109), (64, 110), (95, 110), (96, 110), (97, 110), (65, 111), (93, 111), (94, 111), (66, 112), (90, 112), (91, 112), (92, 112), (67, 113), (88, 113), (89, 113), (68, 114), (86, 114), (87, 114)]
[(112, 80), (113, 80), (114, 80), (111, 82), (110, 84), (109, 87), (108, 89), (107, 92), (106, 94), (105, 97), (104, 99), (103, 101), (102, 104), (101, 106), (101, 108), (102, 109), (103, 110), (104, 111), (105, 112), (106, 113), (107, 114)]
[(22, 69), (23, 69), (20, 70), (21, 70), (24, 70), (17, 71), (18, 71), (19, 71), (25, 71), (15, 72), (16, 72), (26, 72), (12, 73), (13, 73), (14, 73), (27, 73), (10, 74), (11, 74), (28, 74), (8, 75), (9, 75), (29, 75), (5, 76), (6, 76), (7, 76), (30, 76), (3, 77), (4, 77), (31, 77), (0, 78), (1, 78), (2, 78), (32, 78), (33, 79), (34, 80), (33, 82), (32, 84), (31, 87), (30, 89), (29, 92), (28, 94), (27, 97), (26, 99), (25, 101), (24, 104), (23, 106), (22, 108), (23, 108), (20, 109), (21, 109), (17, 110), (18, 110), (19, 110), (15, 111), (16, 111), (12, 112), (13, 112), (14, 112), (10, 113), (11, 113), (8, 114), (9, 114)]
[(61, 69), (62, 69), (59, 70), (60, 70), (63, 70), (56, 71), (57, 71), (58, 71), (64, 71), (54, 72), (55, 72), (65, 72), (51, 73), (52, 73), (53, 73), (66, 73), (49, 74), (50, 74), (67, 74), (47, 75), (48, 75), (68, 75), (44, 76), (45, 76), (46, 76), (69, 76), (42, 77), (43, 77), (70, 77), (39, 78), (40, 78), (41, 78), (71, 78), (37, 79), (38, 79), (72, 79), (34, 80), (35, 80), (36, 80), (73, 80), (33, 82), (72, 82), (32, 84), (71, 84), (31, 87), (70, 87), (30, 89), (69, 89), (29, 92), (68, 92), (28, 94), (67, 94), (27, 97), (66, 97), (26, 99), (65, 99), (25, 101), (64, 101), (24, 104), (63, 104), (23, 106), (62, 106), (23, 108), (61, 108), (62, 108), (24, 109), (59, 109), (60, 109), (25, 110), (56, 110), (57, 110), (58, 110), (26, 111), (54, 111), (55, 111), (27, 112), (51, 112), (52, 112), (53, 112), (28, 113), (49, 113), (50, 113), (29, 114), (47, 114), (48, 114)]
[(61, 108), (62, 108), (59, 109), (60, 109), (63, 109), (56, 110), (57, 110), (58, 110), (64, 110), (54, 111), (55, 111), (65, 111), (51, 112), (52, 112), (53, 112), (66, 112), (49, 113), (50, 113), (67, 113), (47, 114), (48, 114), (68, 114)]
[(100, 108), (101, 108), (98, 109), (99, 109), (102, 109), (95, 110), (96, 110), (97, 110), (103, 110), (93, 111), (94, 111), (104, 111), (90, 112), (91, 112), (92, 112), (105, 112), (88, 113), (89, 113), (106, 113), (86, 114), (87, 114), (107, 114)]
[(22, 108), (23, 108), (20, 109), (21, 109), (24, 109), (17, 110), (18, 110), (19, 110), (25, 110), (15, 111), (16, 111), (26, 111), (12, 112), (13, 112), (14, 112), (27, 112), (10, 113), (11, 113), (28, 113), (8, 114), (9, 114), (29, 114)]
