[(90, 16), (91, 16), (92, 16), (88, 17), (89, 17), (93, 17), (85, 18), (86, 18), (87, 18), (94, 18), (82, 19), (83, 19), (84, 19), (95, 19), (80, 20), (81, 20), (96, 20), (77, 21), (78, 21), (79, 21), (74, 22), (75, 22), (76, 22), (95, 22), (71, 23), (72, 23), (73, 23), (70, 25), (94, 25), (69, 28), (93, 28), (92, 30), (68, 31), (67, 33), (91, 33), (66, 36), (90, 36), (65, 39), (89, 39), (87, 41), (88, 41), (89, 41), (64, 42), (85, 42), (86, 42), (82, 43), (83, 43), (84, 43), (63, 44), (64, 44), (79, 44), (80, 44), (81, 44), (65, 45), (77, 45), (78, 45), (66, 46), (74, 46), (75, 46), (76, 46), (67, 47), (71, 47), (72, 47), (73, 47), (68, 48), (69, 48), (70, 48)]
[(113, 14), (114, 14), (110, 15), (111, 15), (112, 15), (107, 16), (108, 16), (109, 16), (105, 17), (106, 17), (102, 18), (103, 18), (104, 18), (99, 19), (100, 19), (101, 19), (96, 20), (97, 20), (98, 20), (95, 22), (94, 25), (93, 28), (92, 30), (91, 33), (90, 36), (114, 36), (112, 38), (113, 38), (114, 38), (89, 39), (110, 39), (111, 39), (107, 40), (108, 40), (109, 40), (88, 41), (89, 41), (104, 41), (105, 41), (106, 41), (90, 42), (102, 42), (103, 42), (91, 43), (99, 43), (100, 43), (101, 43), (92, 44), (96, 44), (97, 44), (98, 44), (93, 45), (94, 45), (95, 45)]
[(112, 38), (113, 38), (114, 38), (110, 39), (111, 39), (107, 40), (108, 40), (109, 40), (104, 41), (105, 41), (106, 41), (102, 42), (103, 42), (99, 43), (100, 43), (101, 43), (96, 44), (97, 44), (98, 44), (93, 45), (94, 45), (95, 45), (92, 47), (91, 50), (114, 52), (90, 53), (89, 55), (113, 55), (88, 58), (112, 58), (87, 61), (111, 61), (109, 63), (110, 63), (111, 63), (86, 64), (107, 64), (108, 64), (104, 65), (105, 65), (106, 65), (85, 66), (86, 66), (101, 66), (102, 66), (103, 66), (87, 67), (99, 67), (100, 67), (88, 68), (96, 68), (97, 68), (98, 68), (89, 69), (93, 69), (94, 69), (95, 69), (90, 70), (91, 70), (92, 70)]
[(114, 52), (113, 55), (112, 58), (111, 61), (110, 63), (111, 63), (112, 64), (113, 65), (114, 66)]
[(114, 69), (113, 72), (112, 75), (111, 77), (110, 80), (109, 83), (108, 86), (107, 88), (108, 88), (109, 89), (110, 90), (111, 91), (112, 92), (113, 92), (114, 92)]
[(40, 22), (41, 22), (42, 22), (38, 23), (39, 23), (43, 23), (35, 24), (36, 24), (37, 24), (44, 24), (32, 25), (33, 25), (34, 25), (45, 25), (30, 26), (31, 26), (46, 26), (27, 27), (28, 27), (29, 27), (24, 28), (25, 28), (26, 28), (45, 28), (21, 29), (22, 29), (23, 29), (20, 31), (44, 31), (19, 34), (43, 34), (42, 36), (18, 37), (17, 39), (41, 39), (16, 42), (40, 42), (15, 45), (39, 45), (37, 47), (38, 47), (39, 47), (14, 48), (35, 48), (36, 48), (32, 49), (33, 49), (34, 49), (13, 50), (14, 50), (29, 50), (30, 50), (31, 50), (15, 51), (27, 51), (28, 51), (16, 52), (24, 52), (25, 52), (26, 52), (17, 53), (21, 53), (22, 53), (23, 53), (18, 54), (19, 54), (20, 54)]
[(65, 19), (66, 19), (67, 19), (63, 20), (64, 20), (68, 20), (60, 21), (61, 21), (62, 21), (69, 21), (57, 22), (58, 22), (59, 22), (70, 22), (55, 23), (56, 23), (71, 23), (52, 24), (53, 24), (54, 24), (49, 25), (50, 25), (51, 25), (70, 25), (46, 26), (47, 26), (48, 26), (45, 28), (69, 28), (44, 31), (68, 31), (67, 33), (43, 34), (42, 36), (66, 36), (41, 39), (65, 39), (40, 42), (64, 42), (62, 44), (63, 44), (64, 44), (39, 45), (60, 45), (61, 45), (57, 46), (58, 46), (59, 46), (38, 47), (39, 47), (54, 47), (55, 47), (56, 47), (40, 48), (52, 48), (53, 48), (41, 49), (49, 49), (50, 49), (51, 49), (42, 50), (46, 50), (47, 50), (48, 50), (43, 51), (44, 51), (45, 51)]
[(62, 44), (63, 44), (64, 44), (60, 45), (61, 45), (65, 45), (57, 46), (58, 46), (59, 46), (66, 46), (54, 47), (55, 47), (56, 47), (67, 47), (52, 48), (53, 48), (68, 48), (49, 49), (50, 49), (51, 49), (46, 50), (47, 50), (48, 50), (67, 50), (43, 51), (44, 51), (45, 51), (42, 53), (66, 53), (41, 56), (65, 56), (64, 58), (40, 59), (39, 61), (63, 61), (38, 64), (62, 64), (37, 67), (61, 67), (59, 69), (60, 69), (61, 69), (36, 70), (57, 70), (58, 70), (54, 71), (55, 71), (56, 71), (35, 72), (36, 72), (51, 72), (52, 72), (53, 72), (37, 73), (49, 73), (50, 73), (38, 74), (46, 74), (47, 74), (48, 74), (39, 75), (43, 75), (44, 75), (45, 75), (40, 76), (41, 76), (42, 76)]
[(87, 41), (88, 41), (89, 41), (85, 42), (86, 42), (90, 42), (82, 43), (83, 43), (84, 43), (91, 43), (79, 44), (80, 44), (81, 44), (92, 44), (77, 45), (78, 45), (93, 45), (74, 46), (75, 46), (76, 46), (71, 47), (72, 47), (73, 47), (92, 47), (68, 48), (69, 48), (70, 48), (67, 50), (91, 50), (66, 53), (90, 53), (89, 55), (65, 56), (64, 58), (88, 58), (63, 61), (87, 61), (62, 64), (86, 64), (84, 66), (85, 66), (86, 66), (61, 67), (82, 67), (83, 67), (79, 68), (80, 68), (81, 68), (60, 69), (61, 69), (76, 69), (77, 69), (78, 69), (62, 70), (74, 70), (75, 70), (63, 71), (71, 71), (72, 71), (73, 71), (64, 72), (68, 72), (69, 72), (70, 72), (65, 73), (66, 73), (67, 73)]
[(84, 66), (85, 66), (86, 66), (82, 67), (83, 67), (87, 67), (79, 68), (80, 68), (81, 68), (88, 68), (76, 69), (77, 69), (78, 69), (89, 69), (74, 70), (75, 70), (90, 70), (71, 71), (72, 71), (73, 71), (68, 72), (69, 72), (70, 72), (89, 72), (65, 73), (66, 73), (67, 73), (64, 75), (88, 75), (63, 78), (87, 78), (86, 80), (62, 81), (61, 83), (85, 83), (60, 86), (84, 86), (59, 89), (83, 89), (81, 91), (82, 91), (83, 91), (58, 92), (79, 92), (80, 92), (76, 93), (77, 93), (78, 93), (57, 94), (58, 94), (73, 94), (74, 94), (75, 94), (59, 95), (71, 95), (72, 95), (60, 96), (68, 96), (69, 96), (70, 96), (61, 97), (65, 97), (66, 97), (67, 97), (62, 98), (63, 98), (64, 98)]
[(109, 63), (110, 63), (111, 63), (107, 64), (108, 64), (112, 64), (104, 65), (105, 65), (106, 65), (113, 65), (101, 66), (102, 66), (103, 66), (114, 66), (99, 67), (100, 67), (96, 68), (97, 68), (98, 68), (93, 69), (94, 69), (95, 69), (114, 69), (90, 70), (91, 70), (92, 70), (89, 72), (113, 72), (88, 75), (112, 75), (111, 77), (87, 78), (86, 80), (110, 80), (85, 83), (109, 83), (84, 86), (108, 86), (106, 88), (107, 88), (108, 88), (83, 89), (104, 89), (105, 89), (101, 90), (102, 90), (103, 90), (82, 91), (83, 91), (98, 91), (99, 91), (100, 91), (84, 92), (96, 92), (97, 92), (85, 93), (93, 93), (94, 93), (95, 93), (86, 94), (90, 94), (91, 94), (92, 94), (87, 95), (88, 95), (89, 95)]
[(106, 88), (107, 88), (108, 88), (104, 89), (105, 89), (109, 89), (101, 90), (102, 90), (103, 90), (110, 90), (98, 91), (99, 91), (100, 91), (111, 91), (96, 92), (97, 92), (112, 92), (93, 93), (94, 93), (95, 93), (90, 94), (91, 94), (92, 94), (111, 94), (87, 95), (88, 95), (89, 95), (86, 97), (110, 97), (85, 100), (109, 100), (108, 102), (84, 103), (83, 105), (107, 105), (82, 108), (106, 108), (81, 111), (105, 111), (103, 113), (104, 113), (105, 113), (80, 114), (101, 114), (102, 114)]
[(112, 92), (113, 92), (114, 92), (111, 94), (110, 97), (109, 100), (108, 102), (107, 105), (106, 108), (105, 111), (104, 113), (105, 113), (106, 114)]
[(12, 50), (13, 50), (14, 50), (10, 51), (11, 51), (15, 51), (7, 52), (8, 52), (9, 52), (16, 52), (4, 53), (5, 53), (6, 53), (17, 53), (2, 54), (3, 54), (18, 54), (0, 55), (1, 55), (17, 56), (16, 59), (15, 62), (14, 64), (13, 67), (12, 70), (11, 73), (9, 75), (10, 75), (11, 75), (7, 76), (8, 76), (4, 77), (5, 77), (6, 77), (1, 78), (2, 78), (3, 78), (0, 79)]
[(37, 47), (38, 47), (39, 47), (35, 48), (36, 48), (40, 48), (32, 49), (33, 49), (34, 49), (41, 49), (29, 50), (30, 50), (31, 50), (42, 50), (27, 51), (28, 51), (43, 51), (24, 52), (25, 52), (26, 52), (21, 53), (22, 53), (23, 53), (42, 53), (18, 54), (19, 54), (20, 54), (17, 56), (41, 56), (16, 59), (40, 59), (39, 61), (15, 62), (14, 64), (38, 64), (13, 67), (37, 67), (12, 70), (36, 70), (34, 72), (35, 72), (36, 72), (11, 73), (32, 73), (33, 73), (29, 74), (30, 74), (31, 74), (10, 75), (11, 75), (26, 75), (27, 75), (28, 75), (12, 76), (24, 76), (25, 76), (13, 77), (21, 77), (22, 77), (23, 77), (14, 78), (18, 78), (19, 78), (20, 78), (15, 79), (16, 79), (17, 79)]
[(34, 72), (35, 72), (36, 72), (32, 73), (33, 73), (37, 73), (29, 74), (30, 74), (31, 74), (38, 74), (26, 75), (27, 75), (28, 75), (39, 75), (24, 76), (25, 76), (40, 76), (21, 77), (22, 77), (23, 77), (18, 78), (19, 78), (20, 78), (39, 78), (15, 79), (16, 79), (17, 79), (14, 81), (38, 81), (13, 84), (37, 84), (36, 86), (12, 87), (11, 89), (35, 89), (10, 92), (34, 92), (9, 95), (33, 95), (31, 97), (32, 97), (33, 97), (8, 98), (29, 98), (30, 98), (26, 99), (27, 99), (28, 99), (7, 100), (8, 100), (23, 100), (24, 100), (25, 100), (9, 101), (21, 101), (22, 101), (10, 102), (18, 102), (19, 102), (20, 102), (11, 103), (15, 103), (16, 103), (17, 103), (12, 104), (13, 104), (14, 104)]
[(59, 69), (60, 69), (61, 69), (57, 70), (58, 70), (62, 70), (54, 71), (55, 71), (56, 71), (63, 71), (51, 72), (52, 72), (53, 72), (64, 72), (49, 73), (50, 73), (65, 73), (46, 74), (47, 74), (48, 74), (43, 75), (44, 75), (45, 75), (64, 75), (40, 76), (41, 76), (42, 76), (39, 78), (63, 78), (38, 81), (62, 81), (61, 83), (37, 84), (36, 86), (60, 86), (35, 89), (59, 89), (34, 92), (58, 92), (56, 94), (57, 94), (58, 94), (33, 95), (54, 95), (55, 95), (51, 96), (52, 96), (53, 96), (32, 97), (33, 97), (48, 97), (49, 97), (50, 97), (34, 98), (46, 98), (47, 98), (35, 99), (43, 99), (44, 99), (45, 99), (36, 100), (40, 100), (41, 100), (42, 100), (37, 101), (38, 101), (39, 101)]
[(56, 94), (57, 94), (58, 94), (54, 95), (55, 95), (59, 95), (51, 96), (52, 96), (53, 96), (60, 96), (48, 97), (49, 97), (50, 97), (61, 97), (46, 98), (47, 98), (62, 98), (43, 99), (44, 99), (45, 99), (40, 100), (41, 100), (42, 100), (61, 100), (37, 101), (38, 101), (39, 101), (36, 103), (60, 103), (35, 106), (59, 106), (58, 108), (34, 109), (33, 111), (57, 111), (32, 114), (56, 114)]
[(81, 91), (82, 91), (83, 91), (79, 92), (80, 92), (84, 92), (76, 93), (77, 93), (78, 93), (85, 93), (73, 94), (74, 94), (75, 94), (86, 94), (71, 95), (72, 95), (87, 95), (68, 96), (69, 96), (70, 96), (65, 97), (66, 97), (67, 97), (86, 97), (62, 98), (63, 98), (64, 98), (61, 100), (85, 100), (60, 103), (84, 103), (83, 105), (59, 106), (58, 108), (82, 108), (57, 111), (81, 111), (56, 114), (80, 114)]
[(103, 113), (104, 113), (105, 113), (101, 114), (102, 114), (106, 114)]
[(9, 75), (10, 75), (11, 75), (7, 76), (8, 76), (12, 76), (4, 77), (5, 77), (6, 77), (13, 77), (1, 78), (2, 78), (3, 78), (14, 78), (0, 79), (15, 79), (14, 81), (13, 84), (12, 87), (11, 89), (10, 92), (9, 95), (8, 98), (6, 100), (7, 100), (8, 100), (4, 101), (5, 101), (1, 102), (2, 102), (3, 102), (0, 103)]
[(6, 100), (7, 100), (8, 100), (4, 101), (5, 101), (9, 101), (1, 102), (2, 102), (3, 102), (10, 102), (0, 103), (11, 103), (12, 104), (11, 106), (10, 109), (9, 112), (8, 114)]
[(31, 97), (32, 97), (33, 97), (29, 98), (30, 98), (34, 98), (26, 99), (27, 99), (28, 99), (35, 99), (23, 100), (24, 100), (25, 100), (36, 100), (21, 101), (22, 101), (37, 101), (18, 102), (19, 102), (20, 102), (15, 103), (16, 103), (17, 103), (36, 103), (12, 104), (13, 104), (14, 104), (11, 106), (35, 106), (10, 109), (34, 109), (33, 111), (9, 112), (8, 114), (32, 114)]
