[(86, 28), (83, 29), (84, 29), (85, 29), (87, 29), (79, 30), (80, 30), (81, 30), (82, 30), (76, 31), (77, 31), (78, 31), (73, 32), (74, 32), (75, 32), (86, 32), (70, 33), (71, 33), (72, 33), (66, 34), (67, 34), (68, 34), (69, 34), (85, 35), (65, 37), (84, 38), (64, 40), (83, 42), (63, 43), (82, 45), (62, 47), (81, 48), (81, 49), (61, 50), (78, 50), (79, 50), (80, 50), (74, 51), (75, 51), (76, 51), (77, 51), (71, 52), (72, 52), (73, 52), (60, 53), (68, 53), (69, 53), (70, 53), (60, 54), (65, 54), (66, 54), (67, 54), (61, 55), (62, 55), (63, 55), (64, 55)]
[(107, 23), (104, 24), (105, 24), (106, 24), (108, 24), (100, 25), (101, 25), (102, 25), (103, 25), (97, 26), (98, 26), (99, 26), (94, 27), (95, 27), (96, 27), (107, 27), (91, 28), (92, 28), (93, 28), (87, 29), (88, 29), (89, 29), (90, 29), (106, 30), (86, 32), (105, 33), (85, 35), (104, 37), (84, 38), (103, 40), (83, 42), (102, 43), (102, 44), (82, 45), (99, 45), (100, 45), (101, 45), (95, 46), (96, 46), (97, 46), (98, 46), (92, 47), (93, 47), (94, 47), (81, 48), (89, 48), (90, 48), (91, 48), (81, 49), (86, 49), (87, 49), (88, 49), (82, 50), (83, 50), (84, 50), (85, 50)]
[(102, 44), (99, 45), (100, 45), (101, 45), (103, 45), (95, 46), (96, 46), (97, 46), (98, 46), (92, 47), (93, 47), (94, 47), (89, 48), (90, 48), (91, 48), (102, 48), (86, 49), (87, 49), (88, 49), (82, 50), (83, 50), (84, 50), (85, 50), (101, 51), (81, 53), (100, 54), (80, 56), (99, 58), (79, 59), (98, 61), (78, 63), (97, 64), (97, 65), (77, 66), (94, 66), (95, 66), (96, 66), (90, 67), (91, 67), (92, 67), (93, 67), (87, 68), (88, 68), (89, 68), (76, 69), (84, 69), (85, 69), (86, 69), (76, 70), (81, 70), (82, 70), (83, 70), (77, 71), (78, 71), (79, 71), (80, 71)]
[(113, 42), (114, 42), (110, 43), (111, 43), (112, 43), (107, 44), (108, 44), (109, 44), (103, 45), (104, 45), (105, 45), (106, 45), (102, 48), (101, 51), (100, 54), (99, 58), (98, 61), (111, 62), (112, 62), (113, 62), (114, 62), (108, 63), (109, 63), (110, 63), (97, 64), (105, 64), (106, 64), (107, 64), (97, 65), (102, 65), (103, 65), (104, 65), (98, 66), (99, 66), (100, 66), (101, 66)]
[(111, 62), (112, 62), (113, 62), (114, 62), (108, 63), (109, 63), (110, 63), (105, 64), (106, 64), (107, 64), (102, 65), (103, 65), (104, 65), (98, 66), (99, 66), (100, 66), (101, 66), (97, 69), (96, 72), (95, 75), (114, 77), (94, 79), (113, 80), (113, 81), (93, 82), (110, 82), (111, 82), (112, 82), (106, 83), (107, 83), (108, 83), (109, 83), (103, 84), (104, 84), (105, 84), (92, 85), (100, 85), (101, 85), (102, 85), (92, 86), (97, 86), (98, 86), (99, 86), (93, 87), (94, 87), (95, 87), (96, 87)]
[(114, 77), (113, 80), (113, 81), (114, 82)]
[(114, 82), (113, 85), (112, 88), (111, 91), (110, 95), (109, 98), (108, 101), (108, 102), (113, 102), (114, 102), (109, 103), (110, 103), (111, 103), (112, 103)]
[(44, 38), (41, 39), (42, 39), (43, 39), (45, 39), (37, 40), (38, 40), (39, 40), (40, 40), (34, 41), (35, 41), (36, 41), (31, 42), (32, 42), (33, 42), (44, 42), (28, 43), (29, 43), (30, 43), (24, 44), (25, 44), (26, 44), (27, 44), (43, 45), (23, 47), (42, 48), (22, 50), (41, 52), (21, 53), (40, 55), (20, 57), (39, 58), (39, 59), (19, 60), (36, 60), (37, 60), (38, 60), (32, 61), (33, 61), (34, 61), (35, 61), (29, 62), (30, 62), (31, 62), (18, 63), (26, 63), (27, 63), (28, 63), (18, 64), (23, 64), (24, 64), (25, 64), (19, 65), (20, 65), (21, 65), (22, 65)]
[(65, 33), (62, 34), (63, 34), (64, 34), (66, 34), (58, 35), (59, 35), (60, 35), (61, 35), (55, 36), (56, 36), (57, 36), (52, 37), (53, 37), (54, 37), (65, 37), (49, 38), (50, 38), (51, 38), (45, 39), (46, 39), (47, 39), (48, 39), (64, 40), (44, 42), (63, 43), (43, 45), (62, 47), (42, 48), (61, 50), (41, 52), (60, 53), (60, 54), (40, 55), (57, 55), (58, 55), (59, 55), (53, 56), (54, 56), (55, 56), (56, 56), (50, 57), (51, 57), (52, 57), (39, 58), (47, 58), (48, 58), (49, 58), (39, 59), (44, 59), (45, 59), (46, 59), (40, 60), (41, 60), (42, 60), (43, 60)]
[(60, 54), (57, 55), (58, 55), (59, 55), (61, 55), (53, 56), (54, 56), (55, 56), (56, 56), (50, 57), (51, 57), (52, 57), (47, 58), (48, 58), (49, 58), (60, 58), (44, 59), (45, 59), (46, 59), (40, 60), (41, 60), (42, 60), (43, 60), (59, 61), (39, 63), (58, 64), (38, 66), (57, 68), (37, 69), (56, 71), (36, 73), (55, 74), (55, 75), (35, 76), (52, 76), (53, 76), (54, 76), (48, 77), (49, 77), (50, 77), (51, 77), (45, 78), (46, 78), (47, 78), (34, 79), (42, 79), (43, 79), (44, 79), (34, 80), (39, 80), (40, 80), (41, 80), (35, 81), (36, 81), (37, 81), (38, 81)]
[(81, 49), (78, 50), (79, 50), (80, 50), (82, 50), (74, 51), (75, 51), (76, 51), (77, 51), (71, 52), (72, 52), (73, 52), (68, 53), (69, 53), (70, 53), (81, 53), (65, 54), (66, 54), (67, 54), (61, 55), (62, 55), (63, 55), (64, 55), (80, 56), (60, 58), (79, 59), (59, 61), (78, 63), (58, 64), (77, 66), (57, 68), (76, 69), (76, 70), (56, 71), (73, 71), (74, 71), (75, 71), (69, 72), (70, 72), (71, 72), (72, 72), (66, 73), (67, 73), (68, 73), (55, 74), (63, 74), (64, 74), (65, 74), (55, 75), (60, 75), (61, 75), (62, 75), (56, 76), (57, 76), (58, 76), (59, 76)]
[(76, 70), (73, 71), (74, 71), (75, 71), (77, 71), (69, 72), (70, 72), (71, 72), (72, 72), (66, 73), (67, 73), (68, 73), (63, 74), (64, 74), (65, 74), (76, 74), (60, 75), (61, 75), (62, 75), (56, 76), (57, 76), (58, 76), (59, 76), (75, 77), (55, 79), (74, 80), (54, 82), (73, 84), (53, 85), (72, 87), (52, 89), (71, 90), (71, 91), (51, 92), (68, 92), (69, 92), (70, 92), (64, 93), (65, 93), (66, 93), (67, 93), (61, 94), (62, 94), (63, 94), (50, 95), (58, 95), (59, 95), (60, 95), (50, 96), (55, 96), (56, 96), (57, 96), (51, 97), (52, 97), (53, 97), (54, 97)]
[(97, 65), (94, 66), (95, 66), (96, 66), (98, 66), (90, 67), (91, 67), (92, 67), (93, 67), (87, 68), (88, 68), (89, 68), (84, 69), (85, 69), (86, 69), (97, 69), (81, 70), (82, 70), (83, 70), (77, 71), (78, 71), (79, 71), (80, 71), (96, 72), (76, 74), (95, 75), (75, 77), (94, 79), (74, 80), (93, 82), (73, 84), (92, 85), (92, 86), (72, 87), (89, 87), (90, 87), (91, 87), (85, 88), (86, 88), (87, 88), (88, 88), (82, 89), (83, 89), (84, 89), (71, 90), (79, 90), (80, 90), (81, 90), (71, 91), (76, 91), (77, 91), (78, 91), (72, 92), (73, 92), (74, 92), (75, 92)]
[(92, 86), (89, 87), (90, 87), (91, 87), (93, 87), (85, 88), (86, 88), (87, 88), (88, 88), (82, 89), (83, 89), (84, 89), (79, 90), (80, 90), (81, 90), (92, 90), (76, 91), (77, 91), (78, 91), (72, 92), (73, 92), (74, 92), (75, 92), (91, 93), (71, 95), (90, 96), (70, 98), (89, 100), (69, 101), (88, 103), (68, 105), (87, 106), (87, 107), (67, 108), (84, 108), (85, 108), (86, 108), (80, 109), (81, 109), (82, 109), (83, 109), (77, 110), (78, 110), (79, 110), (66, 111), (74, 111), (75, 111), (76, 111), (66, 112), (71, 112), (72, 112), (73, 112), (67, 113), (68, 113), (69, 113), (70, 113)]
[(113, 81), (110, 82), (111, 82), (112, 82), (114, 82), (106, 83), (107, 83), (108, 83), (109, 83), (103, 84), (104, 84), (105, 84), (100, 85), (101, 85), (102, 85), (113, 85), (97, 86), (98, 86), (99, 86), (93, 87), (94, 87), (95, 87), (96, 87), (112, 88), (92, 90), (111, 91), (91, 93), (110, 95), (90, 96), (109, 98), (89, 100), (108, 101), (108, 102), (88, 103), (105, 103), (106, 103), (107, 103), (101, 104), (102, 104), (103, 104), (104, 104), (98, 105), (99, 105), (100, 105), (87, 106), (95, 106), (96, 106), (97, 106), (87, 107), (92, 107), (93, 107), (94, 107), (88, 108), (89, 108), (90, 108), (91, 108)]
[(108, 102), (105, 103), (106, 103), (107, 103), (109, 103), (101, 104), (102, 104), (103, 104), (104, 104), (98, 105), (99, 105), (100, 105), (95, 106), (96, 106), (97, 106), (108, 106), (92, 107), (93, 107), (94, 107), (88, 108), (89, 108), (90, 108), (91, 108), (107, 109), (87, 111), (106, 112), (86, 114)]
[(113, 102), (114, 102), (109, 103), (110, 103), (111, 103), (112, 103), (108, 106), (107, 109), (106, 112)]
[(18, 64), (15, 65), (16, 65), (17, 65), (19, 65), (11, 66), (12, 66), (13, 66), (14, 66), (8, 67), (9, 67), (10, 67), (5, 68), (6, 68), (7, 68), (18, 68), (2, 69), (3, 69), (4, 69), (0, 70), (1, 70), (17, 71), (16, 74), (15, 78), (14, 81), (13, 84), (13, 85), (10, 86), (11, 86), (12, 86), (6, 87), (7, 87), (8, 87), (9, 87), (3, 88), (4, 88), (5, 88), (0, 89), (1, 89), (2, 89)]
[(39, 59), (36, 60), (37, 60), (38, 60), (40, 60), (32, 61), (33, 61), (34, 61), (35, 61), (29, 62), (30, 62), (31, 62), (26, 63), (27, 63), (28, 63), (39, 63), (23, 64), (24, 64), (25, 64), (19, 65), (20, 65), (21, 65), (22, 65), (38, 66), (18, 68), (37, 69), (17, 71), (36, 73), (16, 74), (35, 76), (15, 78), (34, 79), (34, 80), (14, 81), (31, 81), (32, 81), (33, 81), (27, 82), (28, 82), (29, 82), (30, 82), (24, 83), (25, 83), (26, 83), (13, 84), (21, 84), (22, 84), (23, 84), (13, 85), (18, 85), (19, 85), (20, 85), (14, 86), (15, 86), (16, 86), (17, 86)]
[(34, 80), (31, 81), (32, 81), (33, 81), (35, 81), (27, 82), (28, 82), (29, 82), (30, 82), (24, 83), (25, 83), (26, 83), (21, 84), (22, 84), (23, 84), (34, 84), (18, 85), (19, 85), (20, 85), (14, 86), (15, 86), (16, 86), (17, 86), (33, 87), (13, 89), (32, 90), (12, 92), (31, 94), (11, 95), (30, 97), (10, 99), (29, 100), (29, 101), (9, 102), (26, 102), (27, 102), (28, 102), (22, 103), (23, 103), (24, 103), (25, 103), (19, 104), (20, 104), (21, 104), (8, 105), (16, 105), (17, 105), (18, 105), (8, 106), (13, 106), (14, 106), (15, 106), (9, 107), (10, 107), (11, 107), (12, 107)]
[(55, 75), (52, 76), (53, 76), (54, 76), (56, 76), (48, 77), (49, 77), (50, 77), (51, 77), (45, 78), (46, 78), (47, 78), (42, 79), (43, 79), (44, 79), (55, 79), (39, 80), (40, 80), (41, 80), (35, 81), (36, 81), (37, 81), (38, 81), (54, 82), (34, 84), (53, 85), (33, 87), (52, 89), (32, 90), (51, 92), (31, 94), (50, 95), (50, 96), (30, 97), (47, 97), (48, 97), (49, 97), (43, 98), (44, 98), (45, 98), (46, 98), (40, 99), (41, 99), (42, 99), (29, 100), (37, 100), (38, 100), (39, 100), (29, 101), (34, 101), (35, 101), (36, 101), (30, 102), (31, 102), (32, 102), (33, 102)]
[(50, 96), (47, 97), (48, 97), (49, 97), (51, 97), (43, 98), (44, 98), (45, 98), (46, 98), (40, 99), (41, 99), (42, 99), (37, 100), (38, 100), (39, 100), (50, 100), (34, 101), (35, 101), (36, 101), (30, 102), (31, 102), (32, 102), (33, 102), (49, 103), (29, 105), (48, 106), (28, 108), (47, 110), (27, 111), (46, 113)]
[(71, 91), (68, 92), (69, 92), (70, 92), (72, 92), (64, 93), (65, 93), (66, 93), (67, 93), (61, 94), (62, 94), (63, 94), (58, 95), (59, 95), (60, 95), (71, 95), (55, 96), (56, 96), (57, 96), (51, 97), (52, 97), (53, 97), (54, 97), (70, 98), (50, 100), (69, 101), (49, 103), (68, 105), (48, 106), (67, 108), (47, 110), (66, 111), (66, 112), (46, 113), (63, 113), (64, 113), (65, 113), (59, 114), (60, 114), (61, 114), (62, 114)]
[(66, 112), (63, 113), (64, 113), (65, 113), (67, 113), (59, 114), (60, 114), (61, 114), (62, 114)]
[(87, 107), (84, 108), (85, 108), (86, 108), (88, 108), (80, 109), (81, 109), (82, 109), (83, 109), (77, 110), (78, 110), (79, 110), (74, 111), (75, 111), (76, 111), (87, 111), (71, 112), (72, 112), (73, 112), (67, 113), (68, 113), (69, 113), (70, 113), (86, 114)]
[(13, 85), (10, 86), (11, 86), (12, 86), (14, 86), (6, 87), (7, 87), (8, 87), (9, 87), (3, 88), (4, 88), (5, 88), (0, 89), (1, 89), (2, 89), (13, 89), (12, 92), (11, 95), (10, 99), (9, 102), (8, 105), (8, 106), (5, 107), (6, 107), (7, 107), (1, 108), (2, 108), (3, 108), (4, 108), (0, 109)]
[(8, 106), (5, 107), (6, 107), (7, 107), (9, 107), (1, 108), (2, 108), (3, 108), (4, 108), (0, 109), (8, 110), (7, 113)]
[(29, 101), (26, 102), (27, 102), (28, 102), (30, 102), (22, 103), (23, 103), (24, 103), (25, 103), (19, 104), (20, 104), (21, 104), (16, 105), (17, 105), (18, 105), (29, 105), (13, 106), (14, 106), (15, 106), (9, 107), (10, 107), (11, 107), (12, 107), (28, 108), (8, 110), (27, 111), (7, 113)]
