[(97, 10), (98, 10), (99, 10), (95, 11), (96, 11), (100, 11), (92, 12), (93, 12), (94, 12), (101, 12), (90, 13), (91, 13), (102, 13), (87, 14), (88, 14), (89, 14), (103, 14), (85, 15), (86, 15), (104, 15), (82, 16), (83, 16), (84, 16), (105, 16), (79, 17), (80, 17), (81, 17), (106, 17), (78, 19), (105, 19), (77, 22), (104, 22), (76, 24), (103, 24), (75, 27), (102, 27), (74, 29), (101, 29), (73, 32), (100, 32), (72, 34), (99, 34), (71, 37), (72, 37), (97, 37), (98, 37), (99, 37), (73, 38), (95, 38), (96, 38), (74, 39), (92, 39), (93, 39), (94, 39), (75, 40), (90, 40), (91, 40), (76, 41), (87, 41), (88, 41), (89, 41), (77, 42), (85, 42), (86, 42), (78, 43), (82, 43), (83, 43), (84, 43), (79, 44), (80, 44), (81, 44)]
[(114, 14), (112, 15), (113, 15), (109, 16), (110, 16), (111, 16), (106, 17), (107, 17), (108, 17), (105, 19), (104, 22), (103, 24), (102, 27), (101, 29), (100, 32), (99, 34), (98, 37), (99, 37), (100, 38), (101, 39), (102, 40), (103, 41), (114, 41), (104, 42), (112, 42), (113, 42), (105, 43), (109, 43), (110, 43), (111, 43), (106, 44), (107, 44), (108, 44)]
[(114, 41), (112, 42), (113, 42), (109, 43), (110, 43), (111, 43), (106, 44), (107, 44), (108, 44), (105, 46), (104, 49), (103, 51), (102, 54), (101, 56), (100, 59), (99, 61), (98, 64), (99, 64), (100, 65), (101, 66), (102, 67), (103, 68), (114, 68), (104, 69), (112, 69), (113, 69), (105, 70), (109, 70), (110, 70), (111, 70), (106, 71), (107, 71), (108, 71)]
[(43, 10), (44, 10), (45, 10), (41, 11), (42, 11), (46, 11), (38, 12), (39, 12), (40, 12), (47, 12), (36, 13), (37, 13), (48, 13), (33, 14), (34, 14), (35, 14), (49, 14), (31, 15), (32, 15), (50, 15), (28, 16), (29, 16), (30, 16), (51, 16), (25, 17), (26, 17), (27, 17), (52, 17), (24, 19), (51, 19), (23, 22), (50, 22), (22, 24), (49, 24), (21, 27), (48, 27), (20, 29), (47, 29), (19, 32), (46, 32), (18, 34), (45, 34), (17, 37), (18, 37), (43, 37), (44, 37), (45, 37), (19, 38), (41, 38), (42, 38), (20, 39), (38, 39), (39, 39), (40, 39), (21, 40), (36, 40), (37, 40), (22, 41), (33, 41), (34, 41), (35, 41), (23, 42), (31, 42), (32, 42), (24, 43), (28, 43), (29, 43), (30, 43), (25, 44), (26, 44), (27, 44)]
[(70, 10), (71, 10), (72, 10), (68, 11), (69, 11), (73, 11), (65, 12), (66, 12), (67, 12), (74, 12), (63, 13), (64, 13), (75, 13), (60, 14), (61, 14), (62, 14), (76, 14), (58, 15), (59, 15), (77, 15), (55, 16), (56, 16), (57, 16), (78, 16), (52, 17), (53, 17), (54, 17), (79, 17), (51, 19), (78, 19), (50, 22), (77, 22), (49, 24), (76, 24), (48, 27), (75, 27), (47, 29), (74, 29), (46, 32), (73, 32), (45, 34), (72, 34), (44, 37), (45, 37), (70, 37), (71, 37), (72, 37), (46, 38), (68, 38), (69, 38), (47, 39), (65, 39), (66, 39), (67, 39), (48, 40), (63, 40), (64, 40), (49, 41), (60, 41), (61, 41), (62, 41), (50, 42), (58, 42), (59, 42), (51, 43), (55, 43), (56, 43), (57, 43), (52, 44), (53, 44), (54, 44)]
[(70, 37), (71, 37), (72, 37), (68, 38), (69, 38), (73, 38), (65, 39), (66, 39), (67, 39), (74, 39), (63, 40), (64, 40), (75, 40), (60, 41), (61, 41), (62, 41), (76, 41), (58, 42), (59, 42), (77, 42), (55, 43), (56, 43), (57, 43), (78, 43), (52, 44), (53, 44), (54, 44), (79, 44), (51, 46), (78, 46), (50, 49), (77, 49), (49, 51), (76, 51), (48, 54), (75, 54), (47, 56), (74, 56), (46, 59), (73, 59), (45, 61), (72, 61), (44, 64), (45, 64), (70, 64), (71, 64), (72, 64), (46, 65), (68, 65), (69, 65), (47, 66), (65, 66), (66, 66), (67, 66), (48, 67), (63, 67), (64, 67), (49, 68), (60, 68), (61, 68), (62, 68), (50, 69), (58, 69), (59, 69), (51, 70), (55, 70), (56, 70), (57, 70), (52, 71), (53, 71), (54, 71)]
[(97, 37), (98, 37), (99, 37), (95, 38), (96, 38), (100, 38), (92, 39), (93, 39), (94, 39), (101, 39), (90, 40), (91, 40), (102, 40), (87, 41), (88, 41), (89, 41), (103, 41), (85, 42), (86, 42), (104, 42), (82, 43), (83, 43), (84, 43), (105, 43), (79, 44), (80, 44), (81, 44), (106, 44), (78, 46), (105, 46), (77, 49), (104, 49), (76, 51), (103, 51), (75, 54), (102, 54), (74, 56), (101, 56), (73, 59), (100, 59), (72, 61), (99, 61), (71, 64), (72, 64), (97, 64), (98, 64), (99, 64), (73, 65), (95, 65), (96, 65), (74, 66), (92, 66), (93, 66), (94, 66), (75, 67), (90, 67), (91, 67), (76, 68), (87, 68), (88, 68), (89, 68), (77, 69), (85, 69), (86, 69), (78, 70), (82, 70), (83, 70), (84, 70), (79, 71), (80, 71), (81, 71)]
[(97, 64), (98, 64), (99, 64), (95, 65), (96, 65), (100, 65), (92, 66), (93, 66), (94, 66), (101, 66), (90, 67), (91, 67), (102, 67), (87, 68), (88, 68), (89, 68), (103, 68), (85, 69), (86, 69), (104, 69), (82, 70), (83, 70), (84, 70), (105, 70), (79, 71), (80, 71), (81, 71), (106, 71), (78, 73), (105, 73), (77, 76), (104, 76), (76, 78), (103, 78), (75, 81), (102, 81), (74, 83), (101, 83), (73, 86), (100, 86), (72, 88), (99, 88), (71, 91), (72, 91), (97, 91), (98, 91), (99, 91), (73, 92), (95, 92), (96, 92), (74, 93), (92, 93), (93, 93), (94, 93), (75, 94), (90, 94), (91, 94), (76, 95), (87, 95), (88, 95), (89, 95), (77, 96), (85, 96), (86, 96), (78, 97), (82, 97), (83, 97), (84, 97), (79, 98), (80, 98), (81, 98)]
[(114, 68), (112, 69), (113, 69), (109, 70), (110, 70), (111, 70), (106, 71), (107, 71), (108, 71), (105, 73), (104, 76), (103, 78), (102, 81), (101, 83), (100, 86), (99, 88), (98, 91), (99, 91), (100, 92), (101, 93), (102, 94), (103, 95), (114, 95), (104, 96), (112, 96), (113, 96), (105, 97), (109, 97), (110, 97), (111, 97), (106, 98), (107, 98), (108, 98)]
[(114, 95), (112, 96), (113, 96), (109, 97), (110, 97), (111, 97), (106, 98), (107, 98), (108, 98), (105, 100), (104, 103), (103, 105), (102, 108), (101, 110), (100, 113)]
[(16, 37), (17, 37), (18, 37), (14, 38), (15, 38), (19, 38), (11, 39), (12, 39), (13, 39), (20, 39), (9, 40), (10, 40), (21, 40), (6, 41), (7, 41), (8, 41), (22, 41), (4, 42), (5, 42), (23, 42), (1, 43), (2, 43), (3, 43), (24, 43), (0, 44), (25, 44), (24, 46), (23, 49), (22, 51), (21, 54), (20, 56), (19, 59), (18, 61), (16, 64), (17, 64), (18, 64), (14, 65), (15, 65), (11, 66), (12, 66), (13, 66), (9, 67), (10, 67), (6, 68), (7, 68), (8, 68), (4, 69), (5, 69), (1, 70), (2, 70), (3, 70), (0, 71)]
[(43, 37), (44, 37), (45, 37), (41, 38), (42, 38), (46, 38), (38, 39), (39, 39), (40, 39), (47, 39), (36, 40), (37, 40), (48, 40), (33, 41), (34, 41), (35, 41), (49, 41), (31, 42), (32, 42), (50, 42), (28, 43), (29, 43), (30, 43), (51, 43), (25, 44), (26, 44), (27, 44), (52, 44), (24, 46), (51, 46), (23, 49), (50, 49), (22, 51), (49, 51), (21, 54), (48, 54), (20, 56), (47, 56), (19, 59), (46, 59), (18, 61), (45, 61), (17, 64), (18, 64), (43, 64), (44, 64), (45, 64), (19, 65), (41, 65), (42, 65), (20, 66), (38, 66), (39, 66), (40, 66), (21, 67), (36, 67), (37, 67), (22, 68), (33, 68), (34, 68), (35, 68), (23, 69), (31, 69), (32, 69), (24, 70), (28, 70), (29, 70), (30, 70), (25, 71), (26, 71), (27, 71)]
[(43, 64), (44, 64), (45, 64), (41, 65), (42, 65), (46, 65), (38, 66), (39, 66), (40, 66), (47, 66), (36, 67), (37, 67), (48, 67), (33, 68), (34, 68), (35, 68), (49, 68), (31, 69), (32, 69), (50, 69), (28, 70), (29, 70), (30, 70), (51, 70), (25, 71), (26, 71), (27, 71), (52, 71), (24, 73), (51, 73), (23, 76), (50, 76), (22, 78), (49, 78), (21, 81), (48, 81), (20, 83), (47, 83), (19, 86), (46, 86), (18, 88), (45, 88), (17, 91), (18, 91), (43, 91), (44, 91), (45, 91), (19, 92), (41, 92), (42, 92), (20, 93), (38, 93), (39, 93), (40, 93), (21, 94), (36, 94), (37, 94), (22, 95), (33, 95), (34, 95), (35, 95), (23, 96), (31, 96), (32, 96), (24, 97), (28, 97), (29, 97), (30, 97), (25, 98), (26, 98), (27, 98)]
[(70, 64), (71, 64), (72, 64), (68, 65), (69, 65), (73, 65), (65, 66), (66, 66), (67, 66), (74, 66), (63, 67), (64, 67), (75, 67), (60, 68), (61, 68), (62, 68), (76, 68), (58, 69), (59, 69), (77, 69), (55, 70), (56, 70), (57, 70), (78, 70), (52, 71), (53, 71), (54, 71), (79, 71), (51, 73), (78, 73), (50, 76), (77, 76), (49, 78), (76, 78), (48, 81), (75, 81), (47, 83), (74, 83), (46, 86), (73, 86), (45, 88), (72, 88), (44, 91), (45, 91), (70, 91), (71, 91), (72, 91), (46, 92), (68, 92), (69, 92), (47, 93), (65, 93), (66, 93), (67, 93), (48, 94), (63, 94), (64, 94), (49, 95), (60, 95), (61, 95), (62, 95), (50, 96), (58, 96), (59, 96), (51, 97), (55, 97), (56, 97), (57, 97), (52, 98), (53, 98), (54, 98)]
[(70, 91), (71, 91), (72, 91), (68, 92), (69, 92), (73, 92), (65, 93), (66, 93), (67, 93), (74, 93), (63, 94), (64, 94), (75, 94), (60, 95), (61, 95), (62, 95), (76, 95), (58, 96), (59, 96), (77, 96), (55, 97), (56, 97), (57, 97), (78, 97), (52, 98), (53, 98), (54, 98), (79, 98), (51, 100), (78, 100), (50, 103), (77, 103), (49, 105), (76, 105), (48, 108), (75, 108), (47, 110), (74, 110), (46, 113), (73, 113)]
[(97, 91), (98, 91), (99, 91), (95, 92), (96, 92), (100, 92), (92, 93), (93, 93), (94, 93), (101, 93), (90, 94), (91, 94), (102, 94), (87, 95), (88, 95), (89, 95), (103, 95), (85, 96), (86, 96), (104, 96), (82, 97), (83, 97), (84, 97), (105, 97), (79, 98), (80, 98), (81, 98), (106, 98), (78, 100), (105, 100), (77, 103), (104, 103), (76, 105), (103, 105), (75, 108), (102, 108), (74, 110), (101, 110), (73, 113), (100, 113)]
[(16, 64), (17, 64), (18, 64), (14, 65), (15, 65), (19, 65), (11, 66), (12, 66), (13, 66), (20, 66), (9, 67), (10, 67), (21, 67), (6, 68), (7, 68), (8, 68), (22, 68), (4, 69), (5, 69), (23, 69), (1, 70), (2, 70), (3, 70), (24, 70), (0, 71), (25, 71), (24, 73), (23, 76), (22, 78), (21, 81), (20, 83), (19, 86), (18, 88), (16, 91), (17, 91), (18, 91), (14, 92), (15, 92), (11, 93), (12, 93), (13, 93), (9, 94), (10, 94), (6, 95), (7, 95), (8, 95), (4, 96), (5, 96), (1, 97), (2, 97), (3, 97), (0, 98)]
[(16, 91), (17, 91), (18, 91), (14, 92), (15, 92), (19, 92), (11, 93), (12, 93), (13, 93), (20, 93), (9, 94), (10, 94), (21, 94), (6, 95), (7, 95), (8, 95), (22, 95), (4, 96), (5, 96), (23, 96), (1, 97), (2, 97), (3, 97), (24, 97), (0, 98), (25, 98), (24, 100), (23, 103), (22, 105), (21, 108), (20, 110), (19, 113)]
[(43, 91), (44, 91), (45, 91), (41, 92), (42, 92), (46, 92), (38, 93), (39, 93), (40, 93), (47, 93), (36, 94), (37, 94), (48, 94), (33, 95), (34, 95), (35, 95), (49, 95), (31, 96), (32, 96), (50, 96), (28, 97), (29, 97), (30, 97), (51, 97), (25, 98), (26, 98), (27, 98), (52, 98), (24, 100), (51, 100), (23, 103), (50, 103), (22, 105), (49, 105), (21, 108), (48, 108), (20, 110), (47, 110), (19, 113), (46, 113)]
