[(86, 30), (87, 30), (88, 30), (83, 31), (84, 31), (85, 31), (89, 31), (79, 32), (80, 32), (81, 32), (82, 32), (90, 32), (76, 33), (77, 33), (78, 33), (91, 33), (72, 34), (73, 34), (74, 34), (75, 34), (92, 34), (93, 35), (94, 36), (71, 37), (93, 39), (70, 40), (92, 42), (69, 44), (91, 46), (68, 47), (90, 49), (67, 50), (68, 50), (69, 51), (70, 52), (88, 52), (89, 52), (90, 52), (71, 53), (85, 53), (86, 53), (87, 53), (72, 54), (81, 54), (82, 54), (83, 54), (84, 54), (73, 55), (78, 55), (79, 55), (80, 55), (74, 56), (75, 56), (76, 56), (77, 56)]
[(108, 32), (109, 32), (110, 32), (105, 33), (106, 33), (107, 33), (111, 33), (101, 34), (102, 34), (103, 34), (104, 34), (112, 34), (98, 35), (99, 35), (100, 35), (113, 35), (94, 36), (95, 36), (96, 36), (97, 36), (114, 36), (93, 39), (92, 42), (114, 44), (91, 46), (113, 48), (90, 49), (112, 51), (89, 52), (90, 52), (91, 53), (92, 54), (110, 54), (111, 54), (112, 54), (93, 55), (107, 55), (108, 55), (109, 55), (94, 56), (103, 56), (104, 56), (105, 56), (106, 56), (95, 57), (100, 57), (101, 57), (102, 57), (96, 58), (97, 58), (98, 58), (99, 58)]
[(110, 54), (111, 54), (112, 54), (107, 55), (108, 55), (109, 55), (113, 55), (103, 56), (104, 56), (105, 56), (106, 56), (114, 56), (100, 57), (101, 57), (102, 57), (96, 58), (97, 58), (98, 58), (99, 58), (95, 61), (94, 64), (93, 68), (92, 71), (114, 73), (91, 74), (92, 74), (93, 75), (94, 76), (112, 76), (113, 76), (114, 76), (95, 77), (109, 77), (110, 77), (111, 77), (96, 78), (105, 78), (106, 78), (107, 78), (108, 78), (97, 79), (102, 79), (103, 79), (104, 79), (98, 80), (99, 80), (100, 80), (101, 80)]
[(114, 73), (113, 76), (114, 76)]
[(42, 26), (43, 26), (44, 26), (39, 27), (40, 27), (41, 27), (45, 27), (35, 28), (36, 28), (37, 28), (38, 28), (46, 28), (32, 29), (33, 29), (34, 29), (47, 29), (28, 30), (29, 30), (30, 30), (31, 30), (48, 30), (49, 31), (50, 32), (27, 33), (49, 35), (26, 36), (48, 38), (25, 40), (47, 42), (24, 43), (46, 45), (23, 46), (24, 46), (25, 47), (26, 48), (44, 48), (45, 48), (46, 48), (27, 49), (41, 49), (42, 49), (43, 49), (28, 50), (37, 50), (38, 50), (39, 50), (40, 50), (29, 51), (34, 51), (35, 51), (36, 51), (30, 52), (31, 52), (32, 52), (33, 52)]
[(64, 28), (65, 28), (66, 28), (61, 29), (62, 29), (63, 29), (67, 29), (57, 30), (58, 30), (59, 30), (60, 30), (68, 30), (54, 31), (55, 31), (56, 31), (69, 31), (50, 32), (51, 32), (52, 32), (53, 32), (70, 32), (71, 33), (72, 34), (49, 35), (71, 37), (48, 38), (70, 40), (47, 42), (69, 44), (46, 45), (68, 47), (45, 48), (46, 48), (47, 49), (48, 50), (66, 50), (67, 50), (68, 50), (49, 51), (63, 51), (64, 51), (65, 51), (50, 52), (59, 52), (60, 52), (61, 52), (62, 52), (51, 53), (56, 53), (57, 53), (58, 53), (52, 54), (53, 54), (54, 54), (55, 54)]
[(66, 50), (67, 50), (68, 50), (63, 51), (64, 51), (65, 51), (69, 51), (59, 52), (60, 52), (61, 52), (62, 52), (70, 52), (56, 53), (57, 53), (58, 53), (71, 53), (52, 54), (53, 54), (54, 54), (55, 54), (72, 54), (73, 55), (74, 56), (51, 57), (73, 59), (50, 60), (72, 62), (49, 64), (71, 66), (48, 67), (70, 69), (47, 70), (48, 70), (49, 71), (50, 72), (68, 72), (69, 72), (70, 72), (51, 73), (65, 73), (66, 73), (67, 73), (52, 74), (61, 74), (62, 74), (63, 74), (64, 74), (53, 75), (58, 75), (59, 75), (60, 75), (54, 76), (55, 76), (56, 76), (57, 76)]
[(88, 52), (89, 52), (90, 52), (85, 53), (86, 53), (87, 53), (91, 53), (81, 54), (82, 54), (83, 54), (84, 54), (92, 54), (78, 55), (79, 55), (80, 55), (93, 55), (74, 56), (75, 56), (76, 56), (77, 56), (94, 56), (95, 57), (96, 58), (73, 59), (95, 61), (72, 62), (94, 64), (71, 66), (93, 68), (70, 69), (92, 71), (69, 72), (70, 72), (71, 73), (72, 74), (90, 74), (91, 74), (92, 74), (73, 75), (87, 75), (88, 75), (89, 75), (74, 76), (83, 76), (84, 76), (85, 76), (86, 76), (75, 77), (80, 77), (81, 77), (82, 77), (76, 78), (77, 78), (78, 78), (79, 78)]
[(90, 74), (91, 74), (92, 74), (87, 75), (88, 75), (89, 75), (93, 75), (83, 76), (84, 76), (85, 76), (86, 76), (94, 76), (80, 77), (81, 77), (82, 77), (95, 77), (76, 78), (77, 78), (78, 78), (79, 78), (96, 78), (97, 79), (98, 80), (75, 81), (97, 83), (74, 84), (96, 86), (73, 88), (95, 90), (72, 91), (94, 93), (71, 94), (72, 94), (73, 95), (74, 96), (92, 96), (93, 96), (94, 96), (75, 97), (89, 97), (90, 97), (91, 97), (76, 98), (85, 98), (86, 98), (87, 98), (88, 98), (77, 99), (82, 99), (83, 99), (84, 99), (78, 100), (79, 100), (80, 100), (81, 100)]
[(112, 76), (113, 76), (114, 76), (109, 77), (110, 77), (111, 77), (105, 78), (106, 78), (107, 78), (108, 78), (102, 79), (103, 79), (104, 79), (98, 80), (99, 80), (100, 80), (101, 80), (97, 83), (96, 86), (95, 90), (94, 93), (93, 96), (94, 96), (95, 97), (96, 98), (114, 98), (97, 99), (111, 99), (112, 99), (113, 99), (98, 100), (107, 100), (108, 100), (109, 100), (110, 100), (99, 101), (104, 101), (105, 101), (106, 101), (100, 102), (101, 102), (102, 102), (103, 102)]
[(114, 98), (111, 99), (112, 99), (113, 99), (107, 100), (108, 100), (109, 100), (110, 100), (104, 101), (105, 101), (106, 101), (100, 102), (101, 102), (102, 102), (103, 102), (99, 105), (98, 108), (97, 112)]
[(22, 46), (23, 46), (24, 46), (19, 47), (20, 47), (21, 47), (25, 47), (15, 48), (16, 48), (17, 48), (18, 48), (26, 48), (12, 49), (13, 49), (14, 49), (27, 49), (8, 50), (9, 50), (10, 50), (11, 50), (28, 50), (29, 51), (30, 52), (7, 53), (29, 55), (6, 56), (28, 58), (5, 60), (27, 62), (4, 63), (26, 65), (3, 66), (4, 66), (5, 67), (6, 68), (24, 68), (25, 68), (26, 68), (7, 69), (21, 69), (22, 69), (23, 69), (8, 70), (17, 70), (18, 70), (19, 70), (20, 70), (9, 71), (14, 71), (15, 71), (16, 71), (10, 72), (11, 72), (12, 72), (13, 72)]
[(44, 48), (45, 48), (46, 48), (41, 49), (42, 49), (43, 49), (47, 49), (37, 50), (38, 50), (39, 50), (40, 50), (48, 50), (34, 51), (35, 51), (36, 51), (49, 51), (30, 52), (31, 52), (32, 52), (33, 52), (50, 52), (51, 53), (52, 54), (29, 55), (51, 57), (28, 58), (50, 60), (27, 62), (49, 64), (26, 65), (48, 67), (25, 68), (26, 68), (27, 69), (28, 70), (46, 70), (47, 70), (48, 70), (29, 71), (43, 71), (44, 71), (45, 71), (30, 72), (39, 72), (40, 72), (41, 72), (42, 72), (31, 73), (36, 73), (37, 73), (38, 73), (32, 74), (33, 74), (34, 74), (35, 74)]
[(46, 70), (47, 70), (48, 70), (43, 71), (44, 71), (45, 71), (49, 71), (39, 72), (40, 72), (41, 72), (42, 72), (50, 72), (36, 73), (37, 73), (38, 73), (51, 73), (32, 74), (33, 74), (34, 74), (35, 74), (52, 74), (53, 75), (54, 76), (31, 77), (53, 79), (30, 80), (52, 82), (29, 84), (51, 86), (28, 87), (50, 89), (27, 90), (28, 90), (29, 91), (30, 92), (48, 92), (49, 92), (50, 92), (31, 93), (45, 93), (46, 93), (47, 93), (32, 94), (41, 94), (42, 94), (43, 94), (44, 94), (33, 95), (38, 95), (39, 95), (40, 95), (34, 96), (35, 96), (36, 96), (37, 96)]
[(68, 72), (69, 72), (70, 72), (65, 73), (66, 73), (67, 73), (71, 73), (61, 74), (62, 74), (63, 74), (64, 74), (72, 74), (58, 75), (59, 75), (60, 75), (73, 75), (54, 76), (55, 76), (56, 76), (57, 76), (74, 76), (75, 77), (76, 78), (53, 79), (75, 81), (52, 82), (74, 84), (51, 86), (73, 88), (50, 89), (72, 91), (49, 92), (50, 92), (51, 93), (52, 94), (70, 94), (71, 94), (72, 94), (53, 95), (67, 95), (68, 95), (69, 95), (54, 96), (63, 96), (64, 96), (65, 96), (66, 96), (55, 97), (60, 97), (61, 97), (62, 97), (56, 98), (57, 98), (58, 98), (59, 98)]
[(70, 94), (71, 94), (72, 94), (67, 95), (68, 95), (69, 95), (73, 95), (63, 96), (64, 96), (65, 96), (66, 96), (74, 96), (60, 97), (61, 97), (62, 97), (75, 97), (56, 98), (57, 98), (58, 98), (59, 98), (76, 98), (77, 99), (78, 100), (55, 101), (77, 103), (54, 104), (76, 106), (53, 108), (75, 110), (52, 111), (74, 113), (51, 114), (52, 114)]
[(92, 96), (93, 96), (94, 96), (89, 97), (90, 97), (91, 97), (95, 97), (85, 98), (86, 98), (87, 98), (88, 98), (96, 98), (82, 99), (83, 99), (84, 99), (97, 99), (78, 100), (79, 100), (80, 100), (81, 100), (98, 100), (99, 101), (100, 102), (77, 103), (99, 105), (76, 106), (98, 108), (75, 110), (97, 112), (74, 113)]
[(24, 68), (25, 68), (26, 68), (21, 69), (22, 69), (23, 69), (27, 69), (17, 70), (18, 70), (19, 70), (20, 70), (28, 70), (14, 71), (15, 71), (16, 71), (29, 71), (10, 72), (11, 72), (12, 72), (13, 72), (30, 72), (31, 73), (32, 74), (9, 75), (31, 77), (8, 78), (30, 80), (7, 82), (29, 84), (6, 85), (28, 87), (5, 88), (6, 88), (7, 89), (8, 90), (26, 90), (27, 90), (28, 90), (9, 91), (23, 91), (24, 91), (25, 91), (10, 92), (19, 92), (20, 92), (21, 92), (22, 92), (11, 93), (16, 93), (17, 93), (18, 93), (12, 94), (13, 94), (14, 94), (15, 94)]
[(26, 90), (27, 90), (28, 90), (23, 91), (24, 91), (25, 91), (29, 91), (19, 92), (20, 92), (21, 92), (22, 92), (30, 92), (16, 93), (17, 93), (18, 93), (31, 93), (12, 94), (13, 94), (14, 94), (15, 94), (32, 94), (33, 95), (34, 96), (11, 97), (33, 99), (10, 100), (32, 102), (9, 104), (31, 106), (8, 107), (30, 109), (7, 110), (8, 110), (9, 111), (10, 112), (28, 112), (29, 112), (30, 112), (11, 113), (25, 113), (26, 113), (27, 113), (12, 114), (21, 114), (22, 114), (23, 114), (24, 114)]
[(48, 92), (49, 92), (50, 92), (45, 93), (46, 93), (47, 93), (51, 93), (41, 94), (42, 94), (43, 94), (44, 94), (52, 94), (38, 95), (39, 95), (40, 95), (53, 95), (34, 96), (35, 96), (36, 96), (37, 96), (54, 96), (55, 97), (56, 98), (33, 99), (55, 101), (32, 102), (54, 104), (31, 106), (53, 108), (30, 109), (52, 111), (29, 112), (30, 112), (31, 113), (32, 114), (50, 114), (51, 114), (52, 114)]
[(50, 114), (51, 114), (52, 114)]
[(28, 112), (29, 112), (30, 112), (25, 113), (26, 113), (27, 113), (31, 113), (21, 114), (22, 114), (23, 114), (24, 114), (32, 114)]
