[(90, 29), (91, 29), (87, 30), (88, 30), (89, 30), (92, 30), (85, 31), (86, 31), (93, 31), (82, 32), (83, 32), (84, 32), (94, 32), (80, 33), (81, 33), (77, 34), (78, 34), (79, 34), (93, 34), (74, 35), (75, 35), (76, 35), (73, 37), (92, 37), (91, 39), (72, 40), (71, 42), (90, 42), (89, 44), (70, 45), (69, 47), (88, 47), (87, 49), (88, 49), (68, 50), (84, 50), (85, 50), (86, 50), (82, 51), (83, 51), (68, 52), (79, 52), (80, 52), (81, 52), (69, 53), (77, 53), (78, 53), (70, 54), (74, 54), (75, 54), (76, 54), (71, 55), (72, 55), (73, 55)]
[(110, 26), (111, 26), (107, 27), (108, 27), (109, 27), (112, 27), (105, 28), (106, 28), (113, 28), (102, 29), (103, 29), (104, 29), (114, 29), (100, 30), (101, 30), (97, 31), (98, 31), (99, 31), (113, 31), (94, 32), (95, 32), (96, 32), (93, 34), (112, 34), (111, 36), (92, 37), (91, 39), (110, 39), (109, 41), (90, 42), (89, 44), (108, 44), (107, 46), (108, 46), (88, 47), (104, 47), (105, 47), (106, 47), (102, 48), (103, 48), (88, 49), (99, 49), (100, 49), (101, 49), (89, 50), (97, 50), (98, 50), (90, 51), (94, 51), (95, 51), (96, 51), (91, 52), (92, 52), (93, 52)]
[(107, 46), (108, 46), (104, 47), (105, 47), (106, 47), (109, 47), (102, 48), (103, 48), (110, 48), (99, 49), (100, 49), (101, 49), (111, 49), (97, 50), (98, 50), (94, 51), (95, 51), (96, 51), (110, 51), (91, 52), (92, 52), (93, 52), (90, 54), (109, 54), (108, 56), (89, 57), (88, 59), (107, 59), (106, 61), (87, 62), (86, 64), (105, 64), (104, 66), (105, 66), (85, 67), (101, 67), (102, 67), (103, 67), (99, 68), (100, 68), (85, 69), (96, 69), (97, 69), (98, 69), (86, 70), (94, 70), (95, 70), (87, 71), (91, 71), (92, 71), (93, 71), (88, 72), (89, 72), (90, 72)]
[(114, 48), (111, 49), (112, 49), (113, 49), (110, 51), (109, 54), (108, 56), (107, 59), (106, 61), (105, 64), (105, 66), (106, 67), (114, 67), (107, 68), (111, 68), (112, 68), (113, 68), (108, 69), (109, 69), (110, 69)]
[(114, 67), (111, 68), (112, 68), (113, 68), (108, 69), (109, 69), (110, 69), (107, 71), (106, 74), (105, 76), (104, 79), (103, 81), (102, 84), (102, 86), (113, 86), (114, 86), (103, 87), (111, 87), (112, 87), (104, 88), (108, 88), (109, 88), (110, 88), (105, 89), (106, 89), (107, 89)]
[(50, 35), (51, 35), (47, 36), (48, 36), (49, 36), (52, 36), (45, 37), (46, 37), (53, 37), (42, 38), (43, 38), (44, 38), (54, 38), (40, 39), (41, 39), (37, 40), (38, 40), (39, 40), (53, 40), (34, 41), (35, 41), (36, 41), (33, 43), (52, 43), (51, 45), (32, 46), (31, 48), (50, 48), (49, 50), (30, 51), (29, 53), (48, 53), (47, 55), (48, 55), (28, 56), (44, 56), (45, 56), (46, 56), (42, 57), (43, 57), (28, 58), (39, 58), (40, 58), (41, 58), (29, 59), (37, 59), (38, 59), (30, 60), (34, 60), (35, 60), (36, 60), (31, 61), (32, 61), (33, 61)]
[(70, 32), (71, 32), (67, 33), (68, 33), (69, 33), (72, 33), (65, 34), (66, 34), (73, 34), (62, 35), (63, 35), (64, 35), (74, 35), (60, 36), (61, 36), (57, 37), (58, 37), (59, 37), (73, 37), (54, 38), (55, 38), (56, 38), (53, 40), (72, 40), (71, 42), (52, 43), (51, 45), (70, 45), (69, 47), (50, 48), (49, 50), (68, 50), (67, 52), (68, 52), (48, 53), (64, 53), (65, 53), (66, 53), (62, 54), (63, 54), (48, 55), (59, 55), (60, 55), (61, 55), (49, 56), (57, 56), (58, 56), (50, 57), (54, 57), (55, 57), (56, 57), (51, 58), (52, 58), (53, 58)]
[(67, 52), (68, 52), (64, 53), (65, 53), (66, 53), (69, 53), (62, 54), (63, 54), (70, 54), (59, 55), (60, 55), (61, 55), (71, 55), (57, 56), (58, 56), (54, 57), (55, 57), (56, 57), (70, 57), (51, 58), (52, 58), (53, 58), (50, 60), (69, 60), (68, 62), (49, 63), (48, 65), (67, 65), (66, 67), (47, 68), (46, 70), (65, 70), (64, 72), (65, 72), (45, 73), (61, 73), (62, 73), (63, 73), (59, 74), (60, 74), (45, 75), (56, 75), (57, 75), (58, 75), (46, 76), (54, 76), (55, 76), (47, 77), (51, 77), (52, 77), (53, 77), (48, 78), (49, 78), (50, 78)]
[(87, 49), (88, 49), (84, 50), (85, 50), (86, 50), (89, 50), (82, 51), (83, 51), (90, 51), (79, 52), (80, 52), (81, 52), (91, 52), (77, 53), (78, 53), (74, 54), (75, 54), (76, 54), (90, 54), (71, 55), (72, 55), (73, 55), (70, 57), (89, 57), (88, 59), (69, 60), (68, 62), (87, 62), (86, 64), (67, 65), (66, 67), (85, 67), (84, 69), (85, 69), (65, 70), (81, 70), (82, 70), (83, 70), (79, 71), (80, 71), (65, 72), (76, 72), (77, 72), (78, 72), (66, 73), (74, 73), (75, 73), (67, 74), (71, 74), (72, 74), (73, 74), (68, 75), (69, 75), (70, 75)]
[(84, 69), (85, 69), (81, 70), (82, 70), (83, 70), (86, 70), (79, 71), (80, 71), (87, 71), (76, 72), (77, 72), (78, 72), (88, 72), (74, 73), (75, 73), (71, 74), (72, 74), (73, 74), (87, 74), (68, 75), (69, 75), (70, 75), (67, 77), (86, 77), (85, 79), (66, 80), (65, 82), (84, 82), (83, 84), (64, 85), (63, 87), (82, 87), (81, 89), (82, 89), (62, 90), (78, 90), (79, 90), (80, 90), (76, 91), (77, 91), (62, 92), (73, 92), (74, 92), (75, 92), (63, 93), (71, 93), (72, 93), (64, 94), (68, 94), (69, 94), (70, 94), (65, 95), (66, 95), (67, 95)]
[(104, 66), (105, 66), (101, 67), (102, 67), (103, 67), (106, 67), (99, 68), (100, 68), (107, 68), (96, 69), (97, 69), (98, 69), (108, 69), (94, 70), (95, 70), (91, 71), (92, 71), (93, 71), (107, 71), (88, 72), (89, 72), (90, 72), (87, 74), (106, 74), (105, 76), (86, 77), (85, 79), (104, 79), (103, 81), (84, 82), (83, 84), (102, 84), (101, 86), (102, 86), (82, 87), (98, 87), (99, 87), (100, 87), (96, 88), (97, 88), (82, 89), (93, 89), (94, 89), (95, 89), (83, 90), (91, 90), (92, 90), (84, 91), (88, 91), (89, 91), (90, 91), (85, 92), (86, 92), (87, 92)]
[(101, 86), (102, 86), (98, 87), (99, 87), (100, 87), (103, 87), (96, 88), (97, 88), (104, 88), (93, 89), (94, 89), (95, 89), (105, 89), (91, 90), (92, 90), (88, 91), (89, 91), (90, 91), (104, 91), (85, 92), (86, 92), (87, 92), (84, 94), (103, 94), (102, 96), (83, 97), (82, 99), (101, 99), (100, 101), (81, 102), (80, 104), (99, 104), (98, 106), (99, 106), (79, 107), (95, 107), (96, 107), (97, 107), (93, 108), (94, 108), (79, 109), (90, 109), (91, 109), (92, 109), (80, 110), (88, 110), (89, 110), (81, 111), (85, 111), (86, 111), (87, 111), (82, 112), (83, 112), (84, 112)]
[(113, 86), (114, 86), (111, 87), (112, 87), (108, 88), (109, 88), (110, 88), (105, 89), (106, 89), (107, 89), (104, 91), (103, 94), (102, 96), (101, 99), (100, 101), (99, 104), (113, 105), (114, 105), (99, 106), (110, 106), (111, 106), (112, 106), (100, 107), (108, 107), (109, 107), (101, 108), (105, 108), (106, 108), (107, 108), (102, 109), (103, 109), (104, 109)]
[(113, 105), (114, 105), (110, 106), (111, 106), (112, 106), (108, 107), (109, 107), (105, 108), (106, 108), (107, 108), (102, 109), (103, 109), (104, 109), (101, 111), (100, 114)]
[(27, 58), (28, 58), (24, 59), (25, 59), (26, 59), (29, 59), (22, 60), (23, 60), (30, 60), (19, 61), (20, 61), (21, 61), (31, 61), (17, 62), (18, 62), (14, 63), (15, 63), (16, 63), (30, 63), (11, 64), (12, 64), (13, 64), (10, 66), (29, 66), (28, 68), (9, 69), (8, 71), (27, 71), (26, 73), (7, 74), (6, 76), (25, 76), (24, 78), (25, 78), (5, 79), (21, 79), (22, 79), (23, 79), (19, 80), (20, 80), (5, 81), (16, 81), (17, 81), (18, 81), (6, 82), (14, 82), (15, 82), (7, 83), (11, 83), (12, 83), (13, 83), (8, 84), (9, 84), (10, 84)]
[(47, 55), (48, 55), (44, 56), (45, 56), (46, 56), (49, 56), (42, 57), (43, 57), (50, 57), (39, 58), (40, 58), (41, 58), (51, 58), (37, 59), (38, 59), (34, 60), (35, 60), (36, 60), (50, 60), (31, 61), (32, 61), (33, 61), (30, 63), (49, 63), (48, 65), (29, 66), (28, 68), (47, 68), (46, 70), (27, 71), (26, 73), (45, 73), (44, 75), (45, 75), (25, 76), (41, 76), (42, 76), (43, 76), (39, 77), (40, 77), (25, 78), (36, 78), (37, 78), (38, 78), (26, 79), (34, 79), (35, 79), (27, 80), (31, 80), (32, 80), (33, 80), (28, 81), (29, 81), (30, 81)]
[(44, 75), (45, 75), (41, 76), (42, 76), (43, 76), (46, 76), (39, 77), (40, 77), (47, 77), (36, 78), (37, 78), (38, 78), (48, 78), (34, 79), (35, 79), (31, 80), (32, 80), (33, 80), (47, 80), (28, 81), (29, 81), (30, 81), (27, 83), (46, 83), (45, 85), (26, 86), (25, 88), (44, 88), (43, 90), (24, 91), (23, 93), (42, 93), (41, 95), (42, 95), (22, 96), (38, 96), (39, 96), (40, 96), (36, 97), (37, 97), (22, 98), (33, 98), (34, 98), (35, 98), (23, 99), (31, 99), (32, 99), (24, 100), (28, 100), (29, 100), (30, 100), (25, 101), (26, 101), (27, 101)]
[(64, 72), (65, 72), (61, 73), (62, 73), (63, 73), (66, 73), (59, 74), (60, 74), (67, 74), (56, 75), (57, 75), (58, 75), (68, 75), (54, 76), (55, 76), (51, 77), (52, 77), (53, 77), (67, 77), (48, 78), (49, 78), (50, 78), (47, 80), (66, 80), (65, 82), (46, 83), (45, 85), (64, 85), (63, 87), (44, 88), (43, 90), (62, 90), (61, 92), (62, 92), (42, 93), (58, 93), (59, 93), (60, 93), (56, 94), (57, 94), (42, 95), (53, 95), (54, 95), (55, 95), (43, 96), (51, 96), (52, 96), (44, 97), (48, 97), (49, 97), (50, 97), (45, 98), (46, 98), (47, 98)]
[(61, 92), (62, 92), (58, 93), (59, 93), (60, 93), (63, 93), (56, 94), (57, 94), (64, 94), (53, 95), (54, 95), (55, 95), (65, 95), (51, 96), (52, 96), (48, 97), (49, 97), (50, 97), (64, 97), (45, 98), (46, 98), (47, 98), (44, 100), (63, 100), (62, 102), (43, 103), (42, 105), (61, 105), (60, 107), (41, 108), (40, 110), (59, 110), (58, 112), (59, 112), (39, 113), (55, 113), (56, 113), (57, 113), (53, 114), (54, 114)]
[(81, 89), (82, 89), (78, 90), (79, 90), (80, 90), (83, 90), (76, 91), (77, 91), (84, 91), (73, 92), (74, 92), (75, 92), (85, 92), (71, 93), (72, 93), (68, 94), (69, 94), (70, 94), (84, 94), (65, 95), (66, 95), (67, 95), (64, 97), (83, 97), (82, 99), (63, 100), (62, 102), (81, 102), (80, 104), (61, 105), (60, 107), (79, 107), (78, 109), (79, 109), (59, 110), (75, 110), (76, 110), (77, 110), (73, 111), (74, 111), (59, 112), (70, 112), (71, 112), (72, 112), (60, 113), (68, 113), (69, 113), (61, 114), (65, 114), (66, 114), (67, 114)]
[(78, 109), (79, 109), (75, 110), (76, 110), (77, 110), (80, 110), (73, 111), (74, 111), (81, 111), (70, 112), (71, 112), (72, 112), (82, 112), (68, 113), (69, 113), (65, 114), (66, 114), (67, 114), (81, 114)]
[(98, 106), (99, 106), (95, 107), (96, 107), (97, 107), (100, 107), (93, 108), (94, 108), (101, 108), (90, 109), (91, 109), (92, 109), (102, 109), (88, 110), (89, 110), (85, 111), (86, 111), (87, 111), (101, 111), (82, 112), (83, 112), (84, 112), (81, 114), (100, 114)]
[(24, 78), (25, 78), (21, 79), (22, 79), (23, 79), (26, 79), (19, 80), (20, 80), (27, 80), (16, 81), (17, 81), (18, 81), (28, 81), (14, 82), (15, 82), (11, 83), (12, 83), (13, 83), (27, 83), (8, 84), (9, 84), (10, 84), (7, 86), (26, 86), (25, 88), (6, 89), (5, 91), (24, 91), (23, 93), (4, 94), (3, 96), (22, 96), (21, 98), (22, 98), (2, 99), (18, 99), (19, 99), (20, 99), (16, 100), (17, 100), (2, 101), (13, 101), (14, 101), (15, 101), (3, 102), (11, 102), (12, 102), (4, 103), (8, 103), (9, 103), (10, 103), (5, 104), (6, 104), (7, 104)]
[(21, 98), (22, 98), (18, 99), (19, 99), (20, 99), (23, 99), (16, 100), (17, 100), (24, 100), (13, 101), (14, 101), (15, 101), (25, 101), (11, 102), (12, 102), (8, 103), (9, 103), (10, 103), (24, 103), (5, 104), (6, 104), (7, 104), (4, 106), (23, 106), (22, 108), (3, 109), (2, 111), (21, 111), (20, 113), (1, 114)]
[(41, 95), (42, 95), (38, 96), (39, 96), (40, 96), (43, 96), (36, 97), (37, 97), (44, 97), (33, 98), (34, 98), (35, 98), (45, 98), (31, 99), (32, 99), (28, 100), (29, 100), (30, 100), (44, 100), (25, 101), (26, 101), (27, 101), (24, 103), (43, 103), (42, 105), (23, 106), (22, 108), (41, 108), (40, 110), (21, 111), (20, 113), (39, 113)]
[(58, 112), (59, 112), (55, 113), (56, 113), (57, 113), (60, 113), (53, 114), (54, 114), (61, 114)]
