[(91, 37), (92, 37), (93, 37), (88, 38), (89, 38), (90, 38), (94, 38), (84, 39), (85, 39), (86, 39), (87, 39), (95, 39), (81, 40), (82, 40), (83, 40), (96, 40), (77, 41), (78, 41), (79, 41), (80, 41), (97, 41), (98, 42), (99, 43), (76, 44), (98, 46), (75, 47), (97, 49), (74, 51), (96, 53), (73, 54), (95, 56), (72, 57), (73, 57), (74, 58), (75, 59), (93, 59), (94, 59), (95, 59), (76, 60), (90, 60), (91, 60), (92, 60), (77, 61), (86, 61), (87, 61), (88, 61), (89, 61), (78, 62), (83, 62), (84, 62), (85, 62), (79, 63), (80, 63), (81, 63), (82, 63)]
[(113, 39), (114, 39), (110, 40), (111, 40), (112, 40), (106, 41), (107, 41), (108, 41), (109, 41), (103, 42), (104, 42), (105, 42), (99, 43), (100, 43), (101, 43), (102, 43), (98, 46), (97, 49), (96, 53), (95, 56), (94, 59), (95, 59), (96, 60), (97, 61), (98, 62), (112, 62), (113, 62), (114, 62), (99, 63), (108, 63), (109, 63), (110, 63), (111, 63), (100, 64), (105, 64), (106, 64), (107, 64), (101, 65), (102, 65), (103, 65), (104, 65)]
[(112, 62), (113, 62), (114, 62), (108, 63), (109, 63), (110, 63), (111, 63), (105, 64), (106, 64), (107, 64), (101, 65), (102, 65), (103, 65), (104, 65), (100, 68), (99, 71), (98, 75), (97, 78), (96, 81), (97, 81), (98, 82), (99, 83), (100, 84), (114, 84), (101, 85), (110, 85), (111, 85), (112, 85), (113, 85), (102, 86), (107, 86), (108, 86), (109, 86), (103, 87), (104, 87), (105, 87), (106, 87)]
[(47, 33), (48, 33), (49, 33), (44, 34), (45, 34), (46, 34), (50, 34), (40, 35), (41, 35), (42, 35), (43, 35), (51, 35), (37, 36), (38, 36), (39, 36), (52, 36), (33, 37), (34, 37), (35, 37), (36, 37), (53, 37), (54, 38), (55, 39), (32, 40), (54, 42), (31, 43), (53, 45), (30, 47), (52, 49), (29, 50), (51, 52), (28, 53), (29, 53), (30, 54), (31, 55), (49, 55), (50, 55), (51, 55), (32, 56), (46, 56), (47, 56), (48, 56), (33, 57), (42, 57), (43, 57), (44, 57), (45, 57), (34, 58), (39, 58), (40, 58), (41, 58), (35, 59), (36, 59), (37, 59), (38, 59)]
[(69, 35), (70, 35), (71, 35), (66, 36), (67, 36), (68, 36), (72, 36), (62, 37), (63, 37), (64, 37), (65, 37), (73, 37), (59, 38), (60, 38), (61, 38), (74, 38), (55, 39), (56, 39), (57, 39), (58, 39), (75, 39), (76, 40), (77, 41), (54, 42), (76, 44), (53, 45), (75, 47), (52, 49), (74, 51), (51, 52), (73, 54), (50, 55), (51, 55), (52, 56), (53, 57), (71, 57), (72, 57), (73, 57), (54, 58), (68, 58), (69, 58), (70, 58), (55, 59), (64, 59), (65, 59), (66, 59), (67, 59), (56, 60), (61, 60), (62, 60), (63, 60), (57, 61), (58, 61), (59, 61), (60, 61)]
[(71, 57), (72, 57), (73, 57), (68, 58), (69, 58), (70, 58), (74, 58), (64, 59), (65, 59), (66, 59), (67, 59), (75, 59), (61, 60), (62, 60), (63, 60), (76, 60), (57, 61), (58, 61), (59, 61), (60, 61), (77, 61), (78, 62), (79, 63), (56, 64), (78, 66), (55, 67), (77, 69), (54, 71), (76, 73), (53, 74), (75, 76), (52, 77), (53, 77), (54, 78), (55, 79), (73, 79), (74, 79), (75, 79), (56, 80), (70, 80), (71, 80), (72, 80), (57, 81), (66, 81), (67, 81), (68, 81), (69, 81), (58, 82), (63, 82), (64, 82), (65, 82), (59, 83), (60, 83), (61, 83), (62, 83)]
[(93, 59), (94, 59), (95, 59), (90, 60), (91, 60), (92, 60), (96, 60), (86, 61), (87, 61), (88, 61), (89, 61), (97, 61), (83, 62), (84, 62), (85, 62), (98, 62), (79, 63), (80, 63), (81, 63), (82, 63), (99, 63), (100, 64), (101, 65), (78, 66), (100, 68), (77, 69), (99, 71), (76, 73), (98, 75), (75, 76), (97, 78), (74, 79), (75, 79), (76, 80), (77, 81), (95, 81), (96, 81), (97, 81), (78, 82), (92, 82), (93, 82), (94, 82), (79, 83), (88, 83), (89, 83), (90, 83), (91, 83), (80, 84), (85, 84), (86, 84), (87, 84), (81, 85), (82, 85), (83, 85), (84, 85)]
[(95, 81), (96, 81), (97, 81), (92, 82), (93, 82), (94, 82), (98, 82), (88, 83), (89, 83), (90, 83), (91, 83), (99, 83), (85, 84), (86, 84), (87, 84), (100, 84), (81, 85), (82, 85), (83, 85), (84, 85), (101, 85), (102, 86), (103, 87), (80, 88), (102, 90), (79, 91), (101, 93), (78, 95), (100, 97), (77, 98), (99, 100), (76, 101), (77, 101), (78, 102), (79, 103), (97, 103), (98, 103), (99, 103), (80, 104), (94, 104), (95, 104), (96, 104), (81, 105), (90, 105), (91, 105), (92, 105), (93, 105), (82, 106), (87, 106), (88, 106), (89, 106), (83, 107), (84, 107), (85, 107), (86, 107)]
[(114, 84), (110, 85), (111, 85), (112, 85), (113, 85), (107, 86), (108, 86), (109, 86), (103, 87), (104, 87), (105, 87), (106, 87), (102, 90), (101, 93), (100, 97), (99, 100), (98, 103), (99, 103), (100, 104), (101, 105), (102, 106), (103, 107), (112, 107), (113, 107), (114, 107), (104, 108), (109, 108), (110, 108), (111, 108), (105, 109), (106, 109), (107, 109), (108, 109)]
[(112, 107), (113, 107), (114, 107), (109, 108), (110, 108), (111, 108), (105, 109), (106, 109), (107, 109), (108, 109), (104, 112)]
[(27, 53), (28, 53), (29, 53), (24, 54), (25, 54), (26, 54), (30, 54), (20, 55), (21, 55), (22, 55), (23, 55), (31, 55), (17, 56), (18, 56), (19, 56), (32, 56), (13, 57), (14, 57), (15, 57), (16, 57), (33, 57), (34, 58), (35, 59), (12, 60), (34, 62), (11, 63), (33, 65), (10, 67), (32, 69), (9, 70), (31, 72), (8, 73), (9, 73), (10, 74), (11, 75), (29, 75), (30, 75), (31, 75), (12, 76), (26, 76), (27, 76), (28, 76), (13, 77), (22, 77), (23, 77), (24, 77), (25, 77), (14, 78), (19, 78), (20, 78), (21, 78), (15, 79), (16, 79), (17, 79), (18, 79)]
[(49, 55), (50, 55), (51, 55), (46, 56), (47, 56), (48, 56), (52, 56), (42, 57), (43, 57), (44, 57), (45, 57), (53, 57), (39, 58), (40, 58), (41, 58), (54, 58), (35, 59), (36, 59), (37, 59), (38, 59), (55, 59), (56, 60), (57, 61), (34, 62), (56, 64), (33, 65), (55, 67), (32, 69), (54, 71), (31, 72), (53, 74), (30, 75), (31, 75), (32, 76), (33, 77), (51, 77), (52, 77), (53, 77), (34, 78), (48, 78), (49, 78), (50, 78), (35, 79), (44, 79), (45, 79), (46, 79), (47, 79), (36, 80), (41, 80), (42, 80), (43, 80), (37, 81), (38, 81), (39, 81), (40, 81)]
[(51, 77), (52, 77), (53, 77), (48, 78), (49, 78), (50, 78), (54, 78), (44, 79), (45, 79), (46, 79), (47, 79), (55, 79), (41, 80), (42, 80), (43, 80), (56, 80), (37, 81), (38, 81), (39, 81), (40, 81), (57, 81), (58, 82), (59, 83), (36, 84), (58, 86), (35, 87), (57, 89), (34, 91), (56, 93), (33, 94), (55, 96), (32, 97), (33, 97), (34, 98), (35, 99), (53, 99), (54, 99), (55, 99), (36, 100), (50, 100), (51, 100), (52, 100), (37, 101), (46, 101), (47, 101), (48, 101), (49, 101), (38, 102), (43, 102), (44, 102), (45, 102), (39, 103), (40, 103), (41, 103), (42, 103)]
[(73, 79), (74, 79), (75, 79), (70, 80), (71, 80), (72, 80), (76, 80), (66, 81), (67, 81), (68, 81), (69, 81), (77, 81), (63, 82), (64, 82), (65, 82), (78, 82), (59, 83), (60, 83), (61, 83), (62, 83), (79, 83), (80, 84), (81, 85), (58, 86), (80, 88), (57, 89), (79, 91), (56, 93), (78, 95), (55, 96), (77, 98), (54, 99), (55, 99), (56, 100), (57, 101), (75, 101), (76, 101), (77, 101), (58, 102), (72, 102), (73, 102), (74, 102), (59, 103), (68, 103), (69, 103), (70, 103), (71, 103), (60, 104), (65, 104), (66, 104), (67, 104), (61, 105), (62, 105), (63, 105), (64, 105)]
[(75, 101), (76, 101), (77, 101), (72, 102), (73, 102), (74, 102), (78, 102), (68, 103), (69, 103), (70, 103), (71, 103), (79, 103), (65, 104), (66, 104), (67, 104), (80, 104), (61, 105), (62, 105), (63, 105), (64, 105), (81, 105), (82, 106), (83, 107), (60, 108), (82, 110), (59, 111), (81, 113)]
[(97, 103), (98, 103), (99, 103), (94, 104), (95, 104), (96, 104), (100, 104), (90, 105), (91, 105), (92, 105), (93, 105), (101, 105), (87, 106), (88, 106), (89, 106), (102, 106), (83, 107), (84, 107), (85, 107), (86, 107), (103, 107), (104, 108), (105, 109), (82, 110), (104, 112), (81, 113)]
[(29, 75), (30, 75), (31, 75), (26, 76), (27, 76), (28, 76), (32, 76), (22, 77), (23, 77), (24, 77), (25, 77), (33, 77), (19, 78), (20, 78), (21, 78), (34, 78), (15, 79), (16, 79), (17, 79), (18, 79), (35, 79), (36, 80), (37, 81), (14, 82), (36, 84), (13, 85), (35, 87), (12, 89), (34, 91), (11, 92), (33, 94), (10, 95), (11, 95), (12, 96), (13, 97), (31, 97), (32, 97), (33, 97), (14, 98), (28, 98), (29, 98), (30, 98), (15, 99), (24, 99), (25, 99), (26, 99), (27, 99), (16, 100), (21, 100), (22, 100), (23, 100), (17, 101), (18, 101), (19, 101), (20, 101)]
[(31, 97), (32, 97), (33, 97), (28, 98), (29, 98), (30, 98), (34, 98), (24, 99), (25, 99), (26, 99), (27, 99), (35, 99), (21, 100), (22, 100), (23, 100), (36, 100), (17, 101), (18, 101), (19, 101), (20, 101), (37, 101), (38, 102), (39, 103), (16, 104), (38, 106), (15, 107), (37, 109), (14, 111), (36, 113), (13, 114)]
[(53, 99), (54, 99), (55, 99), (50, 100), (51, 100), (52, 100), (56, 100), (46, 101), (47, 101), (48, 101), (49, 101), (57, 101), (43, 102), (44, 102), (45, 102), (58, 102), (39, 103), (40, 103), (41, 103), (42, 103), (59, 103), (60, 104), (61, 105), (38, 106), (60, 108), (37, 109), (59, 111), (36, 113)]
