[(114, 32), (113, 35), (112, 38), (111, 41), (110, 44), (109, 47), (108, 50), (107, 53), (108, 53), (109, 54), (110, 55), (111, 56), (112, 57), (113, 58), (114, 59)]
[(74, 21), (75, 21), (76, 21), (71, 22), (72, 22), (73, 22), (77, 22), (68, 23), (69, 23), (70, 23), (78, 23), (65, 24), (66, 24), (67, 24), (79, 24), (62, 25), (63, 25), (64, 25), (80, 25), (59, 26), (60, 26), (61, 26), (81, 26), (56, 27), (57, 27), (58, 27), (82, 27), (53, 28), (54, 28), (55, 28), (83, 28), (84, 29), (52, 30), (83, 31), (51, 33), (82, 34), (50, 36), (81, 37), (49, 39), (80, 40), (48, 42), (79, 43), (47, 45), (78, 46), (46, 48), (77, 49), (45, 51), (46, 51), (47, 52), (75, 52), (76, 52), (77, 52), (48, 53), (72, 53), (73, 53), (74, 53), (49, 54), (69, 54), (70, 54), (71, 54), (50, 55), (66, 55), (67, 55), (68, 55), (51, 56), (63, 56), (64, 56), (65, 56), (52, 57), (60, 57), (61, 57), (62, 57), (53, 58), (57, 58), (58, 58), (59, 58), (54, 59), (55, 59), (56, 59)]
[(105, 22), (106, 22), (107, 22), (102, 23), (103, 23), (104, 23), (108, 23), (99, 24), (100, 24), (101, 24), (109, 24), (96, 25), (97, 25), (98, 25), (110, 25), (93, 26), (94, 26), (95, 26), (111, 26), (90, 27), (91, 27), (92, 27), (112, 27), (87, 28), (88, 28), (89, 28), (113, 28), (84, 29), (85, 29), (86, 29), (114, 29), (83, 31), (114, 32), (82, 34), (113, 35), (81, 37), (112, 38), (80, 40), (111, 41), (79, 43), (110, 44), (78, 46), (109, 47), (77, 49), (108, 50), (76, 52), (77, 52), (78, 53), (106, 53), (107, 53), (108, 53), (79, 54), (103, 54), (104, 54), (105, 54), (80, 55), (100, 55), (101, 55), (102, 55), (81, 56), (97, 56), (98, 56), (99, 56), (82, 57), (94, 57), (95, 57), (96, 57), (83, 58), (91, 58), (92, 58), (93, 58), (84, 59), (88, 59), (89, 59), (90, 59), (85, 60), (86, 60), (87, 60)]
[(106, 53), (107, 53), (108, 53), (103, 54), (104, 54), (105, 54), (109, 54), (100, 55), (101, 55), (102, 55), (110, 55), (97, 56), (98, 56), (99, 56), (111, 56), (94, 57), (95, 57), (96, 57), (112, 57), (91, 58), (92, 58), (93, 58), (113, 58), (88, 59), (89, 59), (90, 59), (114, 59), (85, 60), (86, 60), (87, 60), (84, 62), (83, 65), (114, 66), (82, 68), (113, 69), (81, 71), (112, 72), (80, 74), (111, 75), (79, 77), (110, 78), (78, 80), (109, 81), (77, 83), (78, 83), (79, 84), (107, 84), (108, 84), (109, 84), (80, 85), (104, 85), (105, 85), (106, 85), (81, 86), (101, 86), (102, 86), (103, 86), (82, 87), (98, 87), (99, 87), (100, 87), (83, 88), (95, 88), (96, 88), (97, 88), (84, 89), (92, 89), (93, 89), (94, 89), (85, 90), (89, 90), (90, 90), (91, 90), (86, 91), (87, 91), (88, 91)]
[(114, 66), (113, 69), (112, 72), (111, 75), (110, 78), (109, 81), (108, 84), (109, 84), (110, 85), (111, 86), (112, 87), (113, 88), (114, 89)]
[(44, 51), (45, 51), (46, 51), (41, 52), (42, 52), (43, 52), (47, 52), (38, 53), (39, 53), (40, 53), (48, 53), (35, 54), (36, 54), (37, 54), (49, 54), (32, 55), (33, 55), (34, 55), (50, 55), (29, 56), (30, 56), (31, 56), (51, 56), (26, 57), (27, 57), (28, 57), (52, 57), (23, 58), (24, 58), (25, 58), (53, 58), (54, 59), (22, 60), (53, 61), (21, 63), (52, 64), (20, 66), (51, 67), (19, 69), (50, 70), (18, 72), (49, 73), (17, 75), (48, 76), (16, 78), (47, 79), (15, 81), (16, 81), (17, 82), (45, 82), (46, 82), (47, 82), (18, 83), (42, 83), (43, 83), (44, 83), (19, 84), (39, 84), (40, 84), (41, 84), (20, 85), (36, 85), (37, 85), (38, 85), (21, 86), (33, 86), (34, 86), (35, 86), (22, 87), (30, 87), (31, 87), (32, 87), (23, 88), (27, 88), (28, 88), (29, 88), (24, 89), (25, 89), (26, 89)]
[(75, 52), (76, 52), (77, 52), (72, 53), (73, 53), (74, 53), (78, 53), (69, 54), (70, 54), (71, 54), (79, 54), (66, 55), (67, 55), (68, 55), (80, 55), (63, 56), (64, 56), (65, 56), (81, 56), (60, 57), (61, 57), (62, 57), (82, 57), (57, 58), (58, 58), (59, 58), (83, 58), (54, 59), (55, 59), (56, 59), (84, 59), (85, 60), (53, 61), (84, 62), (52, 64), (83, 65), (51, 67), (82, 68), (50, 70), (81, 71), (49, 73), (80, 74), (48, 76), (79, 77), (47, 79), (78, 80), (46, 82), (47, 82), (48, 83), (76, 83), (77, 83), (78, 83), (49, 84), (73, 84), (74, 84), (75, 84), (50, 85), (70, 85), (71, 85), (72, 85), (51, 86), (67, 86), (68, 86), (69, 86), (52, 87), (64, 87), (65, 87), (66, 87), (53, 88), (61, 88), (62, 88), (63, 88), (54, 89), (58, 89), (59, 89), (60, 89), (55, 90), (56, 90), (57, 90)]
[(76, 83), (77, 83), (78, 83), (73, 84), (74, 84), (75, 84), (79, 84), (70, 85), (71, 85), (72, 85), (80, 85), (67, 86), (68, 86), (69, 86), (81, 86), (64, 87), (65, 87), (66, 87), (82, 87), (61, 88), (62, 88), (63, 88), (83, 88), (58, 89), (59, 89), (60, 89), (84, 89), (55, 90), (56, 90), (57, 90), (85, 90), (86, 91), (54, 92), (85, 93), (53, 95), (84, 96), (52, 98), (83, 99), (51, 101), (82, 102), (50, 104), (81, 105), (49, 107), (80, 108), (48, 110), (79, 111), (47, 113), (48, 113), (49, 114), (77, 114), (78, 114), (79, 114)]
[(107, 84), (108, 84), (109, 84), (104, 85), (105, 85), (106, 85), (110, 85), (101, 86), (102, 86), (103, 86), (111, 86), (98, 87), (99, 87), (100, 87), (112, 87), (95, 88), (96, 88), (97, 88), (113, 88), (92, 89), (93, 89), (94, 89), (114, 89), (89, 90), (90, 90), (91, 90), (86, 91), (87, 91), (88, 91), (85, 93), (84, 96), (83, 99), (114, 100), (82, 102), (113, 103), (81, 105), (112, 106), (80, 108), (111, 109), (79, 111), (110, 112), (78, 114), (79, 114)]
[(45, 82), (46, 82), (47, 82), (42, 83), (43, 83), (44, 83), (48, 83), (39, 84), (40, 84), (41, 84), (49, 84), (36, 85), (37, 85), (38, 85), (50, 85), (33, 86), (34, 86), (35, 86), (51, 86), (30, 87), (31, 87), (32, 87), (52, 87), (27, 88), (28, 88), (29, 88), (53, 88), (24, 89), (25, 89), (26, 89), (54, 89), (55, 90), (23, 91), (54, 92), (22, 94), (53, 95), (21, 97), (52, 98), (20, 100), (51, 101), (19, 103), (50, 104), (18, 106), (49, 107), (17, 109), (48, 110), (16, 112), (17, 112), (18, 113), (46, 113), (47, 113), (48, 113), (19, 114), (43, 114), (44, 114), (45, 114)]
[(46, 113), (47, 113), (48, 113), (43, 114), (44, 114), (45, 114), (49, 114)]
[(77, 114), (78, 114), (79, 114)]
