[(82, 41), (83, 41), (84, 41), (79, 42), (80, 42), (81, 42), (85, 42), (75, 43), (76, 43), (77, 43), (78, 43), (86, 43), (72, 44), (73, 44), (74, 44), (87, 44), (68, 45), (69, 45), (70, 45), (71, 45), (88, 45), (89, 46), (90, 47), (67, 48), (89, 50), (66, 51), (88, 53), (65, 55), (87, 57), (64, 58), (86, 60), (63, 61), (64, 61), (65, 62), (66, 63), (84, 63), (85, 63), (86, 63), (67, 64), (81, 64), (82, 64), (83, 64), (68, 65), (77, 65), (78, 65), (79, 65), (80, 65), (69, 66), (74, 66), (75, 66), (76, 66), (70, 67), (71, 67), (72, 67), (73, 67)]
[(104, 43), (105, 43), (106, 43), (101, 44), (102, 44), (103, 44), (107, 44), (97, 45), (98, 45), (99, 45), (100, 45), (108, 45), (94, 46), (95, 46), (96, 46), (109, 46), (90, 47), (91, 47), (92, 47), (93, 47), (110, 47), (111, 48), (112, 49), (89, 50), (111, 52), (88, 53), (110, 55), (87, 57), (109, 59), (86, 60), (108, 62), (85, 63), (86, 63), (87, 64), (88, 65), (106, 65), (107, 65), (108, 65), (89, 66), (103, 66), (104, 66), (105, 66), (90, 67), (99, 67), (100, 67), (101, 67), (102, 67), (91, 68), (96, 68), (97, 68), (98, 68), (92, 69), (93, 69), (94, 69), (95, 69)]
[(106, 65), (107, 65), (108, 65), (103, 66), (104, 66), (105, 66), (109, 66), (99, 67), (100, 67), (101, 67), (102, 67), (110, 67), (96, 68), (97, 68), (98, 68), (111, 68), (92, 69), (93, 69), (94, 69), (95, 69), (112, 69), (113, 70), (114, 71), (91, 72), (113, 74), (90, 75), (112, 77), (89, 79), (111, 81), (88, 82), (110, 84), (87, 85), (88, 85), (89, 86), (90, 87), (108, 87), (109, 87), (110, 87), (91, 88), (105, 88), (106, 88), (107, 88), (92, 89), (101, 89), (102, 89), (103, 89), (104, 89), (93, 90), (98, 90), (99, 90), (100, 90), (94, 91), (95, 91), (96, 91), (97, 91)]
[(114, 71), (113, 74), (112, 77), (111, 81), (110, 84), (109, 87), (110, 87), (111, 88), (112, 89), (113, 90), (114, 91)]
[(114, 99), (113, 103), (112, 106), (111, 109), (112, 109), (113, 110), (114, 111)]
[(38, 37), (39, 37), (40, 37), (35, 38), (36, 38), (37, 38), (41, 38), (31, 39), (32, 39), (33, 39), (34, 39), (42, 39), (28, 40), (29, 40), (30, 40), (43, 40), (24, 41), (25, 41), (26, 41), (27, 41), (44, 41), (45, 42), (46, 43), (23, 44), (45, 46), (22, 47), (44, 49), (21, 51), (43, 53), (20, 54), (42, 56), (19, 57), (20, 57), (21, 58), (22, 59), (40, 59), (41, 59), (42, 59), (23, 60), (37, 60), (38, 60), (39, 60), (24, 61), (33, 61), (34, 61), (35, 61), (36, 61), (25, 62), (30, 62), (31, 62), (32, 62), (26, 63), (27, 63), (28, 63), (29, 63)]
[(60, 39), (61, 39), (62, 39), (57, 40), (58, 40), (59, 40), (63, 40), (53, 41), (54, 41), (55, 41), (56, 41), (64, 41), (50, 42), (51, 42), (52, 42), (65, 42), (46, 43), (47, 43), (48, 43), (49, 43), (66, 43), (67, 44), (68, 45), (45, 46), (67, 48), (44, 49), (66, 51), (43, 53), (65, 55), (42, 56), (64, 58), (41, 59), (42, 59), (43, 60), (44, 61), (62, 61), (63, 61), (64, 61), (45, 62), (59, 62), (60, 62), (61, 62), (46, 63), (55, 63), (56, 63), (57, 63), (58, 63), (47, 64), (52, 64), (53, 64), (54, 64), (48, 65), (49, 65), (50, 65), (51, 65)]
[(62, 61), (63, 61), (64, 61), (59, 62), (60, 62), (61, 62), (65, 62), (55, 63), (56, 63), (57, 63), (58, 63), (66, 63), (52, 64), (53, 64), (54, 64), (67, 64), (48, 65), (49, 65), (50, 65), (51, 65), (68, 65), (69, 66), (70, 67), (47, 68), (69, 70), (46, 71), (68, 73), (45, 75), (67, 77), (44, 78), (66, 80), (43, 81), (44, 81), (45, 82), (46, 83), (64, 83), (65, 83), (66, 83), (47, 84), (61, 84), (62, 84), (63, 84), (48, 85), (57, 85), (58, 85), (59, 85), (60, 85), (49, 86), (54, 86), (55, 86), (56, 86), (50, 87), (51, 87), (52, 87), (53, 87)]
[(84, 63), (85, 63), (86, 63), (81, 64), (82, 64), (83, 64), (87, 64), (77, 65), (78, 65), (79, 65), (80, 65), (88, 65), (74, 66), (75, 66), (76, 66), (89, 66), (70, 67), (71, 67), (72, 67), (73, 67), (90, 67), (91, 68), (92, 69), (69, 70), (91, 72), (68, 73), (90, 75), (67, 77), (89, 79), (66, 80), (88, 82), (65, 83), (66, 83), (67, 84), (68, 85), (86, 85), (87, 85), (88, 85), (69, 86), (83, 86), (84, 86), (85, 86), (70, 87), (79, 87), (80, 87), (81, 87), (82, 87), (71, 88), (76, 88), (77, 88), (78, 88), (72, 89), (73, 89), (74, 89), (75, 89)]
[(86, 85), (87, 85), (88, 85), (83, 86), (84, 86), (85, 86), (89, 86), (79, 87), (80, 87), (81, 87), (82, 87), (90, 87), (76, 88), (77, 88), (78, 88), (91, 88), (72, 89), (73, 89), (74, 89), (75, 89), (92, 89), (93, 90), (94, 91), (71, 92), (93, 94), (70, 95), (92, 97), (69, 99), (91, 101), (68, 102), (90, 104), (67, 105), (68, 105), (69, 106), (70, 107), (88, 107), (89, 107), (90, 107), (71, 108), (85, 108), (86, 108), (87, 108), (72, 109), (81, 109), (82, 109), (83, 109), (84, 109), (73, 110), (78, 110), (79, 110), (80, 110), (74, 111), (75, 111), (76, 111), (77, 111)]
[(108, 87), (109, 87), (110, 87), (105, 88), (106, 88), (107, 88), (111, 88), (101, 89), (102, 89), (103, 89), (104, 89), (112, 89), (98, 90), (99, 90), (100, 90), (113, 90), (94, 91), (95, 91), (96, 91), (97, 91), (114, 91), (93, 94), (92, 97), (114, 99), (91, 101), (113, 103), (90, 104), (112, 106), (89, 107), (90, 107), (91, 108), (92, 109), (110, 109), (111, 109), (112, 109), (93, 110), (107, 110), (108, 110), (109, 110), (94, 111), (103, 111), (104, 111), (105, 111), (106, 111), (95, 112), (100, 112), (101, 112), (102, 112), (96, 113), (97, 113), (98, 113), (99, 113)]
[(110, 109), (111, 109), (112, 109), (107, 110), (108, 110), (109, 110), (113, 110), (103, 111), (104, 111), (105, 111), (106, 111), (114, 111), (100, 112), (101, 112), (102, 112), (96, 113), (97, 113), (98, 113), (99, 113)]
[(18, 57), (19, 57), (20, 57), (15, 58), (16, 58), (17, 58), (21, 58), (11, 59), (12, 59), (13, 59), (14, 59), (22, 59), (8, 60), (9, 60), (10, 60), (23, 60), (4, 61), (5, 61), (6, 61), (7, 61), (24, 61), (25, 62), (26, 63), (3, 64), (25, 66), (2, 67), (24, 69), (1, 71), (23, 73), (0, 74), (22, 76), (0, 77), (1, 78), (2, 79), (20, 79), (21, 79), (22, 79), (3, 80), (17, 80), (18, 80), (19, 80), (4, 81), (13, 81), (14, 81), (15, 81), (16, 81), (5, 82), (10, 82), (11, 82), (12, 82), (6, 83), (7, 83), (8, 83), (9, 83)]
[(40, 59), (41, 59), (42, 59), (37, 60), (38, 60), (39, 60), (43, 60), (33, 61), (34, 61), (35, 61), (36, 61), (44, 61), (30, 62), (31, 62), (32, 62), (45, 62), (26, 63), (27, 63), (28, 63), (29, 63), (46, 63), (47, 64), (48, 65), (25, 66), (47, 68), (24, 69), (46, 71), (23, 73), (45, 75), (22, 76), (44, 78), (21, 79), (22, 79), (23, 80), (24, 81), (42, 81), (43, 81), (44, 81), (25, 82), (39, 82), (40, 82), (41, 82), (26, 83), (35, 83), (36, 83), (37, 83), (38, 83), (27, 84), (32, 84), (33, 84), (34, 84), (28, 85), (29, 85), (30, 85), (31, 85)]
[(42, 81), (43, 81), (44, 81), (39, 82), (40, 82), (41, 82), (45, 82), (35, 83), (36, 83), (37, 83), (38, 83), (46, 83), (32, 84), (33, 84), (34, 84), (47, 84), (28, 85), (29, 85), (30, 85), (31, 85), (48, 85), (49, 86), (50, 87), (27, 88), (49, 90), (26, 91), (48, 93), (25, 95), (47, 97), (24, 98), (46, 100), (23, 101), (24, 101), (25, 102), (26, 103), (44, 103), (45, 103), (46, 103), (27, 104), (41, 104), (42, 104), (43, 104), (28, 105), (37, 105), (38, 105), (39, 105), (40, 105), (29, 106), (34, 106), (35, 106), (36, 106), (30, 107), (31, 107), (32, 107), (33, 107)]
[(64, 83), (65, 83), (66, 83), (61, 84), (62, 84), (63, 84), (67, 84), (57, 85), (58, 85), (59, 85), (60, 85), (68, 85), (54, 86), (55, 86), (56, 86), (69, 86), (50, 87), (51, 87), (52, 87), (53, 87), (70, 87), (71, 88), (72, 89), (49, 90), (71, 92), (48, 93), (70, 95), (47, 97), (69, 99), (46, 100), (68, 102), (45, 103), (46, 103), (47, 104), (48, 105), (66, 105), (67, 105), (68, 105), (49, 106), (63, 106), (64, 106), (65, 106), (50, 107), (59, 107), (60, 107), (61, 107), (62, 107), (51, 108), (56, 108), (57, 108), (58, 108), (52, 109), (53, 109), (54, 109), (55, 109)]
[(66, 105), (67, 105), (68, 105), (63, 106), (64, 106), (65, 106), (69, 106), (59, 107), (60, 107), (61, 107), (62, 107), (70, 107), (56, 108), (57, 108), (58, 108), (71, 108), (52, 109), (53, 109), (54, 109), (55, 109), (72, 109), (73, 110), (74, 111), (51, 112), (73, 114)]
[(88, 107), (89, 107), (90, 107), (85, 108), (86, 108), (87, 108), (91, 108), (81, 109), (82, 109), (83, 109), (84, 109), (92, 109), (78, 110), (79, 110), (80, 110), (93, 110), (74, 111), (75, 111), (76, 111), (77, 111), (94, 111), (95, 112), (96, 113), (73, 114)]
[(20, 79), (21, 79), (22, 79), (17, 80), (18, 80), (19, 80), (23, 80), (13, 81), (14, 81), (15, 81), (16, 81), (24, 81), (10, 82), (11, 82), (12, 82), (25, 82), (6, 83), (7, 83), (8, 83), (9, 83), (26, 83), (27, 84), (28, 85), (5, 86), (27, 88), (4, 89), (26, 91), (3, 93), (25, 95), (2, 96), (24, 98), (1, 99), (2, 99), (3, 100), (4, 101), (22, 101), (23, 101), (24, 101), (5, 102), (19, 102), (20, 102), (21, 102), (6, 103), (15, 103), (16, 103), (17, 103), (18, 103), (7, 104), (12, 104), (13, 104), (14, 104), (8, 105), (9, 105), (10, 105), (11, 105)]
[(22, 101), (23, 101), (24, 101), (19, 102), (20, 102), (21, 102), (25, 102), (15, 103), (16, 103), (17, 103), (18, 103), (26, 103), (12, 104), (13, 104), (14, 104), (27, 104), (8, 105), (9, 105), (10, 105), (11, 105), (28, 105), (29, 106), (30, 107), (7, 108), (29, 110), (6, 111), (28, 113)]
[(44, 103), (45, 103), (46, 103), (41, 104), (42, 104), (43, 104), (47, 104), (37, 105), (38, 105), (39, 105), (40, 105), (48, 105), (34, 106), (35, 106), (36, 106), (49, 106), (30, 107), (31, 107), (32, 107), (33, 107), (50, 107), (51, 108), (52, 109), (29, 110), (51, 112), (28, 113)]
