[(109, 25), (105, 26), (106, 26), (107, 26), (108, 26), (110, 26), (102, 27), (103, 27), (104, 27), (111, 27), (98, 28), (99, 28), (100, 28), (101, 28), (112, 28), (94, 29), (95, 29), (96, 29), (97, 29), (113, 29), (93, 32), (112, 32), (92, 36), (111, 36), (91, 39), (110, 39), (90, 43), (109, 43), (90, 44), (109, 44), (91, 45), (105, 45), (106, 45), (107, 45), (108, 45), (92, 46), (102, 46), (103, 46), (104, 46), (93, 47), (98, 47), (99, 47), (100, 47), (101, 47), (94, 48), (95, 48), (96, 48), (97, 48)]
[(113, 29), (114, 29), (112, 32), (111, 36), (110, 39), (109, 43), (109, 44), (110, 45), (111, 46), (112, 47), (113, 48), (114, 48)]
[(113, 48), (114, 48), (112, 51), (111, 55), (110, 58), (109, 62), (109, 63), (110, 64), (111, 65), (112, 66), (113, 67), (114, 67)]
[(71, 25), (67, 26), (68, 26), (69, 26), (70, 26), (72, 26), (64, 27), (65, 27), (66, 27), (73, 27), (60, 28), (61, 28), (62, 28), (63, 28), (74, 28), (56, 29), (57, 29), (58, 29), (59, 29), (75, 29), (55, 32), (74, 32), (54, 36), (73, 36), (53, 39), (72, 39), (52, 43), (71, 43), (52, 44), (71, 44), (53, 45), (67, 45), (68, 45), (69, 45), (70, 45), (54, 46), (64, 46), (65, 46), (66, 46), (55, 47), (60, 47), (61, 47), (62, 47), (63, 47), (56, 48), (57, 48), (58, 48), (59, 48)]
[(90, 25), (86, 26), (87, 26), (88, 26), (89, 26), (91, 26), (83, 27), (84, 27), (85, 27), (92, 27), (79, 28), (80, 28), (81, 28), (82, 28), (93, 28), (75, 29), (76, 29), (77, 29), (78, 29), (94, 29), (74, 32), (93, 32), (73, 36), (92, 36), (72, 39), (91, 39), (71, 43), (90, 43), (71, 44), (90, 44), (72, 45), (86, 45), (87, 45), (88, 45), (89, 45), (73, 46), (83, 46), (84, 46), (85, 46), (74, 47), (79, 47), (80, 47), (81, 47), (82, 47), (75, 48), (76, 48), (77, 48), (78, 48)]
[(90, 44), (86, 45), (87, 45), (88, 45), (89, 45), (91, 45), (83, 46), (84, 46), (85, 46), (92, 46), (79, 47), (80, 47), (81, 47), (82, 47), (93, 47), (75, 48), (76, 48), (77, 48), (78, 48), (94, 48), (74, 51), (93, 51), (73, 55), (92, 55), (72, 58), (91, 58), (71, 62), (90, 62), (71, 63), (90, 63), (72, 64), (86, 64), (87, 64), (88, 64), (89, 64), (73, 65), (83, 65), (84, 65), (85, 65), (74, 66), (79, 66), (80, 66), (81, 66), (82, 66), (75, 67), (76, 67), (77, 67), (78, 67)]
[(109, 44), (105, 45), (106, 45), (107, 45), (108, 45), (110, 45), (102, 46), (103, 46), (104, 46), (111, 46), (98, 47), (99, 47), (100, 47), (101, 47), (112, 47), (94, 48), (95, 48), (96, 48), (97, 48), (113, 48), (93, 51), (112, 51), (92, 55), (111, 55), (91, 58), (110, 58), (90, 62), (109, 62), (90, 63), (109, 63), (91, 64), (105, 64), (106, 64), (107, 64), (108, 64), (92, 65), (102, 65), (103, 65), (104, 65), (93, 66), (98, 66), (99, 66), (100, 66), (101, 66), (94, 67), (95, 67), (96, 67), (97, 67)]
[(109, 63), (105, 64), (106, 64), (107, 64), (108, 64), (110, 64), (102, 65), (103, 65), (104, 65), (111, 65), (98, 66), (99, 66), (100, 66), (101, 66), (112, 66), (94, 67), (95, 67), (96, 67), (97, 67), (113, 67), (93, 70), (112, 70), (92, 74), (111, 74), (91, 77), (110, 77), (90, 81), (109, 81), (90, 82), (109, 82), (91, 83), (105, 83), (106, 83), (107, 83), (108, 83), (92, 84), (102, 84), (103, 84), (104, 84), (93, 85), (98, 85), (99, 85), (100, 85), (101, 85), (94, 86), (95, 86), (96, 86), (97, 86)]
[(113, 67), (114, 67), (112, 70), (111, 74), (110, 77), (109, 81), (109, 82), (110, 83), (111, 84), (112, 85), (113, 86), (114, 86)]
[(113, 86), (114, 86), (112, 89), (111, 93), (110, 96), (109, 100), (109, 101), (110, 102), (111, 103), (112, 104), (113, 105), (114, 105)]
[(52, 44), (48, 45), (49, 45), (50, 45), (51, 45), (53, 45), (45, 46), (46, 46), (47, 46), (54, 46), (41, 47), (42, 47), (43, 47), (44, 47), (55, 47), (37, 48), (38, 48), (39, 48), (40, 48), (56, 48), (36, 51), (55, 51), (35, 55), (54, 55), (34, 58), (53, 58), (33, 62), (52, 62), (33, 63), (52, 63), (34, 64), (48, 64), (49, 64), (50, 64), (51, 64), (35, 65), (45, 65), (46, 65), (47, 65), (36, 66), (41, 66), (42, 66), (43, 66), (44, 66), (37, 67), (38, 67), (39, 67), (40, 67)]
[(71, 44), (67, 45), (68, 45), (69, 45), (70, 45), (72, 45), (64, 46), (65, 46), (66, 46), (73, 46), (60, 47), (61, 47), (62, 47), (63, 47), (74, 47), (56, 48), (57, 48), (58, 48), (59, 48), (75, 48), (55, 51), (74, 51), (54, 55), (73, 55), (53, 58), (72, 58), (52, 62), (71, 62), (52, 63), (71, 63), (53, 64), (67, 64), (68, 64), (69, 64), (70, 64), (54, 65), (64, 65), (65, 65), (66, 65), (55, 66), (60, 66), (61, 66), (62, 66), (63, 66), (56, 67), (57, 67), (58, 67), (59, 67)]
[(71, 63), (67, 64), (68, 64), (69, 64), (70, 64), (72, 64), (64, 65), (65, 65), (66, 65), (73, 65), (60, 66), (61, 66), (62, 66), (63, 66), (74, 66), (56, 67), (57, 67), (58, 67), (59, 67), (75, 67), (55, 70), (74, 70), (54, 74), (73, 74), (53, 77), (72, 77), (52, 81), (71, 81), (52, 82), (71, 82), (53, 83), (67, 83), (68, 83), (69, 83), (70, 83), (54, 84), (64, 84), (65, 84), (66, 84), (55, 85), (60, 85), (61, 85), (62, 85), (63, 85), (56, 86), (57, 86), (58, 86), (59, 86)]
[(90, 63), (86, 64), (87, 64), (88, 64), (89, 64), (91, 64), (83, 65), (84, 65), (85, 65), (92, 65), (79, 66), (80, 66), (81, 66), (82, 66), (93, 66), (75, 67), (76, 67), (77, 67), (78, 67), (94, 67), (74, 70), (93, 70), (73, 74), (92, 74), (72, 77), (91, 77), (71, 81), (90, 81), (71, 82), (90, 82), (72, 83), (86, 83), (87, 83), (88, 83), (89, 83), (73, 84), (83, 84), (84, 84), (85, 84), (74, 85), (79, 85), (80, 85), (81, 85), (82, 85), (75, 86), (76, 86), (77, 86), (78, 86)]
[(90, 82), (86, 83), (87, 83), (88, 83), (89, 83), (91, 83), (83, 84), (84, 84), (85, 84), (92, 84), (79, 85), (80, 85), (81, 85), (82, 85), (93, 85), (75, 86), (76, 86), (77, 86), (78, 86), (94, 86), (74, 89), (93, 89), (73, 93), (92, 93), (72, 96), (91, 96), (71, 100), (90, 100), (71, 101), (90, 101), (72, 102), (86, 102), (87, 102), (88, 102), (89, 102), (73, 103), (83, 103), (84, 103), (85, 103), (74, 104), (79, 104), (80, 104), (81, 104), (82, 104), (75, 105), (76, 105), (77, 105), (78, 105)]
[(109, 82), (105, 83), (106, 83), (107, 83), (108, 83), (110, 83), (102, 84), (103, 84), (104, 84), (111, 84), (98, 85), (99, 85), (100, 85), (101, 85), (112, 85), (94, 86), (95, 86), (96, 86), (97, 86), (113, 86), (93, 89), (112, 89), (92, 93), (111, 93), (91, 96), (110, 96), (90, 100), (109, 100), (90, 101), (109, 101), (91, 102), (105, 102), (106, 102), (107, 102), (108, 102), (92, 103), (102, 103), (103, 103), (104, 103), (93, 104), (98, 104), (99, 104), (100, 104), (101, 104), (94, 105), (95, 105), (96, 105), (97, 105)]
[(109, 101), (105, 102), (106, 102), (107, 102), (108, 102), (110, 102), (102, 103), (103, 103), (104, 103), (111, 103), (98, 104), (99, 104), (100, 104), (101, 104), (112, 104), (94, 105), (95, 105), (96, 105), (97, 105), (113, 105), (93, 108), (112, 108), (92, 112), (111, 112)]
[(113, 105), (114, 105), (112, 108), (111, 112)]
[(52, 63), (48, 64), (49, 64), (50, 64), (51, 64), (53, 64), (45, 65), (46, 65), (47, 65), (54, 65), (41, 66), (42, 66), (43, 66), (44, 66), (55, 66), (37, 67), (38, 67), (39, 67), (40, 67), (56, 67), (36, 70), (55, 70), (35, 74), (54, 74), (34, 77), (53, 77), (33, 81), (52, 81), (33, 82), (52, 82), (34, 83), (48, 83), (49, 83), (50, 83), (51, 83), (35, 84), (45, 84), (46, 84), (47, 84), (36, 85), (41, 85), (42, 85), (43, 85), (44, 85), (37, 86), (38, 86), (39, 86), (40, 86)]
[(52, 82), (48, 83), (49, 83), (50, 83), (51, 83), (53, 83), (45, 84), (46, 84), (47, 84), (54, 84), (41, 85), (42, 85), (43, 85), (44, 85), (55, 85), (37, 86), (38, 86), (39, 86), (40, 86), (56, 86), (36, 89), (55, 89), (35, 93), (54, 93), (34, 96), (53, 96), (33, 100), (52, 100), (33, 101), (52, 101), (34, 102), (48, 102), (49, 102), (50, 102), (51, 102), (35, 103), (45, 103), (46, 103), (47, 103), (36, 104), (41, 104), (42, 104), (43, 104), (44, 104), (37, 105), (38, 105), (39, 105), (40, 105)]
[(71, 82), (67, 83), (68, 83), (69, 83), (70, 83), (72, 83), (64, 84), (65, 84), (66, 84), (73, 84), (60, 85), (61, 85), (62, 85), (63, 85), (74, 85), (56, 86), (57, 86), (58, 86), (59, 86), (75, 86), (55, 89), (74, 89), (54, 93), (73, 93), (53, 96), (72, 96), (52, 100), (71, 100), (52, 101), (71, 101), (53, 102), (67, 102), (68, 102), (69, 102), (70, 102), (54, 103), (64, 103), (65, 103), (66, 103), (55, 104), (60, 104), (61, 104), (62, 104), (63, 104), (56, 105), (57, 105), (58, 105), (59, 105)]
[(71, 101), (67, 102), (68, 102), (69, 102), (70, 102), (72, 102), (64, 103), (65, 103), (66, 103), (73, 103), (60, 104), (61, 104), (62, 104), (63, 104), (74, 104), (56, 105), (57, 105), (58, 105), (59, 105), (75, 105), (55, 108), (74, 108), (54, 112), (73, 112)]
[(90, 101), (86, 102), (87, 102), (88, 102), (89, 102), (91, 102), (83, 103), (84, 103), (85, 103), (92, 103), (79, 104), (80, 104), (81, 104), (82, 104), (93, 104), (75, 105), (76, 105), (77, 105), (78, 105), (94, 105), (74, 108), (93, 108), (73, 112), (92, 112)]
[(52, 101), (48, 102), (49, 102), (50, 102), (51, 102), (53, 102), (45, 103), (46, 103), (47, 103), (54, 103), (41, 104), (42, 104), (43, 104), (44, 104), (55, 104), (37, 105), (38, 105), (39, 105), (40, 105), (56, 105), (36, 108), (55, 108), (35, 112), (54, 112)]
