[(102, 20), (103, 20), (104, 20), (105, 20), (98, 21), (99, 21), (100, 21), (101, 21), (106, 21), (94, 22), (95, 22), (96, 22), (97, 22), (107, 22), (89, 23), (90, 23), (91, 23), (92, 23), (93, 23), (108, 23), (109, 24), (110, 25), (111, 26), (88, 27), (110, 30), (87, 31), (109, 34), (86, 35), (108, 38), (86, 39), (87, 40), (88, 41), (89, 42), (105, 42), (106, 42), (107, 42), (108, 42), (90, 43), (101, 43), (102, 43), (103, 43), (104, 43), (91, 44), (97, 44), (98, 44), (99, 44), (100, 44), (92, 45), (93, 45), (94, 45), (95, 45), (96, 45)]
[(111, 26), (112, 26), (113, 26), (114, 26), (110, 30), (109, 34), (108, 38), (108, 42), (109, 43), (110, 44), (111, 45), (112, 46), (113, 47), (114, 48)]
[(114, 48), (113, 52), (112, 56), (111, 60), (111, 64), (112, 65), (113, 66), (114, 67)]
[(58, 14), (59, 14), (60, 14), (61, 14), (54, 15), (55, 15), (56, 15), (57, 15), (62, 15), (50, 16), (51, 16), (52, 16), (53, 16), (63, 16), (45, 17), (46, 17), (47, 17), (48, 17), (49, 17), (64, 17), (65, 18), (66, 19), (67, 20), (44, 21), (66, 24), (43, 25), (65, 28), (42, 29), (64, 32), (42, 33), (43, 34), (44, 35), (45, 36), (61, 36), (62, 36), (63, 36), (64, 36), (46, 37), (57, 37), (58, 37), (59, 37), (60, 37), (47, 38), (53, 38), (54, 38), (55, 38), (56, 38), (48, 39), (49, 39), (50, 39), (51, 39), (52, 39)]
[(80, 17), (81, 17), (82, 17), (83, 17), (76, 18), (77, 18), (78, 18), (79, 18), (84, 18), (72, 19), (73, 19), (74, 19), (75, 19), (85, 19), (67, 20), (68, 20), (69, 20), (70, 20), (71, 20), (86, 20), (87, 21), (88, 22), (89, 23), (66, 24), (88, 27), (65, 28), (87, 31), (64, 32), (86, 35), (64, 36), (65, 37), (66, 38), (67, 39), (83, 39), (84, 39), (85, 39), (86, 39), (68, 40), (79, 40), (80, 40), (81, 40), (82, 40), (69, 41), (75, 41), (76, 41), (77, 41), (78, 41), (70, 42), (71, 42), (72, 42), (73, 42), (74, 42)]
[(83, 39), (84, 39), (85, 39), (86, 39), (79, 40), (80, 40), (81, 40), (82, 40), (87, 40), (75, 41), (76, 41), (77, 41), (78, 41), (88, 41), (70, 42), (71, 42), (72, 42), (73, 42), (74, 42), (89, 42), (90, 43), (91, 44), (92, 45), (69, 46), (91, 49), (68, 50), (90, 53), (67, 54), (89, 57), (67, 58), (68, 59), (69, 60), (70, 61), (86, 61), (87, 61), (88, 61), (89, 61), (71, 62), (82, 62), (83, 62), (84, 62), (85, 62), (72, 63), (78, 63), (79, 63), (80, 63), (81, 63), (73, 64), (74, 64), (75, 64), (76, 64), (77, 64)]
[(105, 42), (106, 42), (107, 42), (108, 42), (101, 43), (102, 43), (103, 43), (104, 43), (109, 43), (97, 44), (98, 44), (99, 44), (100, 44), (110, 44), (92, 45), (93, 45), (94, 45), (95, 45), (96, 45), (111, 45), (112, 46), (113, 47), (114, 48), (91, 49), (113, 52), (90, 53), (112, 56), (89, 57), (111, 60), (89, 61), (90, 62), (91, 63), (92, 64), (108, 64), (109, 64), (110, 64), (111, 64), (93, 65), (104, 65), (105, 65), (106, 65), (107, 65), (94, 66), (100, 66), (101, 66), (102, 66), (103, 66), (95, 67), (96, 67), (97, 67), (98, 67), (99, 67)]
[(108, 64), (109, 64), (110, 64), (111, 64), (104, 65), (105, 65), (106, 65), (107, 65), (112, 65), (100, 66), (101, 66), (102, 66), (103, 66), (113, 66), (95, 67), (96, 67), (97, 67), (98, 67), (99, 67), (114, 67), (94, 71), (93, 75), (92, 79), (114, 82), (92, 83), (93, 84), (94, 85), (95, 86), (111, 86), (112, 86), (113, 86), (114, 86), (96, 87), (107, 87), (108, 87), (109, 87), (110, 87), (97, 88), (103, 88), (104, 88), (105, 88), (106, 88), (98, 89), (99, 89), (100, 89), (101, 89), (102, 89)]
[(114, 82), (114, 86)]
[(39, 33), (40, 33), (41, 33), (42, 33), (35, 34), (36, 34), (37, 34), (38, 34), (43, 34), (31, 35), (32, 35), (33, 35), (34, 35), (44, 35), (26, 36), (27, 36), (28, 36), (29, 36), (30, 36), (45, 36), (46, 37), (47, 38), (48, 39), (25, 40), (47, 43), (24, 44), (46, 47), (23, 48), (45, 51), (23, 52), (24, 53), (25, 54), (26, 55), (42, 55), (43, 55), (44, 55), (45, 55), (27, 56), (38, 56), (39, 56), (40, 56), (41, 56), (28, 57), (34, 57), (35, 57), (36, 57), (37, 57), (29, 58), (30, 58), (31, 58), (32, 58), (33, 58)]
[(61, 36), (62, 36), (63, 36), (64, 36), (57, 37), (58, 37), (59, 37), (60, 37), (65, 37), (53, 38), (54, 38), (55, 38), (56, 38), (66, 38), (48, 39), (49, 39), (50, 39), (51, 39), (52, 39), (67, 39), (68, 40), (69, 41), (70, 42), (47, 43), (69, 46), (46, 47), (68, 50), (45, 51), (67, 54), (45, 55), (46, 56), (47, 57), (48, 58), (64, 58), (65, 58), (66, 58), (67, 58), (49, 59), (60, 59), (61, 59), (62, 59), (63, 59), (50, 60), (56, 60), (57, 60), (58, 60), (59, 60), (51, 61), (52, 61), (53, 61), (54, 61), (55, 61)]
[(64, 58), (65, 58), (66, 58), (67, 58), (60, 59), (61, 59), (62, 59), (63, 59), (68, 59), (56, 60), (57, 60), (58, 60), (59, 60), (69, 60), (51, 61), (52, 61), (53, 61), (54, 61), (55, 61), (70, 61), (71, 62), (72, 63), (73, 64), (50, 65), (72, 68), (49, 69), (71, 72), (48, 73), (70, 76), (48, 77), (49, 78), (50, 79), (51, 80), (67, 80), (68, 80), (69, 80), (70, 80), (52, 81), (63, 81), (64, 81), (65, 81), (66, 81), (53, 82), (59, 82), (60, 82), (61, 82), (62, 82), (54, 83), (55, 83), (56, 83), (57, 83), (58, 83)]
[(86, 61), (87, 61), (88, 61), (89, 61), (82, 62), (83, 62), (84, 62), (85, 62), (90, 62), (78, 63), (79, 63), (80, 63), (81, 63), (91, 63), (73, 64), (74, 64), (75, 64), (76, 64), (77, 64), (92, 64), (93, 65), (94, 66), (95, 67), (72, 68), (94, 71), (71, 72), (93, 75), (70, 76), (92, 79), (70, 80), (71, 81), (72, 82), (73, 83), (89, 83), (90, 83), (91, 83), (92, 83), (74, 84), (85, 84), (86, 84), (87, 84), (88, 84), (75, 85), (81, 85), (82, 85), (83, 85), (84, 85), (76, 86), (77, 86), (78, 86), (79, 86), (80, 86)]
[(89, 83), (90, 83), (91, 83), (92, 83), (85, 84), (86, 84), (87, 84), (88, 84), (93, 84), (81, 85), (82, 85), (83, 85), (84, 85), (94, 85), (76, 86), (77, 86), (78, 86), (79, 86), (80, 86), (95, 86), (96, 87), (97, 88), (98, 89), (75, 90), (97, 93), (74, 94), (96, 97), (73, 98), (95, 101), (73, 102), (74, 103), (75, 104), (76, 105), (92, 105), (93, 105), (94, 105), (95, 105), (77, 106), (88, 106), (89, 106), (90, 106), (91, 106), (78, 107), (84, 107), (85, 107), (86, 107), (87, 107), (79, 108), (80, 108), (81, 108), (82, 108), (83, 108)]
[(111, 86), (112, 86), (113, 86), (114, 86), (107, 87), (108, 87), (109, 87), (110, 87), (103, 88), (104, 88), (105, 88), (106, 88), (98, 89), (99, 89), (100, 89), (101, 89), (102, 89), (97, 93), (96, 97), (95, 101), (95, 105), (96, 106), (97, 107), (98, 108), (114, 108), (99, 109), (110, 109), (111, 109), (112, 109), (113, 109), (100, 110), (106, 110), (107, 110), (108, 110), (109, 110), (101, 111), (102, 111), (103, 111), (104, 111), (105, 111)]
[(42, 55), (43, 55), (44, 55), (45, 55), (38, 56), (39, 56), (40, 56), (41, 56), (46, 56), (34, 57), (35, 57), (36, 57), (37, 57), (47, 57), (29, 58), (30, 58), (31, 58), (32, 58), (33, 58), (48, 58), (49, 59), (50, 60), (51, 61), (28, 62), (50, 65), (27, 66), (49, 69), (26, 70), (48, 73), (26, 74), (27, 75), (28, 76), (29, 77), (45, 77), (46, 77), (47, 77), (48, 77), (30, 78), (41, 78), (42, 78), (43, 78), (44, 78), (31, 79), (37, 79), (38, 79), (39, 79), (40, 79), (32, 80), (33, 80), (34, 80), (35, 80), (36, 80)]
[(45, 77), (46, 77), (47, 77), (48, 77), (41, 78), (42, 78), (43, 78), (44, 78), (49, 78), (37, 79), (38, 79), (39, 79), (40, 79), (50, 79), (32, 80), (33, 80), (34, 80), (35, 80), (36, 80), (51, 80), (52, 81), (53, 82), (54, 83), (31, 84), (53, 87), (30, 88), (52, 91), (29, 92), (51, 95), (29, 96), (30, 97), (31, 98), (32, 99), (48, 99), (49, 99), (50, 99), (51, 99), (33, 100), (44, 100), (45, 100), (46, 100), (47, 100), (34, 101), (40, 101), (41, 101), (42, 101), (43, 101), (35, 102), (36, 102), (37, 102), (38, 102), (39, 102)]
[(67, 80), (68, 80), (69, 80), (70, 80), (63, 81), (64, 81), (65, 81), (66, 81), (71, 81), (59, 82), (60, 82), (61, 82), (62, 82), (72, 82), (54, 83), (55, 83), (56, 83), (57, 83), (58, 83), (73, 83), (74, 84), (75, 85), (76, 86), (53, 87), (75, 90), (52, 91), (74, 94), (51, 95), (73, 98), (51, 99), (52, 100), (53, 101), (54, 102), (70, 102), (71, 102), (72, 102), (73, 102), (55, 103), (66, 103), (67, 103), (68, 103), (69, 103), (56, 104), (62, 104), (63, 104), (64, 104), (65, 104), (57, 105), (58, 105), (59, 105), (60, 105), (61, 105)]
[(70, 102), (71, 102), (72, 102), (73, 102), (66, 103), (67, 103), (68, 103), (69, 103), (74, 103), (62, 104), (63, 104), (64, 104), (65, 104), (75, 104), (57, 105), (58, 105), (59, 105), (60, 105), (61, 105), (76, 105), (77, 106), (78, 107), (79, 108), (56, 109), (78, 112), (55, 113)]
[(92, 105), (93, 105), (94, 105), (95, 105), (88, 106), (89, 106), (90, 106), (91, 106), (96, 106), (84, 107), (85, 107), (86, 107), (87, 107), (97, 107), (79, 108), (80, 108), (81, 108), (82, 108), (83, 108), (98, 108), (99, 109), (100, 110), (101, 111), (78, 112)]
[(48, 99), (49, 99), (50, 99), (51, 99), (44, 100), (45, 100), (46, 100), (47, 100), (52, 100), (40, 101), (41, 101), (42, 101), (43, 101), (53, 101), (35, 102), (36, 102), (37, 102), (38, 102), (39, 102), (54, 102), (55, 103), (56, 104), (57, 105), (34, 106), (56, 109), (33, 110), (55, 113), (32, 114)]
