[(93, 12), (89, 13), (90, 13), (91, 13), (92, 13), (94, 13), (86, 14), (87, 14), (88, 14), (95, 14), (82, 15), (83, 15), (84, 15), (85, 15), (96, 15), (78, 16), (79, 16), (80, 16), (81, 16), (97, 16), (77, 19), (96, 19), (76, 23), (95, 23), (75, 26), (94, 26), (74, 30), (93, 30), (74, 31), (93, 31), (75, 32), (89, 32), (90, 32), (91, 32), (92, 32), (76, 33), (86, 33), (87, 33), (88, 33), (77, 34), (82, 34), (83, 34), (84, 34), (85, 34), (78, 35), (79, 35), (80, 35), (81, 35)]
[(112, 12), (108, 13), (109, 13), (110, 13), (111, 13), (113, 13), (105, 14), (106, 14), (107, 14), (114, 14), (101, 15), (102, 15), (103, 15), (104, 15), (97, 16), (98, 16), (99, 16), (100, 16), (96, 19), (95, 23), (114, 23), (94, 26), (113, 26), (93, 30), (112, 30), (93, 31), (112, 31), (94, 32), (108, 32), (109, 32), (110, 32), (111, 32), (95, 33), (105, 33), (106, 33), (107, 33), (96, 34), (101, 34), (102, 34), (103, 34), (104, 34), (97, 35), (98, 35), (99, 35), (100, 35)]
[(112, 31), (108, 32), (109, 32), (110, 32), (111, 32), (113, 32), (105, 33), (106, 33), (107, 33), (114, 33), (101, 34), (102, 34), (103, 34), (104, 34), (97, 35), (98, 35), (99, 35), (100, 35), (96, 38), (95, 42), (114, 42), (94, 45), (113, 45), (93, 49), (112, 49), (93, 50), (112, 50), (94, 51), (108, 51), (109, 51), (110, 51), (111, 51), (95, 52), (105, 52), (106, 52), (107, 52), (96, 53), (101, 53), (102, 53), (103, 53), (104, 53), (97, 54), (98, 54), (99, 54), (100, 54)]
[(114, 42), (113, 45), (112, 49), (112, 50), (113, 51), (114, 52)]
[(114, 61), (113, 64), (112, 68), (112, 69), (113, 70), (114, 71)]
[(55, 12), (51, 13), (52, 13), (53, 13), (54, 13), (56, 13), (48, 14), (49, 14), (50, 14), (57, 14), (44, 15), (45, 15), (46, 15), (47, 15), (58, 15), (40, 16), (41, 16), (42, 16), (43, 16), (59, 16), (39, 19), (58, 19), (38, 23), (57, 23), (37, 26), (56, 26), (36, 30), (55, 30), (36, 31), (55, 31), (37, 32), (51, 32), (52, 32), (53, 32), (54, 32), (38, 33), (48, 33), (49, 33), (50, 33), (39, 34), (44, 34), (45, 34), (46, 34), (47, 34), (40, 35), (41, 35), (42, 35), (43, 35)]
[(74, 12), (70, 13), (71, 13), (72, 13), (73, 13), (75, 13), (67, 14), (68, 14), (69, 14), (76, 14), (63, 15), (64, 15), (65, 15), (66, 15), (77, 15), (59, 16), (60, 16), (61, 16), (62, 16), (78, 16), (58, 19), (77, 19), (57, 23), (76, 23), (56, 26), (75, 26), (55, 30), (74, 30), (55, 31), (74, 31), (56, 32), (70, 32), (71, 32), (72, 32), (73, 32), (57, 33), (67, 33), (68, 33), (69, 33), (58, 34), (63, 34), (64, 34), (65, 34), (66, 34), (59, 35), (60, 35), (61, 35), (62, 35)]
[(74, 31), (70, 32), (71, 32), (72, 32), (73, 32), (75, 32), (67, 33), (68, 33), (69, 33), (76, 33), (63, 34), (64, 34), (65, 34), (66, 34), (77, 34), (59, 35), (60, 35), (61, 35), (62, 35), (78, 35), (58, 38), (77, 38), (57, 42), (76, 42), (56, 45), (75, 45), (55, 49), (74, 49), (55, 50), (74, 50), (56, 51), (70, 51), (71, 51), (72, 51), (73, 51), (57, 52), (67, 52), (68, 52), (69, 52), (58, 53), (63, 53), (64, 53), (65, 53), (66, 53), (59, 54), (60, 54), (61, 54), (62, 54)]
[(93, 31), (89, 32), (90, 32), (91, 32), (92, 32), (94, 32), (86, 33), (87, 33), (88, 33), (95, 33), (82, 34), (83, 34), (84, 34), (85, 34), (96, 34), (78, 35), (79, 35), (80, 35), (81, 35), (97, 35), (77, 38), (96, 38), (76, 42), (95, 42), (75, 45), (94, 45), (74, 49), (93, 49), (74, 50), (93, 50), (75, 51), (89, 51), (90, 51), (91, 51), (92, 51), (76, 52), (86, 52), (87, 52), (88, 52), (77, 53), (82, 53), (83, 53), (84, 53), (85, 53), (78, 54), (79, 54), (80, 54), (81, 54)]
[(93, 50), (89, 51), (90, 51), (91, 51), (92, 51), (94, 51), (86, 52), (87, 52), (88, 52), (95, 52), (82, 53), (83, 53), (84, 53), (85, 53), (96, 53), (78, 54), (79, 54), (80, 54), (81, 54), (97, 54), (77, 57), (96, 57), (76, 61), (95, 61), (75, 64), (94, 64), (74, 68), (93, 68), (74, 69), (93, 69), (75, 70), (89, 70), (90, 70), (91, 70), (92, 70), (76, 71), (86, 71), (87, 71), (88, 71), (77, 72), (82, 72), (83, 72), (84, 72), (85, 72), (78, 73), (79, 73), (80, 73), (81, 73)]
[(112, 50), (108, 51), (109, 51), (110, 51), (111, 51), (113, 51), (105, 52), (106, 52), (107, 52), (114, 52), (101, 53), (102, 53), (103, 53), (104, 53), (97, 54), (98, 54), (99, 54), (100, 54), (96, 57), (95, 61), (114, 61), (94, 64), (113, 64), (93, 68), (112, 68), (93, 69), (112, 69), (94, 70), (108, 70), (109, 70), (110, 70), (111, 70), (95, 71), (105, 71), (106, 71), (107, 71), (96, 72), (101, 72), (102, 72), (103, 72), (104, 72), (97, 73), (98, 73), (99, 73), (100, 73)]
[(112, 69), (108, 70), (109, 70), (110, 70), (111, 70), (113, 70), (105, 71), (106, 71), (107, 71), (114, 71), (101, 72), (102, 72), (103, 72), (104, 72), (97, 73), (98, 73), (99, 73), (100, 73), (96, 76), (95, 80), (114, 80), (94, 83), (113, 83), (93, 87), (112, 87), (93, 88), (112, 88), (94, 89), (108, 89), (109, 89), (110, 89), (111, 89), (95, 90), (105, 90), (106, 90), (107, 90), (96, 91), (101, 91), (102, 91), (103, 91), (104, 91), (97, 92), (98, 92), (99, 92), (100, 92)]
[(114, 80), (113, 83), (112, 87), (112, 88), (113, 89), (114, 90)]
[(36, 31), (32, 32), (33, 32), (34, 32), (35, 32), (37, 32), (29, 33), (30, 33), (31, 33), (38, 33), (25, 34), (26, 34), (27, 34), (28, 34), (39, 34), (21, 35), (22, 35), (23, 35), (24, 35), (40, 35), (20, 38), (39, 38), (19, 42), (38, 42), (18, 45), (37, 45), (17, 49), (36, 49), (17, 50), (36, 50), (18, 51), (32, 51), (33, 51), (34, 51), (35, 51), (19, 52), (29, 52), (30, 52), (31, 52), (20, 53), (25, 53), (26, 53), (27, 53), (28, 53), (21, 54), (22, 54), (23, 54), (24, 54)]
[(55, 31), (51, 32), (52, 32), (53, 32), (54, 32), (56, 32), (48, 33), (49, 33), (50, 33), (57, 33), (44, 34), (45, 34), (46, 34), (47, 34), (58, 34), (40, 35), (41, 35), (42, 35), (43, 35), (59, 35), (39, 38), (58, 38), (38, 42), (57, 42), (37, 45), (56, 45), (36, 49), (55, 49), (36, 50), (55, 50), (37, 51), (51, 51), (52, 51), (53, 51), (54, 51), (38, 52), (48, 52), (49, 52), (50, 52), (39, 53), (44, 53), (45, 53), (46, 53), (47, 53), (40, 54), (41, 54), (42, 54), (43, 54)]
[(55, 50), (51, 51), (52, 51), (53, 51), (54, 51), (56, 51), (48, 52), (49, 52), (50, 52), (57, 52), (44, 53), (45, 53), (46, 53), (47, 53), (58, 53), (40, 54), (41, 54), (42, 54), (43, 54), (59, 54), (39, 57), (58, 57), (38, 61), (57, 61), (37, 64), (56, 64), (36, 68), (55, 68), (36, 69), (55, 69), (37, 70), (51, 70), (52, 70), (53, 70), (54, 70), (38, 71), (48, 71), (49, 71), (50, 71), (39, 72), (44, 72), (45, 72), (46, 72), (47, 72), (40, 73), (41, 73), (42, 73), (43, 73)]
[(74, 50), (70, 51), (71, 51), (72, 51), (73, 51), (75, 51), (67, 52), (68, 52), (69, 52), (76, 52), (63, 53), (64, 53), (65, 53), (66, 53), (77, 53), (59, 54), (60, 54), (61, 54), (62, 54), (78, 54), (58, 57), (77, 57), (57, 61), (76, 61), (56, 64), (75, 64), (55, 68), (74, 68), (55, 69), (74, 69), (56, 70), (70, 70), (71, 70), (72, 70), (73, 70), (57, 71), (67, 71), (68, 71), (69, 71), (58, 72), (63, 72), (64, 72), (65, 72), (66, 72), (59, 73), (60, 73), (61, 73), (62, 73)]
[(74, 69), (70, 70), (71, 70), (72, 70), (73, 70), (75, 70), (67, 71), (68, 71), (69, 71), (76, 71), (63, 72), (64, 72), (65, 72), (66, 72), (77, 72), (59, 73), (60, 73), (61, 73), (62, 73), (78, 73), (58, 76), (77, 76), (57, 80), (76, 80), (56, 83), (75, 83), (55, 87), (74, 87), (55, 88), (74, 88), (56, 89), (70, 89), (71, 89), (72, 89), (73, 89), (57, 90), (67, 90), (68, 90), (69, 90), (58, 91), (63, 91), (64, 91), (65, 91), (66, 91), (59, 92), (60, 92), (61, 92), (62, 92)]
[(93, 69), (89, 70), (90, 70), (91, 70), (92, 70), (94, 70), (86, 71), (87, 71), (88, 71), (95, 71), (82, 72), (83, 72), (84, 72), (85, 72), (96, 72), (78, 73), (79, 73), (80, 73), (81, 73), (97, 73), (77, 76), (96, 76), (76, 80), (95, 80), (75, 83), (94, 83), (74, 87), (93, 87), (74, 88), (93, 88), (75, 89), (89, 89), (90, 89), (91, 89), (92, 89), (76, 90), (86, 90), (87, 90), (88, 90), (77, 91), (82, 91), (83, 91), (84, 91), (85, 91), (78, 92), (79, 92), (80, 92), (81, 92)]
[(93, 88), (89, 89), (90, 89), (91, 89), (92, 89), (94, 89), (86, 90), (87, 90), (88, 90), (95, 90), (82, 91), (83, 91), (84, 91), (85, 91), (96, 91), (78, 92), (79, 92), (80, 92), (81, 92), (97, 92), (77, 95), (96, 95), (76, 99), (95, 99), (75, 102), (94, 102), (74, 106), (93, 106), (74, 107), (93, 107), (75, 108), (89, 108), (90, 108), (91, 108), (92, 108), (76, 109), (86, 109), (87, 109), (88, 109), (77, 110), (82, 110), (83, 110), (84, 110), (85, 110), (78, 111), (79, 111), (80, 111), (81, 111)]
[(112, 88), (108, 89), (109, 89), (110, 89), (111, 89), (113, 89), (105, 90), (106, 90), (107, 90), (114, 90), (101, 91), (102, 91), (103, 91), (104, 91), (97, 92), (98, 92), (99, 92), (100, 92), (96, 95), (95, 99), (114, 99), (94, 102), (113, 102), (93, 106), (112, 106), (93, 107), (112, 107), (94, 108), (108, 108), (109, 108), (110, 108), (111, 108), (95, 109), (105, 109), (106, 109), (107, 109), (96, 110), (101, 110), (102, 110), (103, 110), (104, 110), (97, 111), (98, 111), (99, 111), (100, 111)]
[(36, 50), (32, 51), (33, 51), (34, 51), (35, 51), (37, 51), (29, 52), (30, 52), (31, 52), (38, 52), (25, 53), (26, 53), (27, 53), (28, 53), (39, 53), (21, 54), (22, 54), (23, 54), (24, 54), (40, 54), (20, 57), (39, 57), (19, 61), (38, 61), (18, 64), (37, 64), (17, 68), (36, 68), (17, 69), (36, 69), (18, 70), (32, 70), (33, 70), (34, 70), (35, 70), (19, 71), (29, 71), (30, 71), (31, 71), (20, 72), (25, 72), (26, 72), (27, 72), (28, 72), (21, 73), (22, 73), (23, 73), (24, 73)]
[(36, 69), (32, 70), (33, 70), (34, 70), (35, 70), (37, 70), (29, 71), (30, 71), (31, 71), (38, 71), (25, 72), (26, 72), (27, 72), (28, 72), (39, 72), (21, 73), (22, 73), (23, 73), (24, 73), (40, 73), (20, 76), (39, 76), (19, 80), (38, 80), (18, 83), (37, 83), (17, 87), (36, 87), (17, 88), (36, 88), (18, 89), (32, 89), (33, 89), (34, 89), (35, 89), (19, 90), (29, 90), (30, 90), (31, 90), (20, 91), (25, 91), (26, 91), (27, 91), (28, 91), (21, 92), (22, 92), (23, 92), (24, 92)]
[(55, 69), (51, 70), (52, 70), (53, 70), (54, 70), (56, 70), (48, 71), (49, 71), (50, 71), (57, 71), (44, 72), (45, 72), (46, 72), (47, 72), (58, 72), (40, 73), (41, 73), (42, 73), (43, 73), (59, 73), (39, 76), (58, 76), (38, 80), (57, 80), (37, 83), (56, 83), (36, 87), (55, 87), (36, 88), (55, 88), (37, 89), (51, 89), (52, 89), (53, 89), (54, 89), (38, 90), (48, 90), (49, 90), (50, 90), (39, 91), (44, 91), (45, 91), (46, 91), (47, 91), (40, 92), (41, 92), (42, 92), (43, 92)]
[(55, 88), (51, 89), (52, 89), (53, 89), (54, 89), (56, 89), (48, 90), (49, 90), (50, 90), (57, 90), (44, 91), (45, 91), (46, 91), (47, 91), (58, 91), (40, 92), (41, 92), (42, 92), (43, 92), (59, 92), (39, 95), (58, 95), (38, 99), (57, 99), (37, 102), (56, 102), (36, 106), (55, 106), (36, 107), (55, 107), (37, 108), (51, 108), (52, 108), (53, 108), (54, 108), (38, 109), (48, 109), (49, 109), (50, 109), (39, 110), (44, 110), (45, 110), (46, 110), (47, 110), (40, 111), (41, 111), (42, 111), (43, 111)]
[(74, 88), (70, 89), (71, 89), (72, 89), (73, 89), (75, 89), (67, 90), (68, 90), (69, 90), (76, 90), (63, 91), (64, 91), (65, 91), (66, 91), (77, 91), (59, 92), (60, 92), (61, 92), (62, 92), (78, 92), (58, 95), (77, 95), (57, 99), (76, 99), (56, 102), (75, 102), (55, 106), (74, 106), (55, 107), (74, 107), (56, 108), (70, 108), (71, 108), (72, 108), (73, 108), (57, 109), (67, 109), (68, 109), (69, 109), (58, 110), (63, 110), (64, 110), (65, 110), (66, 110), (59, 111), (60, 111), (61, 111), (62, 111)]
[(74, 107), (70, 108), (71, 108), (72, 108), (73, 108), (75, 108), (67, 109), (68, 109), (69, 109), (76, 109), (63, 110), (64, 110), (65, 110), (66, 110), (77, 110), (59, 111), (60, 111), (61, 111), (62, 111), (78, 111), (58, 114), (77, 114)]
[(93, 107), (89, 108), (90, 108), (91, 108), (92, 108), (94, 108), (86, 109), (87, 109), (88, 109), (95, 109), (82, 110), (83, 110), (84, 110), (85, 110), (96, 110), (78, 111), (79, 111), (80, 111), (81, 111), (97, 111), (77, 114), (96, 114)]
[(36, 88), (32, 89), (33, 89), (34, 89), (35, 89), (37, 89), (29, 90), (30, 90), (31, 90), (38, 90), (25, 91), (26, 91), (27, 91), (28, 91), (39, 91), (21, 92), (22, 92), (23, 92), (24, 92), (40, 92), (20, 95), (39, 95), (19, 99), (38, 99), (18, 102), (37, 102), (17, 106), (36, 106), (17, 107), (36, 107), (18, 108), (32, 108), (33, 108), (34, 108), (35, 108), (19, 109), (29, 109), (30, 109), (31, 109), (20, 110), (25, 110), (26, 110), (27, 110), (28, 110), (21, 111), (22, 111), (23, 111), (24, 111)]
[(36, 107), (32, 108), (33, 108), (34, 108), (35, 108), (37, 108), (29, 109), (30, 109), (31, 109), (38, 109), (25, 110), (26, 110), (27, 110), (28, 110), (39, 110), (21, 111), (22, 111), (23, 111), (24, 111), (40, 111), (20, 114), (39, 114)]
[(55, 107), (51, 108), (52, 108), (53, 108), (54, 108), (56, 108), (48, 109), (49, 109), (50, 109), (57, 109), (44, 110), (45, 110), (46, 110), (47, 110), (58, 110), (40, 111), (41, 111), (42, 111), (43, 111), (59, 111), (39, 114), (58, 114)]
