[(79, 28), (76, 29), (77, 29), (78, 29), (80, 29), (72, 30), (73, 30), (74, 30), (75, 30), (69, 31), (70, 31), (71, 31), (66, 32), (67, 32), (68, 32), (79, 32), (63, 33), (64, 33), (65, 33), (59, 34), (60, 34), (61, 34), (62, 34), (78, 35), (58, 37), (77, 38), (57, 40), (76, 42), (56, 43), (75, 45), (55, 47), (74, 48), (74, 49), (54, 50), (71, 50), (72, 50), (73, 50), (67, 51), (68, 51), (69, 51), (70, 51), (64, 52), (65, 52), (66, 52), (53, 53), (61, 53), (62, 53), (63, 53), (53, 54), (58, 54), (59, 54), (60, 54), (54, 55), (55, 55), (56, 55), (57, 55)]
[(100, 23), (97, 24), (98, 24), (99, 24), (101, 24), (93, 25), (94, 25), (95, 25), (96, 25), (90, 26), (91, 26), (92, 26), (87, 27), (88, 27), (89, 27), (100, 27), (84, 28), (85, 28), (86, 28), (80, 29), (81, 29), (82, 29), (83, 29), (99, 30), (79, 32), (98, 33), (78, 35), (97, 37), (77, 38), (96, 40), (76, 42), (95, 43), (95, 44), (75, 45), (92, 45), (93, 45), (94, 45), (88, 46), (89, 46), (90, 46), (91, 46), (85, 47), (86, 47), (87, 47), (74, 48), (82, 48), (83, 48), (84, 48), (74, 49), (79, 49), (80, 49), (81, 49), (75, 50), (76, 50), (77, 50), (78, 50)]
[(95, 44), (92, 45), (93, 45), (94, 45), (96, 45), (88, 46), (89, 46), (90, 46), (91, 46), (85, 47), (86, 47), (87, 47), (82, 48), (83, 48), (84, 48), (95, 48), (79, 49), (80, 49), (81, 49), (75, 50), (76, 50), (77, 50), (78, 50), (94, 51), (74, 53), (93, 54), (73, 56), (92, 58), (72, 59), (91, 61), (71, 63), (90, 64), (90, 65), (70, 66), (87, 66), (88, 66), (89, 66), (83, 67), (84, 67), (85, 67), (86, 67), (80, 68), (81, 68), (82, 68), (69, 69), (77, 69), (78, 69), (79, 69), (69, 70), (74, 70), (75, 70), (76, 70), (70, 71), (71, 71), (72, 71), (73, 71)]
[(113, 40), (114, 40), (109, 41), (110, 41), (111, 41), (112, 41), (106, 42), (107, 42), (108, 42), (103, 43), (104, 43), (105, 43), (100, 44), (101, 44), (102, 44), (96, 45), (97, 45), (98, 45), (99, 45), (95, 48), (114, 49), (94, 51), (113, 53), (93, 54), (112, 56), (92, 58), (111, 59), (111, 60), (91, 61), (108, 61), (109, 61), (110, 61), (104, 62), (105, 62), (106, 62), (107, 62), (101, 63), (102, 63), (103, 63), (90, 64), (98, 64), (99, 64), (100, 64), (90, 65), (95, 65), (96, 65), (97, 65), (91, 66), (92, 66), (93, 66), (94, 66)]
[(111, 60), (108, 61), (109, 61), (110, 61), (112, 61), (104, 62), (105, 62), (106, 62), (107, 62), (101, 63), (102, 63), (103, 63), (98, 64), (99, 64), (100, 64), (111, 64), (95, 65), (96, 65), (97, 65), (91, 66), (92, 66), (93, 66), (94, 66), (110, 67), (90, 69), (109, 70), (89, 72), (108, 74), (88, 75), (107, 77), (87, 79), (106, 80), (106, 81), (86, 82), (103, 82), (104, 82), (105, 82), (99, 83), (100, 83), (101, 83), (102, 83), (96, 84), (97, 84), (98, 84), (85, 85), (93, 85), (94, 85), (95, 85), (85, 86), (90, 86), (91, 86), (92, 86), (86, 87), (87, 87), (88, 87), (89, 87)]
[(112, 61), (113, 61), (114, 61), (111, 64), (110, 67), (109, 70), (108, 74), (107, 77), (106, 80), (114, 80), (106, 81), (111, 81), (112, 81), (113, 81), (107, 82), (108, 82), (109, 82), (110, 82)]
[(114, 80), (111, 81), (112, 81), (113, 81), (107, 82), (108, 82), (109, 82), (110, 82), (106, 85), (105, 88), (104, 91), (103, 95), (102, 98), (112, 100), (113, 100), (114, 100), (101, 101), (109, 101), (110, 101), (111, 101), (101, 102), (106, 102), (107, 102), (108, 102), (102, 103), (103, 103), (104, 103), (105, 103)]
[(37, 38), (34, 39), (35, 39), (36, 39), (38, 39), (30, 40), (31, 40), (32, 40), (33, 40), (27, 41), (28, 41), (29, 41), (24, 42), (25, 42), (26, 42), (37, 42), (21, 43), (22, 43), (23, 43), (17, 44), (18, 44), (19, 44), (20, 44), (36, 45), (16, 47), (35, 48), (15, 50), (34, 52), (14, 53), (33, 55), (13, 57), (32, 58), (32, 59), (12, 60), (29, 60), (30, 60), (31, 60), (25, 61), (26, 61), (27, 61), (28, 61), (22, 62), (23, 62), (24, 62), (11, 63), (19, 63), (20, 63), (21, 63), (11, 64), (16, 64), (17, 64), (18, 64), (12, 65), (13, 65), (14, 65), (15, 65)]
[(58, 33), (55, 34), (56, 34), (57, 34), (59, 34), (51, 35), (52, 35), (53, 35), (54, 35), (48, 36), (49, 36), (50, 36), (45, 37), (46, 37), (47, 37), (58, 37), (42, 38), (43, 38), (44, 38), (38, 39), (39, 39), (40, 39), (41, 39), (57, 40), (37, 42), (56, 43), (36, 45), (55, 47), (35, 48), (54, 50), (34, 52), (53, 53), (53, 54), (33, 55), (50, 55), (51, 55), (52, 55), (46, 56), (47, 56), (48, 56), (49, 56), (43, 57), (44, 57), (45, 57), (32, 58), (40, 58), (41, 58), (42, 58), (32, 59), (37, 59), (38, 59), (39, 59), (33, 60), (34, 60), (35, 60), (36, 60)]
[(53, 54), (50, 55), (51, 55), (52, 55), (54, 55), (46, 56), (47, 56), (48, 56), (49, 56), (43, 57), (44, 57), (45, 57), (40, 58), (41, 58), (42, 58), (53, 58), (37, 59), (38, 59), (39, 59), (33, 60), (34, 60), (35, 60), (36, 60), (52, 61), (32, 63), (51, 64), (31, 66), (50, 68), (30, 69), (49, 71), (29, 73), (48, 74), (48, 75), (28, 76), (45, 76), (46, 76), (47, 76), (41, 77), (42, 77), (43, 77), (44, 77), (38, 78), (39, 78), (40, 78), (27, 79), (35, 79), (36, 79), (37, 79), (27, 80), (32, 80), (33, 80), (34, 80), (28, 81), (29, 81), (30, 81), (31, 81)]
[(74, 49), (71, 50), (72, 50), (73, 50), (75, 50), (67, 51), (68, 51), (69, 51), (70, 51), (64, 52), (65, 52), (66, 52), (61, 53), (62, 53), (63, 53), (74, 53), (58, 54), (59, 54), (60, 54), (54, 55), (55, 55), (56, 55), (57, 55), (73, 56), (53, 58), (72, 59), (52, 61), (71, 63), (51, 64), (70, 66), (50, 68), (69, 69), (69, 70), (49, 71), (66, 71), (67, 71), (68, 71), (62, 72), (63, 72), (64, 72), (65, 72), (59, 73), (60, 73), (61, 73), (48, 74), (56, 74), (57, 74), (58, 74), (48, 75), (53, 75), (54, 75), (55, 75), (49, 76), (50, 76), (51, 76), (52, 76)]
[(69, 70), (66, 71), (67, 71), (68, 71), (70, 71), (62, 72), (63, 72), (64, 72), (65, 72), (59, 73), (60, 73), (61, 73), (56, 74), (57, 74), (58, 74), (69, 74), (53, 75), (54, 75), (55, 75), (49, 76), (50, 76), (51, 76), (52, 76), (68, 77), (48, 79), (67, 80), (47, 82), (66, 84), (46, 85), (65, 87), (45, 89), (64, 90), (64, 91), (44, 92), (61, 92), (62, 92), (63, 92), (57, 93), (58, 93), (59, 93), (60, 93), (54, 94), (55, 94), (56, 94), (43, 95), (51, 95), (52, 95), (53, 95), (43, 96), (48, 96), (49, 96), (50, 96), (44, 97), (45, 97), (46, 97), (47, 97)]
[(90, 65), (87, 66), (88, 66), (89, 66), (91, 66), (83, 67), (84, 67), (85, 67), (86, 67), (80, 68), (81, 68), (82, 68), (77, 69), (78, 69), (79, 69), (90, 69), (74, 70), (75, 70), (76, 70), (70, 71), (71, 71), (72, 71), (73, 71), (89, 72), (69, 74), (88, 75), (68, 77), (87, 79), (67, 80), (86, 82), (66, 84), (85, 85), (85, 86), (65, 87), (82, 87), (83, 87), (84, 87), (78, 88), (79, 88), (80, 88), (81, 88), (75, 89), (76, 89), (77, 89), (64, 90), (72, 90), (73, 90), (74, 90), (64, 91), (69, 91), (70, 91), (71, 91), (65, 92), (66, 92), (67, 92), (68, 92)]
[(85, 86), (82, 87), (83, 87), (84, 87), (86, 87), (78, 88), (79, 88), (80, 88), (81, 88), (75, 89), (76, 89), (77, 89), (72, 90), (73, 90), (74, 90), (85, 90), (69, 91), (70, 91), (71, 91), (65, 92), (66, 92), (67, 92), (68, 92), (84, 93), (64, 95), (83, 96), (63, 98), (82, 100), (62, 101), (81, 103), (61, 105), (80, 106), (80, 107), (60, 108), (77, 108), (78, 108), (79, 108), (73, 109), (74, 109), (75, 109), (76, 109), (70, 110), (71, 110), (72, 110), (59, 111), (67, 111), (68, 111), (69, 111), (59, 112), (64, 112), (65, 112), (66, 112), (60, 113), (61, 113), (62, 113), (63, 113)]
[(106, 81), (103, 82), (104, 82), (105, 82), (107, 82), (99, 83), (100, 83), (101, 83), (102, 83), (96, 84), (97, 84), (98, 84), (93, 85), (94, 85), (95, 85), (106, 85), (90, 86), (91, 86), (92, 86), (86, 87), (87, 87), (88, 87), (89, 87), (105, 88), (85, 90), (104, 91), (84, 93), (103, 95), (83, 96), (102, 98), (82, 100), (101, 101), (101, 102), (81, 103), (98, 103), (99, 103), (100, 103), (94, 104), (95, 104), (96, 104), (97, 104), (91, 105), (92, 105), (93, 105), (80, 106), (88, 106), (89, 106), (90, 106), (80, 107), (85, 107), (86, 107), (87, 107), (81, 108), (82, 108), (83, 108), (84, 108)]
[(101, 102), (98, 103), (99, 103), (100, 103), (102, 103), (94, 104), (95, 104), (96, 104), (97, 104), (91, 105), (92, 105), (93, 105), (88, 106), (89, 106), (90, 106), (101, 106), (85, 107), (86, 107), (87, 107), (81, 108), (82, 108), (83, 108), (84, 108), (100, 109), (80, 111), (99, 112), (79, 114)]
[(112, 100), (113, 100), (114, 100), (109, 101), (110, 101), (111, 101), (106, 102), (107, 102), (108, 102), (102, 103), (103, 103), (104, 103), (105, 103), (101, 106), (100, 109), (99, 112)]
[(11, 64), (8, 65), (9, 65), (10, 65), (12, 65), (4, 66), (5, 66), (6, 66), (7, 66), (1, 67), (2, 67), (3, 67), (0, 68), (11, 68), (10, 71), (9, 74), (8, 78), (7, 81), (6, 84), (6, 85), (3, 86), (4, 86), (5, 86), (0, 87), (1, 87), (2, 87)]
[(32, 59), (29, 60), (30, 60), (31, 60), (33, 60), (25, 61), (26, 61), (27, 61), (28, 61), (22, 62), (23, 62), (24, 62), (19, 63), (20, 63), (21, 63), (32, 63), (16, 64), (17, 64), (18, 64), (12, 65), (13, 65), (14, 65), (15, 65), (31, 66), (11, 68), (30, 69), (10, 71), (29, 73), (9, 74), (28, 76), (8, 78), (27, 79), (27, 80), (7, 81), (24, 81), (25, 81), (26, 81), (20, 82), (21, 82), (22, 82), (23, 82), (17, 83), (18, 83), (19, 83), (6, 84), (14, 84), (15, 84), (16, 84), (6, 85), (11, 85), (12, 85), (13, 85), (7, 86), (8, 86), (9, 86), (10, 86)]
[(27, 80), (24, 81), (25, 81), (26, 81), (28, 81), (20, 82), (21, 82), (22, 82), (23, 82), (17, 83), (18, 83), (19, 83), (14, 84), (15, 84), (16, 84), (27, 84), (11, 85), (12, 85), (13, 85), (7, 86), (8, 86), (9, 86), (10, 86), (26, 87), (6, 89), (25, 90), (5, 92), (24, 94), (4, 95), (23, 97), (3, 99), (22, 100), (22, 101), (2, 102), (19, 102), (20, 102), (21, 102), (15, 103), (16, 103), (17, 103), (18, 103), (12, 104), (13, 104), (14, 104), (1, 105), (9, 105), (10, 105), (11, 105), (1, 106), (6, 106), (7, 106), (8, 106), (2, 107), (3, 107), (4, 107), (5, 107)]
[(48, 75), (45, 76), (46, 76), (47, 76), (49, 76), (41, 77), (42, 77), (43, 77), (44, 77), (38, 78), (39, 78), (40, 78), (35, 79), (36, 79), (37, 79), (48, 79), (32, 80), (33, 80), (34, 80), (28, 81), (29, 81), (30, 81), (31, 81), (47, 82), (27, 84), (46, 85), (26, 87), (45, 89), (25, 90), (44, 92), (24, 94), (43, 95), (43, 96), (23, 97), (40, 97), (41, 97), (42, 97), (36, 98), (37, 98), (38, 98), (39, 98), (33, 99), (34, 99), (35, 99), (22, 100), (30, 100), (31, 100), (32, 100), (22, 101), (27, 101), (28, 101), (29, 101), (23, 102), (24, 102), (25, 102), (26, 102)]
[(43, 96), (40, 97), (41, 97), (42, 97), (44, 97), (36, 98), (37, 98), (38, 98), (39, 98), (33, 99), (34, 99), (35, 99), (30, 100), (31, 100), (32, 100), (43, 100), (27, 101), (28, 101), (29, 101), (23, 102), (24, 102), (25, 102), (26, 102), (42, 103), (22, 105), (41, 106), (21, 108), (40, 110), (20, 111), (39, 113)]
[(64, 91), (61, 92), (62, 92), (63, 92), (65, 92), (57, 93), (58, 93), (59, 93), (60, 93), (54, 94), (55, 94), (56, 94), (51, 95), (52, 95), (53, 95), (64, 95), (48, 96), (49, 96), (50, 96), (44, 97), (45, 97), (46, 97), (47, 97), (63, 98), (43, 100), (62, 101), (42, 103), (61, 105), (41, 106), (60, 108), (40, 110), (59, 111), (59, 112), (39, 113), (56, 113), (57, 113), (58, 113), (52, 114), (53, 114), (54, 114), (55, 114)]
[(59, 112), (56, 113), (57, 113), (58, 113), (60, 113), (52, 114), (53, 114), (54, 114), (55, 114)]
[(80, 107), (77, 108), (78, 108), (79, 108), (81, 108), (73, 109), (74, 109), (75, 109), (76, 109), (70, 110), (71, 110), (72, 110), (67, 111), (68, 111), (69, 111), (80, 111), (64, 112), (65, 112), (66, 112), (60, 113), (61, 113), (62, 113), (63, 113), (79, 114)]
[(6, 85), (3, 86), (4, 86), (5, 86), (7, 86), (0, 87), (1, 87), (2, 87), (6, 89), (5, 92), (4, 95), (3, 99), (2, 102), (1, 105), (1, 106), (0, 107)]
[(1, 106), (0, 107), (2, 107), (1, 110), (0, 113)]
[(22, 101), (19, 102), (20, 102), (21, 102), (23, 102), (15, 103), (16, 103), (17, 103), (18, 103), (12, 104), (13, 104), (14, 104), (9, 105), (10, 105), (11, 105), (22, 105), (6, 106), (7, 106), (8, 106), (2, 107), (3, 107), (4, 107), (5, 107), (21, 108), (1, 110), (20, 111), (0, 113)]
