[(102, 9), (103, 9), (104, 9), (105, 9), (99, 10), (100, 10), (101, 10), (106, 10), (95, 11), (96, 11), (97, 11), (98, 11), (107, 11), (91, 12), (92, 12), (93, 12), (94, 12), (108, 12), (87, 13), (88, 13), (89, 13), (90, 13), (109, 13), (86, 16), (108, 16), (85, 20), (107, 20), (84, 24), (106, 24), (83, 27), (105, 27), (82, 31), (83, 31), (102, 31), (103, 31), (104, 31), (105, 31), (84, 32), (99, 32), (100, 32), (101, 32), (85, 33), (95, 33), (96, 33), (97, 33), (98, 33), (86, 34), (91, 34), (92, 34), (93, 34), (94, 34), (87, 35), (88, 35), (89, 35), (90, 35)]
[(113, 12), (114, 12), (109, 13), (110, 13), (111, 13), (112, 13), (108, 16), (107, 20), (106, 24), (105, 27), (104, 31), (105, 31), (106, 32), (107, 33), (108, 34), (113, 34), (114, 34), (109, 35), (110, 35), (111, 35), (112, 35)]
[(113, 34), (114, 34), (109, 35), (110, 35), (111, 35), (112, 35), (108, 38), (107, 42), (106, 46), (105, 49), (104, 53), (105, 53), (106, 54), (107, 55), (108, 56), (113, 56), (114, 56), (109, 57), (110, 57), (111, 57), (112, 57)]
[(58, 9), (59, 9), (60, 9), (61, 9), (55, 10), (56, 10), (57, 10), (62, 10), (51, 11), (52, 11), (53, 11), (54, 11), (63, 11), (47, 12), (48, 12), (49, 12), (50, 12), (64, 12), (43, 13), (44, 13), (45, 13), (46, 13), (65, 13), (42, 16), (64, 16), (41, 20), (63, 20), (40, 24), (62, 24), (39, 27), (61, 27), (38, 31), (39, 31), (58, 31), (59, 31), (60, 31), (61, 31), (40, 32), (55, 32), (56, 32), (57, 32), (41, 33), (51, 33), (52, 33), (53, 33), (54, 33), (42, 34), (47, 34), (48, 34), (49, 34), (50, 34), (43, 35), (44, 35), (45, 35), (46, 35)]
[(80, 9), (81, 9), (82, 9), (83, 9), (77, 10), (78, 10), (79, 10), (84, 10), (73, 11), (74, 11), (75, 11), (76, 11), (85, 11), (69, 12), (70, 12), (71, 12), (72, 12), (86, 12), (65, 13), (66, 13), (67, 13), (68, 13), (87, 13), (64, 16), (86, 16), (63, 20), (85, 20), (62, 24), (84, 24), (61, 27), (83, 27), (60, 31), (61, 31), (80, 31), (81, 31), (82, 31), (83, 31), (62, 32), (77, 32), (78, 32), (79, 32), (63, 33), (73, 33), (74, 33), (75, 33), (76, 33), (64, 34), (69, 34), (70, 34), (71, 34), (72, 34), (65, 35), (66, 35), (67, 35), (68, 35)]
[(80, 31), (81, 31), (82, 31), (83, 31), (77, 32), (78, 32), (79, 32), (84, 32), (73, 33), (74, 33), (75, 33), (76, 33), (85, 33), (69, 34), (70, 34), (71, 34), (72, 34), (86, 34), (65, 35), (66, 35), (67, 35), (68, 35), (87, 35), (64, 38), (86, 38), (63, 42), (85, 42), (62, 46), (84, 46), (61, 49), (83, 49), (60, 53), (61, 53), (80, 53), (81, 53), (82, 53), (83, 53), (62, 54), (77, 54), (78, 54), (79, 54), (63, 55), (73, 55), (74, 55), (75, 55), (76, 55), (64, 56), (69, 56), (70, 56), (71, 56), (72, 56), (65, 57), (66, 57), (67, 57), (68, 57)]
[(102, 31), (103, 31), (104, 31), (105, 31), (99, 32), (100, 32), (101, 32), (106, 32), (95, 33), (96, 33), (97, 33), (98, 33), (107, 33), (91, 34), (92, 34), (93, 34), (94, 34), (108, 34), (87, 35), (88, 35), (89, 35), (90, 35), (109, 35), (86, 38), (108, 38), (85, 42), (107, 42), (84, 46), (106, 46), (83, 49), (105, 49), (82, 53), (83, 53), (102, 53), (103, 53), (104, 53), (105, 53), (84, 54), (99, 54), (100, 54), (101, 54), (85, 55), (95, 55), (96, 55), (97, 55), (98, 55), (86, 56), (91, 56), (92, 56), (93, 56), (94, 56), (87, 57), (88, 57), (89, 57), (90, 57)]
[(102, 53), (103, 53), (104, 53), (105, 53), (99, 54), (100, 54), (101, 54), (106, 54), (95, 55), (96, 55), (97, 55), (98, 55), (107, 55), (91, 56), (92, 56), (93, 56), (94, 56), (108, 56), (87, 57), (88, 57), (89, 57), (90, 57), (109, 57), (86, 60), (108, 60), (85, 64), (107, 64), (84, 68), (106, 68), (83, 71), (105, 71), (82, 75), (83, 75), (102, 75), (103, 75), (104, 75), (105, 75), (84, 76), (99, 76), (100, 76), (101, 76), (85, 77), (95, 77), (96, 77), (97, 77), (98, 77), (86, 78), (91, 78), (92, 78), (93, 78), (94, 78), (87, 79), (88, 79), (89, 79), (90, 79)]
[(113, 56), (114, 56), (109, 57), (110, 57), (111, 57), (112, 57), (108, 60), (107, 64), (106, 68), (105, 71), (104, 75), (105, 75), (106, 76), (107, 77), (108, 78), (113, 78), (114, 78), (109, 79), (110, 79), (111, 79), (112, 79)]
[(113, 78), (114, 78), (109, 79), (110, 79), (111, 79), (112, 79), (108, 82), (107, 86), (106, 90), (105, 93), (104, 97), (105, 97), (106, 98), (107, 99), (108, 100), (113, 100), (114, 100), (109, 101), (110, 101), (111, 101), (112, 101)]
[(36, 31), (37, 31), (38, 31), (39, 31), (33, 32), (34, 32), (35, 32), (40, 32), (29, 33), (30, 33), (31, 33), (32, 33), (41, 33), (25, 34), (26, 34), (27, 34), (28, 34), (42, 34), (21, 35), (22, 35), (23, 35), (24, 35), (43, 35), (20, 38), (42, 38), (19, 42), (41, 42), (18, 46), (40, 46), (17, 49), (39, 49), (16, 53), (17, 53), (36, 53), (37, 53), (38, 53), (39, 53), (18, 54), (33, 54), (34, 54), (35, 54), (19, 55), (29, 55), (30, 55), (31, 55), (32, 55), (20, 56), (25, 56), (26, 56), (27, 56), (28, 56), (21, 57), (22, 57), (23, 57), (24, 57)]
[(58, 31), (59, 31), (60, 31), (61, 31), (55, 32), (56, 32), (57, 32), (62, 32), (51, 33), (52, 33), (53, 33), (54, 33), (63, 33), (47, 34), (48, 34), (49, 34), (50, 34), (64, 34), (43, 35), (44, 35), (45, 35), (46, 35), (65, 35), (42, 38), (64, 38), (41, 42), (63, 42), (40, 46), (62, 46), (39, 49), (61, 49), (38, 53), (39, 53), (58, 53), (59, 53), (60, 53), (61, 53), (40, 54), (55, 54), (56, 54), (57, 54), (41, 55), (51, 55), (52, 55), (53, 55), (54, 55), (42, 56), (47, 56), (48, 56), (49, 56), (50, 56), (43, 57), (44, 57), (45, 57), (46, 57)]
[(58, 53), (59, 53), (60, 53), (61, 53), (55, 54), (56, 54), (57, 54), (62, 54), (51, 55), (52, 55), (53, 55), (54, 55), (63, 55), (47, 56), (48, 56), (49, 56), (50, 56), (64, 56), (43, 57), (44, 57), (45, 57), (46, 57), (65, 57), (42, 60), (64, 60), (41, 64), (63, 64), (40, 68), (62, 68), (39, 71), (61, 71), (38, 75), (39, 75), (58, 75), (59, 75), (60, 75), (61, 75), (40, 76), (55, 76), (56, 76), (57, 76), (41, 77), (51, 77), (52, 77), (53, 77), (54, 77), (42, 78), (47, 78), (48, 78), (49, 78), (50, 78), (43, 79), (44, 79), (45, 79), (46, 79)]
[(80, 53), (81, 53), (82, 53), (83, 53), (77, 54), (78, 54), (79, 54), (84, 54), (73, 55), (74, 55), (75, 55), (76, 55), (85, 55), (69, 56), (70, 56), (71, 56), (72, 56), (86, 56), (65, 57), (66, 57), (67, 57), (68, 57), (87, 57), (64, 60), (86, 60), (63, 64), (85, 64), (62, 68), (84, 68), (61, 71), (83, 71), (60, 75), (61, 75), (80, 75), (81, 75), (82, 75), (83, 75), (62, 76), (77, 76), (78, 76), (79, 76), (63, 77), (73, 77), (74, 77), (75, 77), (76, 77), (64, 78), (69, 78), (70, 78), (71, 78), (72, 78), (65, 79), (66, 79), (67, 79), (68, 79)]
[(80, 75), (81, 75), (82, 75), (83, 75), (77, 76), (78, 76), (79, 76), (84, 76), (73, 77), (74, 77), (75, 77), (76, 77), (85, 77), (69, 78), (70, 78), (71, 78), (72, 78), (86, 78), (65, 79), (66, 79), (67, 79), (68, 79), (87, 79), (64, 82), (86, 82), (63, 86), (85, 86), (62, 90), (84, 90), (61, 93), (83, 93), (60, 97), (61, 97), (80, 97), (81, 97), (82, 97), (83, 97), (62, 98), (77, 98), (78, 98), (79, 98), (63, 99), (73, 99), (74, 99), (75, 99), (76, 99), (64, 100), (69, 100), (70, 100), (71, 100), (72, 100), (65, 101), (66, 101), (67, 101), (68, 101)]
[(102, 75), (103, 75), (104, 75), (105, 75), (99, 76), (100, 76), (101, 76), (106, 76), (95, 77), (96, 77), (97, 77), (98, 77), (107, 77), (91, 78), (92, 78), (93, 78), (94, 78), (108, 78), (87, 79), (88, 79), (89, 79), (90, 79), (109, 79), (86, 82), (108, 82), (85, 86), (107, 86), (84, 90), (106, 90), (83, 93), (105, 93), (82, 97), (83, 97), (102, 97), (103, 97), (104, 97), (105, 97), (84, 98), (99, 98), (100, 98), (101, 98), (85, 99), (95, 99), (96, 99), (97, 99), (98, 99), (86, 100), (91, 100), (92, 100), (93, 100), (94, 100), (87, 101), (88, 101), (89, 101), (90, 101)]
[(102, 97), (103, 97), (104, 97), (105, 97), (99, 98), (100, 98), (101, 98), (106, 98), (95, 99), (96, 99), (97, 99), (98, 99), (107, 99), (91, 100), (92, 100), (93, 100), (94, 100), (108, 100), (87, 101), (88, 101), (89, 101), (90, 101), (109, 101), (86, 104), (108, 104), (85, 108), (107, 108), (84, 112), (106, 112)]
[(113, 100), (114, 100), (109, 101), (110, 101), (111, 101), (112, 101), (108, 104), (107, 108), (106, 112)]
[(36, 53), (37, 53), (38, 53), (39, 53), (33, 54), (34, 54), (35, 54), (40, 54), (29, 55), (30, 55), (31, 55), (32, 55), (41, 55), (25, 56), (26, 56), (27, 56), (28, 56), (42, 56), (21, 57), (22, 57), (23, 57), (24, 57), (43, 57), (20, 60), (42, 60), (19, 64), (41, 64), (18, 68), (40, 68), (17, 71), (39, 71), (16, 75), (17, 75), (36, 75), (37, 75), (38, 75), (39, 75), (18, 76), (33, 76), (34, 76), (35, 76), (19, 77), (29, 77), (30, 77), (31, 77), (32, 77), (20, 78), (25, 78), (26, 78), (27, 78), (28, 78), (21, 79), (22, 79), (23, 79), (24, 79)]
[(36, 75), (37, 75), (38, 75), (39, 75), (33, 76), (34, 76), (35, 76), (40, 76), (29, 77), (30, 77), (31, 77), (32, 77), (41, 77), (25, 78), (26, 78), (27, 78), (28, 78), (42, 78), (21, 79), (22, 79), (23, 79), (24, 79), (43, 79), (20, 82), (42, 82), (19, 86), (41, 86), (18, 90), (40, 90), (17, 93), (39, 93), (16, 97), (17, 97), (36, 97), (37, 97), (38, 97), (39, 97), (18, 98), (33, 98), (34, 98), (35, 98), (19, 99), (29, 99), (30, 99), (31, 99), (32, 99), (20, 100), (25, 100), (26, 100), (27, 100), (28, 100), (21, 101), (22, 101), (23, 101), (24, 101)]
[(58, 75), (59, 75), (60, 75), (61, 75), (55, 76), (56, 76), (57, 76), (62, 76), (51, 77), (52, 77), (53, 77), (54, 77), (63, 77), (47, 78), (48, 78), (49, 78), (50, 78), (64, 78), (43, 79), (44, 79), (45, 79), (46, 79), (65, 79), (42, 82), (64, 82), (41, 86), (63, 86), (40, 90), (62, 90), (39, 93), (61, 93), (38, 97), (39, 97), (58, 97), (59, 97), (60, 97), (61, 97), (40, 98), (55, 98), (56, 98), (57, 98), (41, 99), (51, 99), (52, 99), (53, 99), (54, 99), (42, 100), (47, 100), (48, 100), (49, 100), (50, 100), (43, 101), (44, 101), (45, 101), (46, 101)]
[(58, 97), (59, 97), (60, 97), (61, 97), (55, 98), (56, 98), (57, 98), (62, 98), (51, 99), (52, 99), (53, 99), (54, 99), (63, 99), (47, 100), (48, 100), (49, 100), (50, 100), (64, 100), (43, 101), (44, 101), (45, 101), (46, 101), (65, 101), (42, 104), (64, 104), (41, 108), (63, 108), (40, 112), (62, 112)]
[(80, 97), (81, 97), (82, 97), (83, 97), (77, 98), (78, 98), (79, 98), (84, 98), (73, 99), (74, 99), (75, 99), (76, 99), (85, 99), (69, 100), (70, 100), (71, 100), (72, 100), (86, 100), (65, 101), (66, 101), (67, 101), (68, 101), (87, 101), (64, 104), (86, 104), (63, 108), (85, 108), (62, 112), (84, 112)]
[(36, 97), (37, 97), (38, 97), (39, 97), (33, 98), (34, 98), (35, 98), (40, 98), (29, 99), (30, 99), (31, 99), (32, 99), (41, 99), (25, 100), (26, 100), (27, 100), (28, 100), (42, 100), (21, 101), (22, 101), (23, 101), (24, 101), (43, 101), (20, 104), (42, 104), (19, 108), (41, 108), (18, 112), (40, 112)]
