[(113, 8), (114, 8), (110, 9), (111, 9), (112, 9), (107, 10), (108, 10), (109, 10), (104, 11), (105, 11), (106, 11), (103, 13), (102, 16), (101, 19), (100, 22), (99, 25), (98, 28), (98, 29), (99, 30), (100, 31), (112, 31), (113, 31), (114, 31), (101, 32), (109, 32), (110, 32), (111, 32), (102, 33), (106, 33), (107, 33), (108, 33), (103, 34), (104, 34), (105, 34)]
[(75, 7), (76, 7), (73, 8), (74, 8), (77, 8), (70, 9), (71, 9), (72, 9), (78, 9), (67, 10), (68, 10), (69, 10), (79, 10), (64, 11), (65, 11), (66, 11), (80, 11), (61, 12), (62, 12), (63, 12), (81, 12), (58, 13), (59, 13), (60, 13), (80, 14), (57, 15), (79, 17), (56, 18), (78, 20), (55, 21), (77, 23), (54, 24), (76, 26), (53, 27), (75, 29), (52, 30), (74, 30), (75, 30), (52, 31), (72, 31), (73, 31), (53, 32), (69, 32), (70, 32), (71, 32), (54, 33), (66, 33), (67, 33), (68, 33), (55, 34), (63, 34), (64, 34), (65, 34), (56, 35), (60, 35), (61, 35), (62, 35), (57, 36), (58, 36), (59, 36)]
[(98, 6), (99, 6), (96, 7), (97, 7), (100, 7), (93, 8), (94, 8), (95, 8), (101, 8), (90, 9), (91, 9), (92, 9), (102, 9), (87, 10), (88, 10), (89, 10), (103, 10), (84, 11), (85, 11), (86, 11), (104, 11), (81, 12), (82, 12), (83, 12), (103, 13), (80, 14), (102, 16), (79, 17), (101, 19), (78, 20), (100, 22), (77, 23), (99, 25), (76, 26), (98, 28), (75, 29), (97, 29), (98, 29), (75, 30), (95, 30), (96, 30), (76, 31), (92, 31), (93, 31), (94, 31), (77, 32), (89, 32), (90, 32), (91, 32), (78, 33), (86, 33), (87, 33), (88, 33), (79, 34), (83, 34), (84, 34), (85, 34), (80, 35), (81, 35), (82, 35)]
[(97, 29), (98, 29), (95, 30), (96, 30), (99, 30), (92, 31), (93, 31), (94, 31), (100, 31), (89, 32), (90, 32), (91, 32), (101, 32), (86, 33), (87, 33), (88, 33), (102, 33), (83, 34), (84, 34), (85, 34), (103, 34), (80, 35), (81, 35), (82, 35), (102, 36), (79, 37), (101, 39), (78, 40), (100, 42), (77, 43), (99, 45), (76, 46), (98, 48), (75, 49), (97, 51), (74, 52), (96, 52), (97, 52), (74, 53), (94, 53), (95, 53), (75, 54), (91, 54), (92, 54), (93, 54), (76, 55), (88, 55), (89, 55), (90, 55), (77, 56), (85, 56), (86, 56), (87, 56), (78, 57), (82, 57), (83, 57), (84, 57), (79, 58), (80, 58), (81, 58)]
[(112, 31), (113, 31), (114, 31), (109, 32), (110, 32), (111, 32), (106, 33), (107, 33), (108, 33), (103, 34), (104, 34), (105, 34), (102, 36), (101, 39), (100, 42), (99, 45), (98, 48), (97, 51), (97, 52), (98, 53), (114, 53), (99, 54), (111, 54), (112, 54), (113, 54), (100, 55), (108, 55), (109, 55), (110, 55), (101, 56), (105, 56), (106, 56), (107, 56), (102, 57), (103, 57), (104, 57)]
[(114, 53), (111, 54), (112, 54), (113, 54), (108, 55), (109, 55), (110, 55), (105, 56), (106, 56), (107, 56), (102, 57), (103, 57), (104, 57), (101, 59), (100, 62), (99, 65), (98, 68), (97, 71), (96, 74), (96, 75), (97, 76), (113, 76), (114, 76), (98, 77), (110, 77), (111, 77), (112, 77), (99, 78), (107, 78), (108, 78), (109, 78), (100, 79), (104, 79), (105, 79), (106, 79), (101, 80), (102, 80), (103, 80)]
[(51, 31), (52, 31), (49, 32), (50, 32), (53, 32), (46, 33), (47, 33), (48, 33), (54, 33), (43, 34), (44, 34), (45, 34), (55, 34), (40, 35), (41, 35), (42, 35), (56, 35), (37, 36), (38, 36), (39, 36), (57, 36), (34, 37), (35, 37), (36, 37), (56, 38), (33, 39), (55, 41), (32, 42), (54, 44), (31, 45), (53, 47), (30, 48), (52, 50), (29, 51), (51, 53), (28, 54), (50, 54), (51, 54), (28, 55), (48, 55), (49, 55), (29, 56), (45, 56), (46, 56), (47, 56), (30, 57), (42, 57), (43, 57), (44, 57), (31, 58), (39, 58), (40, 58), (41, 58), (32, 59), (36, 59), (37, 59), (38, 59), (33, 60), (34, 60), (35, 60)]
[(74, 30), (75, 30), (72, 31), (73, 31), (76, 31), (69, 32), (70, 32), (71, 32), (77, 32), (66, 33), (67, 33), (68, 33), (78, 33), (63, 34), (64, 34), (65, 34), (79, 34), (60, 35), (61, 35), (62, 35), (80, 35), (57, 36), (58, 36), (59, 36), (79, 37), (56, 38), (78, 40), (55, 41), (77, 43), (54, 44), (76, 46), (53, 47), (75, 49), (52, 50), (74, 52), (51, 53), (73, 53), (74, 53), (51, 54), (71, 54), (72, 54), (52, 55), (68, 55), (69, 55), (70, 55), (53, 56), (65, 56), (66, 56), (67, 56), (54, 57), (62, 57), (63, 57), (64, 57), (55, 58), (59, 58), (60, 58), (61, 58), (56, 59), (57, 59), (58, 59)]
[(73, 53), (74, 53), (71, 54), (72, 54), (75, 54), (68, 55), (69, 55), (70, 55), (76, 55), (65, 56), (66, 56), (67, 56), (77, 56), (62, 57), (63, 57), (64, 57), (78, 57), (59, 58), (60, 58), (61, 58), (79, 58), (56, 59), (57, 59), (58, 59), (78, 60), (55, 61), (77, 63), (54, 64), (76, 66), (53, 67), (75, 69), (52, 70), (74, 72), (51, 73), (73, 75), (50, 76), (72, 76), (73, 76), (50, 77), (70, 77), (71, 77), (51, 78), (67, 78), (68, 78), (69, 78), (52, 79), (64, 79), (65, 79), (66, 79), (53, 80), (61, 80), (62, 80), (63, 80), (54, 81), (58, 81), (59, 81), (60, 81), (55, 82), (56, 82), (57, 82)]
[(96, 52), (97, 52), (94, 53), (95, 53), (98, 53), (91, 54), (92, 54), (93, 54), (99, 54), (88, 55), (89, 55), (90, 55), (100, 55), (85, 56), (86, 56), (87, 56), (101, 56), (82, 57), (83, 57), (84, 57), (102, 57), (79, 58), (80, 58), (81, 58), (101, 59), (78, 60), (100, 62), (77, 63), (99, 65), (76, 66), (98, 68), (75, 69), (97, 71), (74, 72), (96, 74), (73, 75), (95, 75), (96, 75), (73, 76), (93, 76), (94, 76), (74, 77), (90, 77), (91, 77), (92, 77), (75, 78), (87, 78), (88, 78), (89, 78), (76, 79), (84, 79), (85, 79), (86, 79), (77, 80), (81, 80), (82, 80), (83, 80), (78, 81), (79, 81), (80, 81)]
[(95, 75), (96, 75), (93, 76), (94, 76), (97, 76), (90, 77), (91, 77), (92, 77), (98, 77), (87, 78), (88, 78), (89, 78), (99, 78), (84, 79), (85, 79), (86, 79), (100, 79), (81, 80), (82, 80), (83, 80), (101, 80), (78, 81), (79, 81), (80, 81), (100, 82), (77, 83), (99, 85), (76, 86), (98, 88), (75, 89), (97, 91), (74, 92), (96, 94), (73, 95), (95, 97), (72, 98), (94, 98), (95, 98), (72, 99), (92, 99), (93, 99), (73, 100), (89, 100), (90, 100), (91, 100), (74, 101), (86, 101), (87, 101), (88, 101), (75, 102), (83, 102), (84, 102), (85, 102), (76, 103), (80, 103), (81, 103), (82, 103), (77, 104), (78, 104), (79, 104)]
[(113, 76), (114, 76), (110, 77), (111, 77), (112, 77), (107, 78), (108, 78), (109, 78), (104, 79), (105, 79), (106, 79), (101, 80), (102, 80), (103, 80), (100, 82), (99, 85), (98, 88), (97, 91), (96, 94), (95, 97), (95, 98), (96, 99), (112, 99), (113, 99), (114, 99), (97, 100), (109, 100), (110, 100), (111, 100), (98, 101), (106, 101), (107, 101), (108, 101), (99, 102), (103, 102), (104, 102), (105, 102), (100, 103), (101, 103), (102, 103)]
[(50, 54), (51, 54), (48, 55), (49, 55), (52, 55), (45, 56), (46, 56), (47, 56), (53, 56), (42, 57), (43, 57), (44, 57), (54, 57), (39, 58), (40, 58), (41, 58), (55, 58), (36, 59), (37, 59), (38, 59), (56, 59), (33, 60), (34, 60), (35, 60), (55, 61), (32, 62), (54, 64), (31, 65), (53, 67), (30, 68), (52, 70), (29, 71), (51, 73), (28, 74), (50, 76), (27, 77), (49, 77), (50, 77), (27, 78), (47, 78), (48, 78), (28, 79), (44, 79), (45, 79), (46, 79), (29, 80), (41, 80), (42, 80), (43, 80), (30, 81), (38, 81), (39, 81), (40, 81), (31, 82), (35, 82), (36, 82), (37, 82), (32, 83), (33, 83), (34, 83)]
[(49, 77), (50, 77), (47, 78), (48, 78), (51, 78), (44, 79), (45, 79), (46, 79), (52, 79), (41, 80), (42, 80), (43, 80), (53, 80), (38, 81), (39, 81), (40, 81), (54, 81), (35, 82), (36, 82), (37, 82), (55, 82), (32, 83), (33, 83), (34, 83), (54, 84), (31, 85), (53, 87), (30, 88), (52, 90), (29, 91), (51, 93), (28, 94), (50, 96), (27, 97), (49, 99), (26, 100), (48, 100), (49, 100), (26, 101), (46, 101), (47, 101), (27, 102), (43, 102), (44, 102), (45, 102), (28, 103), (40, 103), (41, 103), (42, 103), (29, 104), (37, 104), (38, 104), (39, 104), (30, 105), (34, 105), (35, 105), (36, 105), (31, 106), (32, 106), (33, 106)]
[(72, 76), (73, 76), (70, 77), (71, 77), (74, 77), (67, 78), (68, 78), (69, 78), (75, 78), (64, 79), (65, 79), (66, 79), (76, 79), (61, 80), (62, 80), (63, 80), (77, 80), (58, 81), (59, 81), (60, 81), (78, 81), (55, 82), (56, 82), (57, 82), (77, 83), (54, 84), (76, 86), (53, 87), (75, 89), (52, 90), (74, 92), (51, 93), (73, 95), (50, 96), (72, 98), (49, 99), (71, 99), (72, 99), (49, 100), (69, 100), (70, 100), (50, 101), (66, 101), (67, 101), (68, 101), (51, 102), (63, 102), (64, 102), (65, 102), (52, 103), (60, 103), (61, 103), (62, 103), (53, 104), (57, 104), (58, 104), (59, 104), (54, 105), (55, 105), (56, 105)]
[(71, 99), (72, 99), (69, 100), (70, 100), (73, 100), (66, 101), (67, 101), (68, 101), (74, 101), (63, 102), (64, 102), (65, 102), (75, 102), (60, 103), (61, 103), (62, 103), (76, 103), (57, 104), (58, 104), (59, 104), (77, 104), (54, 105), (55, 105), (56, 105), (76, 106), (53, 107), (75, 109), (52, 110), (74, 112), (51, 113)]
[(94, 98), (95, 98), (92, 99), (93, 99), (96, 99), (89, 100), (90, 100), (91, 100), (97, 100), (86, 101), (87, 101), (88, 101), (98, 101), (83, 102), (84, 102), (85, 102), (99, 102), (80, 103), (81, 103), (82, 103), (100, 103), (77, 104), (78, 104), (79, 104), (99, 105), (76, 106), (98, 108), (75, 109), (97, 111), (74, 112), (96, 114)]
[(48, 100), (49, 100), (46, 101), (47, 101), (50, 101), (43, 102), (44, 102), (45, 102), (51, 102), (40, 103), (41, 103), (42, 103), (52, 103), (37, 104), (38, 104), (39, 104), (53, 104), (34, 105), (35, 105), (36, 105), (54, 105), (31, 106), (32, 106), (33, 106), (53, 107), (30, 108), (52, 110), (29, 111), (51, 113), (28, 114)]
