[(104, 18), (100, 19), (101, 19), (102, 19), (103, 19), (105, 19), (97, 20), (98, 20), (99, 20), (106, 20), (93, 21), (94, 21), (95, 21), (96, 21), (107, 21), (89, 22), (90, 22), (91, 22), (92, 22), (108, 22), (88, 25), (107, 25), (87, 29), (106, 29), (86, 32), (105, 32), (85, 36), (104, 36), (85, 37), (104, 37), (86, 38), (100, 38), (101, 38), (102, 38), (103, 38), (87, 39), (97, 39), (98, 39), (99, 39), (88, 40), (93, 40), (94, 40), (95, 40), (96, 40), (89, 41), (90, 41), (91, 41), (92, 41)]
[(112, 21), (113, 21), (114, 21), (108, 22), (109, 22), (110, 22), (111, 22), (107, 25), (106, 29), (105, 32), (104, 36), (104, 37), (105, 38), (106, 39), (107, 40), (112, 40), (113, 40), (114, 40), (108, 41), (109, 41), (110, 41), (111, 41)]
[(112, 40), (113, 40), (114, 40), (108, 41), (109, 41), (110, 41), (111, 41), (107, 44), (106, 48), (105, 51), (104, 55), (104, 56), (105, 57), (106, 58), (107, 59), (112, 59), (113, 59), (114, 59), (108, 60), (109, 60), (110, 60), (111, 60)]
[(66, 18), (62, 19), (63, 19), (64, 19), (65, 19), (67, 19), (59, 20), (60, 20), (61, 20), (68, 20), (55, 21), (56, 21), (57, 21), (58, 21), (69, 21), (51, 22), (52, 22), (53, 22), (54, 22), (70, 22), (50, 25), (69, 25), (49, 29), (68, 29), (48, 32), (67, 32), (47, 36), (66, 36), (47, 37), (66, 37), (48, 38), (62, 38), (63, 38), (64, 38), (65, 38), (49, 39), (59, 39), (60, 39), (61, 39), (50, 40), (55, 40), (56, 40), (57, 40), (58, 40), (51, 41), (52, 41), (53, 41), (54, 41)]
[(85, 18), (81, 19), (82, 19), (83, 19), (84, 19), (86, 19), (78, 20), (79, 20), (80, 20), (87, 20), (74, 21), (75, 21), (76, 21), (77, 21), (88, 21), (70, 22), (71, 22), (72, 22), (73, 22), (89, 22), (69, 25), (88, 25), (68, 29), (87, 29), (67, 32), (86, 32), (66, 36), (85, 36), (66, 37), (85, 37), (67, 38), (81, 38), (82, 38), (83, 38), (84, 38), (68, 39), (78, 39), (79, 39), (80, 39), (69, 40), (74, 40), (75, 40), (76, 40), (77, 40), (70, 41), (71, 41), (72, 41), (73, 41)]
[(85, 37), (81, 38), (82, 38), (83, 38), (84, 38), (86, 38), (78, 39), (79, 39), (80, 39), (87, 39), (74, 40), (75, 40), (76, 40), (77, 40), (88, 40), (70, 41), (71, 41), (72, 41), (73, 41), (89, 41), (69, 44), (88, 44), (68, 48), (87, 48), (67, 51), (86, 51), (66, 55), (85, 55), (66, 56), (85, 56), (67, 57), (81, 57), (82, 57), (83, 57), (84, 57), (68, 58), (78, 58), (79, 58), (80, 58), (69, 59), (74, 59), (75, 59), (76, 59), (77, 59), (70, 60), (71, 60), (72, 60), (73, 60)]
[(104, 37), (100, 38), (101, 38), (102, 38), (103, 38), (105, 38), (97, 39), (98, 39), (99, 39), (106, 39), (93, 40), (94, 40), (95, 40), (96, 40), (107, 40), (89, 41), (90, 41), (91, 41), (92, 41), (108, 41), (88, 44), (107, 44), (87, 48), (106, 48), (86, 51), (105, 51), (85, 55), (104, 55), (85, 56), (104, 56), (86, 57), (100, 57), (101, 57), (102, 57), (103, 57), (87, 58), (97, 58), (98, 58), (99, 58), (88, 59), (93, 59), (94, 59), (95, 59), (96, 59), (89, 60), (90, 60), (91, 60), (92, 60)]
[(104, 56), (100, 57), (101, 57), (102, 57), (103, 57), (105, 57), (97, 58), (98, 58), (99, 58), (106, 58), (93, 59), (94, 59), (95, 59), (96, 59), (107, 59), (89, 60), (90, 60), (91, 60), (92, 60), (108, 60), (88, 63), (107, 63), (87, 67), (106, 67), (86, 70), (105, 70), (85, 74), (104, 74), (85, 75), (104, 75), (86, 76), (100, 76), (101, 76), (102, 76), (103, 76), (87, 77), (97, 77), (98, 77), (99, 77), (88, 78), (93, 78), (94, 78), (95, 78), (96, 78), (89, 79), (90, 79), (91, 79), (92, 79)]
[(112, 59), (113, 59), (114, 59), (108, 60), (109, 60), (110, 60), (111, 60), (107, 63), (106, 67), (105, 70), (104, 74), (104, 75), (105, 76), (106, 77), (107, 78), (112, 78), (113, 78), (114, 78), (108, 79), (109, 79), (110, 79), (111, 79)]
[(112, 78), (113, 78), (114, 78), (108, 79), (109, 79), (110, 79), (111, 79), (107, 82), (106, 86), (105, 89), (104, 93), (104, 94), (105, 95), (106, 96), (107, 97), (112, 97), (113, 97), (114, 97), (108, 98), (109, 98), (110, 98), (111, 98)]
[(47, 37), (43, 38), (44, 38), (45, 38), (46, 38), (48, 38), (40, 39), (41, 39), (42, 39), (49, 39), (36, 40), (37, 40), (38, 40), (39, 40), (50, 40), (32, 41), (33, 41), (34, 41), (35, 41), (51, 41), (31, 44), (50, 44), (30, 48), (49, 48), (29, 51), (48, 51), (28, 55), (47, 55), (28, 56), (47, 56), (29, 57), (43, 57), (44, 57), (45, 57), (46, 57), (30, 58), (40, 58), (41, 58), (42, 58), (31, 59), (36, 59), (37, 59), (38, 59), (39, 59), (32, 60), (33, 60), (34, 60), (35, 60)]
[(66, 37), (62, 38), (63, 38), (64, 38), (65, 38), (67, 38), (59, 39), (60, 39), (61, 39), (68, 39), (55, 40), (56, 40), (57, 40), (58, 40), (69, 40), (51, 41), (52, 41), (53, 41), (54, 41), (70, 41), (50, 44), (69, 44), (49, 48), (68, 48), (48, 51), (67, 51), (47, 55), (66, 55), (47, 56), (66, 56), (48, 57), (62, 57), (63, 57), (64, 57), (65, 57), (49, 58), (59, 58), (60, 58), (61, 58), (50, 59), (55, 59), (56, 59), (57, 59), (58, 59), (51, 60), (52, 60), (53, 60), (54, 60)]
[(66, 56), (62, 57), (63, 57), (64, 57), (65, 57), (67, 57), (59, 58), (60, 58), (61, 58), (68, 58), (55, 59), (56, 59), (57, 59), (58, 59), (69, 59), (51, 60), (52, 60), (53, 60), (54, 60), (70, 60), (50, 63), (69, 63), (49, 67), (68, 67), (48, 70), (67, 70), (47, 74), (66, 74), (47, 75), (66, 75), (48, 76), (62, 76), (63, 76), (64, 76), (65, 76), (49, 77), (59, 77), (60, 77), (61, 77), (50, 78), (55, 78), (56, 78), (57, 78), (58, 78), (51, 79), (52, 79), (53, 79), (54, 79)]
[(85, 56), (81, 57), (82, 57), (83, 57), (84, 57), (86, 57), (78, 58), (79, 58), (80, 58), (87, 58), (74, 59), (75, 59), (76, 59), (77, 59), (88, 59), (70, 60), (71, 60), (72, 60), (73, 60), (89, 60), (69, 63), (88, 63), (68, 67), (87, 67), (67, 70), (86, 70), (66, 74), (85, 74), (66, 75), (85, 75), (67, 76), (81, 76), (82, 76), (83, 76), (84, 76), (68, 77), (78, 77), (79, 77), (80, 77), (69, 78), (74, 78), (75, 78), (76, 78), (77, 78), (70, 79), (71, 79), (72, 79), (73, 79)]
[(85, 75), (81, 76), (82, 76), (83, 76), (84, 76), (86, 76), (78, 77), (79, 77), (80, 77), (87, 77), (74, 78), (75, 78), (76, 78), (77, 78), (88, 78), (70, 79), (71, 79), (72, 79), (73, 79), (89, 79), (69, 82), (88, 82), (68, 86), (87, 86), (67, 89), (86, 89), (66, 93), (85, 93), (66, 94), (85, 94), (67, 95), (81, 95), (82, 95), (83, 95), (84, 95), (68, 96), (78, 96), (79, 96), (80, 96), (69, 97), (74, 97), (75, 97), (76, 97), (77, 97), (70, 98), (71, 98), (72, 98), (73, 98)]
[(104, 75), (100, 76), (101, 76), (102, 76), (103, 76), (105, 76), (97, 77), (98, 77), (99, 77), (106, 77), (93, 78), (94, 78), (95, 78), (96, 78), (107, 78), (89, 79), (90, 79), (91, 79), (92, 79), (108, 79), (88, 82), (107, 82), (87, 86), (106, 86), (86, 89), (105, 89), (85, 93), (104, 93), (85, 94), (104, 94), (86, 95), (100, 95), (101, 95), (102, 95), (103, 95), (87, 96), (97, 96), (98, 96), (99, 96), (88, 97), (93, 97), (94, 97), (95, 97), (96, 97), (89, 98), (90, 98), (91, 98), (92, 98)]
[(104, 94), (100, 95), (101, 95), (102, 95), (103, 95), (105, 95), (97, 96), (98, 96), (99, 96), (106, 96), (93, 97), (94, 97), (95, 97), (96, 97), (107, 97), (89, 98), (90, 98), (91, 98), (92, 98), (108, 98), (88, 101), (107, 101), (87, 105), (106, 105), (86, 108), (105, 108), (85, 112), (104, 112), (85, 113), (104, 113), (86, 114), (100, 114), (101, 114), (102, 114), (103, 114)]
[(112, 97), (113, 97), (114, 97), (108, 98), (109, 98), (110, 98), (111, 98), (107, 101), (106, 105), (105, 108), (104, 112), (104, 113), (105, 114)]
[(47, 56), (43, 57), (44, 57), (45, 57), (46, 57), (48, 57), (40, 58), (41, 58), (42, 58), (49, 58), (36, 59), (37, 59), (38, 59), (39, 59), (50, 59), (32, 60), (33, 60), (34, 60), (35, 60), (51, 60), (31, 63), (50, 63), (30, 67), (49, 67), (29, 70), (48, 70), (28, 74), (47, 74), (28, 75), (47, 75), (29, 76), (43, 76), (44, 76), (45, 76), (46, 76), (30, 77), (40, 77), (41, 77), (42, 77), (31, 78), (36, 78), (37, 78), (38, 78), (39, 78), (32, 79), (33, 79), (34, 79), (35, 79)]
[(47, 75), (43, 76), (44, 76), (45, 76), (46, 76), (48, 76), (40, 77), (41, 77), (42, 77), (49, 77), (36, 78), (37, 78), (38, 78), (39, 78), (50, 78), (32, 79), (33, 79), (34, 79), (35, 79), (51, 79), (31, 82), (50, 82), (30, 86), (49, 86), (29, 89), (48, 89), (28, 93), (47, 93), (28, 94), (47, 94), (29, 95), (43, 95), (44, 95), (45, 95), (46, 95), (30, 96), (40, 96), (41, 96), (42, 96), (31, 97), (36, 97), (37, 97), (38, 97), (39, 97), (32, 98), (33, 98), (34, 98), (35, 98)]
[(66, 75), (62, 76), (63, 76), (64, 76), (65, 76), (67, 76), (59, 77), (60, 77), (61, 77), (68, 77), (55, 78), (56, 78), (57, 78), (58, 78), (69, 78), (51, 79), (52, 79), (53, 79), (54, 79), (70, 79), (50, 82), (69, 82), (49, 86), (68, 86), (48, 89), (67, 89), (47, 93), (66, 93), (47, 94), (66, 94), (48, 95), (62, 95), (63, 95), (64, 95), (65, 95), (49, 96), (59, 96), (60, 96), (61, 96), (50, 97), (55, 97), (56, 97), (57, 97), (58, 97), (51, 98), (52, 98), (53, 98), (54, 98)]
[(66, 94), (62, 95), (63, 95), (64, 95), (65, 95), (67, 95), (59, 96), (60, 96), (61, 96), (68, 96), (55, 97), (56, 97), (57, 97), (58, 97), (69, 97), (51, 98), (52, 98), (53, 98), (54, 98), (70, 98), (50, 101), (69, 101), (49, 105), (68, 105), (48, 108), (67, 108), (47, 112), (66, 112), (47, 113), (66, 113), (48, 114), (62, 114), (63, 114), (64, 114), (65, 114)]
[(85, 94), (81, 95), (82, 95), (83, 95), (84, 95), (86, 95), (78, 96), (79, 96), (80, 96), (87, 96), (74, 97), (75, 97), (76, 97), (77, 97), (88, 97), (70, 98), (71, 98), (72, 98), (73, 98), (89, 98), (69, 101), (88, 101), (68, 105), (87, 105), (67, 108), (86, 108), (66, 112), (85, 112), (66, 113), (85, 113), (67, 114), (81, 114), (82, 114), (83, 114), (84, 114)]
[(85, 113), (81, 114), (82, 114), (83, 114), (84, 114), (86, 114)]
[(104, 113), (100, 114), (101, 114), (102, 114), (103, 114), (105, 114)]
[(47, 94), (43, 95), (44, 95), (45, 95), (46, 95), (48, 95), (40, 96), (41, 96), (42, 96), (49, 96), (36, 97), (37, 97), (38, 97), (39, 97), (50, 97), (32, 98), (33, 98), (34, 98), (35, 98), (51, 98), (31, 101), (50, 101), (30, 105), (49, 105), (29, 108), (48, 108), (28, 112), (47, 112), (28, 113), (47, 113), (29, 114), (43, 114), (44, 114), (45, 114), (46, 114)]
[(47, 113), (43, 114), (44, 114), (45, 114), (46, 114), (48, 114)]
[(66, 113), (62, 114), (63, 114), (64, 114), (65, 114), (67, 114)]
