[(114, 20), (112, 21), (113, 21), (110, 22), (111, 22), (107, 23), (108, 23), (109, 23), (105, 24), (106, 24), (103, 25), (104, 25), (100, 26), (101, 26), (102, 26), (98, 27), (99, 27), (96, 28), (97, 28), (93, 29), (94, 29), (95, 29), (92, 31), (91, 33), (90, 36), (89, 38), (88, 40), (87, 43), (114, 43), (86, 45), (113, 45), (85, 47), (112, 48), (110, 49), (111, 49), (84, 50), (108, 50), (109, 50), (85, 51), (105, 51), (106, 51), (107, 51), (86, 52), (103, 52), (104, 52), (87, 53), (101, 53), (102, 53), (88, 54), (98, 54), (99, 54), (100, 54), (89, 55), (96, 55), (97, 55), (90, 56), (94, 56), (95, 56), (91, 57), (92, 57), (93, 57)]
[(114, 43), (113, 45), (112, 48), (113, 49), (114, 50)]
[(114, 66), (113, 69), (112, 71), (111, 73), (110, 76), (111, 77), (112, 78), (113, 79), (114, 80)]
[(58, 24), (56, 25), (57, 25), (59, 25), (54, 26), (55, 26), (60, 26), (51, 27), (52, 27), (53, 27), (61, 27), (49, 28), (50, 28), (62, 28), (47, 29), (48, 29), (63, 29), (44, 30), (45, 30), (46, 30), (64, 30), (42, 31), (43, 31), (65, 31), (40, 32), (41, 32), (37, 33), (38, 33), (39, 33), (64, 33), (36, 35), (63, 35), (35, 37), (62, 38), (34, 40), (61, 40), (33, 42), (60, 42), (32, 44), (59, 45), (31, 47), (58, 47), (30, 49), (57, 49), (29, 51), (56, 52), (54, 53), (55, 53), (28, 54), (52, 54), (53, 54), (29, 55), (49, 55), (50, 55), (51, 55), (30, 56), (47, 56), (48, 56), (31, 57), (45, 57), (46, 57), (32, 58), (42, 58), (43, 58), (44, 58), (33, 59), (40, 59), (41, 59), (34, 60), (38, 60), (39, 60), (35, 61), (36, 61), (37, 61)]
[(86, 22), (84, 23), (85, 23), (87, 23), (82, 24), (83, 24), (88, 24), (79, 25), (80, 25), (81, 25), (89, 25), (77, 26), (78, 26), (90, 26), (75, 27), (76, 27), (91, 27), (72, 28), (73, 28), (74, 28), (92, 28), (70, 29), (71, 29), (93, 29), (68, 30), (69, 30), (65, 31), (66, 31), (67, 31), (92, 31), (64, 33), (91, 33), (63, 35), (90, 36), (62, 38), (89, 38), (61, 40), (88, 40), (60, 42), (87, 43), (59, 45), (86, 45), (58, 47), (85, 47), (57, 49), (84, 50), (82, 51), (83, 51), (56, 52), (80, 52), (81, 52), (57, 53), (77, 53), (78, 53), (79, 53), (58, 54), (75, 54), (76, 54), (59, 55), (73, 55), (74, 55), (60, 56), (70, 56), (71, 56), (72, 56), (61, 57), (68, 57), (69, 57), (62, 58), (66, 58), (67, 58), (63, 59), (64, 59), (65, 59)]
[(84, 50), (82, 51), (83, 51), (85, 51), (80, 52), (81, 52), (86, 52), (77, 53), (78, 53), (79, 53), (87, 53), (75, 54), (76, 54), (88, 54), (73, 55), (74, 55), (89, 55), (70, 56), (71, 56), (72, 56), (90, 56), (68, 57), (69, 57), (91, 57), (66, 58), (67, 58), (63, 59), (64, 59), (65, 59), (90, 59), (62, 61), (89, 61), (61, 63), (88, 64), (60, 66), (87, 66), (59, 68), (86, 68), (58, 70), (85, 71), (57, 73), (84, 73), (56, 75), (83, 75), (55, 77), (82, 78), (80, 79), (81, 79), (54, 80), (78, 80), (79, 80), (55, 81), (75, 81), (76, 81), (77, 81), (56, 82), (73, 82), (74, 82), (57, 83), (71, 83), (72, 83), (58, 84), (68, 84), (69, 84), (70, 84), (59, 85), (66, 85), (67, 85), (60, 86), (64, 86), (65, 86), (61, 87), (62, 87), (63, 87)]
[(112, 48), (110, 49), (111, 49), (113, 49), (108, 50), (109, 50), (114, 50), (105, 51), (106, 51), (107, 51), (103, 52), (104, 52), (101, 53), (102, 53), (98, 54), (99, 54), (100, 54), (96, 55), (97, 55), (94, 56), (95, 56), (91, 57), (92, 57), (93, 57), (90, 59), (89, 61), (88, 64), (87, 66), (114, 66), (86, 68), (113, 69), (85, 71), (112, 71), (84, 73), (111, 73), (83, 75), (110, 76), (108, 77), (109, 77), (82, 78), (106, 78), (107, 78), (83, 79), (103, 79), (104, 79), (105, 79), (84, 80), (101, 80), (102, 80), (85, 81), (99, 81), (100, 81), (86, 82), (96, 82), (97, 82), (98, 82), (87, 83), (94, 83), (95, 83), (88, 84), (92, 84), (93, 84), (89, 85), (90, 85), (91, 85)]
[(110, 76), (108, 77), (109, 77), (111, 77), (106, 78), (107, 78), (112, 78), (103, 79), (104, 79), (105, 79), (113, 79), (101, 80), (102, 80), (114, 80), (99, 81), (100, 81), (96, 82), (97, 82), (98, 82), (94, 83), (95, 83), (92, 84), (93, 84), (89, 85), (90, 85), (91, 85), (88, 87), (87, 89), (114, 90), (86, 92), (113, 92), (85, 94), (112, 94), (84, 96), (111, 97), (83, 99), (110, 99), (82, 101), (109, 101), (81, 103), (108, 104), (106, 105), (107, 105), (80, 106), (104, 106), (105, 106), (81, 107), (101, 107), (102, 107), (103, 107), (82, 108), (99, 108), (100, 108), (83, 109), (97, 109), (98, 109), (84, 110), (94, 110), (95, 110), (96, 110), (85, 111), (92, 111), (93, 111), (86, 112), (90, 112), (91, 112), (87, 113), (88, 113), (89, 113)]
[(114, 90), (113, 92), (112, 94), (111, 97), (110, 99), (109, 101), (108, 104), (109, 105), (110, 106), (111, 107), (112, 108), (113, 109), (114, 110)]
[(28, 54), (26, 55), (27, 55), (29, 55), (24, 56), (25, 56), (30, 56), (21, 57), (22, 57), (23, 57), (31, 57), (19, 58), (20, 58), (32, 58), (17, 59), (18, 59), (33, 59), (14, 60), (15, 60), (16, 60), (34, 60), (12, 61), (13, 61), (35, 61), (10, 62), (11, 62), (7, 63), (8, 63), (9, 63), (34, 63), (6, 65), (33, 65), (5, 67), (32, 68), (4, 70), (31, 70), (3, 72), (30, 72), (2, 74), (29, 75), (1, 77), (28, 77), (0, 79), (27, 79), (26, 82), (24, 83), (25, 83), (22, 84), (23, 84), (19, 85), (20, 85), (21, 85), (0, 86), (17, 86), (18, 86), (1, 87), (15, 87), (16, 87), (2, 88), (12, 88), (13, 88), (14, 88), (3, 89), (10, 89), (11, 89), (4, 90), (8, 90), (9, 90), (5, 91), (6, 91), (7, 91)]
[(56, 52), (54, 53), (55, 53), (57, 53), (52, 54), (53, 54), (58, 54), (49, 55), (50, 55), (51, 55), (59, 55), (47, 56), (48, 56), (60, 56), (45, 57), (46, 57), (61, 57), (42, 58), (43, 58), (44, 58), (62, 58), (40, 59), (41, 59), (63, 59), (38, 60), (39, 60), (35, 61), (36, 61), (37, 61), (62, 61), (34, 63), (61, 63), (33, 65), (60, 66), (32, 68), (59, 68), (31, 70), (58, 70), (30, 72), (57, 73), (29, 75), (56, 75), (28, 77), (55, 77), (27, 79), (54, 80), (52, 81), (53, 81), (26, 82), (50, 82), (51, 82), (27, 83), (47, 83), (48, 83), (49, 83), (28, 84), (45, 84), (46, 84), (29, 85), (43, 85), (44, 85), (30, 86), (40, 86), (41, 86), (42, 86), (31, 87), (38, 87), (39, 87), (32, 88), (36, 88), (37, 88), (33, 89), (34, 89), (35, 89)]
[(54, 80), (52, 81), (53, 81), (55, 81), (50, 82), (51, 82), (56, 82), (47, 83), (48, 83), (49, 83), (57, 83), (45, 84), (46, 84), (58, 84), (43, 85), (44, 85), (59, 85), (40, 86), (41, 86), (42, 86), (60, 86), (38, 87), (39, 87), (61, 87), (36, 88), (37, 88), (33, 89), (34, 89), (35, 89), (60, 89), (32, 91), (59, 91), (31, 93), (58, 94), (30, 96), (57, 96), (29, 98), (56, 98), (28, 100), (55, 101), (27, 103), (54, 103), (26, 105), (53, 105), (25, 107), (52, 108), (50, 109), (51, 109), (24, 110), (48, 110), (49, 110), (25, 111), (45, 111), (46, 111), (47, 111), (26, 112), (43, 112), (44, 112), (27, 113), (41, 113), (42, 113), (28, 114), (38, 114), (39, 114), (40, 114)]
[(82, 78), (80, 79), (81, 79), (83, 79), (78, 80), (79, 80), (84, 80), (75, 81), (76, 81), (77, 81), (85, 81), (73, 82), (74, 82), (86, 82), (71, 83), (72, 83), (87, 83), (68, 84), (69, 84), (70, 84), (88, 84), (66, 85), (67, 85), (89, 85), (64, 86), (65, 86), (61, 87), (62, 87), (63, 87), (88, 87), (60, 89), (87, 89), (59, 91), (86, 92), (58, 94), (85, 94), (57, 96), (84, 96), (56, 98), (83, 99), (55, 101), (82, 101), (54, 103), (81, 103), (53, 105), (80, 106), (78, 107), (79, 107), (52, 108), (76, 108), (77, 108), (53, 109), (73, 109), (74, 109), (75, 109), (54, 110), (71, 110), (72, 110), (55, 111), (69, 111), (70, 111), (56, 112), (66, 112), (67, 112), (68, 112), (57, 113), (64, 113), (65, 113), (58, 114), (62, 114), (63, 114)]
[(80, 106), (78, 107), (79, 107), (81, 107), (76, 108), (77, 108), (82, 108), (73, 109), (74, 109), (75, 109), (83, 109), (71, 110), (72, 110), (84, 110), (69, 111), (70, 111), (85, 111), (66, 112), (67, 112), (68, 112), (86, 112), (64, 113), (65, 113), (87, 113), (62, 114), (63, 114)]
[(108, 104), (106, 105), (107, 105), (109, 105), (104, 106), (105, 106), (110, 106), (101, 107), (102, 107), (103, 107), (111, 107), (99, 108), (100, 108), (112, 108), (97, 109), (98, 109), (113, 109), (94, 110), (95, 110), (96, 110), (114, 110), (92, 111), (93, 111), (90, 112), (91, 112), (87, 113), (88, 113), (89, 113), (114, 113)]
[(26, 82), (24, 83), (25, 83), (27, 83), (22, 84), (23, 84), (28, 84), (19, 85), (20, 85), (21, 85), (29, 85), (17, 86), (18, 86), (30, 86), (15, 87), (16, 87), (31, 87), (12, 88), (13, 88), (14, 88), (32, 88), (10, 89), (11, 89), (33, 89), (8, 90), (9, 90), (5, 91), (6, 91), (7, 91), (32, 91), (4, 93), (31, 93), (3, 95), (30, 96), (2, 98), (29, 98), (1, 100), (28, 100), (0, 102), (27, 103), (26, 105), (25, 107), (24, 110), (22, 111), (23, 111), (20, 112), (21, 112), (17, 113), (18, 113), (19, 113), (15, 114), (16, 114)]
[(24, 110), (22, 111), (23, 111), (25, 111), (20, 112), (21, 112), (26, 112), (17, 113), (18, 113), (19, 113), (27, 113), (15, 114), (16, 114), (28, 114)]
[(52, 108), (50, 109), (51, 109), (53, 109), (48, 110), (49, 110), (54, 110), (45, 111), (46, 111), (47, 111), (55, 111), (43, 112), (44, 112), (56, 112), (41, 113), (42, 113), (57, 113), (38, 114), (39, 114), (40, 114), (58, 114)]
