[(108, 49), (109, 49), (110, 49), (111, 49), (104, 50), (105, 50), (106, 50), (107, 50), (112, 50), (100, 51), (101, 51), (102, 51), (103, 51), (113, 51), (95, 52), (96, 52), (97, 52), (98, 52), (99, 52), (114, 52), (94, 56), (93, 60), (92, 64), (114, 67), (92, 68), (93, 69), (94, 70), (95, 71), (111, 71), (112, 71), (113, 71), (114, 71), (96, 72), (107, 72), (108, 72), (109, 72), (110, 72), (97, 73), (103, 73), (104, 73), (105, 73), (106, 73), (98, 74), (99, 74), (100, 74), (101, 74), (102, 74)]
[(114, 67), (114, 71)]
[(64, 43), (65, 43), (66, 43), (67, 43), (60, 44), (61, 44), (62, 44), (63, 44), (68, 44), (56, 45), (57, 45), (58, 45), (59, 45), (69, 45), (51, 46), (52, 46), (53, 46), (54, 46), (55, 46), (70, 46), (71, 47), (72, 48), (73, 49), (50, 50), (72, 53), (49, 54), (71, 57), (48, 58), (70, 61), (48, 62), (49, 63), (50, 64), (51, 65), (67, 65), (68, 65), (69, 65), (70, 65), (52, 66), (63, 66), (64, 66), (65, 66), (66, 66), (53, 67), (59, 67), (60, 67), (61, 67), (62, 67), (54, 68), (55, 68), (56, 68), (57, 68), (58, 68)]
[(86, 46), (87, 46), (88, 46), (89, 46), (82, 47), (83, 47), (84, 47), (85, 47), (90, 47), (78, 48), (79, 48), (80, 48), (81, 48), (91, 48), (73, 49), (74, 49), (75, 49), (76, 49), (77, 49), (92, 49), (93, 50), (94, 51), (95, 52), (72, 53), (94, 56), (71, 57), (93, 60), (70, 61), (92, 64), (70, 65), (71, 66), (72, 67), (73, 68), (89, 68), (90, 68), (91, 68), (92, 68), (74, 69), (85, 69), (86, 69), (87, 69), (88, 69), (75, 70), (81, 70), (82, 70), (83, 70), (84, 70), (76, 71), (77, 71), (78, 71), (79, 71), (80, 71)]
[(89, 68), (90, 68), (91, 68), (92, 68), (85, 69), (86, 69), (87, 69), (88, 69), (93, 69), (81, 70), (82, 70), (83, 70), (84, 70), (94, 70), (76, 71), (77, 71), (78, 71), (79, 71), (80, 71), (95, 71), (96, 72), (97, 73), (98, 74), (75, 75), (97, 78), (74, 79), (96, 82), (73, 83), (95, 86), (73, 87), (74, 88), (75, 89), (76, 90), (92, 90), (93, 90), (94, 90), (95, 90), (77, 91), (88, 91), (89, 91), (90, 91), (91, 91), (78, 92), (84, 92), (85, 92), (86, 92), (87, 92), (79, 93), (80, 93), (81, 93), (82, 93), (83, 93)]
[(111, 71), (112, 71), (113, 71), (114, 71), (107, 72), (108, 72), (109, 72), (110, 72), (103, 73), (104, 73), (105, 73), (106, 73), (98, 74), (99, 74), (100, 74), (101, 74), (102, 74), (97, 78), (96, 82), (95, 86), (95, 90), (96, 91), (97, 92), (98, 93), (114, 93), (99, 94), (110, 94), (111, 94), (112, 94), (113, 94), (100, 95), (106, 95), (107, 95), (108, 95), (109, 95), (101, 96), (102, 96), (103, 96), (104, 96), (105, 96)]
[(114, 93), (110, 94), (111, 94), (112, 94), (113, 94), (106, 95), (107, 95), (108, 95), (109, 95), (101, 96), (102, 96), (103, 96), (104, 96), (105, 96), (100, 100), (99, 104), (98, 108), (98, 112), (99, 113), (100, 114)]
[(45, 62), (46, 62), (47, 62), (48, 62), (41, 63), (42, 63), (43, 63), (44, 63), (49, 63), (37, 64), (38, 64), (39, 64), (40, 64), (50, 64), (32, 65), (33, 65), (34, 65), (35, 65), (36, 65), (51, 65), (52, 66), (53, 67), (54, 68), (31, 69), (53, 72), (30, 73), (52, 76), (29, 77), (51, 80), (29, 81), (30, 82), (31, 83), (32, 84), (48, 84), (49, 84), (50, 84), (51, 84), (33, 85), (44, 85), (45, 85), (46, 85), (47, 85), (34, 86), (40, 86), (41, 86), (42, 86), (43, 86), (35, 87), (36, 87), (37, 87), (38, 87), (39, 87)]
[(67, 65), (68, 65), (69, 65), (70, 65), (63, 66), (64, 66), (65, 66), (66, 66), (71, 66), (59, 67), (60, 67), (61, 67), (62, 67), (72, 67), (54, 68), (55, 68), (56, 68), (57, 68), (58, 68), (73, 68), (74, 69), (75, 70), (76, 71), (53, 72), (75, 75), (52, 76), (74, 79), (51, 80), (73, 83), (51, 84), (52, 85), (53, 86), (54, 87), (70, 87), (71, 87), (72, 87), (73, 87), (55, 88), (66, 88), (67, 88), (68, 88), (69, 88), (56, 89), (62, 89), (63, 89), (64, 89), (65, 89), (57, 90), (58, 90), (59, 90), (60, 90), (61, 90)]
[(70, 87), (71, 87), (72, 87), (73, 87), (66, 88), (67, 88), (68, 88), (69, 88), (74, 88), (62, 89), (63, 89), (64, 89), (65, 89), (75, 89), (57, 90), (58, 90), (59, 90), (60, 90), (61, 90), (76, 90), (77, 91), (78, 92), (79, 93), (56, 94), (78, 97), (55, 98), (77, 101), (54, 102), (76, 105), (54, 106), (55, 107), (56, 108), (57, 109), (73, 109), (74, 109), (75, 109), (76, 109), (58, 110), (69, 110), (70, 110), (71, 110), (72, 110), (59, 111), (65, 111), (66, 111), (67, 111), (68, 111), (60, 112), (61, 112), (62, 112), (63, 112), (64, 112)]
[(92, 90), (93, 90), (94, 90), (95, 90), (88, 91), (89, 91), (90, 91), (91, 91), (96, 91), (84, 92), (85, 92), (86, 92), (87, 92), (97, 92), (79, 93), (80, 93), (81, 93), (82, 93), (83, 93), (98, 93), (99, 94), (100, 95), (101, 96), (78, 97), (100, 100), (77, 101), (99, 104), (76, 105), (98, 108), (76, 109), (77, 110), (78, 111), (79, 112), (95, 112), (96, 112), (97, 112), (98, 112), (80, 113), (91, 113), (92, 113), (93, 113), (94, 113), (81, 114), (87, 114), (88, 114), (89, 114), (90, 114)]
[(95, 112), (96, 112), (97, 112), (98, 112), (91, 113), (92, 113), (93, 113), (94, 113), (99, 113), (87, 114), (88, 114), (89, 114), (90, 114), (100, 114)]
[(48, 84), (49, 84), (50, 84), (51, 84), (44, 85), (45, 85), (46, 85), (47, 85), (52, 85), (40, 86), (41, 86), (42, 86), (43, 86), (53, 86), (35, 87), (36, 87), (37, 87), (38, 87), (39, 87), (54, 87), (55, 88), (56, 89), (57, 90), (34, 91), (56, 94), (33, 95), (55, 98), (32, 99), (54, 102), (32, 103), (33, 104), (34, 105), (35, 106), (51, 106), (52, 106), (53, 106), (54, 106), (36, 107), (47, 107), (48, 107), (49, 107), (50, 107), (37, 108), (43, 108), (44, 108), (45, 108), (46, 108), (38, 109), (39, 109), (40, 109), (41, 109), (42, 109)]
[(51, 106), (52, 106), (53, 106), (54, 106), (47, 107), (48, 107), (49, 107), (50, 107), (55, 107), (43, 108), (44, 108), (45, 108), (46, 108), (56, 108), (38, 109), (39, 109), (40, 109), (41, 109), (42, 109), (57, 109), (58, 110), (59, 111), (60, 112), (37, 113)]
[(73, 109), (74, 109), (75, 109), (76, 109), (69, 110), (70, 110), (71, 110), (72, 110), (77, 110), (65, 111), (66, 111), (67, 111), (68, 111), (78, 111), (60, 112), (61, 112), (62, 112), (63, 112), (64, 112), (79, 112), (80, 113), (81, 114)]
