[(103, 0), (104, 0), (108, 0), (100, 1), (101, 1), (102, 1), (109, 1), (97, 2), (98, 2), (99, 2), (110, 2), (95, 3), (96, 3), (111, 3), (92, 4), (93, 4), (94, 4), (89, 5), (90, 5), (91, 5), (110, 5), (86, 6), (87, 6), (88, 6), (85, 8), (109, 8), (84, 11), (108, 11), (107, 13), (83, 14), (82, 16), (106, 16), (81, 19), (105, 19), (80, 22), (104, 22), (102, 24), (103, 24), (104, 24), (79, 25), (100, 25), (101, 25), (97, 26), (98, 26), (99, 26), (78, 27), (79, 27), (94, 27), (95, 27), (96, 27), (80, 28), (92, 28), (93, 28), (81, 29), (89, 29), (90, 29), (91, 29), (82, 30), (86, 30), (87, 30), (88, 30), (83, 31), (84, 31), (85, 31)]
[(114, 2), (111, 3), (112, 3), (113, 3), (110, 5), (109, 8), (108, 11), (107, 13), (106, 16), (105, 19), (104, 22), (103, 24), (104, 24), (105, 25), (106, 26), (114, 26), (107, 27), (111, 27), (112, 27), (113, 27), (108, 28), (109, 28), (110, 28)]
[(114, 26), (111, 27), (112, 27), (113, 27), (108, 28), (109, 28), (110, 28), (107, 30), (106, 33), (105, 36), (104, 38), (103, 41), (102, 44), (101, 47), (100, 49), (101, 49), (102, 50), (114, 50), (103, 51), (111, 51), (112, 51), (113, 51), (104, 52), (108, 52), (109, 52), (110, 52), (105, 53), (106, 53), (107, 53)]
[(55, 5), (56, 5), (57, 5), (53, 6), (54, 6), (58, 6), (50, 7), (51, 7), (52, 7), (59, 7), (47, 8), (48, 8), (49, 8), (60, 8), (45, 9), (46, 9), (61, 9), (42, 10), (43, 10), (44, 10), (39, 11), (40, 11), (41, 11), (60, 11), (36, 12), (37, 12), (38, 12), (35, 14), (59, 14), (34, 17), (58, 17), (57, 19), (33, 20), (32, 22), (56, 22), (31, 25), (55, 25), (30, 28), (54, 28), (52, 30), (53, 30), (54, 30), (29, 31), (50, 31), (51, 31), (47, 32), (48, 32), (49, 32), (28, 33), (29, 33), (44, 33), (45, 33), (46, 33), (30, 34), (42, 34), (43, 34), (31, 35), (39, 35), (40, 35), (41, 35), (32, 36), (36, 36), (37, 36), (38, 36), (33, 37), (34, 37), (35, 37)]
[(80, 2), (81, 2), (82, 2), (78, 3), (79, 3), (83, 3), (75, 4), (76, 4), (77, 4), (84, 4), (72, 5), (73, 5), (74, 5), (85, 5), (70, 6), (71, 6), (86, 6), (67, 7), (68, 7), (69, 7), (64, 8), (65, 8), (66, 8), (85, 8), (61, 9), (62, 9), (63, 9), (60, 11), (84, 11), (59, 14), (83, 14), (82, 16), (58, 17), (57, 19), (81, 19), (56, 22), (80, 22), (55, 25), (79, 25), (77, 27), (78, 27), (79, 27), (54, 28), (75, 28), (76, 28), (72, 29), (73, 29), (74, 29), (53, 30), (54, 30), (69, 30), (70, 30), (71, 30), (55, 31), (67, 31), (68, 31), (56, 32), (64, 32), (65, 32), (66, 32), (57, 33), (61, 33), (62, 33), (63, 33), (58, 34), (59, 34), (60, 34)]
[(77, 27), (78, 27), (79, 27), (75, 28), (76, 28), (80, 28), (72, 29), (73, 29), (74, 29), (81, 29), (69, 30), (70, 30), (71, 30), (82, 30), (67, 31), (68, 31), (83, 31), (64, 32), (65, 32), (66, 32), (61, 33), (62, 33), (63, 33), (82, 33), (58, 34), (59, 34), (60, 34), (57, 36), (81, 36), (56, 39), (80, 39), (79, 41), (55, 42), (54, 44), (78, 44), (53, 47), (77, 47), (52, 50), (76, 50), (74, 52), (75, 52), (76, 52), (51, 53), (72, 53), (73, 53), (69, 54), (70, 54), (71, 54), (50, 55), (51, 55), (66, 55), (67, 55), (68, 55), (52, 56), (64, 56), (65, 56), (53, 57), (61, 57), (62, 57), (63, 57), (54, 58), (58, 58), (59, 58), (60, 58), (55, 59), (56, 59), (57, 59)]
[(102, 24), (103, 24), (104, 24), (100, 25), (101, 25), (105, 25), (97, 26), (98, 26), (99, 26), (106, 26), (94, 27), (95, 27), (96, 27), (107, 27), (92, 28), (93, 28), (108, 28), (89, 29), (90, 29), (91, 29), (86, 30), (87, 30), (88, 30), (107, 30), (83, 31), (84, 31), (85, 31), (82, 33), (106, 33), (81, 36), (105, 36), (104, 38), (80, 39), (79, 41), (103, 41), (78, 44), (102, 44), (77, 47), (101, 47), (99, 49), (100, 49), (101, 49), (76, 50), (97, 50), (98, 50), (94, 51), (95, 51), (96, 51), (75, 52), (76, 52), (91, 52), (92, 52), (93, 52), (77, 53), (89, 53), (90, 53), (78, 54), (86, 54), (87, 54), (88, 54), (79, 55), (83, 55), (84, 55), (85, 55), (80, 56), (81, 56), (82, 56)]
[(99, 49), (100, 49), (101, 49), (97, 50), (98, 50), (102, 50), (94, 51), (95, 51), (96, 51), (103, 51), (91, 52), (92, 52), (93, 52), (104, 52), (89, 53), (90, 53), (105, 53), (86, 54), (87, 54), (88, 54), (83, 55), (84, 55), (85, 55), (104, 55), (80, 56), (81, 56), (82, 56), (79, 58), (103, 58), (78, 61), (102, 61), (101, 63), (77, 64), (76, 66), (100, 66), (75, 69), (99, 69), (74, 72), (98, 72), (96, 74), (97, 74), (98, 74), (73, 75), (94, 75), (95, 75), (91, 76), (92, 76), (93, 76), (72, 77), (73, 77), (88, 77), (89, 77), (90, 77), (74, 78), (86, 78), (87, 78), (75, 79), (83, 79), (84, 79), (85, 79), (76, 80), (80, 80), (81, 80), (82, 80), (77, 81), (78, 81), (79, 81)]
[(114, 50), (111, 51), (112, 51), (113, 51), (108, 52), (109, 52), (110, 52), (105, 53), (106, 53), (107, 53), (104, 55), (103, 58), (102, 61), (101, 63), (100, 66), (99, 69), (98, 72), (97, 74), (98, 74), (113, 74), (114, 74), (99, 75), (111, 75), (112, 75), (100, 76), (108, 76), (109, 76), (110, 76), (101, 77), (105, 77), (106, 77), (107, 77), (102, 78), (103, 78), (104, 78)]
[(113, 74), (114, 74), (111, 75), (112, 75), (108, 76), (109, 76), (110, 76), (105, 77), (106, 77), (107, 77), (102, 78), (103, 78), (104, 78), (101, 80), (100, 83), (99, 86), (98, 88), (97, 91), (96, 94), (95, 97), (113, 98), (114, 98), (94, 99), (95, 99), (110, 99), (111, 99), (112, 99), (96, 100), (108, 100), (109, 100), (97, 101), (105, 101), (106, 101), (107, 101), (98, 102), (102, 102), (103, 102), (104, 102), (99, 103), (100, 103), (101, 103)]
[(27, 33), (28, 33), (29, 33), (25, 34), (26, 34), (30, 34), (22, 35), (23, 35), (24, 35), (31, 35), (19, 36), (20, 36), (21, 36), (32, 36), (17, 37), (18, 37), (33, 37), (14, 38), (15, 38), (16, 38), (11, 39), (12, 39), (13, 39), (32, 39), (8, 40), (9, 40), (10, 40), (7, 42), (31, 42), (6, 45), (30, 45), (29, 47), (5, 48), (4, 50), (28, 50), (3, 53), (27, 53), (2, 56), (26, 56), (24, 58), (25, 58), (26, 58), (1, 59), (22, 59), (23, 59), (19, 60), (20, 60), (21, 60), (0, 61), (1, 61), (16, 61), (17, 61), (18, 61), (2, 62), (14, 62), (15, 62), (3, 63), (11, 63), (12, 63), (13, 63), (4, 64), (8, 64), (9, 64), (10, 64), (5, 65), (6, 65), (7, 65)]
[(52, 30), (53, 30), (54, 30), (50, 31), (51, 31), (55, 31), (47, 32), (48, 32), (49, 32), (56, 32), (44, 33), (45, 33), (46, 33), (57, 33), (42, 34), (43, 34), (58, 34), (39, 35), (40, 35), (41, 35), (36, 36), (37, 36), (38, 36), (57, 36), (33, 37), (34, 37), (35, 37), (32, 39), (56, 39), (31, 42), (55, 42), (54, 44), (30, 45), (29, 47), (53, 47), (28, 50), (52, 50), (27, 53), (51, 53), (49, 55), (50, 55), (51, 55), (26, 56), (47, 56), (48, 56), (44, 57), (45, 57), (46, 57), (25, 58), (26, 58), (41, 58), (42, 58), (43, 58), (27, 59), (39, 59), (40, 59), (28, 60), (36, 60), (37, 60), (38, 60), (29, 61), (33, 61), (34, 61), (35, 61), (30, 62), (31, 62), (32, 62)]
[(49, 55), (50, 55), (51, 55), (47, 56), (48, 56), (52, 56), (44, 57), (45, 57), (46, 57), (53, 57), (41, 58), (42, 58), (43, 58), (54, 58), (39, 59), (40, 59), (55, 59), (36, 60), (37, 60), (38, 60), (33, 61), (34, 61), (35, 61), (54, 61), (30, 62), (31, 62), (32, 62), (29, 64), (53, 64), (28, 67), (52, 67), (51, 69), (27, 70), (26, 72), (50, 72), (25, 75), (49, 75), (24, 78), (48, 78), (46, 80), (47, 80), (48, 80), (23, 81), (44, 81), (45, 81), (41, 82), (42, 82), (43, 82), (22, 83), (23, 83), (38, 83), (39, 83), (40, 83), (24, 84), (36, 84), (37, 84), (25, 85), (33, 85), (34, 85), (35, 85), (26, 86), (30, 86), (31, 86), (32, 86), (27, 87), (28, 87), (29, 87)]
[(74, 52), (75, 52), (76, 52), (72, 53), (73, 53), (77, 53), (69, 54), (70, 54), (71, 54), (78, 54), (66, 55), (67, 55), (68, 55), (79, 55), (64, 56), (65, 56), (80, 56), (61, 57), (62, 57), (63, 57), (58, 58), (59, 58), (60, 58), (79, 58), (55, 59), (56, 59), (57, 59), (54, 61), (78, 61), (53, 64), (77, 64), (76, 66), (52, 67), (51, 69), (75, 69), (50, 72), (74, 72), (49, 75), (73, 75), (71, 77), (72, 77), (73, 77), (48, 78), (69, 78), (70, 78), (66, 79), (67, 79), (68, 79), (47, 80), (48, 80), (63, 80), (64, 80), (65, 80), (49, 81), (61, 81), (62, 81), (50, 82), (58, 82), (59, 82), (60, 82), (51, 83), (55, 83), (56, 83), (57, 83), (52, 84), (53, 84), (54, 84)]
[(71, 77), (72, 77), (73, 77), (69, 78), (70, 78), (74, 78), (66, 79), (67, 79), (68, 79), (75, 79), (63, 80), (64, 80), (65, 80), (76, 80), (61, 81), (62, 81), (77, 81), (58, 82), (59, 82), (60, 82), (55, 83), (56, 83), (57, 83), (76, 83), (52, 84), (53, 84), (54, 84), (51, 86), (75, 86), (50, 89), (74, 89), (73, 91), (49, 92), (48, 94), (72, 94), (47, 97), (71, 97), (46, 100), (70, 100), (68, 102), (69, 102), (70, 102), (45, 103), (66, 103), (67, 103), (63, 104), (64, 104), (65, 104), (44, 105), (45, 105), (60, 105), (61, 105), (62, 105), (46, 106), (58, 106), (59, 106), (47, 107), (55, 107), (56, 107), (57, 107), (48, 108), (52, 108), (53, 108), (54, 108), (49, 109), (50, 109), (51, 109)]
[(96, 74), (97, 74), (98, 74), (94, 75), (95, 75), (99, 75), (91, 76), (92, 76), (93, 76), (100, 76), (88, 77), (89, 77), (90, 77), (101, 77), (86, 78), (87, 78), (102, 78), (83, 79), (84, 79), (85, 79), (80, 80), (81, 80), (82, 80), (101, 80), (77, 81), (78, 81), (79, 81), (76, 83), (100, 83), (75, 86), (99, 86), (98, 88), (74, 89), (73, 91), (97, 91), (72, 94), (96, 94), (71, 97), (95, 97), (93, 99), (94, 99), (95, 99), (70, 100), (91, 100), (92, 100), (88, 101), (89, 101), (90, 101), (69, 102), (70, 102), (85, 102), (86, 102), (87, 102), (71, 103), (83, 103), (84, 103), (72, 104), (80, 104), (81, 104), (82, 104), (73, 105), (77, 105), (78, 105), (79, 105), (74, 106), (75, 106), (76, 106)]
[(93, 99), (94, 99), (95, 99), (91, 100), (92, 100), (96, 100), (88, 101), (89, 101), (90, 101), (97, 101), (85, 102), (86, 102), (87, 102), (98, 102), (83, 103), (84, 103), (99, 103), (80, 104), (81, 104), (82, 104), (77, 105), (78, 105), (79, 105), (98, 105), (74, 106), (75, 106), (76, 106), (73, 108), (97, 108), (72, 111), (96, 111), (95, 113), (71, 114)]
[(113, 98), (114, 98), (110, 99), (111, 99), (112, 99), (108, 100), (109, 100), (105, 101), (106, 101), (107, 101), (102, 102), (103, 102), (104, 102), (99, 103), (100, 103), (101, 103), (98, 105), (97, 108), (96, 111), (95, 113)]
[(24, 58), (25, 58), (26, 58), (22, 59), (23, 59), (27, 59), (19, 60), (20, 60), (21, 60), (28, 60), (16, 61), (17, 61), (18, 61), (29, 61), (14, 62), (15, 62), (30, 62), (11, 63), (12, 63), (13, 63), (8, 64), (9, 64), (10, 64), (29, 64), (5, 65), (6, 65), (7, 65), (4, 67), (28, 67), (3, 70), (27, 70), (26, 72), (2, 73), (1, 75), (25, 75), (0, 78), (24, 78), (23, 81), (21, 83), (22, 83), (23, 83), (19, 84), (20, 84), (16, 85), (17, 85), (18, 85), (13, 86), (14, 86), (15, 86), (11, 87), (12, 87), (0, 88), (8, 88), (9, 88), (10, 88), (1, 89), (5, 89), (6, 89), (7, 89), (2, 90), (3, 90), (4, 90)]
[(21, 83), (22, 83), (23, 83), (19, 84), (20, 84), (24, 84), (16, 85), (17, 85), (18, 85), (25, 85), (13, 86), (14, 86), (15, 86), (26, 86), (11, 87), (12, 87), (27, 87), (8, 88), (9, 88), (10, 88), (5, 89), (6, 89), (7, 89), (26, 89), (2, 90), (3, 90), (4, 90), (1, 92), (25, 92), (0, 95), (24, 95), (23, 97), (22, 100), (21, 103), (20, 106), (18, 108), (19, 108), (20, 108), (16, 109), (17, 109), (13, 110), (14, 110), (15, 110), (10, 111), (11, 111), (12, 111), (8, 112), (9, 112), (5, 113), (6, 113), (7, 113), (2, 114), (3, 114), (4, 114)]
[(46, 80), (47, 80), (48, 80), (44, 81), (45, 81), (49, 81), (41, 82), (42, 82), (43, 82), (50, 82), (38, 83), (39, 83), (40, 83), (51, 83), (36, 84), (37, 84), (52, 84), (33, 85), (34, 85), (35, 85), (30, 86), (31, 86), (32, 86), (51, 86), (27, 87), (28, 87), (29, 87), (26, 89), (50, 89), (25, 92), (49, 92), (48, 94), (24, 95), (23, 97), (47, 97), (22, 100), (46, 100), (21, 103), (45, 103), (43, 105), (44, 105), (45, 105), (20, 106), (41, 106), (42, 106), (38, 107), (39, 107), (40, 107), (19, 108), (20, 108), (35, 108), (36, 108), (37, 108), (21, 109), (33, 109), (34, 109), (22, 110), (30, 110), (31, 110), (32, 110), (23, 111), (27, 111), (28, 111), (29, 111), (24, 112), (25, 112), (26, 112)]
[(43, 105), (44, 105), (45, 105), (41, 106), (42, 106), (46, 106), (38, 107), (39, 107), (40, 107), (47, 107), (35, 108), (36, 108), (37, 108), (48, 108), (33, 109), (34, 109), (49, 109), (30, 110), (31, 110), (32, 110), (27, 111), (28, 111), (29, 111), (48, 111), (24, 112), (25, 112), (26, 112), (23, 114), (47, 114)]
[(68, 102), (69, 102), (70, 102), (66, 103), (67, 103), (71, 103), (63, 104), (64, 104), (65, 104), (72, 104), (60, 105), (61, 105), (62, 105), (73, 105), (58, 106), (59, 106), (74, 106), (55, 107), (56, 107), (57, 107), (52, 108), (53, 108), (54, 108), (73, 108), (49, 109), (50, 109), (51, 109), (48, 111), (72, 111), (47, 114), (71, 114)]
[(18, 108), (19, 108), (20, 108), (16, 109), (17, 109), (21, 109), (13, 110), (14, 110), (15, 110), (22, 110), (10, 111), (11, 111), (12, 111), (23, 111), (8, 112), (9, 112), (24, 112), (5, 113), (6, 113), (7, 113), (2, 114), (3, 114), (4, 114), (23, 114)]
