[(81, 23), (82, 23), (83, 23), (84, 23), (77, 24), (78, 24), (79, 24), (80, 24), (85, 24), (73, 25), (74, 25), (75, 25), (76, 25), (86, 25), (69, 26), (70, 26), (71, 26), (72, 26), (87, 26), (65, 27), (66, 27), (67, 27), (68, 27), (86, 29), (64, 30), (85, 33), (63, 34), (84, 37), (62, 38), (83, 41), (61, 42), (80, 45), (81, 45), (82, 45), (83, 45), (60, 46), (61, 46), (76, 46), (77, 46), (78, 46), (79, 46), (62, 47), (72, 47), (73, 47), (74, 47), (75, 47), (63, 48), (68, 48), (69, 48), (70, 48), (71, 48), (64, 49), (65, 49), (66, 49), (67, 49)]
[(103, 22), (104, 22), (105, 22), (106, 22), (99, 23), (100, 23), (101, 23), (102, 23), (107, 23), (95, 24), (96, 24), (97, 24), (98, 24), (108, 24), (91, 25), (92, 25), (93, 25), (94, 25), (109, 25), (87, 26), (88, 26), (89, 26), (90, 26), (108, 28), (86, 29), (107, 32), (85, 33), (106, 36), (84, 37), (105, 40), (83, 41), (102, 44), (103, 44), (104, 44), (105, 44), (82, 45), (83, 45), (98, 45), (99, 45), (100, 45), (101, 45), (84, 46), (94, 46), (95, 46), (96, 46), (97, 46), (85, 47), (90, 47), (91, 47), (92, 47), (93, 47), (86, 48), (87, 48), (88, 48), (89, 48)]
[(102, 44), (103, 44), (104, 44), (105, 44), (98, 45), (99, 45), (100, 45), (101, 45), (106, 45), (94, 46), (95, 46), (96, 46), (97, 46), (107, 46), (90, 47), (91, 47), (92, 47), (93, 47), (108, 47), (86, 48), (87, 48), (88, 48), (89, 48), (107, 50), (85, 51), (106, 54), (84, 55), (105, 58), (83, 59), (104, 62), (82, 63), (101, 66), (102, 66), (103, 66), (104, 66), (81, 67), (82, 67), (97, 67), (98, 67), (99, 67), (100, 67), (83, 68), (93, 68), (94, 68), (95, 68), (96, 68), (84, 69), (89, 69), (90, 69), (91, 69), (92, 69), (85, 70), (86, 70), (87, 70), (88, 70)]
[(112, 46), (113, 46), (114, 46), (108, 47), (109, 47), (110, 47), (111, 47), (107, 50), (106, 54), (105, 58), (104, 62), (103, 66), (104, 66), (105, 67), (106, 68), (111, 68), (112, 68), (113, 68), (114, 68), (107, 69), (108, 69), (109, 69), (110, 69)]
[(111, 68), (112, 68), (113, 68), (114, 68), (107, 69), (108, 69), (109, 69), (110, 69), (106, 72), (105, 76), (104, 80), (103, 84), (102, 88), (103, 88), (104, 89), (114, 89), (105, 90), (110, 90), (111, 90), (112, 90), (113, 90), (106, 91), (107, 91), (108, 91), (109, 91)]
[(37, 25), (38, 25), (39, 25), (40, 25), (33, 26), (34, 26), (35, 26), (36, 26), (41, 26), (29, 27), (30, 27), (31, 27), (32, 27), (42, 27), (25, 28), (26, 28), (27, 28), (28, 28), (43, 28), (21, 29), (22, 29), (23, 29), (24, 29), (42, 31), (20, 32), (41, 35), (19, 36), (40, 39), (18, 40), (39, 43), (17, 44), (36, 47), (37, 47), (38, 47), (39, 47), (16, 48), (17, 48), (32, 48), (33, 48), (34, 48), (35, 48), (18, 49), (28, 49), (29, 49), (30, 49), (31, 49), (19, 50), (24, 50), (25, 50), (26, 50), (27, 50), (20, 51), (21, 51), (22, 51), (23, 51)]
[(59, 24), (60, 24), (61, 24), (62, 24), (55, 25), (56, 25), (57, 25), (58, 25), (63, 25), (51, 26), (52, 26), (53, 26), (54, 26), (64, 26), (47, 27), (48, 27), (49, 27), (50, 27), (65, 27), (43, 28), (44, 28), (45, 28), (46, 28), (64, 30), (42, 31), (63, 34), (41, 35), (62, 38), (40, 39), (61, 42), (39, 43), (58, 46), (59, 46), (60, 46), (61, 46), (38, 47), (39, 47), (54, 47), (55, 47), (56, 47), (57, 47), (40, 48), (50, 48), (51, 48), (52, 48), (53, 48), (41, 49), (46, 49), (47, 49), (48, 49), (49, 49), (42, 50), (43, 50), (44, 50), (45, 50)]
[(58, 46), (59, 46), (60, 46), (61, 46), (54, 47), (55, 47), (56, 47), (57, 47), (62, 47), (50, 48), (51, 48), (52, 48), (53, 48), (63, 48), (46, 49), (47, 49), (48, 49), (49, 49), (64, 49), (42, 50), (43, 50), (44, 50), (45, 50), (63, 52), (41, 53), (62, 56), (40, 57), (61, 60), (39, 61), (60, 64), (38, 65), (57, 68), (58, 68), (59, 68), (60, 68), (37, 69), (38, 69), (53, 69), (54, 69), (55, 69), (56, 69), (39, 70), (49, 70), (50, 70), (51, 70), (52, 70), (40, 71), (45, 71), (46, 71), (47, 71), (48, 71), (41, 72), (42, 72), (43, 72), (44, 72)]
[(80, 45), (81, 45), (82, 45), (83, 45), (76, 46), (77, 46), (78, 46), (79, 46), (84, 46), (72, 47), (73, 47), (74, 47), (75, 47), (85, 47), (68, 48), (69, 48), (70, 48), (71, 48), (86, 48), (64, 49), (65, 49), (66, 49), (67, 49), (85, 51), (63, 52), (84, 55), (62, 56), (83, 59), (61, 60), (82, 63), (60, 64), (79, 67), (80, 67), (81, 67), (82, 67), (59, 68), (60, 68), (75, 68), (76, 68), (77, 68), (78, 68), (61, 69), (71, 69), (72, 69), (73, 69), (74, 69), (62, 70), (67, 70), (68, 70), (69, 70), (70, 70), (63, 71), (64, 71), (65, 71), (66, 71)]
[(79, 67), (80, 67), (81, 67), (82, 67), (75, 68), (76, 68), (77, 68), (78, 68), (83, 68), (71, 69), (72, 69), (73, 69), (74, 69), (84, 69), (67, 70), (68, 70), (69, 70), (70, 70), (85, 70), (63, 71), (64, 71), (65, 71), (66, 71), (84, 73), (62, 74), (83, 77), (61, 78), (82, 81), (60, 82), (81, 85), (59, 86), (78, 89), (79, 89), (80, 89), (81, 89), (58, 90), (59, 90), (74, 90), (75, 90), (76, 90), (77, 90), (60, 91), (70, 91), (71, 91), (72, 91), (73, 91), (61, 92), (66, 92), (67, 92), (68, 92), (69, 92), (62, 93), (63, 93), (64, 93), (65, 93)]
[(101, 66), (102, 66), (103, 66), (104, 66), (97, 67), (98, 67), (99, 67), (100, 67), (105, 67), (93, 68), (94, 68), (95, 68), (96, 68), (106, 68), (89, 69), (90, 69), (91, 69), (92, 69), (107, 69), (85, 70), (86, 70), (87, 70), (88, 70), (106, 72), (84, 73), (105, 76), (83, 77), (104, 80), (82, 81), (103, 84), (81, 85), (100, 88), (101, 88), (102, 88), (103, 88), (80, 89), (81, 89), (96, 89), (97, 89), (98, 89), (99, 89), (82, 90), (92, 90), (93, 90), (94, 90), (95, 90), (83, 91), (88, 91), (89, 91), (90, 91), (91, 91), (84, 92), (85, 92), (86, 92), (87, 92)]
[(100, 88), (101, 88), (102, 88), (103, 88), (96, 89), (97, 89), (98, 89), (99, 89), (104, 89), (92, 90), (93, 90), (94, 90), (95, 90), (105, 90), (88, 91), (89, 91), (90, 91), (91, 91), (106, 91), (84, 92), (85, 92), (86, 92), (87, 92), (105, 94), (83, 95), (104, 98), (82, 99), (103, 102), (81, 103), (102, 106), (80, 107), (99, 110), (100, 110), (101, 110), (102, 110), (79, 111), (80, 111), (95, 111), (96, 111), (97, 111), (98, 111), (81, 112), (91, 112), (92, 112), (93, 112), (94, 112), (82, 113), (87, 113), (88, 113), (89, 113), (90, 113), (83, 114), (84, 114), (85, 114), (86, 114)]
[(114, 89), (110, 90), (111, 90), (112, 90), (113, 90), (106, 91), (107, 91), (108, 91), (109, 91), (105, 94), (104, 98), (103, 102), (102, 106), (101, 110), (102, 110), (103, 111), (113, 111), (114, 111), (104, 112), (109, 112), (110, 112), (111, 112), (112, 112), (105, 113), (106, 113), (107, 113), (108, 113)]
[(113, 111), (114, 111), (109, 112), (110, 112), (111, 112), (112, 112), (105, 113), (106, 113), (107, 113), (108, 113)]
[(14, 48), (15, 48), (16, 48), (17, 48), (10, 49), (11, 49), (12, 49), (13, 49), (18, 49), (6, 50), (7, 50), (8, 50), (9, 50), (19, 50), (2, 51), (3, 51), (4, 51), (5, 51), (20, 51), (0, 52), (1, 52), (19, 54), (18, 58), (17, 62), (16, 66), (13, 70), (14, 70), (15, 70), (16, 70), (9, 71), (10, 71), (11, 71), (12, 71), (5, 72), (6, 72), (7, 72), (8, 72), (1, 73), (2, 73), (3, 73), (4, 73), (0, 74)]
[(36, 47), (37, 47), (38, 47), (39, 47), (32, 48), (33, 48), (34, 48), (35, 48), (40, 48), (28, 49), (29, 49), (30, 49), (31, 49), (41, 49), (24, 50), (25, 50), (26, 50), (27, 50), (42, 50), (20, 51), (21, 51), (22, 51), (23, 51), (41, 53), (19, 54), (40, 57), (18, 58), (39, 61), (17, 62), (38, 65), (16, 66), (35, 69), (36, 69), (37, 69), (38, 69), (15, 70), (16, 70), (31, 70), (32, 70), (33, 70), (34, 70), (17, 71), (27, 71), (28, 71), (29, 71), (30, 71), (18, 72), (23, 72), (24, 72), (25, 72), (26, 72), (19, 73), (20, 73), (21, 73), (22, 73)]
[(35, 69), (36, 69), (37, 69), (38, 69), (31, 70), (32, 70), (33, 70), (34, 70), (39, 70), (27, 71), (28, 71), (29, 71), (30, 71), (40, 71), (23, 72), (24, 72), (25, 72), (26, 72), (41, 72), (19, 73), (20, 73), (21, 73), (22, 73), (40, 75), (18, 76), (39, 79), (17, 80), (38, 83), (16, 84), (37, 87), (15, 88), (34, 91), (35, 91), (36, 91), (37, 91), (14, 92), (15, 92), (30, 92), (31, 92), (32, 92), (33, 92), (16, 93), (26, 93), (27, 93), (28, 93), (29, 93), (17, 94), (22, 94), (23, 94), (24, 94), (25, 94), (18, 95), (19, 95), (20, 95), (21, 95)]
[(57, 68), (58, 68), (59, 68), (60, 68), (53, 69), (54, 69), (55, 69), (56, 69), (61, 69), (49, 70), (50, 70), (51, 70), (52, 70), (62, 70), (45, 71), (46, 71), (47, 71), (48, 71), (63, 71), (41, 72), (42, 72), (43, 72), (44, 72), (62, 74), (40, 75), (61, 78), (39, 79), (60, 82), (38, 83), (59, 86), (37, 87), (56, 90), (57, 90), (58, 90), (59, 90), (36, 91), (37, 91), (52, 91), (53, 91), (54, 91), (55, 91), (38, 92), (48, 92), (49, 92), (50, 92), (51, 92), (39, 93), (44, 93), (45, 93), (46, 93), (47, 93), (40, 94), (41, 94), (42, 94), (43, 94)]
[(56, 90), (57, 90), (58, 90), (59, 90), (52, 91), (53, 91), (54, 91), (55, 91), (60, 91), (48, 92), (49, 92), (50, 92), (51, 92), (61, 92), (44, 93), (45, 93), (46, 93), (47, 93), (62, 93), (40, 94), (41, 94), (42, 94), (43, 94), (61, 96), (39, 97), (60, 100), (38, 101), (59, 104), (37, 105), (58, 108), (36, 109), (55, 112), (56, 112), (57, 112), (58, 112), (35, 113), (36, 113), (51, 113), (52, 113), (53, 113), (54, 113), (37, 114), (47, 114), (48, 114), (49, 114), (50, 114)]
[(78, 89), (79, 89), (80, 89), (81, 89), (74, 90), (75, 90), (76, 90), (77, 90), (82, 90), (70, 91), (71, 91), (72, 91), (73, 91), (83, 91), (66, 92), (67, 92), (68, 92), (69, 92), (84, 92), (62, 93), (63, 93), (64, 93), (65, 93), (83, 95), (61, 96), (82, 99), (60, 100), (81, 103), (59, 104), (80, 107), (58, 108), (77, 111), (78, 111), (79, 111), (80, 111), (57, 112), (58, 112), (73, 112), (74, 112), (75, 112), (76, 112), (59, 113), (69, 113), (70, 113), (71, 113), (72, 113), (60, 114), (65, 114), (66, 114), (67, 114), (68, 114)]
[(77, 111), (78, 111), (79, 111), (80, 111), (73, 112), (74, 112), (75, 112), (76, 112), (81, 112), (69, 113), (70, 113), (71, 113), (72, 113), (82, 113), (65, 114), (66, 114), (67, 114), (68, 114), (83, 114)]
[(99, 110), (100, 110), (101, 110), (102, 110), (95, 111), (96, 111), (97, 111), (98, 111), (103, 111), (91, 112), (92, 112), (93, 112), (94, 112), (104, 112), (87, 113), (88, 113), (89, 113), (90, 113), (105, 113), (83, 114), (84, 114), (85, 114), (86, 114)]
[(13, 70), (14, 70), (15, 70), (16, 70), (9, 71), (10, 71), (11, 71), (12, 71), (17, 71), (5, 72), (6, 72), (7, 72), (8, 72), (18, 72), (1, 73), (2, 73), (3, 73), (4, 73), (19, 73), (0, 74), (18, 76), (17, 80), (16, 84), (15, 88), (12, 92), (13, 92), (14, 92), (15, 92), (8, 93), (9, 93), (10, 93), (11, 93), (4, 94), (5, 94), (6, 94), (7, 94), (0, 95), (1, 95), (2, 95), (3, 95)]
[(12, 92), (13, 92), (14, 92), (15, 92), (8, 93), (9, 93), (10, 93), (11, 93), (16, 93), (4, 94), (5, 94), (6, 94), (7, 94), (17, 94), (0, 95), (1, 95), (2, 95), (3, 95), (18, 95), (17, 98), (16, 102), (15, 106), (14, 110), (11, 114), (12, 114), (13, 114), (14, 114)]
[(34, 91), (35, 91), (36, 91), (37, 91), (30, 92), (31, 92), (32, 92), (33, 92), (38, 92), (26, 93), (27, 93), (28, 93), (29, 93), (39, 93), (22, 94), (23, 94), (24, 94), (25, 94), (40, 94), (18, 95), (19, 95), (20, 95), (21, 95), (39, 97), (17, 98), (38, 101), (16, 102), (37, 105), (15, 106), (36, 109), (14, 110), (33, 113), (34, 113), (35, 113), (36, 113), (13, 114), (14, 114), (29, 114), (30, 114), (31, 114), (32, 114)]
[(33, 113), (34, 113), (35, 113), (36, 113), (29, 114), (30, 114), (31, 114), (32, 114), (37, 114)]
[(55, 112), (56, 112), (57, 112), (58, 112), (51, 113), (52, 113), (53, 113), (54, 113), (59, 113), (47, 114), (48, 114), (49, 114), (50, 114), (60, 114)]
[(11, 114), (12, 114), (13, 114), (14, 114)]
