[(110, 21), (111, 21), (112, 21), (106, 22), (107, 22), (108, 22), (109, 22), (113, 22), (102, 23), (103, 23), (104, 23), (105, 23), (114, 23), (98, 24), (99, 24), (100, 24), (101, 24), (94, 25), (95, 25), (96, 25), (97, 25), (93, 28), (92, 32), (114, 32), (91, 36), (113, 36), (90, 40), (112, 40), (90, 43), (110, 43), (111, 43), (112, 43), (91, 44), (106, 44), (107, 44), (108, 44), (109, 44), (92, 45), (102, 45), (103, 45), (104, 45), (105, 45), (93, 46), (98, 46), (99, 46), (100, 46), (101, 46), (94, 47), (95, 47), (96, 47), (97, 47)]
[(114, 32), (113, 36), (112, 40), (112, 43), (113, 44), (114, 45)]
[(114, 54), (113, 58), (112, 62), (112, 65), (113, 66), (114, 67)]
[(66, 21), (67, 21), (68, 21), (62, 22), (63, 22), (64, 22), (65, 22), (69, 22), (58, 23), (59, 23), (60, 23), (61, 23), (70, 23), (54, 24), (55, 24), (56, 24), (57, 24), (71, 24), (50, 25), (51, 25), (52, 25), (53, 25), (72, 25), (49, 28), (71, 28), (48, 32), (70, 32), (47, 36), (69, 36), (46, 40), (68, 40), (46, 43), (66, 43), (67, 43), (68, 43), (47, 44), (62, 44), (63, 44), (64, 44), (65, 44), (48, 45), (58, 45), (59, 45), (60, 45), (61, 45), (49, 46), (54, 46), (55, 46), (56, 46), (57, 46), (50, 47), (51, 47), (52, 47), (53, 47)]
[(88, 21), (89, 21), (90, 21), (84, 22), (85, 22), (86, 22), (87, 22), (91, 22), (80, 23), (81, 23), (82, 23), (83, 23), (92, 23), (76, 24), (77, 24), (78, 24), (79, 24), (93, 24), (72, 25), (73, 25), (74, 25), (75, 25), (94, 25), (71, 28), (93, 28), (70, 32), (92, 32), (69, 36), (91, 36), (68, 40), (90, 40), (68, 43), (88, 43), (89, 43), (90, 43), (69, 44), (84, 44), (85, 44), (86, 44), (87, 44), (70, 45), (80, 45), (81, 45), (82, 45), (83, 45), (71, 46), (76, 46), (77, 46), (78, 46), (79, 46), (72, 47), (73, 47), (74, 47), (75, 47)]
[(88, 43), (89, 43), (90, 43), (84, 44), (85, 44), (86, 44), (87, 44), (91, 44), (80, 45), (81, 45), (82, 45), (83, 45), (92, 45), (76, 46), (77, 46), (78, 46), (79, 46), (93, 46), (72, 47), (73, 47), (74, 47), (75, 47), (94, 47), (71, 50), (93, 50), (70, 54), (92, 54), (69, 58), (91, 58), (68, 62), (90, 62), (68, 65), (88, 65), (89, 65), (90, 65), (69, 66), (84, 66), (85, 66), (86, 66), (87, 66), (70, 67), (80, 67), (81, 67), (82, 67), (83, 67), (71, 68), (76, 68), (77, 68), (78, 68), (79, 68), (72, 69), (73, 69), (74, 69), (75, 69)]
[(110, 43), (111, 43), (112, 43), (106, 44), (107, 44), (108, 44), (109, 44), (113, 44), (102, 45), (103, 45), (104, 45), (105, 45), (114, 45), (98, 46), (99, 46), (100, 46), (101, 46), (94, 47), (95, 47), (96, 47), (97, 47), (93, 50), (92, 54), (114, 54), (91, 58), (113, 58), (90, 62), (112, 62), (90, 65), (110, 65), (111, 65), (112, 65), (91, 66), (106, 66), (107, 66), (108, 66), (109, 66), (92, 67), (102, 67), (103, 67), (104, 67), (105, 67), (93, 68), (98, 68), (99, 68), (100, 68), (101, 68), (94, 69), (95, 69), (96, 69), (97, 69)]
[(110, 65), (111, 65), (112, 65), (106, 66), (107, 66), (108, 66), (109, 66), (113, 66), (102, 67), (103, 67), (104, 67), (105, 67), (114, 67), (98, 68), (99, 68), (100, 68), (101, 68), (94, 69), (95, 69), (96, 69), (97, 69), (93, 72), (92, 76), (114, 76), (91, 80), (113, 80), (90, 84), (112, 84), (90, 87), (110, 87), (111, 87), (112, 87), (91, 88), (106, 88), (107, 88), (108, 88), (109, 88), (92, 89), (102, 89), (103, 89), (104, 89), (105, 89), (93, 90), (98, 90), (99, 90), (100, 90), (101, 90), (94, 91), (95, 91), (96, 91), (97, 91)]
[(114, 76), (113, 80), (112, 84), (112, 87), (113, 88), (114, 89)]
[(44, 43), (45, 43), (46, 43), (40, 44), (41, 44), (42, 44), (43, 44), (47, 44), (36, 45), (37, 45), (38, 45), (39, 45), (48, 45), (32, 46), (33, 46), (34, 46), (35, 46), (49, 46), (28, 47), (29, 47), (30, 47), (31, 47), (50, 47), (27, 50), (49, 50), (26, 54), (48, 54), (25, 58), (47, 58), (24, 62), (46, 62), (24, 65), (44, 65), (45, 65), (46, 65), (25, 66), (40, 66), (41, 66), (42, 66), (43, 66), (26, 67), (36, 67), (37, 67), (38, 67), (39, 67), (27, 68), (32, 68), (33, 68), (34, 68), (35, 68), (28, 69), (29, 69), (30, 69), (31, 69)]
[(66, 43), (67, 43), (68, 43), (62, 44), (63, 44), (64, 44), (65, 44), (69, 44), (58, 45), (59, 45), (60, 45), (61, 45), (70, 45), (54, 46), (55, 46), (56, 46), (57, 46), (71, 46), (50, 47), (51, 47), (52, 47), (53, 47), (72, 47), (49, 50), (71, 50), (48, 54), (70, 54), (47, 58), (69, 58), (46, 62), (68, 62), (46, 65), (66, 65), (67, 65), (68, 65), (47, 66), (62, 66), (63, 66), (64, 66), (65, 66), (48, 67), (58, 67), (59, 67), (60, 67), (61, 67), (49, 68), (54, 68), (55, 68), (56, 68), (57, 68), (50, 69), (51, 69), (52, 69), (53, 69)]
[(66, 65), (67, 65), (68, 65), (62, 66), (63, 66), (64, 66), (65, 66), (69, 66), (58, 67), (59, 67), (60, 67), (61, 67), (70, 67), (54, 68), (55, 68), (56, 68), (57, 68), (71, 68), (50, 69), (51, 69), (52, 69), (53, 69), (72, 69), (49, 72), (71, 72), (48, 76), (70, 76), (47, 80), (69, 80), (46, 84), (68, 84), (46, 87), (66, 87), (67, 87), (68, 87), (47, 88), (62, 88), (63, 88), (64, 88), (65, 88), (48, 89), (58, 89), (59, 89), (60, 89), (61, 89), (49, 90), (54, 90), (55, 90), (56, 90), (57, 90), (50, 91), (51, 91), (52, 91), (53, 91)]
[(88, 65), (89, 65), (90, 65), (84, 66), (85, 66), (86, 66), (87, 66), (91, 66), (80, 67), (81, 67), (82, 67), (83, 67), (92, 67), (76, 68), (77, 68), (78, 68), (79, 68), (93, 68), (72, 69), (73, 69), (74, 69), (75, 69), (94, 69), (71, 72), (93, 72), (70, 76), (92, 76), (69, 80), (91, 80), (68, 84), (90, 84), (68, 87), (88, 87), (89, 87), (90, 87), (69, 88), (84, 88), (85, 88), (86, 88), (87, 88), (70, 89), (80, 89), (81, 89), (82, 89), (83, 89), (71, 90), (76, 90), (77, 90), (78, 90), (79, 90), (72, 91), (73, 91), (74, 91), (75, 91)]
[(88, 87), (89, 87), (90, 87), (84, 88), (85, 88), (86, 88), (87, 88), (91, 88), (80, 89), (81, 89), (82, 89), (83, 89), (92, 89), (76, 90), (77, 90), (78, 90), (79, 90), (93, 90), (72, 91), (73, 91), (74, 91), (75, 91), (94, 91), (71, 94), (93, 94), (70, 98), (92, 98), (69, 102), (91, 102), (68, 106), (90, 106), (68, 109), (88, 109), (89, 109), (90, 109), (69, 110), (84, 110), (85, 110), (86, 110), (87, 110), (70, 111), (80, 111), (81, 111), (82, 111), (83, 111), (71, 112), (76, 112), (77, 112), (78, 112), (79, 112), (72, 113), (73, 113), (74, 113), (75, 113)]
[(110, 87), (111, 87), (112, 87), (106, 88), (107, 88), (108, 88), (109, 88), (113, 88), (102, 89), (103, 89), (104, 89), (105, 89), (114, 89), (98, 90), (99, 90), (100, 90), (101, 90), (94, 91), (95, 91), (96, 91), (97, 91), (93, 94), (92, 98), (114, 98), (91, 102), (113, 102), (90, 106), (112, 106), (90, 109), (110, 109), (111, 109), (112, 109), (91, 110), (106, 110), (107, 110), (108, 110), (109, 110), (92, 111), (102, 111), (103, 111), (104, 111), (105, 111), (93, 112), (98, 112), (99, 112), (100, 112), (101, 112), (94, 113), (95, 113), (96, 113), (97, 113)]
[(44, 65), (45, 65), (46, 65), (40, 66), (41, 66), (42, 66), (43, 66), (47, 66), (36, 67), (37, 67), (38, 67), (39, 67), (48, 67), (32, 68), (33, 68), (34, 68), (35, 68), (49, 68), (28, 69), (29, 69), (30, 69), (31, 69), (50, 69), (27, 72), (49, 72), (26, 76), (48, 76), (25, 80), (47, 80), (24, 84), (46, 84), (24, 87), (44, 87), (45, 87), (46, 87), (25, 88), (40, 88), (41, 88), (42, 88), (43, 88), (26, 89), (36, 89), (37, 89), (38, 89), (39, 89), (27, 90), (32, 90), (33, 90), (34, 90), (35, 90), (28, 91), (29, 91), (30, 91), (31, 91)]
[(44, 87), (45, 87), (46, 87), (40, 88), (41, 88), (42, 88), (43, 88), (47, 88), (36, 89), (37, 89), (38, 89), (39, 89), (48, 89), (32, 90), (33, 90), (34, 90), (35, 90), (49, 90), (28, 91), (29, 91), (30, 91), (31, 91), (50, 91), (27, 94), (49, 94), (26, 98), (48, 98), (25, 102), (47, 102), (24, 106), (46, 106), (24, 109), (44, 109), (45, 109), (46, 109), (25, 110), (40, 110), (41, 110), (42, 110), (43, 110), (26, 111), (36, 111), (37, 111), (38, 111), (39, 111), (27, 112), (32, 112), (33, 112), (34, 112), (35, 112), (28, 113), (29, 113), (30, 113), (31, 113)]
[(66, 87), (67, 87), (68, 87), (62, 88), (63, 88), (64, 88), (65, 88), (69, 88), (58, 89), (59, 89), (60, 89), (61, 89), (70, 89), (54, 90), (55, 90), (56, 90), (57, 90), (71, 90), (50, 91), (51, 91), (52, 91), (53, 91), (72, 91), (49, 94), (71, 94), (48, 98), (70, 98), (47, 102), (69, 102), (46, 106), (68, 106), (46, 109), (66, 109), (67, 109), (68, 109), (47, 110), (62, 110), (63, 110), (64, 110), (65, 110), (48, 111), (58, 111), (59, 111), (60, 111), (61, 111), (49, 112), (54, 112), (55, 112), (56, 112), (57, 112), (50, 113), (51, 113), (52, 113), (53, 113)]
[(66, 109), (67, 109), (68, 109), (62, 110), (63, 110), (64, 110), (65, 110), (69, 110), (58, 111), (59, 111), (60, 111), (61, 111), (70, 111), (54, 112), (55, 112), (56, 112), (57, 112), (71, 112), (50, 113), (51, 113), (52, 113), (53, 113), (72, 113)]
[(88, 109), (89, 109), (90, 109), (84, 110), (85, 110), (86, 110), (87, 110), (91, 110), (80, 111), (81, 111), (82, 111), (83, 111), (92, 111), (76, 112), (77, 112), (78, 112), (79, 112), (93, 112), (72, 113), (73, 113), (74, 113), (75, 113), (94, 113)]
[(44, 109), (45, 109), (46, 109), (40, 110), (41, 110), (42, 110), (43, 110), (47, 110), (36, 111), (37, 111), (38, 111), (39, 111), (48, 111), (32, 112), (33, 112), (34, 112), (35, 112), (49, 112), (28, 113), (29, 113), (30, 113), (31, 113), (50, 113)]
