[(113, 41), (114, 41), (110, 42), (111, 42), (112, 42), (109, 44), (108, 46), (107, 48), (106, 51), (105, 53), (104, 55), (103, 58), (102, 60), (102, 61), (103, 62), (104, 63), (105, 64), (106, 65), (107, 66), (108, 67), (109, 68), (110, 69), (114, 69), (111, 70), (112, 70), (113, 70)]
[(73, 32), (71, 33), (72, 33), (74, 33), (68, 34), (69, 34), (70, 34), (75, 34), (66, 35), (67, 35), (76, 35), (64, 36), (65, 36), (77, 36), (61, 37), (62, 37), (63, 37), (78, 37), (59, 38), (60, 38), (79, 38), (57, 39), (58, 39), (80, 39), (54, 40), (55, 40), (56, 40), (81, 40), (82, 41), (53, 42), (81, 43), (52, 44), (80, 45), (51, 46), (79, 47), (50, 49), (78, 50), (49, 51), (77, 52), (48, 53), (76, 54), (47, 56), (75, 57), (46, 58), (46, 59), (74, 59), (47, 60), (74, 60), (48, 61), (72, 61), (73, 61), (49, 62), (69, 62), (70, 62), (71, 62), (50, 63), (67, 63), (68, 63), (51, 64), (65, 64), (66, 64), (52, 65), (62, 65), (63, 65), (64, 65), (53, 66), (60, 66), (61, 66), (54, 67), (58, 67), (59, 67), (55, 68), (56, 68), (57, 68)]
[(101, 33), (99, 34), (100, 34), (102, 34), (96, 35), (97, 35), (98, 35), (103, 35), (94, 36), (95, 36), (104, 36), (92, 37), (93, 37), (105, 37), (89, 38), (90, 38), (91, 38), (106, 38), (87, 39), (88, 39), (107, 39), (85, 40), (86, 40), (108, 40), (82, 41), (83, 41), (84, 41), (109, 41), (110, 42), (81, 43), (109, 44), (80, 45), (108, 46), (79, 47), (107, 48), (78, 50), (106, 51), (77, 52), (105, 53), (76, 54), (104, 55), (75, 57), (103, 58), (74, 59), (74, 60), (102, 60), (75, 61), (102, 61), (76, 62), (100, 62), (101, 62), (77, 63), (97, 63), (98, 63), (99, 63), (78, 64), (95, 64), (96, 64), (79, 65), (93, 65), (94, 65), (80, 66), (90, 66), (91, 66), (92, 66), (81, 67), (88, 67), (89, 67), (82, 68), (86, 68), (87, 68), (83, 69), (84, 69), (85, 69)]
[(102, 61), (100, 62), (101, 62), (103, 62), (97, 63), (98, 63), (99, 63), (104, 63), (95, 64), (96, 64), (105, 64), (93, 65), (94, 65), (106, 65), (90, 66), (91, 66), (92, 66), (107, 66), (88, 67), (89, 67), (108, 67), (86, 68), (87, 68), (109, 68), (83, 69), (84, 69), (85, 69), (110, 69), (111, 70), (82, 71), (110, 72), (81, 73), (109, 74), (80, 75), (108, 76), (79, 78), (107, 79), (78, 80), (106, 81), (77, 82), (105, 83), (76, 85), (104, 86), (75, 87), (75, 88), (103, 88), (76, 89), (103, 89), (77, 90), (101, 90), (102, 90), (78, 91), (98, 91), (99, 91), (100, 91), (79, 92), (96, 92), (97, 92), (80, 93), (94, 93), (95, 93), (81, 94), (91, 94), (92, 94), (93, 94), (82, 95), (89, 95), (90, 95), (83, 96), (87, 96), (88, 96), (84, 97), (85, 97), (86, 97)]
[(114, 69), (111, 70), (112, 70), (113, 70), (110, 72), (109, 74), (108, 76), (107, 79), (106, 81), (105, 83), (104, 86), (103, 88), (103, 89), (104, 90), (105, 91), (106, 92), (107, 93), (108, 94), (109, 95), (110, 96), (111, 97), (112, 98), (113, 98), (114, 98)]
[(112, 98), (113, 98), (114, 98), (111, 100), (110, 102), (109, 104), (108, 107), (107, 109), (106, 111), (105, 114)]
[(46, 59), (44, 60), (45, 60), (47, 60), (41, 61), (42, 61), (43, 61), (48, 61), (39, 62), (40, 62), (49, 62), (37, 63), (38, 63), (50, 63), (34, 64), (35, 64), (36, 64), (51, 64), (32, 65), (33, 65), (52, 65), (30, 66), (31, 66), (53, 66), (27, 67), (28, 67), (29, 67), (54, 67), (55, 68), (26, 69), (54, 70), (25, 71), (53, 72), (24, 73), (52, 74), (23, 76), (51, 77), (22, 78), (50, 79), (21, 80), (49, 81), (20, 83), (48, 84), (19, 85), (19, 86), (47, 86), (20, 87), (47, 87), (21, 88), (45, 88), (46, 88), (22, 89), (42, 89), (43, 89), (44, 89), (23, 90), (40, 90), (41, 90), (24, 91), (38, 91), (39, 91), (25, 92), (35, 92), (36, 92), (37, 92), (26, 93), (33, 93), (34, 93), (27, 94), (31, 94), (32, 94), (28, 95), (29, 95), (30, 95)]
[(74, 60), (72, 61), (73, 61), (75, 61), (69, 62), (70, 62), (71, 62), (76, 62), (67, 63), (68, 63), (77, 63), (65, 64), (66, 64), (78, 64), (62, 65), (63, 65), (64, 65), (79, 65), (60, 66), (61, 66), (80, 66), (58, 67), (59, 67), (81, 67), (55, 68), (56, 68), (57, 68), (82, 68), (83, 69), (54, 70), (82, 71), (53, 72), (81, 73), (52, 74), (80, 75), (51, 77), (79, 78), (50, 79), (78, 80), (49, 81), (77, 82), (48, 84), (76, 85), (47, 86), (47, 87), (75, 87), (48, 88), (75, 88), (49, 89), (73, 89), (74, 89), (50, 90), (70, 90), (71, 90), (72, 90), (51, 91), (68, 91), (69, 91), (52, 92), (66, 92), (67, 92), (53, 93), (63, 93), (64, 93), (65, 93), (54, 94), (61, 94), (62, 94), (55, 95), (59, 95), (60, 95), (56, 96), (57, 96), (58, 96)]
[(75, 88), (73, 89), (74, 89), (76, 89), (70, 90), (71, 90), (72, 90), (77, 90), (68, 91), (69, 91), (78, 91), (66, 92), (67, 92), (79, 92), (63, 93), (64, 93), (65, 93), (80, 93), (61, 94), (62, 94), (81, 94), (59, 95), (60, 95), (82, 95), (56, 96), (57, 96), (58, 96), (83, 96), (84, 97), (55, 98), (83, 99), (54, 100), (82, 101), (53, 102), (81, 103), (52, 105), (80, 106), (51, 107), (79, 108), (50, 109), (78, 110), (49, 112), (77, 113), (48, 114)]
[(103, 89), (101, 90), (102, 90), (104, 90), (98, 91), (99, 91), (100, 91), (105, 91), (96, 92), (97, 92), (106, 92), (94, 93), (95, 93), (107, 93), (91, 94), (92, 94), (93, 94), (108, 94), (89, 95), (90, 95), (109, 95), (87, 96), (88, 96), (110, 96), (84, 97), (85, 97), (86, 97), (111, 97), (112, 98), (83, 99), (111, 100), (82, 101), (110, 102), (81, 103), (109, 104), (80, 106), (108, 107), (79, 108), (107, 109), (78, 110), (106, 111), (77, 113), (105, 114)]
[(47, 87), (45, 88), (46, 88), (48, 88), (42, 89), (43, 89), (44, 89), (49, 89), (40, 90), (41, 90), (50, 90), (38, 91), (39, 91), (51, 91), (35, 92), (36, 92), (37, 92), (52, 92), (33, 93), (34, 93), (53, 93), (31, 94), (32, 94), (54, 94), (28, 95), (29, 95), (30, 95), (55, 95), (56, 96), (27, 97), (55, 98), (26, 99), (54, 100), (25, 101), (53, 102), (24, 104), (52, 105), (23, 106), (51, 107), (22, 108), (50, 109), (21, 111), (49, 112), (20, 113), (20, 114), (48, 114)]
