[(110, 10), (108, 11), (109, 11), (111, 11), (106, 12), (107, 12), (103, 13), (104, 13), (105, 13), (110, 13), (101, 14), (102, 14), (99, 15), (100, 15), (109, 15), (97, 16), (98, 16), (95, 17), (96, 17), (108, 17), (93, 18), (94, 18), (91, 19), (92, 19), (107, 19), (88, 20), (89, 20), (90, 20), (106, 21), (87, 22), (105, 23), (86, 24), (104, 25), (85, 26), (84, 28), (103, 28), (83, 30), (102, 30), (82, 32), (101, 32), (101, 33), (81, 34), (99, 34), (100, 34), (97, 35), (98, 35), (94, 36), (95, 36), (96, 36), (80, 37), (92, 37), (93, 37), (90, 38), (91, 38), (79, 39), (88, 39), (89, 39), (86, 40), (87, 40), (78, 41), (84, 41), (85, 41), (78, 42), (82, 42), (83, 42), (79, 43), (80, 43), (81, 43)]
[(114, 10), (111, 11), (112, 11), (113, 11), (110, 13), (109, 15), (108, 17), (107, 19), (106, 21), (105, 23), (104, 25), (103, 28), (113, 29), (114, 29), (102, 30), (111, 30), (112, 30), (109, 31), (110, 31), (101, 32), (107, 32), (108, 32), (101, 33), (105, 33), (106, 33), (102, 34), (103, 34), (104, 34)]
[(113, 29), (114, 29), (111, 30), (112, 30), (109, 31), (110, 31), (107, 32), (108, 32), (105, 33), (106, 33), (102, 34), (103, 34), (104, 34), (101, 36), (100, 38), (99, 40), (98, 42), (97, 44), (96, 46), (95, 48), (113, 48), (114, 48), (111, 49), (112, 49), (108, 50), (109, 50), (110, 50), (94, 51), (106, 51), (107, 51), (104, 52), (105, 52), (93, 53), (102, 53), (103, 53), (100, 54), (101, 54), (92, 55), (98, 55), (99, 55), (92, 56), (96, 56), (97, 56), (93, 57), (94, 57), (95, 57)]
[(114, 52), (113, 54), (112, 56), (111, 58), (110, 60), (109, 62), (108, 65), (107, 67), (114, 68), (106, 69), (112, 69), (113, 69), (106, 70), (110, 70), (111, 70), (107, 71), (108, 71), (109, 71)]
[(64, 28), (62, 29), (63, 29), (65, 29), (60, 30), (61, 30), (57, 31), (58, 31), (59, 31), (64, 31), (55, 32), (56, 32), (53, 33), (54, 33), (63, 33), (51, 34), (52, 34), (49, 35), (50, 35), (62, 35), (47, 36), (48, 36), (45, 37), (46, 37), (61, 37), (42, 38), (43, 38), (44, 38), (60, 39), (41, 40), (59, 41), (40, 42), (58, 43), (39, 44), (38, 46), (57, 46), (37, 48), (56, 48), (36, 50), (55, 50), (55, 51), (35, 52), (53, 52), (54, 52), (51, 53), (52, 53), (48, 54), (49, 54), (50, 54), (34, 55), (46, 55), (47, 55), (44, 56), (45, 56), (33, 57), (42, 57), (43, 57), (40, 58), (41, 58), (32, 59), (38, 59), (39, 59), (32, 60), (36, 60), (37, 60), (33, 61), (34, 61), (35, 61)]
[(87, 19), (85, 20), (86, 20), (88, 20), (83, 21), (84, 21), (80, 22), (81, 22), (82, 22), (87, 22), (78, 23), (79, 23), (76, 24), (77, 24), (86, 24), (74, 25), (75, 25), (72, 26), (73, 26), (85, 26), (70, 27), (71, 27), (68, 28), (69, 28), (84, 28), (65, 29), (66, 29), (67, 29), (83, 30), (64, 31), (82, 32), (63, 33), (81, 34), (62, 35), (61, 37), (80, 37), (60, 39), (79, 39), (59, 41), (78, 41), (78, 42), (58, 43), (76, 43), (77, 43), (74, 44), (75, 44), (71, 45), (72, 45), (73, 45), (57, 46), (69, 46), (70, 46), (67, 47), (68, 47), (56, 48), (65, 48), (66, 48), (63, 49), (64, 49), (55, 50), (61, 50), (62, 50), (55, 51), (59, 51), (60, 51), (56, 52), (57, 52), (58, 52)]
[(78, 42), (76, 43), (77, 43), (79, 43), (74, 44), (75, 44), (71, 45), (72, 45), (73, 45), (78, 45), (69, 46), (70, 46), (67, 47), (68, 47), (77, 47), (65, 48), (66, 48), (63, 49), (64, 49), (76, 49), (61, 50), (62, 50), (59, 51), (60, 51), (75, 51), (56, 52), (57, 52), (58, 52), (74, 53), (55, 54), (73, 55), (54, 56), (72, 57), (53, 58), (52, 60), (71, 60), (51, 62), (70, 62), (50, 64), (69, 64), (69, 65), (49, 66), (67, 66), (68, 66), (65, 67), (66, 67), (62, 68), (63, 68), (64, 68), (48, 69), (60, 69), (61, 69), (58, 70), (59, 70), (47, 71), (56, 71), (57, 71), (54, 72), (55, 72), (46, 73), (52, 73), (53, 73), (46, 74), (50, 74), (51, 74), (47, 75), (48, 75), (49, 75)]
[(101, 33), (99, 34), (100, 34), (102, 34), (97, 35), (98, 35), (94, 36), (95, 36), (96, 36), (101, 36), (92, 37), (93, 37), (90, 38), (91, 38), (100, 38), (88, 39), (89, 39), (86, 40), (87, 40), (99, 40), (84, 41), (85, 41), (82, 42), (83, 42), (98, 42), (79, 43), (80, 43), (81, 43), (97, 44), (78, 45), (96, 46), (77, 47), (95, 48), (76, 49), (75, 51), (94, 51), (74, 53), (93, 53), (73, 55), (92, 55), (92, 56), (72, 57), (90, 57), (91, 57), (88, 58), (89, 58), (85, 59), (86, 59), (87, 59), (71, 60), (83, 60), (84, 60), (81, 61), (82, 61), (70, 62), (79, 62), (80, 62), (77, 63), (78, 63), (69, 64), (75, 64), (76, 64), (69, 65), (73, 65), (74, 65), (70, 66), (71, 66), (72, 66)]
[(92, 56), (90, 57), (91, 57), (93, 57), (88, 58), (89, 58), (85, 59), (86, 59), (87, 59), (92, 59), (83, 60), (84, 60), (81, 61), (82, 61), (91, 61), (79, 62), (80, 62), (77, 63), (78, 63), (90, 63), (75, 64), (76, 64), (73, 65), (74, 65), (89, 65), (70, 66), (71, 66), (72, 66), (88, 67), (69, 68), (87, 69), (68, 70), (86, 71), (67, 72), (66, 74), (85, 74), (65, 76), (84, 76), (64, 78), (83, 78), (83, 79), (63, 80), (81, 80), (82, 80), (79, 81), (80, 81), (76, 82), (77, 82), (78, 82), (62, 83), (74, 83), (75, 83), (72, 84), (73, 84), (61, 85), (70, 85), (71, 85), (68, 86), (69, 86), (60, 87), (66, 87), (67, 87), (60, 88), (64, 88), (65, 88), (61, 89), (62, 89), (63, 89)]
[(113, 48), (114, 48), (111, 49), (112, 49), (108, 50), (109, 50), (110, 50), (106, 51), (107, 51), (104, 52), (105, 52), (114, 52), (102, 53), (103, 53), (100, 54), (101, 54), (113, 54), (98, 55), (99, 55), (96, 56), (97, 56), (112, 56), (93, 57), (94, 57), (95, 57), (111, 58), (92, 59), (110, 60), (91, 61), (109, 62), (90, 63), (89, 65), (108, 65), (88, 67), (107, 67), (87, 69), (106, 69), (106, 70), (86, 71), (104, 71), (105, 71), (102, 72), (103, 72), (99, 73), (100, 73), (101, 73), (85, 74), (97, 74), (98, 74), (95, 75), (96, 75), (84, 76), (93, 76), (94, 76), (91, 77), (92, 77), (83, 78), (89, 78), (90, 78), (83, 79), (87, 79), (88, 79), (84, 80), (85, 80), (86, 80)]
[(106, 70), (104, 71), (105, 71), (107, 71), (102, 72), (103, 72), (99, 73), (100, 73), (101, 73), (106, 73), (97, 74), (98, 74), (95, 75), (96, 75), (105, 75), (93, 76), (94, 76), (91, 77), (92, 77), (104, 77), (89, 78), (90, 78), (87, 79), (88, 79), (103, 79), (84, 80), (85, 80), (86, 80), (102, 81), (83, 82), (101, 83), (82, 84), (100, 85), (81, 86), (80, 88), (99, 88), (79, 90), (98, 90), (78, 92), (97, 92), (97, 93), (77, 94), (95, 94), (96, 94), (93, 95), (94, 95), (90, 96), (91, 96), (92, 96), (76, 97), (88, 97), (89, 97), (86, 98), (87, 98), (75, 99), (84, 99), (85, 99), (82, 100), (83, 100), (74, 101), (80, 101), (81, 101), (74, 102), (78, 102), (79, 102), (75, 103), (76, 103), (77, 103)]
[(114, 68), (112, 69), (113, 69), (110, 70), (111, 70), (107, 71), (108, 71), (109, 71), (106, 73), (105, 75), (104, 77), (103, 79), (102, 81), (101, 83), (100, 85), (113, 87), (114, 87), (99, 88), (111, 88), (112, 88), (109, 89), (110, 89), (98, 90), (107, 90), (108, 90), (105, 91), (106, 91), (97, 92), (103, 92), (104, 92), (97, 93), (101, 93), (102, 93), (98, 94), (99, 94), (100, 94)]
[(113, 87), (114, 87), (111, 88), (112, 88), (109, 89), (110, 89), (107, 90), (108, 90), (105, 91), (106, 91), (103, 92), (104, 92), (101, 93), (102, 93), (98, 94), (99, 94), (100, 94), (97, 96), (96, 98), (114, 99), (95, 100), (94, 102), (113, 102), (93, 104), (112, 104), (92, 106), (111, 106), (111, 107), (91, 108), (109, 108), (110, 108), (107, 109), (108, 109), (104, 110), (105, 110), (106, 110), (90, 111), (102, 111), (103, 111), (100, 112), (101, 112), (89, 113), (98, 113), (99, 113), (96, 114), (97, 114)]
[(114, 99), (113, 102), (112, 104), (111, 106), (111, 107), (112, 108), (113, 108), (114, 108)]
[(112, 108), (113, 108), (114, 108), (111, 110), (110, 112), (109, 114)]
[(32, 60), (30, 61), (31, 61), (33, 61), (28, 62), (29, 62), (25, 63), (26, 63), (27, 63), (32, 63), (23, 64), (24, 64), (21, 65), (22, 65), (31, 65), (19, 66), (20, 66), (17, 67), (18, 67), (30, 67), (15, 68), (16, 68), (13, 69), (14, 69), (29, 69), (10, 70), (11, 70), (12, 70), (28, 71), (9, 72), (27, 73), (8, 74), (26, 75), (7, 76), (6, 78), (25, 78), (5, 80), (24, 80), (4, 82), (23, 82), (23, 83), (3, 84), (21, 84), (22, 84), (19, 85), (20, 85), (16, 86), (17, 86), (18, 86), (2, 87), (14, 87), (15, 87), (12, 88), (13, 88), (1, 89), (10, 89), (11, 89), (8, 90), (9, 90), (0, 91), (6, 91), (7, 91), (0, 92), (4, 92), (5, 92), (1, 93), (2, 93), (3, 93)]
[(55, 51), (53, 52), (54, 52), (56, 52), (51, 53), (52, 53), (48, 54), (49, 54), (50, 54), (55, 54), (46, 55), (47, 55), (44, 56), (45, 56), (54, 56), (42, 57), (43, 57), (40, 58), (41, 58), (53, 58), (38, 59), (39, 59), (36, 60), (37, 60), (52, 60), (33, 61), (34, 61), (35, 61), (51, 62), (32, 63), (50, 64), (31, 65), (49, 66), (30, 67), (29, 69), (48, 69), (28, 71), (47, 71), (27, 73), (46, 73), (46, 74), (26, 75), (44, 75), (45, 75), (42, 76), (43, 76), (39, 77), (40, 77), (41, 77), (25, 78), (37, 78), (38, 78), (35, 79), (36, 79), (24, 80), (33, 80), (34, 80), (31, 81), (32, 81), (23, 82), (29, 82), (30, 82), (23, 83), (27, 83), (28, 83), (24, 84), (25, 84), (26, 84)]
[(46, 74), (44, 75), (45, 75), (47, 75), (42, 76), (43, 76), (39, 77), (40, 77), (41, 77), (46, 77), (37, 78), (38, 78), (35, 79), (36, 79), (45, 79), (33, 80), (34, 80), (31, 81), (32, 81), (44, 81), (29, 82), (30, 82), (27, 83), (28, 83), (43, 83), (24, 84), (25, 84), (26, 84), (42, 85), (23, 86), (41, 87), (22, 88), (40, 89), (21, 90), (20, 92), (39, 92), (19, 94), (38, 94), (18, 96), (37, 96), (37, 97), (17, 98), (35, 98), (36, 98), (33, 99), (34, 99), (30, 100), (31, 100), (32, 100), (16, 101), (28, 101), (29, 101), (26, 102), (27, 102), (15, 103), (24, 103), (25, 103), (22, 104), (23, 104), (14, 105), (20, 105), (21, 105), (14, 106), (18, 106), (19, 106), (15, 107), (16, 107), (17, 107)]
[(69, 65), (67, 66), (68, 66), (70, 66), (65, 67), (66, 67), (62, 68), (63, 68), (64, 68), (69, 68), (60, 69), (61, 69), (58, 70), (59, 70), (68, 70), (56, 71), (57, 71), (54, 72), (55, 72), (67, 72), (52, 73), (53, 73), (50, 74), (51, 74), (66, 74), (47, 75), (48, 75), (49, 75), (65, 76), (46, 77), (64, 78), (45, 79), (63, 80), (44, 81), (43, 83), (62, 83), (42, 85), (61, 85), (41, 87), (60, 87), (60, 88), (40, 89), (58, 89), (59, 89), (56, 90), (57, 90), (53, 91), (54, 91), (55, 91), (39, 92), (51, 92), (52, 92), (49, 93), (50, 93), (38, 94), (47, 94), (48, 94), (45, 95), (46, 95), (37, 96), (43, 96), (44, 96), (37, 97), (41, 97), (42, 97), (38, 98), (39, 98), (40, 98)]
[(60, 88), (58, 89), (59, 89), (61, 89), (56, 90), (57, 90), (53, 91), (54, 91), (55, 91), (60, 91), (51, 92), (52, 92), (49, 93), (50, 93), (59, 93), (47, 94), (48, 94), (45, 95), (46, 95), (58, 95), (43, 96), (44, 96), (41, 97), (42, 97), (57, 97), (38, 98), (39, 98), (40, 98), (56, 99), (37, 100), (55, 101), (36, 102), (54, 103), (35, 104), (34, 106), (53, 106), (33, 108), (52, 108), (32, 110), (51, 110), (51, 111), (31, 112), (49, 112), (50, 112), (47, 113), (48, 113), (44, 114), (45, 114), (46, 114)]
[(83, 79), (81, 80), (82, 80), (84, 80), (79, 81), (80, 81), (76, 82), (77, 82), (78, 82), (83, 82), (74, 83), (75, 83), (72, 84), (73, 84), (82, 84), (70, 85), (71, 85), (68, 86), (69, 86), (81, 86), (66, 87), (67, 87), (64, 88), (65, 88), (80, 88), (61, 89), (62, 89), (63, 89), (79, 90), (60, 91), (78, 92), (59, 93), (77, 94), (58, 95), (57, 97), (76, 97), (56, 99), (75, 99), (55, 101), (74, 101), (74, 102), (54, 103), (72, 103), (73, 103), (70, 104), (71, 104), (67, 105), (68, 105), (69, 105), (53, 106), (65, 106), (66, 106), (63, 107), (64, 107), (52, 108), (61, 108), (62, 108), (59, 109), (60, 109), (51, 110), (57, 110), (58, 110), (51, 111), (55, 111), (56, 111), (52, 112), (53, 112), (54, 112)]
[(74, 102), (72, 103), (73, 103), (75, 103), (70, 104), (71, 104), (67, 105), (68, 105), (69, 105), (74, 105), (65, 106), (66, 106), (63, 107), (64, 107), (73, 107), (61, 108), (62, 108), (59, 109), (60, 109), (72, 109), (57, 110), (58, 110), (55, 111), (56, 111), (71, 111), (52, 112), (53, 112), (54, 112), (70, 113), (51, 114)]
[(97, 93), (95, 94), (96, 94), (98, 94), (93, 95), (94, 95), (90, 96), (91, 96), (92, 96), (97, 96), (88, 97), (89, 97), (86, 98), (87, 98), (96, 98), (84, 99), (85, 99), (82, 100), (83, 100), (95, 100), (80, 101), (81, 101), (78, 102), (79, 102), (94, 102), (75, 103), (76, 103), (77, 103), (93, 104), (74, 105), (92, 106), (73, 107), (91, 108), (72, 109), (71, 111), (90, 111), (70, 113), (89, 113)]
[(111, 107), (109, 108), (110, 108), (112, 108), (107, 109), (108, 109), (104, 110), (105, 110), (106, 110), (111, 110), (102, 111), (103, 111), (100, 112), (101, 112), (110, 112), (98, 113), (99, 113), (96, 114), (97, 114), (109, 114)]
[(23, 83), (21, 84), (22, 84), (24, 84), (19, 85), (20, 85), (16, 86), (17, 86), (18, 86), (23, 86), (14, 87), (15, 87), (12, 88), (13, 88), (22, 88), (10, 89), (11, 89), (8, 90), (9, 90), (21, 90), (6, 91), (7, 91), (4, 92), (5, 92), (20, 92), (1, 93), (2, 93), (3, 93), (19, 94), (0, 95), (18, 96), (17, 98), (16, 101), (15, 103), (14, 105), (14, 106), (12, 107), (13, 107), (10, 108), (11, 108), (7, 109), (8, 109), (9, 109), (5, 110), (6, 110), (3, 111), (4, 111), (1, 112), (2, 112), (0, 113)]
[(14, 106), (12, 107), (13, 107), (15, 107), (10, 108), (11, 108), (7, 109), (8, 109), (9, 109), (14, 109), (5, 110), (6, 110), (3, 111), (4, 111), (13, 111), (1, 112), (2, 112), (0, 113), (12, 113)]
[(37, 97), (35, 98), (36, 98), (38, 98), (33, 99), (34, 99), (30, 100), (31, 100), (32, 100), (37, 100), (28, 101), (29, 101), (26, 102), (27, 102), (36, 102), (24, 103), (25, 103), (22, 104), (23, 104), (35, 104), (20, 105), (21, 105), (18, 106), (19, 106), (34, 106), (15, 107), (16, 107), (17, 107), (33, 108), (14, 109), (32, 110), (13, 111), (31, 112), (12, 113)]
[(51, 111), (49, 112), (50, 112), (52, 112), (47, 113), (48, 113), (44, 114), (45, 114), (46, 114), (51, 114)]
