[(82, 24), (83, 24), (79, 25), (80, 25), (81, 25), (84, 25), (77, 26), (78, 26), (85, 26), (74, 27), (75, 27), (76, 27), (86, 27), (72, 28), (73, 28), (69, 29), (70, 29), (71, 29), (85, 29), (66, 30), (67, 30), (68, 30), (65, 32), (84, 32), (83, 34), (64, 35), (63, 37), (82, 37), (81, 39), (62, 40), (61, 42), (80, 42), (79, 44), (80, 44), (60, 45), (76, 45), (77, 45), (78, 45), (74, 46), (75, 46), (60, 47), (71, 47), (72, 47), (73, 47), (61, 48), (69, 48), (70, 48), (62, 49), (66, 49), (67, 49), (68, 49), (63, 50), (64, 50), (65, 50)]
[(102, 21), (103, 21), (99, 22), (100, 22), (101, 22), (104, 22), (97, 23), (98, 23), (105, 23), (94, 24), (95, 24), (96, 24), (106, 24), (92, 25), (93, 25), (89, 26), (90, 26), (91, 26), (105, 26), (86, 27), (87, 27), (88, 27), (85, 29), (104, 29), (103, 31), (84, 32), (83, 34), (102, 34), (101, 36), (82, 37), (81, 39), (100, 39), (99, 41), (100, 41), (80, 42), (96, 42), (97, 42), (98, 42), (94, 43), (95, 43), (80, 44), (91, 44), (92, 44), (93, 44), (81, 45), (89, 45), (90, 45), (82, 46), (86, 46), (87, 46), (88, 46), (83, 47), (84, 47), (85, 47)]
[(99, 41), (100, 41), (96, 42), (97, 42), (98, 42), (101, 42), (94, 43), (95, 43), (102, 43), (91, 44), (92, 44), (93, 44), (103, 44), (89, 45), (90, 45), (86, 46), (87, 46), (88, 46), (102, 46), (83, 47), (84, 47), (85, 47), (82, 49), (101, 49), (100, 51), (81, 52), (80, 54), (99, 54), (98, 56), (79, 57), (78, 59), (97, 59), (96, 61), (97, 61), (77, 62), (93, 62), (94, 62), (95, 62), (91, 63), (92, 63), (77, 64), (88, 64), (89, 64), (90, 64), (78, 65), (86, 65), (87, 65), (79, 66), (83, 66), (84, 66), (85, 66), (80, 67), (81, 67), (82, 67)]
[(114, 40), (111, 41), (112, 41), (113, 41), (109, 42), (110, 42), (106, 43), (107, 43), (108, 43), (103, 44), (104, 44), (105, 44), (102, 46), (101, 49), (100, 51), (99, 54), (98, 56), (97, 59), (113, 59), (114, 59), (111, 60), (112, 60), (97, 61), (108, 61), (109, 61), (110, 61), (98, 62), (106, 62), (107, 62), (99, 63), (103, 63), (104, 63), (105, 63), (100, 64), (101, 64), (102, 64)]
[(113, 59), (114, 59), (111, 60), (112, 60), (108, 61), (109, 61), (110, 61), (106, 62), (107, 62), (103, 63), (104, 63), (105, 63), (100, 64), (101, 64), (102, 64), (99, 66), (98, 69), (97, 71), (96, 74), (95, 76), (114, 76), (113, 78), (114, 78), (94, 79), (110, 79), (111, 79), (112, 79), (108, 80), (109, 80), (94, 81), (105, 81), (106, 81), (107, 81), (95, 82), (103, 82), (104, 82), (96, 83), (100, 83), (101, 83), (102, 83), (97, 84), (98, 84), (99, 84)]
[(114, 76), (114, 78)]
[(114, 88), (113, 91), (112, 93), (111, 96), (111, 98), (112, 99), (113, 100), (114, 101)]
[(42, 30), (43, 30), (39, 31), (40, 31), (41, 31), (44, 31), (37, 32), (38, 32), (45, 32), (34, 33), (35, 33), (36, 33), (46, 33), (32, 34), (33, 34), (29, 35), (30, 35), (31, 35), (45, 35), (26, 36), (27, 36), (28, 36), (25, 38), (44, 38), (43, 40), (24, 41), (23, 43), (42, 43), (41, 45), (22, 46), (21, 48), (40, 48), (39, 50), (40, 50), (20, 51), (36, 51), (37, 51), (38, 51), (34, 52), (35, 52), (20, 53), (31, 53), (32, 53), (33, 53), (21, 54), (29, 54), (30, 54), (22, 55), (26, 55), (27, 55), (28, 55), (23, 56), (24, 56), (25, 56)]
[(62, 27), (63, 27), (59, 28), (60, 28), (61, 28), (64, 28), (57, 29), (58, 29), (65, 29), (54, 30), (55, 30), (56, 30), (66, 30), (52, 31), (53, 31), (49, 32), (50, 32), (51, 32), (65, 32), (46, 33), (47, 33), (48, 33), (45, 35), (64, 35), (63, 37), (44, 38), (43, 40), (62, 40), (61, 42), (42, 43), (41, 45), (60, 45), (59, 47), (60, 47), (40, 48), (56, 48), (57, 48), (58, 48), (54, 49), (55, 49), (40, 50), (51, 50), (52, 50), (53, 50), (41, 51), (49, 51), (50, 51), (42, 52), (46, 52), (47, 52), (48, 52), (43, 53), (44, 53), (45, 53)]
[(59, 47), (60, 47), (56, 48), (57, 48), (58, 48), (61, 48), (54, 49), (55, 49), (62, 49), (51, 50), (52, 50), (53, 50), (63, 50), (49, 51), (50, 51), (46, 52), (47, 52), (48, 52), (62, 52), (43, 53), (44, 53), (45, 53), (42, 55), (61, 55), (60, 57), (41, 58), (40, 60), (59, 60), (58, 62), (39, 63), (38, 65), (57, 65), (56, 67), (57, 67), (37, 68), (53, 68), (54, 68), (55, 68), (51, 69), (52, 69), (37, 70), (48, 70), (49, 70), (50, 70), (38, 71), (46, 71), (47, 71), (39, 72), (43, 72), (44, 72), (45, 72), (40, 73), (41, 73), (42, 73)]
[(79, 44), (80, 44), (76, 45), (77, 45), (78, 45), (81, 45), (74, 46), (75, 46), (82, 46), (71, 47), (72, 47), (73, 47), (83, 47), (69, 48), (70, 48), (66, 49), (67, 49), (68, 49), (82, 49), (63, 50), (64, 50), (65, 50), (62, 52), (81, 52), (80, 54), (61, 55), (60, 57), (79, 57), (78, 59), (59, 60), (58, 62), (77, 62), (76, 64), (77, 64), (57, 65), (73, 65), (74, 65), (75, 65), (71, 66), (72, 66), (57, 67), (68, 67), (69, 67), (70, 67), (58, 68), (66, 68), (67, 68), (59, 69), (63, 69), (64, 69), (65, 69), (60, 70), (61, 70), (62, 70)]
[(76, 64), (77, 64), (73, 65), (74, 65), (75, 65), (78, 65), (71, 66), (72, 66), (79, 66), (68, 67), (69, 67), (70, 67), (80, 67), (66, 68), (67, 68), (63, 69), (64, 69), (65, 69), (79, 69), (60, 70), (61, 70), (62, 70), (59, 72), (78, 72), (77, 74), (58, 75), (57, 77), (76, 77), (75, 79), (56, 80), (55, 82), (74, 82), (73, 84), (74, 84), (54, 85), (70, 85), (71, 85), (72, 85), (68, 86), (69, 86), (54, 87), (65, 87), (66, 87), (67, 87), (55, 88), (63, 88), (64, 88), (56, 89), (60, 89), (61, 89), (62, 89), (57, 90), (58, 90), (59, 90)]
[(96, 61), (97, 61), (93, 62), (94, 62), (95, 62), (98, 62), (91, 63), (92, 63), (99, 63), (88, 64), (89, 64), (90, 64), (100, 64), (86, 65), (87, 65), (83, 66), (84, 66), (85, 66), (99, 66), (80, 67), (81, 67), (82, 67), (79, 69), (98, 69), (97, 71), (78, 72), (77, 74), (96, 74), (95, 76), (76, 77), (75, 79), (94, 79), (93, 81), (94, 81), (74, 82), (90, 82), (91, 82), (92, 82), (88, 83), (89, 83), (74, 84), (85, 84), (86, 84), (87, 84), (75, 85), (83, 85), (84, 85), (76, 86), (80, 86), (81, 86), (82, 86), (77, 87), (78, 87), (79, 87)]
[(93, 81), (94, 81), (90, 82), (91, 82), (92, 82), (95, 82), (88, 83), (89, 83), (96, 83), (85, 84), (86, 84), (87, 84), (97, 84), (83, 85), (84, 85), (80, 86), (81, 86), (82, 86), (96, 86), (77, 87), (78, 87), (79, 87), (76, 89), (95, 89), (94, 91), (75, 92), (74, 94), (93, 94), (92, 96), (73, 97), (72, 99), (91, 99), (90, 101), (91, 101), (71, 102), (87, 102), (88, 102), (89, 102), (85, 103), (86, 103), (71, 104), (82, 104), (83, 104), (84, 104), (72, 105), (80, 105), (81, 105), (73, 106), (77, 106), (78, 106), (79, 106), (74, 107), (75, 107), (76, 107)]
[(113, 78), (114, 78), (110, 79), (111, 79), (112, 79), (108, 80), (109, 80), (105, 81), (106, 81), (107, 81), (103, 82), (104, 82), (100, 83), (101, 83), (102, 83), (97, 84), (98, 84), (99, 84), (96, 86), (114, 88), (95, 89), (94, 91), (113, 91), (112, 93), (93, 94), (92, 96), (111, 96), (110, 98), (111, 98), (91, 99), (107, 99), (108, 99), (109, 99), (105, 100), (106, 100), (91, 101), (102, 101), (103, 101), (104, 101), (92, 102), (100, 102), (101, 102), (93, 103), (97, 103), (98, 103), (99, 103), (94, 104), (95, 104), (96, 104)]
[(110, 98), (111, 98), (107, 99), (108, 99), (109, 99), (112, 99), (105, 100), (106, 100), (113, 100), (102, 101), (103, 101), (104, 101), (114, 101), (100, 102), (101, 102), (97, 103), (98, 103), (99, 103), (113, 103), (94, 104), (95, 104), (96, 104), (93, 106), (112, 106), (111, 108), (92, 109), (91, 111), (110, 111), (109, 113), (90, 114)]
[(114, 101), (113, 103), (112, 106), (111, 108), (110, 111), (109, 113)]
[(19, 53), (20, 53), (16, 54), (17, 54), (18, 54), (21, 54), (14, 55), (15, 55), (22, 55), (11, 56), (12, 56), (13, 56), (23, 56), (9, 57), (10, 57), (6, 58), (7, 58), (8, 58), (22, 58), (3, 59), (4, 59), (5, 59), (2, 61), (21, 61), (20, 63), (1, 64), (0, 66), (19, 66), (18, 68), (17, 71), (16, 73), (17, 73), (13, 74), (14, 74), (15, 74), (11, 75), (12, 75), (8, 76), (9, 76), (10, 76), (6, 77), (7, 77), (3, 78), (4, 78), (5, 78), (0, 79), (1, 79), (2, 79)]
[(39, 50), (40, 50), (36, 51), (37, 51), (38, 51), (41, 51), (34, 52), (35, 52), (42, 52), (31, 53), (32, 53), (33, 53), (43, 53), (29, 54), (30, 54), (26, 55), (27, 55), (28, 55), (42, 55), (23, 56), (24, 56), (25, 56), (22, 58), (41, 58), (40, 60), (21, 61), (20, 63), (39, 63), (38, 65), (19, 66), (18, 68), (37, 68), (36, 70), (37, 70), (17, 71), (33, 71), (34, 71), (35, 71), (31, 72), (32, 72), (17, 73), (28, 73), (29, 73), (30, 73), (18, 74), (26, 74), (27, 74), (19, 75), (23, 75), (24, 75), (25, 75), (20, 76), (21, 76), (22, 76)]
[(36, 70), (37, 70), (33, 71), (34, 71), (35, 71), (38, 71), (31, 72), (32, 72), (39, 72), (28, 73), (29, 73), (30, 73), (40, 73), (26, 74), (27, 74), (23, 75), (24, 75), (25, 75), (39, 75), (20, 76), (21, 76), (22, 76), (19, 78), (38, 78), (37, 80), (18, 81), (17, 83), (36, 83), (35, 85), (16, 86), (15, 88), (34, 88), (33, 90), (34, 90), (14, 91), (30, 91), (31, 91), (32, 91), (28, 92), (29, 92), (14, 93), (25, 93), (26, 93), (27, 93), (15, 94), (23, 94), (24, 94), (16, 95), (20, 95), (21, 95), (22, 95), (17, 96), (18, 96), (19, 96)]
[(56, 67), (57, 67), (53, 68), (54, 68), (55, 68), (58, 68), (51, 69), (52, 69), (59, 69), (48, 70), (49, 70), (50, 70), (60, 70), (46, 71), (47, 71), (43, 72), (44, 72), (45, 72), (59, 72), (40, 73), (41, 73), (42, 73), (39, 75), (58, 75), (57, 77), (38, 78), (37, 80), (56, 80), (55, 82), (36, 83), (35, 85), (54, 85), (53, 87), (54, 87), (34, 88), (50, 88), (51, 88), (52, 88), (48, 89), (49, 89), (34, 90), (45, 90), (46, 90), (47, 90), (35, 91), (43, 91), (44, 91), (36, 92), (40, 92), (41, 92), (42, 92), (37, 93), (38, 93), (39, 93)]
[(53, 87), (54, 87), (50, 88), (51, 88), (52, 88), (55, 88), (48, 89), (49, 89), (56, 89), (45, 90), (46, 90), (47, 90), (57, 90), (43, 91), (44, 91), (40, 92), (41, 92), (42, 92), (56, 92), (37, 93), (38, 93), (39, 93), (36, 95), (55, 95), (54, 97), (35, 98), (34, 100), (53, 100), (52, 102), (33, 103), (32, 105), (51, 105), (50, 107), (51, 107), (31, 108), (47, 108), (48, 108), (49, 108), (45, 109), (46, 109), (31, 110), (42, 110), (43, 110), (44, 110), (32, 111), (40, 111), (41, 111), (33, 112), (37, 112), (38, 112), (39, 112), (34, 113), (35, 113), (36, 113)]
[(73, 84), (74, 84), (70, 85), (71, 85), (72, 85), (75, 85), (68, 86), (69, 86), (76, 86), (65, 87), (66, 87), (67, 87), (77, 87), (63, 88), (64, 88), (60, 89), (61, 89), (62, 89), (76, 89), (57, 90), (58, 90), (59, 90), (56, 92), (75, 92), (74, 94), (55, 95), (54, 97), (73, 97), (72, 99), (53, 100), (52, 102), (71, 102), (70, 104), (71, 104), (51, 105), (67, 105), (68, 105), (69, 105), (65, 106), (66, 106), (51, 107), (62, 107), (63, 107), (64, 107), (52, 108), (60, 108), (61, 108), (53, 109), (57, 109), (58, 109), (59, 109), (54, 110), (55, 110), (56, 110)]
[(70, 104), (71, 104), (67, 105), (68, 105), (69, 105), (72, 105), (65, 106), (66, 106), (73, 106), (62, 107), (63, 107), (64, 107), (74, 107), (60, 108), (61, 108), (57, 109), (58, 109), (59, 109), (73, 109), (54, 110), (55, 110), (56, 110), (53, 112), (72, 112), (71, 114)]
[(90, 101), (91, 101), (87, 102), (88, 102), (89, 102), (92, 102), (85, 103), (86, 103), (93, 103), (82, 104), (83, 104), (84, 104), (94, 104), (80, 105), (81, 105), (77, 106), (78, 106), (79, 106), (93, 106), (74, 107), (75, 107), (76, 107), (73, 109), (92, 109), (91, 111), (72, 112), (71, 114), (90, 114)]
[(16, 73), (17, 73), (13, 74), (14, 74), (15, 74), (18, 74), (11, 75), (12, 75), (19, 75), (8, 76), (9, 76), (10, 76), (20, 76), (6, 77), (7, 77), (3, 78), (4, 78), (5, 78), (19, 78), (0, 79), (1, 79), (2, 79), (18, 81), (17, 83), (16, 86), (15, 88), (14, 91), (13, 93), (14, 93), (10, 94), (11, 94), (12, 94), (8, 95), (9, 95), (5, 96), (6, 96), (7, 96), (3, 97), (4, 97), (0, 98), (1, 98), (2, 98)]
[(13, 93), (14, 93), (10, 94), (11, 94), (12, 94), (15, 94), (8, 95), (9, 95), (16, 95), (5, 96), (6, 96), (7, 96), (17, 96), (3, 97), (4, 97), (0, 98), (1, 98), (2, 98), (16, 98), (15, 101), (14, 103), (13, 106), (12, 108), (11, 111), (10, 113), (11, 113), (7, 114), (8, 114), (9, 114)]
[(33, 90), (34, 90), (30, 91), (31, 91), (32, 91), (35, 91), (28, 92), (29, 92), (36, 92), (25, 93), (26, 93), (27, 93), (37, 93), (23, 94), (24, 94), (20, 95), (21, 95), (22, 95), (36, 95), (17, 96), (18, 96), (19, 96), (16, 98), (35, 98), (34, 100), (15, 101), (14, 103), (33, 103), (32, 105), (13, 106), (12, 108), (31, 108), (30, 110), (31, 110), (11, 111), (27, 111), (28, 111), (29, 111), (25, 112), (26, 112), (11, 113), (22, 113), (23, 113), (24, 113), (12, 114), (20, 114), (21, 114)]
[(30, 110), (31, 110), (27, 111), (28, 111), (29, 111), (32, 111), (25, 112), (26, 112), (33, 112), (22, 113), (23, 113), (24, 113), (34, 113), (20, 114), (21, 114)]
[(50, 107), (51, 107), (47, 108), (48, 108), (49, 108), (52, 108), (45, 109), (46, 109), (53, 109), (42, 110), (43, 110), (44, 110), (54, 110), (40, 111), (41, 111), (37, 112), (38, 112), (39, 112), (53, 112), (34, 113), (35, 113), (36, 113)]
[(10, 113), (11, 113), (7, 114), (8, 114), (9, 114), (12, 114)]
