[(105, 26), (106, 26), (103, 27), (104, 27), (107, 27), (100, 28), (101, 28), (102, 28), (108, 28), (97, 29), (98, 29), (99, 29), (109, 29), (94, 30), (95, 30), (96, 30), (110, 30), (91, 31), (92, 31), (93, 31), (111, 31), (88, 32), (89, 32), (90, 32), (110, 33), (87, 34), (109, 36), (86, 37), (108, 39), (85, 40), (107, 42), (84, 43), (106, 45), (83, 46), (105, 48), (82, 49), (104, 49), (105, 49), (82, 50), (102, 50), (103, 50), (83, 51), (99, 51), (100, 51), (101, 51), (84, 52), (96, 52), (97, 52), (98, 52), (85, 53), (93, 53), (94, 53), (95, 53), (86, 54), (90, 54), (91, 54), (92, 54), (87, 55), (88, 55), (89, 55)]
[(114, 30), (111, 31), (112, 31), (113, 31), (110, 33), (109, 36), (108, 39), (107, 42), (106, 45), (105, 48), (105, 49), (106, 50), (107, 51), (108, 52), (109, 53), (113, 53), (114, 53), (110, 54), (111, 54), (112, 54)]
[(113, 53), (114, 53), (110, 54), (111, 54), (112, 54), (109, 56), (108, 59), (107, 62), (106, 65), (105, 68), (104, 71), (104, 72), (105, 73), (106, 74), (107, 75), (108, 76), (112, 76), (113, 76), (114, 76), (109, 77), (110, 77), (111, 77)]
[(59, 28), (60, 28), (57, 29), (58, 29), (61, 29), (54, 30), (55, 30), (56, 30), (62, 30), (51, 31), (52, 31), (53, 31), (63, 31), (48, 32), (49, 32), (50, 32), (64, 32), (45, 33), (46, 33), (47, 33), (65, 33), (42, 34), (43, 34), (44, 34), (64, 35), (41, 36), (63, 38), (40, 39), (62, 41), (39, 42), (61, 44), (38, 45), (60, 47), (37, 48), (59, 50), (36, 51), (58, 51), (59, 51), (36, 52), (56, 52), (57, 52), (37, 53), (53, 53), (54, 53), (55, 53), (38, 54), (50, 54), (51, 54), (52, 54), (39, 55), (47, 55), (48, 55), (49, 55), (40, 56), (44, 56), (45, 56), (46, 56), (41, 57), (42, 57), (43, 57)]
[(82, 27), (83, 27), (80, 28), (81, 28), (84, 28), (77, 29), (78, 29), (79, 29), (85, 29), (74, 30), (75, 30), (76, 30), (86, 30), (71, 31), (72, 31), (73, 31), (87, 31), (68, 32), (69, 32), (70, 32), (88, 32), (65, 33), (66, 33), (67, 33), (87, 34), (64, 35), (86, 37), (63, 38), (85, 40), (62, 41), (84, 43), (61, 44), (83, 46), (60, 47), (82, 49), (59, 50), (81, 50), (82, 50), (59, 51), (79, 51), (80, 51), (60, 52), (76, 52), (77, 52), (78, 52), (61, 53), (73, 53), (74, 53), (75, 53), (62, 54), (70, 54), (71, 54), (72, 54), (63, 55), (67, 55), (68, 55), (69, 55), (64, 56), (65, 56), (66, 56)]
[(81, 50), (82, 50), (79, 51), (80, 51), (83, 51), (76, 52), (77, 52), (78, 52), (84, 52), (73, 53), (74, 53), (75, 53), (85, 53), (70, 54), (71, 54), (72, 54), (86, 54), (67, 55), (68, 55), (69, 55), (87, 55), (64, 56), (65, 56), (66, 56), (86, 57), (63, 58), (85, 60), (62, 61), (84, 63), (61, 64), (83, 66), (60, 67), (82, 69), (59, 70), (81, 72), (58, 73), (80, 73), (81, 73), (58, 74), (78, 74), (79, 74), (59, 75), (75, 75), (76, 75), (77, 75), (60, 76), (72, 76), (73, 76), (74, 76), (61, 77), (69, 77), (70, 77), (71, 77), (62, 78), (66, 78), (67, 78), (68, 78), (63, 79), (64, 79), (65, 79)]
[(104, 49), (105, 49), (102, 50), (103, 50), (106, 50), (99, 51), (100, 51), (101, 51), (107, 51), (96, 52), (97, 52), (98, 52), (108, 52), (93, 53), (94, 53), (95, 53), (109, 53), (90, 54), (91, 54), (92, 54), (110, 54), (87, 55), (88, 55), (89, 55), (109, 56), (86, 57), (108, 59), (85, 60), (107, 62), (84, 63), (106, 65), (83, 66), (105, 68), (82, 69), (104, 71), (81, 72), (103, 72), (104, 72), (81, 73), (101, 73), (102, 73), (82, 74), (98, 74), (99, 74), (100, 74), (83, 75), (95, 75), (96, 75), (97, 75), (84, 76), (92, 76), (93, 76), (94, 76), (85, 77), (89, 77), (90, 77), (91, 77), (86, 78), (87, 78), (88, 78)]
[(103, 72), (104, 72), (101, 73), (102, 73), (105, 73), (98, 74), (99, 74), (100, 74), (106, 74), (95, 75), (96, 75), (97, 75), (107, 75), (92, 76), (93, 76), (94, 76), (108, 76), (89, 77), (90, 77), (91, 77), (109, 77), (86, 78), (87, 78), (88, 78), (108, 79), (85, 80), (107, 82), (84, 83), (106, 85), (83, 86), (105, 88), (82, 89), (104, 91), (81, 92), (103, 94), (80, 95), (102, 95), (103, 95), (80, 96), (100, 96), (101, 96), (81, 97), (97, 97), (98, 97), (99, 97), (82, 98), (94, 98), (95, 98), (96, 98), (83, 99), (91, 99), (92, 99), (93, 99), (84, 100), (88, 100), (89, 100), (90, 100), (85, 101), (86, 101), (87, 101)]
[(112, 76), (113, 76), (114, 76), (109, 77), (110, 77), (111, 77), (108, 79), (107, 82), (106, 85), (105, 88), (104, 91), (103, 94), (103, 95), (104, 96), (105, 97), (106, 98), (114, 98), (107, 99), (111, 99), (112, 99), (113, 99), (108, 100), (109, 100), (110, 100)]
[(114, 98), (111, 99), (112, 99), (113, 99), (108, 100), (109, 100), (110, 100), (107, 102), (106, 105), (105, 108), (104, 111), (103, 114)]
[(35, 52), (36, 52), (33, 53), (34, 53), (37, 53), (30, 54), (31, 54), (32, 54), (38, 54), (27, 55), (28, 55), (29, 55), (39, 55), (24, 56), (25, 56), (26, 56), (40, 56), (21, 57), (22, 57), (23, 57), (41, 57), (18, 58), (19, 58), (20, 58), (40, 59), (17, 60), (39, 62), (16, 63), (38, 65), (15, 66), (37, 68), (14, 69), (36, 71), (13, 72), (35, 74), (12, 75), (34, 75), (35, 75), (12, 76), (32, 76), (33, 76), (13, 77), (29, 77), (30, 77), (31, 77), (14, 78), (26, 78), (27, 78), (28, 78), (15, 79), (23, 79), (24, 79), (25, 79), (16, 80), (20, 80), (21, 80), (22, 80), (17, 81), (18, 81), (19, 81)]
[(58, 51), (59, 51), (56, 52), (57, 52), (60, 52), (53, 53), (54, 53), (55, 53), (61, 53), (50, 54), (51, 54), (52, 54), (62, 54), (47, 55), (48, 55), (49, 55), (63, 55), (44, 56), (45, 56), (46, 56), (64, 56), (41, 57), (42, 57), (43, 57), (63, 58), (40, 59), (62, 61), (39, 62), (61, 64), (38, 65), (60, 67), (37, 68), (59, 70), (36, 71), (58, 73), (35, 74), (57, 74), (58, 74), (35, 75), (55, 75), (56, 75), (36, 76), (52, 76), (53, 76), (54, 76), (37, 77), (49, 77), (50, 77), (51, 77), (38, 78), (46, 78), (47, 78), (48, 78), (39, 79), (43, 79), (44, 79), (45, 79), (40, 80), (41, 80), (42, 80)]
[(57, 74), (58, 74), (55, 75), (56, 75), (59, 75), (52, 76), (53, 76), (54, 76), (60, 76), (49, 77), (50, 77), (51, 77), (61, 77), (46, 78), (47, 78), (48, 78), (62, 78), (43, 79), (44, 79), (45, 79), (63, 79), (40, 80), (41, 80), (42, 80), (62, 81), (39, 82), (61, 84), (38, 85), (60, 87), (37, 88), (59, 90), (36, 91), (58, 93), (35, 94), (57, 96), (34, 97), (56, 97), (57, 97), (34, 98), (54, 98), (55, 98), (35, 99), (51, 99), (52, 99), (53, 99), (36, 100), (48, 100), (49, 100), (50, 100), (37, 101), (45, 101), (46, 101), (47, 101), (38, 102), (42, 102), (43, 102), (44, 102), (39, 103), (40, 103), (41, 103)]
[(80, 73), (81, 73), (78, 74), (79, 74), (82, 74), (75, 75), (76, 75), (77, 75), (83, 75), (72, 76), (73, 76), (74, 76), (84, 76), (69, 77), (70, 77), (71, 77), (85, 77), (66, 78), (67, 78), (68, 78), (86, 78), (63, 79), (64, 79), (65, 79), (85, 80), (62, 81), (84, 83), (61, 84), (83, 86), (60, 87), (82, 89), (59, 90), (81, 92), (58, 93), (80, 95), (57, 96), (79, 96), (80, 96), (57, 97), (77, 97), (78, 97), (58, 98), (74, 98), (75, 98), (76, 98), (59, 99), (71, 99), (72, 99), (73, 99), (60, 100), (68, 100), (69, 100), (70, 100), (61, 101), (65, 101), (66, 101), (67, 101), (62, 102), (63, 102), (64, 102)]
[(79, 96), (80, 96), (77, 97), (78, 97), (81, 97), (74, 98), (75, 98), (76, 98), (82, 98), (71, 99), (72, 99), (73, 99), (83, 99), (68, 100), (69, 100), (70, 100), (84, 100), (65, 101), (66, 101), (67, 101), (85, 101), (62, 102), (63, 102), (64, 102), (84, 103), (61, 104), (83, 106), (60, 107), (82, 109), (59, 110), (81, 112), (58, 113)]
[(102, 95), (103, 95), (100, 96), (101, 96), (104, 96), (97, 97), (98, 97), (99, 97), (105, 97), (94, 98), (95, 98), (96, 98), (106, 98), (91, 99), (92, 99), (93, 99), (107, 99), (88, 100), (89, 100), (90, 100), (108, 100), (85, 101), (86, 101), (87, 101), (107, 102), (84, 103), (106, 105), (83, 106), (105, 108), (82, 109), (104, 111), (81, 112), (103, 114)]
[(34, 75), (35, 75), (32, 76), (33, 76), (36, 76), (29, 77), (30, 77), (31, 77), (37, 77), (26, 78), (27, 78), (28, 78), (38, 78), (23, 79), (24, 79), (25, 79), (39, 79), (20, 80), (21, 80), (22, 80), (40, 80), (17, 81), (18, 81), (19, 81), (39, 82), (16, 83), (38, 85), (15, 86), (37, 88), (14, 89), (36, 91), (13, 92), (35, 94), (12, 95), (34, 97), (11, 98), (33, 98), (34, 98), (11, 99), (31, 99), (32, 99), (12, 100), (28, 100), (29, 100), (30, 100), (13, 101), (25, 101), (26, 101), (27, 101), (14, 102), (22, 102), (23, 102), (24, 102), (15, 103), (19, 103), (20, 103), (21, 103), (16, 104), (17, 104), (18, 104)]
[(33, 98), (34, 98), (31, 99), (32, 99), (35, 99), (28, 100), (29, 100), (30, 100), (36, 100), (25, 101), (26, 101), (27, 101), (37, 101), (22, 102), (23, 102), (24, 102), (38, 102), (19, 103), (20, 103), (21, 103), (39, 103), (16, 104), (17, 104), (18, 104), (38, 105), (15, 106), (37, 108), (14, 109), (36, 111), (13, 112), (35, 114)]
[(56, 97), (57, 97), (54, 98), (55, 98), (58, 98), (51, 99), (52, 99), (53, 99), (59, 99), (48, 100), (49, 100), (50, 100), (60, 100), (45, 101), (46, 101), (47, 101), (61, 101), (42, 102), (43, 102), (44, 102), (62, 102), (39, 103), (40, 103), (41, 103), (61, 104), (38, 105), (60, 107), (37, 108), (59, 110), (36, 111), (58, 113), (35, 114)]
