[(94, 42), (95, 42), (89, 43), (90, 43), (91, 43), (92, 43), (93, 43), (96, 43), (84, 44), (85, 44), (86, 44), (87, 44), (88, 44), (79, 45), (80, 45), (81, 45), (82, 45), (83, 45), (95, 47), (78, 49), (94, 52), (77, 54), (93, 57), (76, 59), (92, 59), (93, 59), (87, 60), (88, 60), (89, 60), (90, 60), (91, 60), (76, 61), (82, 61), (83, 61), (84, 61), (85, 61), (86, 61), (77, 62), (78, 62), (79, 62), (80, 62), (81, 62)]
[(111, 40), (112, 40), (106, 41), (107, 41), (108, 41), (109, 41), (110, 41), (113, 41), (101, 42), (102, 42), (103, 42), (104, 42), (105, 42), (96, 43), (97, 43), (98, 43), (99, 43), (100, 43), (112, 45), (95, 47), (111, 50), (94, 52), (110, 55), (93, 57), (109, 57), (110, 57), (104, 58), (105, 58), (106, 58), (107, 58), (108, 58), (93, 59), (99, 59), (100, 59), (101, 59), (102, 59), (103, 59), (94, 60), (95, 60), (96, 60), (97, 60), (98, 60)]
[(109, 57), (110, 57), (104, 58), (105, 58), (106, 58), (107, 58), (108, 58), (111, 58), (99, 59), (100, 59), (101, 59), (102, 59), (103, 59), (94, 60), (95, 60), (96, 60), (97, 60), (98, 60), (110, 62), (93, 64), (109, 67), (92, 69), (108, 72), (91, 74), (107, 74), (108, 74), (102, 75), (103, 75), (104, 75), (105, 75), (106, 75), (91, 76), (97, 76), (98, 76), (99, 76), (100, 76), (101, 76), (92, 77), (93, 77), (94, 77), (95, 77), (96, 77)]
[(111, 58), (112, 58), (113, 58), (114, 58), (110, 62), (109, 67), (108, 72), (108, 74), (114, 74), (109, 75), (110, 75), (111, 75), (112, 75), (113, 75)]
[(114, 74), (109, 75), (110, 75), (111, 75), (112, 75), (113, 75), (108, 79), (107, 84), (106, 89), (106, 91), (112, 91), (113, 91), (114, 91), (107, 92), (108, 92), (109, 92), (110, 92), (111, 92)]
[(60, 46), (61, 46), (55, 47), (56, 47), (57, 47), (58, 47), (59, 47), (62, 47), (50, 48), (51, 48), (52, 48), (53, 48), (54, 48), (45, 49), (46, 49), (47, 49), (48, 49), (49, 49), (61, 51), (44, 53), (60, 56), (43, 58), (59, 61), (42, 63), (58, 63), (59, 63), (53, 64), (54, 64), (55, 64), (56, 64), (57, 64), (42, 65), (48, 65), (49, 65), (50, 65), (51, 65), (52, 65), (43, 66), (44, 66), (45, 66), (46, 66), (47, 66)]
[(77, 44), (78, 44), (72, 45), (73, 45), (74, 45), (75, 45), (76, 45), (79, 45), (67, 46), (68, 46), (69, 46), (70, 46), (71, 46), (62, 47), (63, 47), (64, 47), (65, 47), (66, 47), (78, 49), (61, 51), (77, 54), (60, 56), (76, 59), (59, 61), (75, 61), (76, 61), (70, 62), (71, 62), (72, 62), (73, 62), (74, 62), (59, 63), (65, 63), (66, 63), (67, 63), (68, 63), (69, 63), (60, 64), (61, 64), (62, 64), (63, 64), (64, 64)]
[(75, 61), (76, 61), (70, 62), (71, 62), (72, 62), (73, 62), (74, 62), (77, 62), (65, 63), (66, 63), (67, 63), (68, 63), (69, 63), (60, 64), (61, 64), (62, 64), (63, 64), (64, 64), (76, 66), (59, 68), (75, 71), (58, 73), (74, 76), (57, 78), (73, 78), (74, 78), (68, 79), (69, 79), (70, 79), (71, 79), (72, 79), (57, 80), (63, 80), (64, 80), (65, 80), (66, 80), (67, 80), (58, 81), (59, 81), (60, 81), (61, 81), (62, 81)]
[(92, 59), (93, 59), (87, 60), (88, 60), (89, 60), (90, 60), (91, 60), (94, 60), (82, 61), (83, 61), (84, 61), (85, 61), (86, 61), (77, 62), (78, 62), (79, 62), (80, 62), (81, 62), (93, 64), (76, 66), (92, 69), (75, 71), (91, 74), (74, 76), (90, 76), (91, 76), (85, 77), (86, 77), (87, 77), (88, 77), (89, 77), (74, 78), (80, 78), (81, 78), (82, 78), (83, 78), (84, 78), (75, 79), (76, 79), (77, 79), (78, 79), (79, 79)]
[(90, 76), (91, 76), (85, 77), (86, 77), (87, 77), (88, 77), (89, 77), (92, 77), (80, 78), (81, 78), (82, 78), (83, 78), (84, 78), (75, 79), (76, 79), (77, 79), (78, 79), (79, 79), (91, 81), (74, 83), (90, 86), (73, 88), (89, 91), (72, 93), (88, 93), (89, 93), (83, 94), (84, 94), (85, 94), (86, 94), (87, 94), (72, 95), (78, 95), (79, 95), (80, 95), (81, 95), (82, 95), (73, 96), (74, 96), (75, 96), (76, 96), (77, 96)]
[(107, 74), (108, 74), (102, 75), (103, 75), (104, 75), (105, 75), (106, 75), (109, 75), (97, 76), (98, 76), (99, 76), (100, 76), (101, 76), (92, 77), (93, 77), (94, 77), (95, 77), (96, 77), (108, 79), (91, 81), (107, 84), (90, 86), (106, 89), (89, 91), (105, 91), (106, 91), (100, 92), (101, 92), (102, 92), (103, 92), (104, 92), (89, 93), (95, 93), (96, 93), (97, 93), (98, 93), (99, 93), (90, 94), (91, 94), (92, 94), (93, 94), (94, 94)]
[(105, 91), (106, 91), (100, 92), (101, 92), (102, 92), (103, 92), (104, 92), (107, 92), (95, 93), (96, 93), (97, 93), (98, 93), (99, 93), (90, 94), (91, 94), (92, 94), (93, 94), (94, 94), (106, 96), (89, 98), (105, 101), (88, 103), (104, 106), (87, 108), (103, 108), (104, 108), (98, 109), (99, 109), (100, 109), (101, 109), (102, 109), (87, 110), (93, 110), (94, 110), (95, 110), (96, 110), (97, 110), (88, 111), (89, 111), (90, 111), (91, 111), (92, 111)]
[(112, 91), (113, 91), (114, 91), (107, 92), (108, 92), (109, 92), (110, 92), (111, 92), (106, 96), (105, 101), (104, 106), (104, 108), (110, 108), (111, 108), (112, 108), (113, 108), (114, 108), (105, 109), (106, 109), (107, 109), (108, 109), (109, 109)]
[(110, 108), (111, 108), (112, 108), (113, 108), (114, 108), (105, 109), (106, 109), (107, 109), (108, 109), (109, 109), (104, 113)]
[(41, 65), (42, 65), (36, 66), (37, 66), (38, 66), (39, 66), (40, 66), (43, 66), (31, 67), (32, 67), (33, 67), (34, 67), (35, 67), (26, 68), (27, 68), (28, 68), (29, 68), (30, 68), (42, 70), (25, 72), (41, 75), (24, 77), (40, 80), (23, 82), (39, 82), (40, 82), (34, 83), (35, 83), (36, 83), (37, 83), (38, 83), (23, 84), (29, 84), (30, 84), (31, 84), (32, 84), (33, 84), (24, 85), (25, 85), (26, 85), (27, 85), (28, 85)]
[(58, 63), (59, 63), (53, 64), (54, 64), (55, 64), (56, 64), (57, 64), (60, 64), (48, 65), (49, 65), (50, 65), (51, 65), (52, 65), (43, 66), (44, 66), (45, 66), (46, 66), (47, 66), (59, 68), (42, 70), (58, 73), (41, 75), (57, 78), (40, 80), (56, 80), (57, 80), (51, 81), (52, 81), (53, 81), (54, 81), (55, 81), (40, 82), (46, 82), (47, 82), (48, 82), (49, 82), (50, 82), (41, 83), (42, 83), (43, 83), (44, 83), (45, 83)]
[(56, 80), (57, 80), (51, 81), (52, 81), (53, 81), (54, 81), (55, 81), (58, 81), (46, 82), (47, 82), (48, 82), (49, 82), (50, 82), (41, 83), (42, 83), (43, 83), (44, 83), (45, 83), (57, 85), (40, 87), (56, 90), (39, 92), (55, 95), (38, 97), (54, 97), (55, 97), (49, 98), (50, 98), (51, 98), (52, 98), (53, 98), (38, 99), (44, 99), (45, 99), (46, 99), (47, 99), (48, 99), (39, 100), (40, 100), (41, 100), (42, 100), (43, 100)]
[(73, 78), (74, 78), (68, 79), (69, 79), (70, 79), (71, 79), (72, 79), (75, 79), (63, 80), (64, 80), (65, 80), (66, 80), (67, 80), (58, 81), (59, 81), (60, 81), (61, 81), (62, 81), (74, 83), (57, 85), (73, 88), (56, 90), (72, 93), (55, 95), (71, 95), (72, 95), (66, 96), (67, 96), (68, 96), (69, 96), (70, 96), (55, 97), (61, 97), (62, 97), (63, 97), (64, 97), (65, 97), (56, 98), (57, 98), (58, 98), (59, 98), (60, 98)]
[(71, 95), (72, 95), (66, 96), (67, 96), (68, 96), (69, 96), (70, 96), (73, 96), (61, 97), (62, 97), (63, 97), (64, 97), (65, 97), (56, 98), (57, 98), (58, 98), (59, 98), (60, 98), (72, 100), (55, 102), (71, 105), (54, 107), (70, 110), (53, 112), (69, 112), (70, 112), (64, 113), (65, 113), (66, 113), (67, 113), (68, 113), (53, 114), (59, 114), (60, 114), (61, 114), (62, 114), (63, 114)]
[(88, 93), (89, 93), (83, 94), (84, 94), (85, 94), (86, 94), (87, 94), (90, 94), (78, 95), (79, 95), (80, 95), (81, 95), (82, 95), (73, 96), (74, 96), (75, 96), (76, 96), (77, 96), (89, 98), (72, 100), (88, 103), (71, 105), (87, 108), (70, 110), (86, 110), (87, 110), (81, 111), (82, 111), (83, 111), (84, 111), (85, 111), (70, 112), (76, 112), (77, 112), (78, 112), (79, 112), (80, 112), (71, 113), (72, 113), (73, 113), (74, 113), (75, 113)]
[(86, 110), (87, 110), (81, 111), (82, 111), (83, 111), (84, 111), (85, 111), (88, 111), (76, 112), (77, 112), (78, 112), (79, 112), (80, 112), (71, 113), (72, 113), (73, 113), (74, 113), (75, 113)]
[(103, 108), (104, 108), (98, 109), (99, 109), (100, 109), (101, 109), (102, 109), (105, 109), (93, 110), (94, 110), (95, 110), (96, 110), (97, 110), (88, 111), (89, 111), (90, 111), (91, 111), (92, 111), (104, 113)]
[(39, 82), (40, 82), (34, 83), (35, 83), (36, 83), (37, 83), (38, 83), (41, 83), (29, 84), (30, 84), (31, 84), (32, 84), (33, 84), (24, 85), (25, 85), (26, 85), (27, 85), (28, 85), (40, 87), (23, 89), (39, 92), (22, 94), (38, 97), (21, 99), (37, 99), (38, 99), (32, 100), (33, 100), (34, 100), (35, 100), (36, 100), (21, 101), (27, 101), (28, 101), (29, 101), (30, 101), (31, 101), (22, 102), (23, 102), (24, 102), (25, 102), (26, 102)]
[(37, 99), (38, 99), (32, 100), (33, 100), (34, 100), (35, 100), (36, 100), (39, 100), (27, 101), (28, 101), (29, 101), (30, 101), (31, 101), (22, 102), (23, 102), (24, 102), (25, 102), (26, 102), (38, 104), (21, 106), (37, 109), (20, 111), (36, 114)]
[(54, 97), (55, 97), (49, 98), (50, 98), (51, 98), (52, 98), (53, 98), (56, 98), (44, 99), (45, 99), (46, 99), (47, 99), (48, 99), (39, 100), (40, 100), (41, 100), (42, 100), (43, 100), (55, 102), (38, 104), (54, 107), (37, 109), (53, 112), (36, 114), (52, 114), (53, 114)]
[(52, 114), (53, 114)]
[(69, 112), (70, 112), (64, 113), (65, 113), (66, 113), (67, 113), (68, 113), (71, 113), (59, 114), (60, 114), (61, 114), (62, 114), (63, 114)]
