[(114, 15), (111, 16), (112, 16), (113, 16), (109, 17), (110, 17), (107, 18), (108, 18), (105, 19), (106, 19), (102, 20), (103, 20), (104, 20), (100, 21), (101, 21), (98, 22), (99, 22), (95, 23), (96, 23), (97, 23), (94, 25), (93, 27), (92, 29), (91, 32), (114, 33), (90, 34), (113, 35), (89, 36), (112, 37), (88, 38), (110, 40), (111, 40), (112, 40), (87, 41), (108, 41), (109, 41), (106, 42), (107, 42), (86, 43), (103, 43), (104, 43), (105, 43), (101, 44), (102, 44), (85, 45), (99, 45), (100, 45), (97, 46), (98, 46), (94, 47), (95, 47), (96, 47), (84, 48), (85, 48), (92, 48), (93, 48), (86, 49), (90, 49), (91, 49), (87, 50), (88, 50), (89, 50)]
[(114, 33), (113, 35), (112, 37), (111, 40), (112, 40), (113, 41), (114, 42)]
[(114, 42), (113, 44), (112, 46), (111, 48), (110, 51), (109, 53), (108, 55), (107, 57), (106, 60), (105, 62), (104, 64), (113, 66), (114, 66), (103, 67), (104, 67), (111, 67), (112, 67), (105, 68), (109, 68), (110, 68), (106, 69), (107, 69), (108, 69)]
[(64, 29), (65, 29), (66, 29), (62, 30), (63, 30), (67, 30), (60, 31), (61, 31), (68, 31), (57, 32), (58, 32), (59, 32), (55, 33), (56, 33), (67, 33), (53, 34), (54, 34), (51, 35), (52, 35), (66, 35), (48, 36), (49, 36), (50, 36), (46, 37), (47, 37), (65, 37), (44, 38), (45, 38), (41, 39), (42, 39), (43, 39), (64, 40), (40, 41), (63, 42), (39, 43), (62, 44), (38, 45), (61, 46), (37, 48), (60, 49), (36, 50), (59, 51), (35, 52), (58, 53), (34, 54), (56, 56), (57, 56), (58, 56), (33, 57), (54, 57), (55, 57), (52, 58), (53, 58), (32, 59), (49, 59), (50, 59), (51, 59), (47, 60), (48, 60), (31, 61), (45, 61), (46, 61), (43, 62), (44, 62), (40, 63), (41, 63), (42, 63), (30, 64), (31, 64), (38, 64), (39, 64), (32, 65), (36, 65), (37, 65), (33, 66), (34, 66), (35, 66)]
[(91, 21), (92, 21), (93, 21), (89, 22), (90, 22), (94, 22), (87, 23), (88, 23), (95, 23), (84, 24), (85, 24), (86, 24), (82, 25), (83, 25), (94, 25), (80, 26), (81, 26), (78, 27), (79, 27), (93, 27), (75, 28), (76, 28), (77, 28), (73, 29), (74, 29), (92, 29), (71, 30), (72, 30), (68, 31), (69, 31), (70, 31), (91, 32), (67, 33), (90, 34), (66, 35), (89, 36), (65, 37), (88, 38), (64, 40), (87, 41), (63, 42), (86, 43), (62, 44), (85, 45), (61, 46), (83, 48), (84, 48), (85, 48), (60, 49), (81, 49), (82, 49), (79, 50), (80, 50), (59, 51), (76, 51), (77, 51), (78, 51), (74, 52), (75, 52), (58, 53), (72, 53), (73, 53), (70, 54), (71, 54), (67, 55), (68, 55), (69, 55), (57, 56), (58, 56), (65, 56), (66, 56), (59, 57), (63, 57), (64, 57), (60, 58), (61, 58), (62, 58)]
[(83, 48), (84, 48), (85, 48), (81, 49), (82, 49), (86, 49), (79, 50), (80, 50), (87, 50), (76, 51), (77, 51), (78, 51), (74, 52), (75, 52), (86, 52), (72, 53), (73, 53), (70, 54), (71, 54), (85, 54), (67, 55), (68, 55), (69, 55), (65, 56), (66, 56), (84, 56), (63, 57), (64, 57), (60, 58), (61, 58), (62, 58), (83, 59), (59, 60), (82, 61), (58, 62), (81, 63), (57, 64), (80, 65), (56, 67), (79, 68), (55, 69), (78, 70), (54, 71), (77, 72), (53, 73), (75, 75), (76, 75), (77, 75), (52, 76), (73, 76), (74, 76), (71, 77), (72, 77), (51, 78), (68, 78), (69, 78), (70, 78), (66, 79), (67, 79), (50, 80), (64, 80), (65, 80), (62, 81), (63, 81), (59, 82), (60, 82), (61, 82), (49, 83), (50, 83), (57, 83), (58, 83), (51, 84), (55, 84), (56, 84), (52, 85), (53, 85), (54, 85)]
[(110, 40), (111, 40), (112, 40), (108, 41), (109, 41), (113, 41), (106, 42), (107, 42), (114, 42), (103, 43), (104, 43), (105, 43), (101, 44), (102, 44), (113, 44), (99, 45), (100, 45), (97, 46), (98, 46), (112, 46), (94, 47), (95, 47), (96, 47), (92, 48), (93, 48), (111, 48), (90, 49), (91, 49), (87, 50), (88, 50), (89, 50), (110, 51), (86, 52), (109, 53), (85, 54), (108, 55), (84, 56), (107, 57), (83, 59), (106, 60), (82, 61), (105, 62), (81, 63), (104, 64), (80, 65), (102, 67), (103, 67), (104, 67), (79, 68), (100, 68), (101, 68), (98, 69), (99, 69), (78, 70), (95, 70), (96, 70), (97, 70), (93, 71), (94, 71), (77, 72), (91, 72), (92, 72), (89, 73), (90, 73), (86, 74), (87, 74), (88, 74), (76, 75), (77, 75), (84, 75), (85, 75), (78, 76), (82, 76), (83, 76), (79, 77), (80, 77), (81, 77)]
[(102, 67), (103, 67), (104, 67), (100, 68), (101, 68), (105, 68), (98, 69), (99, 69), (106, 69), (95, 70), (96, 70), (97, 70), (93, 71), (94, 71), (105, 71), (91, 72), (92, 72), (89, 73), (90, 73), (104, 73), (86, 74), (87, 74), (88, 74), (84, 75), (85, 75), (103, 75), (82, 76), (83, 76), (79, 77), (80, 77), (81, 77), (102, 78), (78, 79), (101, 80), (77, 81), (100, 82), (76, 83), (99, 84), (75, 86), (98, 87), (74, 88), (97, 89), (73, 90), (96, 91), (72, 92), (94, 94), (95, 94), (96, 94), (71, 95), (92, 95), (93, 95), (90, 96), (91, 96), (70, 97), (87, 97), (88, 97), (89, 97), (85, 98), (86, 98), (69, 99), (83, 99), (84, 99), (81, 100), (82, 100), (78, 101), (79, 101), (80, 101), (68, 102), (69, 102), (76, 102), (77, 102), (70, 103), (74, 103), (75, 103), (71, 104), (72, 104), (73, 104)]
[(113, 66), (114, 66), (111, 67), (112, 67), (109, 68), (110, 68), (106, 69), (107, 69), (108, 69), (105, 71), (104, 73), (103, 75), (102, 78), (101, 80), (100, 82), (99, 84), (98, 87), (97, 89), (114, 89), (112, 90), (113, 90), (96, 91), (110, 91), (111, 91), (108, 92), (109, 92), (105, 93), (106, 93), (107, 93), (95, 94), (96, 94), (103, 94), (104, 94), (97, 95), (101, 95), (102, 95), (98, 96), (99, 96), (100, 96)]
[(114, 89), (112, 90), (113, 90), (110, 91), (111, 91), (108, 92), (109, 92), (105, 93), (106, 93), (107, 93), (103, 94), (104, 94), (101, 95), (102, 95), (98, 96), (99, 96), (100, 96), (97, 98), (96, 100), (95, 102), (94, 105), (93, 107), (92, 109), (91, 111), (113, 113), (114, 113), (90, 114), (111, 114), (112, 114)]
[(114, 113)]
[(29, 64), (30, 64), (31, 64), (27, 65), (28, 65), (32, 65), (25, 66), (26, 66), (33, 66), (22, 67), (23, 67), (24, 67), (20, 68), (21, 68), (32, 68), (18, 69), (19, 69), (16, 70), (17, 70), (31, 70), (13, 71), (14, 71), (15, 71), (11, 72), (12, 72), (30, 72), (9, 73), (10, 73), (6, 74), (7, 74), (8, 74), (29, 75), (5, 76), (28, 77), (4, 78), (27, 79), (3, 80), (26, 81), (2, 83), (25, 84), (1, 85), (24, 86), (0, 87), (23, 88), (21, 91), (22, 91), (23, 91), (19, 92), (20, 92), (17, 93), (18, 93), (14, 94), (15, 94), (16, 94), (12, 95), (13, 95), (10, 96), (11, 96), (8, 97), (9, 97), (5, 98), (6, 98), (7, 98), (3, 99), (4, 99), (1, 100), (2, 100), (0, 101)]
[(56, 56), (57, 56), (58, 56), (54, 57), (55, 57), (59, 57), (52, 58), (53, 58), (60, 58), (49, 59), (50, 59), (51, 59), (47, 60), (48, 60), (59, 60), (45, 61), (46, 61), (43, 62), (44, 62), (58, 62), (40, 63), (41, 63), (42, 63), (38, 64), (39, 64), (57, 64), (36, 65), (37, 65), (33, 66), (34, 66), (35, 66), (56, 67), (32, 68), (55, 69), (31, 70), (54, 71), (30, 72), (53, 73), (29, 75), (52, 76), (28, 77), (51, 78), (27, 79), (50, 80), (26, 81), (48, 83), (49, 83), (50, 83), (25, 84), (46, 84), (47, 84), (44, 85), (45, 85), (24, 86), (41, 86), (42, 86), (43, 86), (39, 87), (40, 87), (23, 88), (37, 88), (38, 88), (35, 89), (36, 89), (32, 90), (33, 90), (34, 90), (22, 91), (23, 91), (30, 91), (31, 91), (24, 92), (28, 92), (29, 92), (25, 93), (26, 93), (27, 93)]
[(48, 83), (49, 83), (50, 83), (46, 84), (47, 84), (51, 84), (44, 85), (45, 85), (52, 85), (41, 86), (42, 86), (43, 86), (39, 87), (40, 87), (51, 87), (37, 88), (38, 88), (35, 89), (36, 89), (50, 89), (32, 90), (33, 90), (34, 90), (30, 91), (31, 91), (49, 91), (28, 92), (29, 92), (25, 93), (26, 93), (27, 93), (48, 94), (24, 95), (47, 96), (23, 97), (46, 98), (22, 99), (45, 100), (21, 102), (44, 103), (20, 104), (43, 105), (19, 106), (42, 107), (18, 108), (40, 110), (41, 110), (42, 110), (17, 111), (38, 111), (39, 111), (36, 112), (37, 112), (16, 113), (33, 113), (34, 113), (35, 113), (31, 114), (32, 114)]
[(75, 75), (76, 75), (77, 75), (73, 76), (74, 76), (78, 76), (71, 77), (72, 77), (79, 77), (68, 78), (69, 78), (70, 78), (66, 79), (67, 79), (78, 79), (64, 80), (65, 80), (62, 81), (63, 81), (77, 81), (59, 82), (60, 82), (61, 82), (57, 83), (58, 83), (76, 83), (55, 84), (56, 84), (52, 85), (53, 85), (54, 85), (75, 86), (51, 87), (74, 88), (50, 89), (73, 90), (49, 91), (72, 92), (48, 94), (71, 95), (47, 96), (70, 97), (46, 98), (69, 99), (45, 100), (67, 102), (68, 102), (69, 102), (44, 103), (65, 103), (66, 103), (63, 104), (64, 104), (43, 105), (60, 105), (61, 105), (62, 105), (58, 106), (59, 106), (42, 107), (56, 107), (57, 107), (54, 108), (55, 108), (51, 109), (52, 109), (53, 109), (41, 110), (42, 110), (49, 110), (50, 110), (43, 111), (47, 111), (48, 111), (44, 112), (45, 112), (46, 112)]
[(67, 102), (68, 102), (69, 102), (65, 103), (66, 103), (70, 103), (63, 104), (64, 104), (71, 104), (60, 105), (61, 105), (62, 105), (58, 106), (59, 106), (70, 106), (56, 107), (57, 107), (54, 108), (55, 108), (69, 108), (51, 109), (52, 109), (53, 109), (49, 110), (50, 110), (68, 110), (47, 111), (48, 111), (44, 112), (45, 112), (46, 112), (67, 113), (43, 114)]
[(94, 94), (95, 94), (96, 94), (92, 95), (93, 95), (97, 95), (90, 96), (91, 96), (98, 96), (87, 97), (88, 97), (89, 97), (85, 98), (86, 98), (97, 98), (83, 99), (84, 99), (81, 100), (82, 100), (96, 100), (78, 101), (79, 101), (80, 101), (76, 102), (77, 102), (95, 102), (74, 103), (75, 103), (71, 104), (72, 104), (73, 104), (94, 105), (70, 106), (93, 107), (69, 108), (92, 109), (68, 110), (91, 111), (67, 113), (90, 114)]
[(113, 113), (114, 113), (111, 114), (112, 114)]
[(21, 91), (22, 91), (23, 91), (19, 92), (20, 92), (24, 92), (17, 93), (18, 93), (25, 93), (14, 94), (15, 94), (16, 94), (12, 95), (13, 95), (24, 95), (10, 96), (11, 96), (8, 97), (9, 97), (23, 97), (5, 98), (6, 98), (7, 98), (3, 99), (4, 99), (22, 99), (1, 100), (2, 100), (0, 101), (21, 102), (20, 104), (19, 106), (18, 108), (17, 111), (16, 113)]
[(40, 110), (41, 110), (42, 110), (38, 111), (39, 111), (43, 111), (36, 112), (37, 112), (44, 112), (33, 113), (34, 113), (35, 113), (31, 114), (32, 114), (43, 114)]
