[(97, 5), (95, 6), (96, 6), (98, 6), (92, 7), (93, 7), (94, 7), (99, 7), (90, 8), (91, 8), (100, 8), (88, 9), (89, 9), (101, 9), (85, 10), (86, 10), (87, 10), (102, 10), (83, 11), (84, 11), (103, 11), (81, 12), (82, 12), (104, 12), (78, 13), (79, 13), (80, 13), (105, 13), (106, 14), (77, 15), (105, 16), (76, 17), (104, 18), (75, 19), (103, 20), (74, 22), (102, 23), (73, 24), (101, 25), (72, 26), (100, 27), (71, 29), (99, 30), (70, 31), (70, 32), (98, 32), (71, 33), (98, 33), (72, 34), (96, 34), (97, 34), (73, 35), (93, 35), (94, 35), (95, 35), (74, 36), (91, 36), (92, 36), (75, 37), (89, 37), (90, 37), (76, 38), (86, 38), (87, 38), (88, 38), (77, 39), (84, 39), (85, 39), (78, 40), (82, 40), (83, 40), (79, 41), (80, 41), (81, 41)]
[(113, 11), (114, 11), (111, 12), (112, 12), (109, 13), (110, 13), (106, 14), (107, 14), (108, 14), (105, 16), (104, 18), (103, 20), (102, 23), (101, 25), (100, 27), (99, 30), (98, 32), (98, 33), (99, 34), (100, 35), (101, 36), (102, 37), (103, 38), (104, 39), (114, 39), (105, 40), (112, 40), (113, 40), (106, 41), (110, 41), (111, 41), (107, 42), (108, 42), (109, 42)]
[(114, 39), (112, 40), (113, 40), (110, 41), (111, 41), (107, 42), (108, 42), (109, 42), (106, 44), (105, 46), (104, 48), (103, 51), (102, 53), (101, 55), (100, 58), (99, 60), (99, 61), (100, 62), (101, 63), (102, 64), (103, 65), (104, 66), (105, 67), (106, 68), (113, 68), (114, 68), (107, 69), (111, 69), (112, 69), (108, 70), (109, 70), (110, 70)]
[(41, 3), (39, 4), (40, 4), (42, 4), (36, 5), (37, 5), (38, 5), (43, 5), (34, 6), (35, 6), (44, 6), (32, 7), (33, 7), (45, 7), (29, 8), (30, 8), (31, 8), (46, 8), (27, 9), (28, 9), (47, 9), (25, 10), (26, 10), (48, 10), (22, 11), (23, 11), (24, 11), (49, 11), (50, 12), (21, 13), (49, 14), (20, 15), (48, 16), (19, 17), (47, 18), (18, 20), (46, 21), (17, 22), (45, 23), (16, 24), (44, 25), (15, 27), (43, 28), (14, 29), (14, 30), (42, 30), (15, 31), (42, 31), (16, 32), (40, 32), (41, 32), (17, 33), (37, 33), (38, 33), (39, 33), (18, 34), (35, 34), (36, 34), (19, 35), (33, 35), (34, 35), (20, 36), (30, 36), (31, 36), (32, 36), (21, 37), (28, 37), (29, 37), (22, 38), (26, 38), (27, 38), (23, 39), (24, 39), (25, 39)]
[(69, 4), (67, 5), (68, 5), (70, 5), (64, 6), (65, 6), (66, 6), (71, 6), (62, 7), (63, 7), (72, 7), (60, 8), (61, 8), (73, 8), (57, 9), (58, 9), (59, 9), (74, 9), (55, 10), (56, 10), (75, 10), (53, 11), (54, 11), (76, 11), (50, 12), (51, 12), (52, 12), (77, 12), (78, 13), (49, 14), (77, 15), (48, 16), (76, 17), (47, 18), (75, 19), (46, 21), (74, 22), (45, 23), (73, 24), (44, 25), (72, 26), (43, 28), (71, 29), (42, 30), (42, 31), (70, 31), (43, 32), (70, 32), (44, 33), (68, 33), (69, 33), (45, 34), (65, 34), (66, 34), (67, 34), (46, 35), (63, 35), (64, 35), (47, 36), (61, 36), (62, 36), (48, 37), (58, 37), (59, 37), (60, 37), (49, 38), (56, 38), (57, 38), (50, 39), (54, 39), (55, 39), (51, 40), (52, 40), (53, 40)]
[(70, 32), (68, 33), (69, 33), (71, 33), (65, 34), (66, 34), (67, 34), (72, 34), (63, 35), (64, 35), (73, 35), (61, 36), (62, 36), (74, 36), (58, 37), (59, 37), (60, 37), (75, 37), (56, 38), (57, 38), (76, 38), (54, 39), (55, 39), (77, 39), (51, 40), (52, 40), (53, 40), (78, 40), (79, 41), (50, 42), (78, 43), (49, 44), (77, 45), (48, 46), (76, 47), (47, 49), (75, 50), (46, 51), (74, 52), (45, 53), (73, 54), (44, 56), (72, 57), (43, 58), (43, 59), (71, 59), (44, 60), (71, 60), (45, 61), (69, 61), (70, 61), (46, 62), (66, 62), (67, 62), (68, 62), (47, 63), (64, 63), (65, 63), (48, 64), (62, 64), (63, 64), (49, 65), (59, 65), (60, 65), (61, 65), (50, 66), (57, 66), (58, 66), (51, 67), (55, 67), (56, 67), (52, 68), (53, 68), (54, 68)]
[(98, 33), (96, 34), (97, 34), (99, 34), (93, 35), (94, 35), (95, 35), (100, 35), (91, 36), (92, 36), (101, 36), (89, 37), (90, 37), (102, 37), (86, 38), (87, 38), (88, 38), (103, 38), (84, 39), (85, 39), (104, 39), (82, 40), (83, 40), (105, 40), (79, 41), (80, 41), (81, 41), (106, 41), (107, 42), (78, 43), (106, 44), (77, 45), (105, 46), (76, 47), (104, 48), (75, 50), (103, 51), (74, 52), (102, 53), (73, 54), (101, 55), (72, 57), (100, 58), (71, 59), (71, 60), (99, 60), (72, 61), (99, 61), (73, 62), (97, 62), (98, 62), (74, 63), (94, 63), (95, 63), (96, 63), (75, 64), (92, 64), (93, 64), (76, 65), (90, 65), (91, 65), (77, 66), (87, 66), (88, 66), (89, 66), (78, 67), (85, 67), (86, 67), (79, 68), (83, 68), (84, 68), (80, 69), (81, 69), (82, 69)]
[(99, 61), (97, 62), (98, 62), (100, 62), (94, 63), (95, 63), (96, 63), (101, 63), (92, 64), (93, 64), (102, 64), (90, 65), (91, 65), (103, 65), (87, 66), (88, 66), (89, 66), (104, 66), (85, 67), (86, 67), (105, 67), (83, 68), (84, 68), (106, 68), (80, 69), (81, 69), (82, 69), (107, 69), (108, 70), (79, 71), (107, 72), (78, 73), (106, 74), (77, 75), (105, 76), (76, 78), (104, 79), (75, 80), (103, 81), (74, 82), (102, 83), (73, 85), (101, 86), (72, 87), (72, 88), (100, 88), (73, 89), (100, 89), (74, 90), (98, 90), (99, 90), (75, 91), (95, 91), (96, 91), (97, 91), (76, 92), (93, 92), (94, 92), (77, 93), (91, 93), (92, 93), (78, 94), (88, 94), (89, 94), (90, 94), (79, 95), (86, 95), (87, 95), (80, 96), (84, 96), (85, 96), (81, 97), (82, 97), (83, 97)]
[(113, 68), (114, 68), (111, 69), (112, 69), (108, 70), (109, 70), (110, 70), (107, 72), (106, 74), (105, 76), (104, 79), (103, 81), (102, 83), (101, 86), (100, 88), (100, 89), (101, 90), (102, 91), (103, 92), (104, 93), (105, 94), (106, 95), (107, 96), (114, 96), (108, 97), (112, 97), (113, 97), (109, 98), (110, 98), (111, 98)]
[(114, 96), (112, 97), (113, 97), (109, 98), (110, 98), (111, 98), (108, 100), (107, 102), (106, 104), (105, 107), (104, 109), (103, 111), (102, 114)]
[(14, 30), (12, 31), (13, 31), (15, 31), (9, 32), (10, 32), (11, 32), (16, 32), (7, 33), (8, 33), (17, 33), (5, 34), (6, 34), (18, 34), (2, 35), (3, 35), (4, 35), (19, 35), (0, 36), (1, 36), (20, 36), (21, 37), (22, 38), (23, 39), (22, 41), (21, 43), (20, 45), (19, 48), (18, 50), (17, 52), (16, 55), (15, 57), (15, 58), (13, 59), (14, 59), (10, 60), (11, 60), (12, 60), (8, 61), (9, 61), (6, 62), (7, 62), (3, 63), (4, 63), (5, 63), (1, 64), (2, 64), (0, 65)]
[(42, 31), (40, 32), (41, 32), (43, 32), (37, 33), (38, 33), (39, 33), (44, 33), (35, 34), (36, 34), (45, 34), (33, 35), (34, 35), (46, 35), (30, 36), (31, 36), (32, 36), (47, 36), (28, 37), (29, 37), (48, 37), (26, 38), (27, 38), (49, 38), (23, 39), (24, 39), (25, 39), (50, 39), (51, 40), (22, 41), (50, 42), (21, 43), (49, 44), (20, 45), (48, 46), (19, 48), (47, 49), (18, 50), (46, 51), (17, 52), (45, 53), (16, 55), (44, 56), (15, 57), (15, 58), (43, 58), (16, 59), (43, 59), (17, 60), (41, 60), (42, 60), (18, 61), (38, 61), (39, 61), (40, 61), (19, 62), (36, 62), (37, 62), (20, 63), (34, 63), (35, 63), (21, 64), (31, 64), (32, 64), (33, 64), (22, 65), (29, 65), (30, 65), (23, 66), (27, 66), (28, 66), (24, 67), (25, 67), (26, 67)]
[(43, 59), (41, 60), (42, 60), (44, 60), (38, 61), (39, 61), (40, 61), (45, 61), (36, 62), (37, 62), (46, 62), (34, 63), (35, 63), (47, 63), (31, 64), (32, 64), (33, 64), (48, 64), (29, 65), (30, 65), (49, 65), (27, 66), (28, 66), (50, 66), (24, 67), (25, 67), (26, 67), (51, 67), (52, 68), (23, 69), (51, 70), (22, 71), (50, 72), (21, 73), (49, 74), (20, 76), (48, 77), (19, 78), (47, 79), (18, 80), (46, 81), (17, 83), (45, 84), (16, 85), (16, 86), (44, 86), (17, 87), (44, 87), (18, 88), (42, 88), (43, 88), (19, 89), (39, 89), (40, 89), (41, 89), (20, 90), (37, 90), (38, 90), (21, 91), (35, 91), (36, 91), (22, 92), (32, 92), (33, 92), (34, 92), (23, 93), (30, 93), (31, 93), (24, 94), (28, 94), (29, 94), (25, 95), (26, 95), (27, 95)]
[(71, 60), (69, 61), (70, 61), (72, 61), (66, 62), (67, 62), (68, 62), (73, 62), (64, 63), (65, 63), (74, 63), (62, 64), (63, 64), (75, 64), (59, 65), (60, 65), (61, 65), (76, 65), (57, 66), (58, 66), (77, 66), (55, 67), (56, 67), (78, 67), (52, 68), (53, 68), (54, 68), (79, 68), (80, 69), (51, 70), (79, 71), (50, 72), (78, 73), (49, 74), (77, 75), (48, 77), (76, 78), (47, 79), (75, 80), (46, 81), (74, 82), (45, 84), (73, 85), (44, 86), (44, 87), (72, 87), (45, 88), (72, 88), (46, 89), (70, 89), (71, 89), (47, 90), (67, 90), (68, 90), (69, 90), (48, 91), (65, 91), (66, 91), (49, 92), (63, 92), (64, 92), (50, 93), (60, 93), (61, 93), (62, 93), (51, 94), (58, 94), (59, 94), (52, 95), (56, 95), (57, 95), (53, 96), (54, 96), (55, 96)]
[(72, 88), (70, 89), (71, 89), (73, 89), (67, 90), (68, 90), (69, 90), (74, 90), (65, 91), (66, 91), (75, 91), (63, 92), (64, 92), (76, 92), (60, 93), (61, 93), (62, 93), (77, 93), (58, 94), (59, 94), (78, 94), (56, 95), (57, 95), (79, 95), (53, 96), (54, 96), (55, 96), (80, 96), (81, 97), (52, 98), (80, 99), (51, 100), (79, 101), (50, 102), (78, 103), (49, 105), (77, 106), (48, 107), (76, 108), (47, 109), (75, 110), (46, 112), (74, 113), (45, 114)]
[(100, 89), (98, 90), (99, 90), (101, 90), (95, 91), (96, 91), (97, 91), (102, 91), (93, 92), (94, 92), (103, 92), (91, 93), (92, 93), (104, 93), (88, 94), (89, 94), (90, 94), (105, 94), (86, 95), (87, 95), (106, 95), (84, 96), (85, 96), (107, 96), (81, 97), (82, 97), (83, 97), (108, 97), (109, 98), (80, 99), (108, 100), (79, 101), (107, 102), (78, 103), (106, 104), (77, 106), (105, 107), (76, 108), (104, 109), (75, 110), (103, 111), (74, 113), (102, 114)]
[(15, 58), (13, 59), (14, 59), (16, 59), (10, 60), (11, 60), (12, 60), (17, 60), (8, 61), (9, 61), (18, 61), (6, 62), (7, 62), (19, 62), (3, 63), (4, 63), (5, 63), (20, 63), (1, 64), (2, 64), (21, 64), (0, 65), (22, 65), (23, 66), (24, 67), (23, 69), (22, 71), (21, 73), (20, 76), (19, 78), (18, 80), (17, 83), (16, 85), (16, 86), (14, 87), (15, 87), (11, 88), (12, 88), (13, 88), (9, 89), (10, 89), (7, 90), (8, 90), (4, 91), (5, 91), (6, 91), (2, 92), (3, 92), (0, 93), (1, 93)]
[(16, 86), (14, 87), (15, 87), (17, 87), (11, 88), (12, 88), (13, 88), (18, 88), (9, 89), (10, 89), (19, 89), (7, 90), (8, 90), (20, 90), (4, 91), (5, 91), (6, 91), (21, 91), (2, 92), (3, 92), (22, 92), (0, 93), (1, 93), (23, 93), (24, 94), (25, 95), (24, 97), (23, 99), (22, 101), (21, 104), (20, 106), (19, 108), (18, 111), (17, 113), (17, 114)]
[(44, 87), (42, 88), (43, 88), (45, 88), (39, 89), (40, 89), (41, 89), (46, 89), (37, 90), (38, 90), (47, 90), (35, 91), (36, 91), (48, 91), (32, 92), (33, 92), (34, 92), (49, 92), (30, 93), (31, 93), (50, 93), (28, 94), (29, 94), (51, 94), (25, 95), (26, 95), (27, 95), (52, 95), (53, 96), (24, 97), (52, 98), (23, 99), (51, 100), (22, 101), (50, 102), (21, 104), (49, 105), (20, 106), (48, 107), (19, 108), (47, 109), (18, 111), (46, 112), (17, 113), (17, 114), (45, 114)]
[(17, 114)]
