[(112, 26), (113, 26), (114, 26), (109, 27), (110, 27), (111, 27), (107, 28), (108, 28), (104, 29), (105, 29), (106, 29), (102, 30), (103, 30), (99, 31), (100, 31), (101, 31), (96, 32), (97, 32), (98, 32), (95, 34), (94, 37), (93, 39), (114, 41), (92, 42), (91, 44), (113, 44), (112, 46), (90, 47), (111, 48), (112, 48), (109, 49), (110, 49), (89, 50), (106, 50), (107, 50), (108, 50), (103, 51), (104, 51), (105, 51), (88, 52), (101, 52), (102, 52), (98, 53), (99, 53), (100, 53), (88, 54), (96, 54), (97, 54), (89, 55), (93, 55), (94, 55), (95, 55), (90, 56), (91, 56), (92, 56)]
[(114, 41), (113, 44), (112, 46), (112, 48), (113, 49), (114, 50)]
[(114, 50), (113, 52), (112, 55), (111, 57), (110, 60), (109, 62), (108, 65), (107, 68), (106, 70), (106, 72), (114, 72), (107, 73), (111, 73), (112, 73), (113, 73), (108, 74), (109, 74), (110, 74)]
[(69, 36), (70, 36), (67, 37), (68, 37), (71, 37), (64, 38), (65, 38), (66, 38), (72, 38), (61, 39), (62, 39), (63, 39), (59, 40), (60, 40), (71, 40), (56, 41), (57, 41), (58, 41), (54, 42), (55, 42), (51, 43), (52, 43), (53, 43), (70, 43), (48, 44), (49, 44), (50, 44), (69, 45), (47, 46), (68, 48), (46, 49), (67, 50), (45, 51), (66, 53), (44, 54), (43, 56), (65, 56), (64, 58), (42, 59), (63, 60), (64, 60), (61, 61), (62, 61), (41, 62), (58, 62), (59, 62), (60, 62), (55, 63), (56, 63), (57, 63), (40, 64), (53, 64), (54, 64), (50, 65), (51, 65), (52, 65), (40, 66), (48, 66), (49, 66), (41, 67), (45, 67), (46, 67), (47, 67), (42, 68), (43, 68), (44, 68)]
[(93, 30), (94, 30), (91, 31), (92, 31), (95, 31), (88, 32), (89, 32), (90, 32), (96, 32), (85, 33), (86, 33), (87, 33), (83, 34), (84, 34), (95, 34), (80, 35), (81, 35), (82, 35), (78, 36), (79, 36), (75, 37), (76, 37), (77, 37), (94, 37), (72, 38), (73, 38), (74, 38), (93, 39), (71, 40), (92, 42), (70, 43), (91, 44), (69, 45), (90, 47), (68, 48), (67, 50), (89, 50), (88, 52), (66, 53), (87, 54), (88, 54), (85, 55), (86, 55), (65, 56), (82, 56), (83, 56), (84, 56), (79, 57), (80, 57), (81, 57), (64, 58), (77, 58), (78, 58), (74, 59), (75, 59), (76, 59), (64, 60), (72, 60), (73, 60), (65, 61), (69, 61), (70, 61), (71, 61), (66, 62), (67, 62), (68, 62)]
[(87, 54), (88, 54), (85, 55), (86, 55), (89, 55), (82, 56), (83, 56), (84, 56), (90, 56), (79, 57), (80, 57), (81, 57), (77, 58), (78, 58), (89, 58), (74, 59), (75, 59), (76, 59), (72, 60), (73, 60), (69, 61), (70, 61), (71, 61), (88, 61), (66, 62), (67, 62), (68, 62), (87, 63), (65, 64), (86, 66), (64, 67), (85, 68), (63, 69), (84, 71), (62, 72), (61, 74), (83, 74), (82, 76), (60, 77), (81, 78), (82, 78), (79, 79), (80, 79), (59, 80), (76, 80), (77, 80), (78, 80), (73, 81), (74, 81), (75, 81), (58, 82), (71, 82), (72, 82), (68, 83), (69, 83), (70, 83), (58, 84), (66, 84), (67, 84), (59, 85), (63, 85), (64, 85), (65, 85), (60, 86), (61, 86), (62, 86)]
[(111, 48), (112, 48), (109, 49), (110, 49), (113, 49), (106, 50), (107, 50), (108, 50), (114, 50), (103, 51), (104, 51), (105, 51), (101, 52), (102, 52), (113, 52), (98, 53), (99, 53), (100, 53), (96, 54), (97, 54), (93, 55), (94, 55), (95, 55), (112, 55), (90, 56), (91, 56), (92, 56), (111, 57), (89, 58), (110, 60), (88, 61), (109, 62), (87, 63), (108, 65), (86, 66), (85, 68), (107, 68), (106, 70), (84, 71), (105, 72), (106, 72), (103, 73), (104, 73), (83, 74), (100, 74), (101, 74), (102, 74), (97, 75), (98, 75), (99, 75), (82, 76), (95, 76), (96, 76), (92, 77), (93, 77), (94, 77), (82, 78), (90, 78), (91, 78), (83, 79), (87, 79), (88, 79), (89, 79), (84, 80), (85, 80), (86, 80)]
[(105, 72), (106, 72), (103, 73), (104, 73), (107, 73), (100, 74), (101, 74), (102, 74), (108, 74), (97, 75), (98, 75), (99, 75), (95, 76), (96, 76), (107, 76), (92, 77), (93, 77), (94, 77), (90, 78), (91, 78), (87, 79), (88, 79), (89, 79), (106, 79), (84, 80), (85, 80), (86, 80), (105, 81), (83, 82), (104, 84), (82, 85), (103, 86), (81, 87), (102, 89), (80, 90), (79, 92), (101, 92), (100, 94), (78, 95), (99, 96), (100, 96), (97, 97), (98, 97), (77, 98), (94, 98), (95, 98), (96, 98), (91, 99), (92, 99), (93, 99), (76, 100), (89, 100), (90, 100), (86, 101), (87, 101), (88, 101), (76, 102), (84, 102), (85, 102), (77, 103), (81, 103), (82, 103), (83, 103), (78, 104), (79, 104), (80, 104)]
[(114, 72), (111, 73), (112, 73), (113, 73), (108, 74), (109, 74), (110, 74), (107, 76), (106, 79), (105, 81), (104, 84), (103, 86), (102, 89), (101, 92), (100, 94), (113, 94), (114, 94), (110, 95), (111, 95), (112, 95), (100, 96), (108, 96), (109, 96), (101, 97), (105, 97), (106, 97), (107, 97), (102, 98), (103, 98), (104, 98)]
[(113, 94), (114, 94), (110, 95), (111, 95), (112, 95), (108, 96), (109, 96), (105, 97), (106, 97), (107, 97), (102, 98), (103, 98), (104, 98), (101, 100), (100, 103), (99, 105), (98, 108), (97, 110), (96, 113)]
[(39, 66), (40, 66), (37, 67), (38, 67), (41, 67), (34, 68), (35, 68), (36, 68), (42, 68), (31, 69), (32, 69), (33, 69), (29, 70), (30, 70), (41, 70), (26, 71), (27, 71), (28, 71), (24, 72), (25, 72), (21, 73), (22, 73), (23, 73), (40, 73), (18, 74), (19, 74), (20, 74), (39, 75), (17, 76), (38, 78), (16, 79), (37, 80), (15, 81), (36, 83), (14, 84), (13, 86), (35, 86), (34, 88), (12, 89), (33, 90), (34, 90), (31, 91), (32, 91), (11, 92), (28, 92), (29, 92), (30, 92), (25, 93), (26, 93), (27, 93), (10, 94), (23, 94), (24, 94), (20, 95), (21, 95), (22, 95), (10, 96), (18, 96), (19, 96), (11, 97), (15, 97), (16, 97), (17, 97), (12, 98), (13, 98), (14, 98)]
[(63, 60), (64, 60), (61, 61), (62, 61), (65, 61), (58, 62), (59, 62), (60, 62), (66, 62), (55, 63), (56, 63), (57, 63), (53, 64), (54, 64), (65, 64), (50, 65), (51, 65), (52, 65), (48, 66), (49, 66), (45, 67), (46, 67), (47, 67), (64, 67), (42, 68), (43, 68), (44, 68), (63, 69), (41, 70), (62, 72), (40, 73), (61, 74), (39, 75), (60, 77), (38, 78), (37, 80), (59, 80), (58, 82), (36, 83), (57, 84), (58, 84), (55, 85), (56, 85), (35, 86), (52, 86), (53, 86), (54, 86), (49, 87), (50, 87), (51, 87), (34, 88), (47, 88), (48, 88), (44, 89), (45, 89), (46, 89), (34, 90), (42, 90), (43, 90), (35, 91), (39, 91), (40, 91), (41, 91), (36, 92), (37, 92), (38, 92)]
[(57, 84), (58, 84), (55, 85), (56, 85), (59, 85), (52, 86), (53, 86), (54, 86), (60, 86), (49, 87), (50, 87), (51, 87), (47, 88), (48, 88), (59, 88), (44, 89), (45, 89), (46, 89), (42, 90), (43, 90), (39, 91), (40, 91), (41, 91), (58, 91), (36, 92), (37, 92), (38, 92), (57, 93), (35, 94), (56, 96), (34, 97), (55, 98), (33, 99), (54, 101), (32, 102), (31, 104), (53, 104), (52, 106), (30, 107), (51, 108), (52, 108), (49, 109), (50, 109), (29, 110), (46, 110), (47, 110), (48, 110), (43, 111), (44, 111), (45, 111), (28, 112), (41, 112), (42, 112), (38, 113), (39, 113), (40, 113), (28, 114), (36, 114), (37, 114)]
[(81, 78), (82, 78), (79, 79), (80, 79), (83, 79), (76, 80), (77, 80), (78, 80), (84, 80), (73, 81), (74, 81), (75, 81), (71, 82), (72, 82), (83, 82), (68, 83), (69, 83), (70, 83), (66, 84), (67, 84), (63, 85), (64, 85), (65, 85), (82, 85), (60, 86), (61, 86), (62, 86), (81, 87), (59, 88), (80, 90), (58, 91), (79, 92), (57, 93), (78, 95), (56, 96), (55, 98), (77, 98), (76, 100), (54, 101), (75, 102), (76, 102), (73, 103), (74, 103), (53, 104), (70, 104), (71, 104), (72, 104), (67, 105), (68, 105), (69, 105), (52, 106), (65, 106), (66, 106), (62, 107), (63, 107), (64, 107), (52, 108), (60, 108), (61, 108), (53, 109), (57, 109), (58, 109), (59, 109), (54, 110), (55, 110), (56, 110)]
[(75, 102), (76, 102), (73, 103), (74, 103), (77, 103), (70, 104), (71, 104), (72, 104), (78, 104), (67, 105), (68, 105), (69, 105), (65, 106), (66, 106), (77, 106), (62, 107), (63, 107), (64, 107), (60, 108), (61, 108), (57, 109), (58, 109), (59, 109), (76, 109), (54, 110), (55, 110), (56, 110), (75, 111), (53, 112), (74, 114)]
[(99, 96), (100, 96), (97, 97), (98, 97), (101, 97), (94, 98), (95, 98), (96, 98), (102, 98), (91, 99), (92, 99), (93, 99), (89, 100), (90, 100), (101, 100), (86, 101), (87, 101), (88, 101), (84, 102), (85, 102), (81, 103), (82, 103), (83, 103), (100, 103), (78, 104), (79, 104), (80, 104), (99, 105), (77, 106), (98, 108), (76, 109), (97, 110), (75, 111), (96, 113), (74, 114)]
[(33, 90), (34, 90), (31, 91), (32, 91), (35, 91), (28, 92), (29, 92), (30, 92), (36, 92), (25, 93), (26, 93), (27, 93), (23, 94), (24, 94), (35, 94), (20, 95), (21, 95), (22, 95), (18, 96), (19, 96), (15, 97), (16, 97), (17, 97), (34, 97), (12, 98), (13, 98), (14, 98), (33, 99), (11, 100), (32, 102), (10, 103), (31, 104), (9, 105), (30, 107), (8, 108), (7, 110), (29, 110), (28, 112), (6, 113), (27, 114), (28, 114)]
[(27, 114), (28, 114)]
[(51, 108), (52, 108), (49, 109), (50, 109), (53, 109), (46, 110), (47, 110), (48, 110), (54, 110), (43, 111), (44, 111), (45, 111), (41, 112), (42, 112), (53, 112), (38, 113), (39, 113), (40, 113), (36, 114), (37, 114)]
