[(91, 7), (92, 7), (88, 8), (89, 8), (90, 8), (93, 8), (85, 9), (86, 9), (87, 9), (82, 10), (83, 10), (84, 10), (79, 11), (80, 11), (81, 11), (92, 11), (76, 12), (77, 12), (78, 12), (72, 13), (73, 13), (74, 13), (75, 13), (91, 14), (71, 16), (90, 17), (70, 19), (89, 20), (69, 22), (88, 23), (68, 25), (87, 26), (67, 28), (86, 28), (87, 28), (83, 29), (84, 29), (85, 29), (80, 30), (81, 30), (82, 30), (66, 31), (77, 31), (78, 31), (79, 31), (74, 32), (75, 32), (76, 32), (66, 33), (71, 33), (72, 33), (73, 33), (67, 34), (68, 34), (69, 34), (70, 34)]
[(112, 2), (113, 2), (109, 3), (110, 3), (111, 3), (114, 3), (106, 4), (107, 4), (108, 4), (103, 5), (104, 5), (105, 5), (100, 6), (101, 6), (102, 6), (113, 6), (97, 7), (98, 7), (99, 7), (93, 8), (94, 8), (95, 8), (96, 8), (112, 9), (92, 11), (111, 12), (91, 14), (110, 15), (90, 17), (109, 18), (89, 20), (108, 21), (88, 23), (107, 23), (108, 23), (104, 24), (105, 24), (106, 24), (101, 25), (102, 25), (103, 25), (87, 26), (98, 26), (99, 26), (100, 26), (95, 27), (96, 27), (97, 27), (87, 28), (92, 28), (93, 28), (94, 28), (88, 29), (89, 29), (90, 29), (91, 29)]
[(107, 23), (108, 23), (104, 24), (105, 24), (106, 24), (109, 24), (101, 25), (102, 25), (103, 25), (98, 26), (99, 26), (100, 26), (95, 27), (96, 27), (97, 27), (108, 27), (92, 28), (93, 28), (94, 28), (88, 29), (89, 29), (90, 29), (91, 29), (107, 30), (87, 32), (106, 33), (86, 35), (105, 36), (85, 38), (104, 39), (84, 41), (103, 42), (83, 44), (102, 44), (103, 44), (99, 45), (100, 45), (101, 45), (96, 46), (97, 46), (98, 46), (82, 47), (93, 47), (94, 47), (95, 47), (90, 48), (91, 48), (92, 48), (82, 49), (87, 49), (88, 49), (89, 49), (83, 50), (84, 50), (85, 50), (86, 50)]
[(113, 23), (114, 23), (109, 24), (110, 24), (111, 24), (112, 24), (108, 27), (107, 30), (106, 33), (105, 36), (104, 39), (103, 42), (114, 42), (111, 43), (112, 43), (113, 43), (103, 44), (108, 44), (109, 44), (110, 44), (104, 45), (105, 45), (106, 45), (107, 45)]
[(114, 42), (111, 43), (112, 43), (113, 43), (108, 44), (109, 44), (110, 44), (104, 45), (105, 45), (106, 45), (107, 45), (103, 48), (102, 51), (101, 54), (100, 57), (99, 60), (112, 62), (113, 62), (114, 62), (98, 63), (109, 63), (110, 63), (111, 63), (106, 64), (107, 64), (108, 64), (98, 65), (103, 65), (104, 65), (105, 65), (99, 66), (100, 66), (101, 66), (102, 66)]
[(114, 79), (114, 81)]
[(49, 17), (50, 17), (46, 18), (47, 18), (48, 18), (51, 18), (43, 19), (44, 19), (45, 19), (40, 20), (41, 20), (42, 20), (37, 21), (38, 21), (39, 21), (50, 21), (34, 22), (35, 22), (36, 22), (30, 23), (31, 23), (32, 23), (33, 23), (49, 24), (29, 26), (48, 27), (28, 29), (47, 30), (27, 32), (46, 33), (26, 35), (45, 36), (25, 38), (44, 38), (45, 38), (41, 39), (42, 39), (43, 39), (38, 40), (39, 40), (40, 40), (24, 41), (35, 41), (36, 41), (37, 41), (32, 42), (33, 42), (34, 42), (24, 43), (29, 43), (30, 43), (31, 43), (25, 44), (26, 44), (27, 44), (28, 44)]
[(70, 12), (71, 12), (67, 13), (68, 13), (69, 13), (72, 13), (64, 14), (65, 14), (66, 14), (61, 15), (62, 15), (63, 15), (58, 16), (59, 16), (60, 16), (71, 16), (55, 17), (56, 17), (57, 17), (51, 18), (52, 18), (53, 18), (54, 18), (70, 19), (50, 21), (69, 22), (49, 24), (68, 25), (48, 27), (67, 28), (47, 30), (66, 31), (46, 33), (65, 33), (66, 33), (62, 34), (63, 34), (64, 34), (59, 35), (60, 35), (61, 35), (45, 36), (56, 36), (57, 36), (58, 36), (53, 37), (54, 37), (55, 37), (45, 38), (50, 38), (51, 38), (52, 38), (46, 39), (47, 39), (48, 39), (49, 39)]
[(65, 33), (66, 33), (62, 34), (63, 34), (64, 34), (67, 34), (59, 35), (60, 35), (61, 35), (56, 36), (57, 36), (58, 36), (53, 37), (54, 37), (55, 37), (66, 37), (50, 38), (51, 38), (52, 38), (46, 39), (47, 39), (48, 39), (49, 39), (65, 40), (45, 42), (64, 43), (44, 45), (63, 46), (43, 48), (62, 49), (42, 51), (61, 52), (41, 54), (60, 54), (61, 54), (57, 55), (58, 55), (59, 55), (54, 56), (55, 56), (56, 56), (40, 57), (51, 57), (52, 57), (53, 57), (48, 58), (49, 58), (50, 58), (40, 59), (45, 59), (46, 59), (47, 59), (41, 60), (42, 60), (43, 60), (44, 60)]
[(86, 28), (87, 28), (83, 29), (84, 29), (85, 29), (88, 29), (80, 30), (81, 30), (82, 30), (77, 31), (78, 31), (79, 31), (74, 32), (75, 32), (76, 32), (87, 32), (71, 33), (72, 33), (73, 33), (67, 34), (68, 34), (69, 34), (70, 34), (86, 35), (66, 37), (85, 38), (65, 40), (84, 41), (64, 43), (83, 44), (63, 46), (82, 47), (62, 49), (81, 49), (82, 49), (78, 50), (79, 50), (80, 50), (75, 51), (76, 51), (77, 51), (61, 52), (72, 52), (73, 52), (74, 52), (69, 53), (70, 53), (71, 53), (61, 54), (66, 54), (67, 54), (68, 54), (62, 55), (63, 55), (64, 55), (65, 55)]
[(81, 49), (82, 49), (78, 50), (79, 50), (80, 50), (83, 50), (75, 51), (76, 51), (77, 51), (72, 52), (73, 52), (74, 52), (69, 53), (70, 53), (71, 53), (82, 53), (66, 54), (67, 54), (68, 54), (62, 55), (63, 55), (64, 55), (65, 55), (81, 56), (61, 58), (80, 59), (60, 61), (79, 62), (59, 64), (78, 65), (58, 67), (77, 68), (57, 70), (76, 70), (77, 70), (73, 71), (74, 71), (75, 71), (70, 72), (71, 72), (72, 72), (56, 73), (67, 73), (68, 73), (69, 73), (64, 74), (65, 74), (66, 74), (56, 75), (61, 75), (62, 75), (63, 75), (57, 76), (58, 76), (59, 76), (60, 76)]
[(102, 44), (103, 44), (99, 45), (100, 45), (101, 45), (104, 45), (96, 46), (97, 46), (98, 46), (93, 47), (94, 47), (95, 47), (90, 48), (91, 48), (92, 48), (103, 48), (87, 49), (88, 49), (89, 49), (83, 50), (84, 50), (85, 50), (86, 50), (102, 51), (82, 53), (101, 54), (81, 56), (100, 57), (80, 59), (99, 60), (79, 62), (98, 63), (78, 65), (97, 65), (98, 65), (94, 66), (95, 66), (96, 66), (91, 67), (92, 67), (93, 67), (77, 68), (88, 68), (89, 68), (90, 68), (85, 69), (86, 69), (87, 69), (77, 70), (82, 70), (83, 70), (84, 70), (78, 71), (79, 71), (80, 71), (81, 71)]
[(97, 65), (98, 65), (94, 66), (95, 66), (96, 66), (99, 66), (91, 67), (92, 67), (93, 67), (88, 68), (89, 68), (90, 68), (85, 69), (86, 69), (87, 69), (98, 69), (82, 70), (83, 70), (84, 70), (78, 71), (79, 71), (80, 71), (81, 71), (97, 72), (77, 74), (96, 75), (76, 77), (95, 78), (75, 80), (94, 81), (74, 83), (93, 84), (73, 86), (92, 86), (93, 86), (89, 87), (90, 87), (91, 87), (86, 88), (87, 88), (88, 88), (72, 89), (83, 89), (84, 89), (85, 89), (80, 90), (81, 90), (82, 90), (72, 91), (77, 91), (78, 91), (79, 91), (73, 92), (74, 92), (75, 92), (76, 92)]
[(112, 62), (113, 62), (114, 62), (109, 63), (110, 63), (111, 63), (106, 64), (107, 64), (108, 64), (103, 65), (104, 65), (105, 65), (99, 66), (100, 66), (101, 66), (102, 66), (98, 69), (97, 72), (96, 75), (95, 78), (114, 79), (94, 81), (113, 81), (114, 81), (110, 82), (111, 82), (112, 82), (107, 83), (108, 83), (109, 83), (93, 84), (104, 84), (105, 84), (106, 84), (101, 85), (102, 85), (103, 85), (93, 86), (98, 86), (99, 86), (100, 86), (94, 87), (95, 87), (96, 87), (97, 87)]
[(113, 81), (114, 81), (110, 82), (111, 82), (112, 82), (107, 83), (108, 83), (109, 83), (104, 84), (105, 84), (106, 84), (101, 85), (102, 85), (103, 85), (114, 85), (98, 86), (99, 86), (100, 86), (94, 87), (95, 87), (96, 87), (97, 87), (113, 88), (93, 90), (112, 91), (92, 93), (111, 94), (91, 96), (110, 97), (90, 99), (109, 100), (89, 102), (108, 102), (109, 102), (105, 103), (106, 103), (107, 103), (102, 104), (103, 104), (104, 104), (88, 105), (99, 105), (100, 105), (101, 105), (96, 106), (97, 106), (98, 106), (88, 107), (93, 107), (94, 107), (95, 107), (89, 108), (90, 108), (91, 108), (92, 108)]
[(114, 85), (113, 88), (112, 91), (111, 94), (110, 97), (109, 100), (109, 102), (114, 102), (110, 103), (111, 103), (112, 103), (113, 103)]
[(114, 102), (110, 103), (111, 103), (112, 103), (113, 103), (109, 106), (108, 109), (107, 112)]
[(23, 43), (24, 43), (20, 44), (21, 44), (22, 44), (25, 44), (17, 45), (18, 45), (19, 45), (14, 46), (15, 46), (16, 46), (11, 47), (12, 47), (13, 47), (24, 47), (8, 48), (9, 48), (10, 48), (4, 49), (5, 49), (6, 49), (7, 49), (23, 50), (3, 52), (22, 53), (2, 55), (21, 56), (1, 58), (20, 59), (0, 61), (19, 62), (18, 64), (19, 64), (15, 65), (16, 65), (17, 65), (12, 66), (13, 66), (14, 66), (9, 67), (10, 67), (11, 67), (6, 68), (7, 68), (8, 68), (3, 69), (4, 69), (5, 69), (0, 70), (1, 70), (2, 70)]
[(44, 38), (45, 38), (41, 39), (42, 39), (43, 39), (46, 39), (38, 40), (39, 40), (40, 40), (35, 41), (36, 41), (37, 41), (32, 42), (33, 42), (34, 42), (45, 42), (29, 43), (30, 43), (31, 43), (25, 44), (26, 44), (27, 44), (28, 44), (44, 45), (24, 47), (43, 48), (23, 50), (42, 51), (22, 53), (41, 54), (21, 56), (40, 57), (20, 59), (39, 59), (40, 59), (36, 60), (37, 60), (38, 60), (33, 61), (34, 61), (35, 61), (19, 62), (30, 62), (31, 62), (32, 62), (27, 63), (28, 63), (29, 63), (19, 64), (24, 64), (25, 64), (26, 64), (20, 65), (21, 65), (22, 65), (23, 65)]
[(39, 59), (40, 59), (36, 60), (37, 60), (38, 60), (41, 60), (33, 61), (34, 61), (35, 61), (30, 62), (31, 62), (32, 62), (27, 63), (28, 63), (29, 63), (40, 63), (24, 64), (25, 64), (26, 64), (20, 65), (21, 65), (22, 65), (23, 65), (39, 66), (19, 68), (38, 69), (18, 71), (37, 72), (17, 74), (36, 75), (16, 77), (35, 78), (15, 80), (34, 80), (35, 80), (31, 81), (32, 81), (33, 81), (28, 82), (29, 82), (30, 82), (14, 83), (25, 83), (26, 83), (27, 83), (22, 84), (23, 84), (24, 84), (14, 85), (19, 85), (20, 85), (21, 85), (15, 86), (16, 86), (17, 86), (18, 86)]
[(60, 54), (61, 54), (57, 55), (58, 55), (59, 55), (62, 55), (54, 56), (55, 56), (56, 56), (51, 57), (52, 57), (53, 57), (48, 58), (49, 58), (50, 58), (61, 58), (45, 59), (46, 59), (47, 59), (41, 60), (42, 60), (43, 60), (44, 60), (60, 61), (40, 63), (59, 64), (39, 66), (58, 67), (38, 69), (57, 70), (37, 72), (56, 73), (36, 75), (55, 75), (56, 75), (52, 76), (53, 76), (54, 76), (49, 77), (50, 77), (51, 77), (35, 78), (46, 78), (47, 78), (48, 78), (43, 79), (44, 79), (45, 79), (35, 80), (40, 80), (41, 80), (42, 80), (36, 81), (37, 81), (38, 81), (39, 81)]
[(55, 75), (56, 75), (52, 76), (53, 76), (54, 76), (57, 76), (49, 77), (50, 77), (51, 77), (46, 78), (47, 78), (48, 78), (43, 79), (44, 79), (45, 79), (56, 79), (40, 80), (41, 80), (42, 80), (36, 81), (37, 81), (38, 81), (39, 81), (55, 82), (35, 84), (54, 85), (34, 87), (53, 88), (33, 90), (52, 91), (32, 93), (51, 94), (31, 96), (50, 96), (51, 96), (47, 97), (48, 97), (49, 97), (44, 98), (45, 98), (46, 98), (30, 99), (41, 99), (42, 99), (43, 99), (38, 100), (39, 100), (40, 100), (30, 101), (35, 101), (36, 101), (37, 101), (31, 102), (32, 102), (33, 102), (34, 102)]
[(76, 70), (77, 70), (73, 71), (74, 71), (75, 71), (78, 71), (70, 72), (71, 72), (72, 72), (67, 73), (68, 73), (69, 73), (64, 74), (65, 74), (66, 74), (77, 74), (61, 75), (62, 75), (63, 75), (57, 76), (58, 76), (59, 76), (60, 76), (76, 77), (56, 79), (75, 80), (55, 82), (74, 83), (54, 85), (73, 86), (53, 88), (72, 89), (52, 91), (71, 91), (72, 91), (68, 92), (69, 92), (70, 92), (65, 93), (66, 93), (67, 93), (51, 94), (62, 94), (63, 94), (64, 94), (59, 95), (60, 95), (61, 95), (51, 96), (56, 96), (57, 96), (58, 96), (52, 97), (53, 97), (54, 97), (55, 97)]
[(71, 91), (72, 91), (68, 92), (69, 92), (70, 92), (73, 92), (65, 93), (66, 93), (67, 93), (62, 94), (63, 94), (64, 94), (59, 95), (60, 95), (61, 95), (72, 95), (56, 96), (57, 96), (58, 96), (52, 97), (53, 97), (54, 97), (55, 97), (71, 98), (51, 100), (70, 101), (50, 103), (69, 104), (49, 106), (68, 107), (48, 109), (67, 110), (47, 112), (66, 112), (67, 112), (63, 113), (64, 113), (65, 113), (60, 114), (61, 114), (62, 114)]
[(92, 86), (93, 86), (89, 87), (90, 87), (91, 87), (94, 87), (86, 88), (87, 88), (88, 88), (83, 89), (84, 89), (85, 89), (80, 90), (81, 90), (82, 90), (93, 90), (77, 91), (78, 91), (79, 91), (73, 92), (74, 92), (75, 92), (76, 92), (92, 93), (72, 95), (91, 96), (71, 98), (90, 99), (70, 101), (89, 102), (69, 104), (88, 105), (68, 107), (87, 107), (88, 107), (84, 108), (85, 108), (86, 108), (81, 109), (82, 109), (83, 109), (67, 110), (78, 110), (79, 110), (80, 110), (75, 111), (76, 111), (77, 111), (67, 112), (72, 112), (73, 112), (74, 112), (68, 113), (69, 113), (70, 113), (71, 113)]
[(87, 107), (88, 107), (84, 108), (85, 108), (86, 108), (89, 108), (81, 109), (82, 109), (83, 109), (78, 110), (79, 110), (80, 110), (75, 111), (76, 111), (77, 111), (88, 111), (72, 112), (73, 112), (74, 112), (68, 113), (69, 113), (70, 113), (71, 113), (87, 114)]
[(108, 102), (109, 102), (105, 103), (106, 103), (107, 103), (110, 103), (102, 104), (103, 104), (104, 104), (99, 105), (100, 105), (101, 105), (96, 106), (97, 106), (98, 106), (109, 106), (93, 107), (94, 107), (95, 107), (89, 108), (90, 108), (91, 108), (92, 108), (108, 109), (88, 111), (107, 112), (87, 114)]
[(18, 64), (19, 64), (15, 65), (16, 65), (17, 65), (20, 65), (12, 66), (13, 66), (14, 66), (9, 67), (10, 67), (11, 67), (6, 68), (7, 68), (8, 68), (19, 68), (3, 69), (4, 69), (5, 69), (0, 70), (1, 70), (2, 70), (18, 71), (17, 74), (16, 77), (15, 80), (14, 83), (13, 85), (14, 85), (10, 86), (11, 86), (12, 86), (7, 87), (8, 87), (9, 87), (4, 88), (5, 88), (6, 88), (1, 89), (2, 89), (3, 89), (0, 90)]
[(13, 85), (14, 85), (10, 86), (11, 86), (12, 86), (15, 86), (7, 87), (8, 87), (9, 87), (4, 88), (5, 88), (6, 88), (1, 89), (2, 89), (3, 89), (14, 89), (0, 90), (13, 92), (12, 95), (11, 98), (10, 101), (9, 104), (8, 106), (9, 106), (5, 107), (6, 107), (7, 107), (2, 108), (3, 108), (4, 108), (0, 109), (1, 109)]
[(34, 80), (35, 80), (31, 81), (32, 81), (33, 81), (36, 81), (28, 82), (29, 82), (30, 82), (25, 83), (26, 83), (27, 83), (22, 84), (23, 84), (24, 84), (35, 84), (19, 85), (20, 85), (21, 85), (15, 86), (16, 86), (17, 86), (18, 86), (34, 87), (14, 89), (33, 90), (13, 92), (32, 93), (12, 95), (31, 96), (11, 98), (30, 99), (10, 101), (29, 101), (30, 101), (26, 102), (27, 102), (28, 102), (23, 103), (24, 103), (25, 103), (9, 104), (20, 104), (21, 104), (22, 104), (17, 105), (18, 105), (19, 105), (9, 106), (14, 106), (15, 106), (16, 106), (10, 107), (11, 107), (12, 107), (13, 107)]
[(29, 101), (30, 101), (26, 102), (27, 102), (28, 102), (31, 102), (23, 103), (24, 103), (25, 103), (20, 104), (21, 104), (22, 104), (17, 105), (18, 105), (19, 105), (30, 105), (14, 106), (15, 106), (16, 106), (10, 107), (11, 107), (12, 107), (13, 107), (29, 108), (9, 110), (28, 111), (8, 113), (27, 114)]
[(50, 96), (51, 96), (47, 97), (48, 97), (49, 97), (52, 97), (44, 98), (45, 98), (46, 98), (41, 99), (42, 99), (43, 99), (38, 100), (39, 100), (40, 100), (51, 100), (35, 101), (36, 101), (37, 101), (31, 102), (32, 102), (33, 102), (34, 102), (50, 103), (30, 105), (49, 106), (29, 108), (48, 109), (28, 111), (47, 112), (27, 114)]
[(66, 112), (67, 112), (63, 113), (64, 113), (65, 113), (68, 113), (60, 114), (61, 114), (62, 114)]
[(8, 106), (9, 106), (5, 107), (6, 107), (7, 107), (10, 107), (2, 108), (3, 108), (4, 108), (0, 109), (1, 109), (9, 110), (8, 113)]
