[(112, 31), (113, 31), (114, 31), (109, 32), (110, 32), (111, 32), (106, 33), (107, 33), (108, 33), (103, 34), (104, 34), (105, 34), (100, 35), (101, 35), (102, 35), (96, 36), (97, 36), (98, 36), (99, 36), (95, 39), (94, 42), (93, 45), (114, 47), (92, 48), (113, 50), (91, 51), (111, 53), (112, 53), (113, 53), (90, 54), (108, 54), (109, 54), (110, 54), (105, 55), (106, 55), (107, 55), (102, 56), (103, 56), (104, 56), (90, 57), (99, 57), (100, 57), (101, 57), (91, 58), (96, 58), (97, 58), (98, 58), (92, 59), (93, 59), (94, 59), (95, 59)]
[(114, 47), (113, 50), (113, 53), (114, 54)]
[(114, 58), (113, 61), (112, 64), (111, 67), (110, 70), (109, 73), (109, 76), (110, 77), (111, 78), (112, 78), (113, 78), (114, 78)]
[(69, 38), (70, 38), (71, 38), (66, 39), (67, 39), (68, 39), (72, 39), (63, 40), (64, 40), (65, 40), (73, 40), (60, 41), (61, 41), (62, 41), (57, 42), (58, 42), (59, 42), (54, 43), (55, 43), (56, 43), (72, 43), (50, 44), (51, 44), (52, 44), (53, 44), (71, 46), (49, 47), (70, 49), (48, 50), (69, 52), (47, 53), (68, 55), (46, 56), (67, 58), (45, 59), (65, 61), (66, 61), (67, 61), (44, 62), (62, 62), (63, 62), (64, 62), (59, 63), (60, 63), (61, 63), (56, 64), (57, 64), (58, 64), (44, 65), (53, 65), (54, 65), (55, 65), (45, 66), (50, 66), (51, 66), (52, 66), (46, 67), (47, 67), (48, 67), (49, 67)]
[(92, 34), (93, 34), (94, 34), (89, 35), (90, 35), (91, 35), (95, 35), (86, 36), (87, 36), (88, 36), (96, 36), (83, 37), (84, 37), (85, 37), (80, 38), (81, 38), (82, 38), (77, 39), (78, 39), (79, 39), (95, 39), (73, 40), (74, 40), (75, 40), (76, 40), (94, 42), (72, 43), (93, 45), (71, 46), (92, 48), (70, 49), (91, 51), (69, 52), (90, 54), (68, 55), (88, 57), (89, 57), (90, 57), (67, 58), (85, 58), (86, 58), (87, 58), (82, 59), (83, 59), (84, 59), (79, 60), (80, 60), (81, 60), (67, 61), (76, 61), (77, 61), (78, 61), (68, 62), (73, 62), (74, 62), (75, 62), (69, 63), (70, 63), (71, 63), (72, 63)]
[(88, 57), (89, 57), (90, 57), (85, 58), (86, 58), (87, 58), (91, 58), (82, 59), (83, 59), (84, 59), (92, 59), (79, 60), (80, 60), (81, 60), (76, 61), (77, 61), (78, 61), (73, 62), (74, 62), (75, 62), (91, 62), (69, 63), (70, 63), (71, 63), (72, 63), (90, 65), (68, 66), (89, 68), (67, 69), (88, 71), (66, 72), (87, 74), (65, 75), (86, 77), (64, 78), (84, 80), (85, 80), (86, 80), (63, 81), (81, 81), (82, 81), (83, 81), (78, 82), (79, 82), (80, 82), (75, 83), (76, 83), (77, 83), (63, 84), (72, 84), (73, 84), (74, 84), (64, 85), (69, 85), (70, 85), (71, 85), (65, 86), (66, 86), (67, 86), (68, 86)]
[(111, 53), (112, 53), (113, 53), (108, 54), (109, 54), (110, 54), (114, 54), (105, 55), (106, 55), (107, 55), (102, 56), (103, 56), (104, 56), (99, 57), (100, 57), (101, 57), (96, 58), (97, 58), (98, 58), (114, 58), (92, 59), (93, 59), (94, 59), (95, 59), (113, 61), (91, 62), (112, 64), (90, 65), (111, 67), (89, 68), (110, 70), (88, 71), (109, 73), (87, 74), (107, 76), (108, 76), (109, 76), (86, 77), (104, 77), (105, 77), (106, 77), (101, 78), (102, 78), (103, 78), (98, 79), (99, 79), (100, 79), (86, 80), (95, 80), (96, 80), (97, 80), (87, 81), (92, 81), (93, 81), (94, 81), (88, 82), (89, 82), (90, 82), (91, 82)]
[(107, 76), (108, 76), (109, 76), (104, 77), (105, 77), (106, 77), (110, 77), (101, 78), (102, 78), (103, 78), (111, 78), (98, 79), (99, 79), (100, 79), (95, 80), (96, 80), (97, 80), (92, 81), (93, 81), (94, 81), (110, 81), (88, 82), (89, 82), (90, 82), (91, 82), (109, 84), (87, 85), (108, 87), (86, 88), (107, 90), (85, 91), (106, 93), (84, 94), (105, 96), (83, 97), (103, 99), (104, 99), (105, 99), (82, 100), (100, 100), (101, 100), (102, 100), (97, 101), (98, 101), (99, 101), (94, 102), (95, 102), (96, 102), (82, 103), (91, 103), (92, 103), (93, 103), (83, 104), (88, 104), (89, 104), (90, 104), (84, 105), (85, 105), (86, 105), (87, 105)]
[(111, 78), (112, 78), (113, 78), (114, 78), (110, 81), (109, 84), (108, 87), (107, 90), (106, 93), (105, 96), (105, 99), (114, 99), (106, 100), (111, 100), (112, 100), (113, 100), (107, 101), (108, 101), (109, 101), (110, 101)]
[(114, 99), (111, 100), (112, 100), (113, 100), (107, 101), (108, 101), (109, 101), (110, 101), (106, 104), (105, 107), (104, 110), (103, 113)]
[(42, 65), (43, 65), (44, 65), (39, 66), (40, 66), (41, 66), (45, 66), (36, 67), (37, 67), (38, 67), (46, 67), (33, 68), (34, 68), (35, 68), (30, 69), (31, 69), (32, 69), (27, 70), (28, 70), (29, 70), (45, 70), (23, 71), (24, 71), (25, 71), (26, 71), (44, 73), (22, 74), (43, 76), (21, 77), (42, 79), (20, 80), (41, 82), (19, 83), (40, 85), (18, 86), (38, 88), (39, 88), (40, 88), (17, 89), (35, 89), (36, 89), (37, 89), (32, 90), (33, 90), (34, 90), (29, 91), (30, 91), (31, 91), (17, 92), (26, 92), (27, 92), (28, 92), (18, 93), (23, 93), (24, 93), (25, 93), (19, 94), (20, 94), (21, 94), (22, 94)]
[(65, 61), (66, 61), (67, 61), (62, 62), (63, 62), (64, 62), (68, 62), (59, 63), (60, 63), (61, 63), (69, 63), (56, 64), (57, 64), (58, 64), (53, 65), (54, 65), (55, 65), (50, 66), (51, 66), (52, 66), (68, 66), (46, 67), (47, 67), (48, 67), (49, 67), (67, 69), (45, 70), (66, 72), (44, 73), (65, 75), (43, 76), (64, 78), (42, 79), (63, 81), (41, 82), (61, 84), (62, 84), (63, 84), (40, 85), (58, 85), (59, 85), (60, 85), (55, 86), (56, 86), (57, 86), (52, 87), (53, 87), (54, 87), (40, 88), (49, 88), (50, 88), (51, 88), (41, 89), (46, 89), (47, 89), (48, 89), (42, 90), (43, 90), (44, 90), (45, 90)]
[(61, 84), (62, 84), (63, 84), (58, 85), (59, 85), (60, 85), (64, 85), (55, 86), (56, 86), (57, 86), (65, 86), (52, 87), (53, 87), (54, 87), (49, 88), (50, 88), (51, 88), (46, 89), (47, 89), (48, 89), (64, 89), (42, 90), (43, 90), (44, 90), (45, 90), (63, 92), (41, 93), (62, 95), (40, 96), (61, 98), (39, 99), (60, 101), (38, 102), (59, 104), (37, 105), (57, 107), (58, 107), (59, 107), (36, 108), (54, 108), (55, 108), (56, 108), (51, 109), (52, 109), (53, 109), (48, 110), (49, 110), (50, 110), (36, 111), (45, 111), (46, 111), (47, 111), (37, 112), (42, 112), (43, 112), (44, 112), (38, 113), (39, 113), (40, 113), (41, 113)]
[(84, 80), (85, 80), (86, 80), (81, 81), (82, 81), (83, 81), (87, 81), (78, 82), (79, 82), (80, 82), (88, 82), (75, 83), (76, 83), (77, 83), (72, 84), (73, 84), (74, 84), (69, 85), (70, 85), (71, 85), (87, 85), (65, 86), (66, 86), (67, 86), (68, 86), (86, 88), (64, 89), (85, 91), (63, 92), (84, 94), (62, 95), (83, 97), (61, 98), (82, 100), (60, 101), (80, 103), (81, 103), (82, 103), (59, 104), (77, 104), (78, 104), (79, 104), (74, 105), (75, 105), (76, 105), (71, 106), (72, 106), (73, 106), (59, 107), (68, 107), (69, 107), (70, 107), (60, 108), (65, 108), (66, 108), (67, 108), (61, 109), (62, 109), (63, 109), (64, 109)]
[(80, 103), (81, 103), (82, 103), (77, 104), (78, 104), (79, 104), (83, 104), (74, 105), (75, 105), (76, 105), (84, 105), (71, 106), (72, 106), (73, 106), (68, 107), (69, 107), (70, 107), (65, 108), (66, 108), (67, 108), (83, 108), (61, 109), (62, 109), (63, 109), (64, 109), (82, 111), (60, 112), (81, 114)]
[(103, 99), (104, 99), (105, 99), (100, 100), (101, 100), (102, 100), (106, 100), (97, 101), (98, 101), (99, 101), (107, 101), (94, 102), (95, 102), (96, 102), (91, 103), (92, 103), (93, 103), (88, 104), (89, 104), (90, 104), (106, 104), (84, 105), (85, 105), (86, 105), (87, 105), (105, 107), (83, 108), (104, 110), (82, 111), (103, 113), (81, 114)]
[(38, 88), (39, 88), (40, 88), (35, 89), (36, 89), (37, 89), (41, 89), (32, 90), (33, 90), (34, 90), (42, 90), (29, 91), (30, 91), (31, 91), (26, 92), (27, 92), (28, 92), (23, 93), (24, 93), (25, 93), (41, 93), (19, 94), (20, 94), (21, 94), (22, 94), (40, 96), (18, 97), (39, 99), (17, 100), (38, 102), (16, 103), (37, 105), (15, 106), (36, 108), (14, 109), (34, 111), (35, 111), (36, 111), (13, 112), (31, 112), (32, 112), (33, 112), (28, 113), (29, 113), (30, 113), (25, 114), (26, 114), (27, 114)]
[(34, 111), (35, 111), (36, 111), (31, 112), (32, 112), (33, 112), (37, 112), (28, 113), (29, 113), (30, 113), (38, 113), (25, 114), (26, 114), (27, 114)]
[(57, 107), (58, 107), (59, 107), (54, 108), (55, 108), (56, 108), (60, 108), (51, 109), (52, 109), (53, 109), (61, 109), (48, 110), (49, 110), (50, 110), (45, 111), (46, 111), (47, 111), (42, 112), (43, 112), (44, 112), (60, 112), (38, 113), (39, 113), (40, 113), (41, 113)]
