[(104, 9), (105, 9), (102, 10), (103, 10), (106, 10), (99, 11), (100, 11), (101, 11), (107, 11), (96, 12), (97, 12), (98, 12), (94, 13), (95, 13), (106, 13), (91, 14), (92, 14), (93, 14), (89, 15), (90, 15), (86, 16), (87, 16), (88, 16), (105, 16), (83, 17), (84, 17), (85, 17), (104, 18), (82, 19), (103, 21), (81, 22), (102, 23), (80, 24), (101, 26), (79, 27), (78, 29), (100, 29), (99, 31), (77, 32), (98, 33), (99, 33), (96, 34), (97, 34), (76, 35), (93, 35), (94, 35), (95, 35), (90, 36), (91, 36), (92, 36), (75, 37), (88, 37), (89, 37), (85, 38), (86, 38), (87, 38), (75, 39), (83, 39), (84, 39), (76, 40), (80, 40), (81, 40), (82, 40), (77, 41), (78, 41), (79, 41)]
[(113, 9), (114, 9), (110, 10), (111, 10), (112, 10), (107, 11), (108, 11), (109, 11), (106, 13), (105, 16), (104, 18), (103, 21), (102, 23), (101, 26), (100, 29), (114, 30), (99, 31), (112, 31), (113, 31), (109, 32), (110, 32), (111, 32), (99, 33), (107, 33), (108, 33), (100, 34), (104, 34), (105, 34), (106, 34), (101, 35), (102, 35), (103, 35)]
[(114, 30), (112, 31), (113, 31), (109, 32), (110, 32), (111, 32), (107, 33), (108, 33), (104, 34), (105, 34), (106, 34), (101, 35), (102, 35), (103, 35), (100, 37), (99, 40), (98, 42), (97, 45), (96, 47), (95, 50), (114, 52), (94, 53), (111, 53), (112, 53), (113, 53), (108, 54), (109, 54), (110, 54), (93, 55), (106, 55), (107, 55), (103, 56), (104, 56), (105, 56), (93, 57), (101, 57), (102, 57), (94, 58), (98, 58), (99, 58), (100, 58), (95, 59), (96, 59), (97, 59)]
[(114, 65), (113, 68), (112, 71), (111, 73), (111, 75), (112, 76), (113, 77), (114, 77)]
[(56, 21), (57, 21), (54, 22), (55, 22), (58, 22), (51, 23), (52, 23), (53, 23), (59, 23), (48, 24), (49, 24), (50, 24), (46, 25), (47, 25), (58, 25), (43, 26), (44, 26), (45, 26), (41, 27), (42, 27), (38, 28), (39, 28), (40, 28), (57, 28), (35, 29), (36, 29), (37, 29), (56, 30), (34, 31), (55, 33), (33, 34), (54, 35), (32, 36), (53, 38), (31, 39), (30, 41), (52, 41), (51, 43), (29, 44), (50, 45), (51, 45), (48, 46), (49, 46), (28, 47), (45, 47), (46, 47), (47, 47), (42, 48), (43, 48), (44, 48), (27, 49), (40, 49), (41, 49), (37, 50), (38, 50), (39, 50), (27, 51), (35, 51), (36, 51), (28, 52), (32, 52), (33, 52), (34, 52), (29, 53), (30, 53), (31, 53)]
[(80, 15), (81, 15), (78, 16), (79, 16), (82, 16), (75, 17), (76, 17), (77, 17), (83, 17), (72, 18), (73, 18), (74, 18), (70, 19), (71, 19), (82, 19), (67, 20), (68, 20), (69, 20), (65, 21), (66, 21), (62, 22), (63, 22), (64, 22), (81, 22), (59, 23), (60, 23), (61, 23), (80, 24), (58, 25), (79, 27), (57, 28), (78, 29), (56, 30), (77, 32), (55, 33), (54, 35), (76, 35), (75, 37), (53, 38), (74, 39), (75, 39), (72, 40), (73, 40), (52, 41), (69, 41), (70, 41), (71, 41), (66, 42), (67, 42), (68, 42), (51, 43), (64, 43), (65, 43), (61, 44), (62, 44), (63, 44), (51, 45), (59, 45), (60, 45), (52, 46), (56, 46), (57, 46), (58, 46), (53, 47), (54, 47), (55, 47)]
[(74, 39), (75, 39), (72, 40), (73, 40), (76, 40), (69, 41), (70, 41), (71, 41), (77, 41), (66, 42), (67, 42), (68, 42), (64, 43), (65, 43), (76, 43), (61, 44), (62, 44), (63, 44), (59, 45), (60, 45), (56, 46), (57, 46), (58, 46), (75, 46), (53, 47), (54, 47), (55, 47), (74, 48), (52, 49), (73, 51), (51, 52), (72, 53), (50, 54), (71, 56), (49, 57), (48, 59), (70, 59), (69, 61), (47, 62), (68, 63), (69, 63), (66, 64), (67, 64), (46, 65), (63, 65), (64, 65), (65, 65), (60, 66), (61, 66), (62, 66), (45, 67), (58, 67), (59, 67), (55, 68), (56, 68), (57, 68), (45, 69), (53, 69), (54, 69), (46, 70), (50, 70), (51, 70), (52, 70), (47, 71), (48, 71), (49, 71)]
[(98, 33), (99, 33), (96, 34), (97, 34), (100, 34), (93, 35), (94, 35), (95, 35), (101, 35), (90, 36), (91, 36), (92, 36), (88, 37), (89, 37), (100, 37), (85, 38), (86, 38), (87, 38), (83, 39), (84, 39), (80, 40), (81, 40), (82, 40), (99, 40), (77, 41), (78, 41), (79, 41), (98, 42), (76, 43), (97, 45), (75, 46), (96, 47), (74, 48), (95, 50), (73, 51), (72, 53), (94, 53), (93, 55), (71, 56), (92, 57), (93, 57), (90, 58), (91, 58), (70, 59), (87, 59), (88, 59), (89, 59), (84, 60), (85, 60), (86, 60), (69, 61), (82, 61), (83, 61), (79, 62), (80, 62), (81, 62), (69, 63), (77, 63), (78, 63), (70, 64), (74, 64), (75, 64), (76, 64), (71, 65), (72, 65), (73, 65)]
[(92, 57), (93, 57), (90, 58), (91, 58), (94, 58), (87, 59), (88, 59), (89, 59), (95, 59), (84, 60), (85, 60), (86, 60), (82, 61), (83, 61), (94, 61), (79, 62), (80, 62), (81, 62), (77, 63), (78, 63), (74, 64), (75, 64), (76, 64), (93, 64), (71, 65), (72, 65), (73, 65), (92, 66), (70, 67), (91, 69), (69, 70), (90, 71), (68, 72), (89, 74), (67, 75), (66, 77), (88, 77), (87, 79), (65, 80), (86, 81), (87, 81), (84, 82), (85, 82), (64, 83), (81, 83), (82, 83), (83, 83), (78, 84), (79, 84), (80, 84), (63, 85), (76, 85), (77, 85), (73, 86), (74, 86), (75, 86), (63, 87), (71, 87), (72, 87), (64, 88), (68, 88), (69, 88), (70, 88), (65, 89), (66, 89), (67, 89)]
[(114, 52), (111, 53), (112, 53), (113, 53), (108, 54), (109, 54), (110, 54), (106, 55), (107, 55), (103, 56), (104, 56), (105, 56), (101, 57), (102, 57), (98, 58), (99, 58), (100, 58), (95, 59), (96, 59), (97, 59), (94, 61), (93, 64), (114, 65), (92, 66), (113, 68), (91, 69), (90, 71), (112, 71), (111, 73), (89, 74), (110, 75), (111, 75), (108, 76), (109, 76), (88, 77), (105, 77), (106, 77), (107, 77), (102, 78), (103, 78), (104, 78), (87, 79), (100, 79), (101, 79), (97, 80), (98, 80), (99, 80), (87, 81), (95, 81), (96, 81), (88, 82), (92, 82), (93, 82), (94, 82), (89, 83), (90, 83), (91, 83)]
[(110, 75), (111, 75), (108, 76), (109, 76), (112, 76), (105, 77), (106, 77), (107, 77), (113, 77), (102, 78), (103, 78), (104, 78), (100, 79), (101, 79), (112, 79), (97, 80), (98, 80), (99, 80), (95, 81), (96, 81), (92, 82), (93, 82), (94, 82), (111, 82), (89, 83), (90, 83), (91, 83), (110, 84), (88, 85), (109, 87), (87, 88), (108, 89), (86, 90), (107, 92), (85, 93), (84, 95), (106, 95), (105, 97), (83, 98), (104, 99), (105, 99), (102, 100), (103, 100), (82, 101), (99, 101), (100, 101), (101, 101), (96, 102), (97, 102), (98, 102), (81, 103), (94, 103), (95, 103), (91, 104), (92, 104), (93, 104), (81, 105), (89, 105), (90, 105), (82, 106), (86, 106), (87, 106), (88, 106), (83, 107), (84, 107), (85, 107)]
[(113, 77), (114, 77), (112, 79), (111, 82), (110, 84), (109, 87), (108, 89), (107, 92), (106, 95), (105, 97), (105, 99), (113, 99), (114, 99), (106, 100), (110, 100), (111, 100), (112, 100), (107, 101), (108, 101), (109, 101)]
[(113, 99), (114, 99), (110, 100), (111, 100), (112, 100), (107, 101), (108, 101), (109, 101), (106, 103), (105, 106), (104, 108), (103, 111), (102, 113)]
[(26, 51), (27, 51), (24, 52), (25, 52), (28, 52), (21, 53), (22, 53), (23, 53), (29, 53), (18, 54), (19, 54), (20, 54), (16, 55), (17, 55), (28, 55), (13, 56), (14, 56), (15, 56), (11, 57), (12, 57), (8, 58), (9, 58), (10, 58), (27, 58), (5, 59), (6, 59), (7, 59), (26, 60), (4, 61), (25, 63), (3, 64), (24, 65), (2, 66), (23, 68), (1, 69), (0, 71), (22, 71), (21, 73), (20, 75), (21, 75), (18, 76), (19, 76), (15, 77), (16, 77), (17, 77), (12, 78), (13, 78), (14, 78), (10, 79), (11, 79), (7, 80), (8, 80), (9, 80), (5, 81), (6, 81), (2, 82), (3, 82), (4, 82), (0, 83), (1, 83)]
[(50, 45), (51, 45), (48, 46), (49, 46), (52, 46), (45, 47), (46, 47), (47, 47), (53, 47), (42, 48), (43, 48), (44, 48), (40, 49), (41, 49), (52, 49), (37, 50), (38, 50), (39, 50), (35, 51), (36, 51), (32, 52), (33, 52), (34, 52), (51, 52), (29, 53), (30, 53), (31, 53), (50, 54), (28, 55), (49, 57), (27, 58), (48, 59), (26, 60), (47, 62), (25, 63), (24, 65), (46, 65), (45, 67), (23, 68), (44, 69), (45, 69), (42, 70), (43, 70), (22, 71), (39, 71), (40, 71), (41, 71), (36, 72), (37, 72), (38, 72), (21, 73), (34, 73), (35, 73), (31, 74), (32, 74), (33, 74), (21, 75), (29, 75), (30, 75), (22, 76), (26, 76), (27, 76), (28, 76), (23, 77), (24, 77), (25, 77)]
[(44, 69), (45, 69), (42, 70), (43, 70), (46, 70), (39, 71), (40, 71), (41, 71), (47, 71), (36, 72), (37, 72), (38, 72), (34, 73), (35, 73), (46, 73), (31, 74), (32, 74), (33, 74), (29, 75), (30, 75), (26, 76), (27, 76), (28, 76), (45, 76), (23, 77), (24, 77), (25, 77), (44, 78), (22, 79), (43, 81), (21, 82), (42, 83), (20, 84), (41, 86), (19, 87), (18, 89), (40, 89), (39, 91), (17, 92), (38, 93), (39, 93), (36, 94), (37, 94), (16, 95), (33, 95), (34, 95), (35, 95), (30, 96), (31, 96), (32, 96), (15, 97), (28, 97), (29, 97), (25, 98), (26, 98), (27, 98), (15, 99), (23, 99), (24, 99), (16, 100), (20, 100), (21, 100), (22, 100), (17, 101), (18, 101), (19, 101)]
[(68, 63), (69, 63), (66, 64), (67, 64), (70, 64), (63, 65), (64, 65), (65, 65), (71, 65), (60, 66), (61, 66), (62, 66), (58, 67), (59, 67), (70, 67), (55, 68), (56, 68), (57, 68), (53, 69), (54, 69), (50, 70), (51, 70), (52, 70), (69, 70), (47, 71), (48, 71), (49, 71), (68, 72), (46, 73), (67, 75), (45, 76), (66, 77), (44, 78), (65, 80), (43, 81), (42, 83), (64, 83), (63, 85), (41, 86), (62, 87), (63, 87), (60, 88), (61, 88), (40, 89), (57, 89), (58, 89), (59, 89), (54, 90), (55, 90), (56, 90), (39, 91), (52, 91), (53, 91), (49, 92), (50, 92), (51, 92), (39, 93), (47, 93), (48, 93), (40, 94), (44, 94), (45, 94), (46, 94), (41, 95), (42, 95), (43, 95)]
[(62, 87), (63, 87), (60, 88), (61, 88), (64, 88), (57, 89), (58, 89), (59, 89), (65, 89), (54, 90), (55, 90), (56, 90), (52, 91), (53, 91), (64, 91), (49, 92), (50, 92), (51, 92), (47, 93), (48, 93), (44, 94), (45, 94), (46, 94), (63, 94), (41, 95), (42, 95), (43, 95), (62, 96), (40, 97), (61, 99), (39, 100), (60, 101), (38, 102), (59, 104), (37, 105), (36, 107), (58, 107), (57, 109), (35, 110), (56, 111), (57, 111), (54, 112), (55, 112), (34, 113), (51, 113), (52, 113), (53, 113), (48, 114), (49, 114), (50, 114)]
[(86, 81), (87, 81), (84, 82), (85, 82), (88, 82), (81, 83), (82, 83), (83, 83), (89, 83), (78, 84), (79, 84), (80, 84), (76, 85), (77, 85), (88, 85), (73, 86), (74, 86), (75, 86), (71, 87), (72, 87), (68, 88), (69, 88), (70, 88), (87, 88), (65, 89), (66, 89), (67, 89), (86, 90), (64, 91), (85, 93), (63, 94), (84, 95), (62, 96), (83, 98), (61, 99), (60, 101), (82, 101), (81, 103), (59, 104), (80, 105), (81, 105), (78, 106), (79, 106), (58, 107), (75, 107), (76, 107), (77, 107), (72, 108), (73, 108), (74, 108), (57, 109), (70, 109), (71, 109), (67, 110), (68, 110), (69, 110), (57, 111), (65, 111), (66, 111), (58, 112), (62, 112), (63, 112), (64, 112), (59, 113), (60, 113), (61, 113)]
[(80, 105), (81, 105), (78, 106), (79, 106), (82, 106), (75, 107), (76, 107), (77, 107), (83, 107), (72, 108), (73, 108), (74, 108), (70, 109), (71, 109), (82, 109), (67, 110), (68, 110), (69, 110), (65, 111), (66, 111), (62, 112), (63, 112), (64, 112), (81, 112), (59, 113), (60, 113), (61, 113), (80, 114)]
[(104, 99), (105, 99), (102, 100), (103, 100), (106, 100), (99, 101), (100, 101), (101, 101), (107, 101), (96, 102), (97, 102), (98, 102), (94, 103), (95, 103), (106, 103), (91, 104), (92, 104), (93, 104), (89, 105), (90, 105), (86, 106), (87, 106), (88, 106), (105, 106), (83, 107), (84, 107), (85, 107), (104, 108), (82, 109), (103, 111), (81, 112), (102, 113), (80, 114)]
[(20, 75), (21, 75), (18, 76), (19, 76), (22, 76), (15, 77), (16, 77), (17, 77), (23, 77), (12, 78), (13, 78), (14, 78), (10, 79), (11, 79), (22, 79), (7, 80), (8, 80), (9, 80), (5, 81), (6, 81), (2, 82), (3, 82), (4, 82), (21, 82), (0, 83), (1, 83), (20, 84), (19, 87), (18, 89), (17, 92), (16, 95), (15, 97), (14, 99), (15, 99), (12, 100), (13, 100), (9, 101), (10, 101), (11, 101), (6, 102), (7, 102), (8, 102), (4, 103), (5, 103), (1, 104), (2, 104), (3, 104), (0, 105)]
[(14, 99), (15, 99), (12, 100), (13, 100), (16, 100), (9, 101), (10, 101), (11, 101), (17, 101), (6, 102), (7, 102), (8, 102), (4, 103), (5, 103), (16, 103), (1, 104), (2, 104), (3, 104), (0, 105), (15, 106), (14, 108), (13, 111), (12, 113)]
[(38, 93), (39, 93), (36, 94), (37, 94), (40, 94), (33, 95), (34, 95), (35, 95), (41, 95), (30, 96), (31, 96), (32, 96), (28, 97), (29, 97), (40, 97), (25, 98), (26, 98), (27, 98), (23, 99), (24, 99), (20, 100), (21, 100), (22, 100), (39, 100), (17, 101), (18, 101), (19, 101), (38, 102), (16, 103), (37, 105), (15, 106), (36, 107), (14, 108), (35, 110), (13, 111), (12, 113), (34, 113)]
[(56, 111), (57, 111), (54, 112), (55, 112), (58, 112), (51, 113), (52, 113), (53, 113), (59, 113), (48, 114), (49, 114), (50, 114)]
