[(103, 24), (104, 24), (100, 25), (101, 25), (102, 25), (105, 25), (97, 26), (98, 26), (99, 26), (106, 26), (95, 27), (96, 27), (107, 27), (92, 28), (93, 28), (94, 28), (108, 28), (89, 29), (90, 29), (91, 29), (109, 29), (110, 30), (88, 31), (109, 32), (87, 34), (108, 35), (86, 37), (107, 38), (85, 39), (106, 40), (84, 42), (105, 43), (84, 44), (85, 45), (104, 45), (105, 45), (86, 46), (101, 46), (102, 46), (103, 46), (87, 47), (98, 47), (99, 47), (100, 47), (88, 48), (96, 48), (97, 48), (89, 49), (93, 49), (94, 49), (95, 49), (90, 50), (91, 50), (92, 50)]
[(113, 29), (114, 29), (110, 30), (111, 30), (112, 30), (109, 32), (108, 35), (107, 38), (106, 40), (105, 43), (105, 45), (106, 46), (107, 47), (108, 48), (109, 49), (110, 50), (114, 50), (111, 51), (112, 51), (113, 51)]
[(114, 50), (111, 51), (112, 51), (113, 51), (110, 53), (109, 56), (108, 59), (107, 61), (106, 64), (106, 66), (107, 67), (108, 68), (109, 69), (110, 70), (111, 71), (112, 72), (113, 72), (114, 72)]
[(61, 22), (62, 22), (58, 23), (59, 23), (60, 23), (63, 23), (55, 24), (56, 24), (57, 24), (64, 24), (53, 25), (54, 25), (65, 25), (50, 26), (51, 26), (52, 26), (66, 26), (47, 27), (48, 27), (49, 27), (67, 27), (68, 28), (46, 29), (67, 30), (45, 32), (66, 33), (44, 35), (65, 36), (43, 37), (64, 38), (42, 40), (63, 41), (42, 42), (43, 43), (62, 43), (63, 43), (44, 44), (59, 44), (60, 44), (61, 44), (45, 45), (56, 45), (57, 45), (58, 45), (46, 46), (54, 46), (55, 46), (47, 47), (51, 47), (52, 47), (53, 47), (48, 48), (49, 48), (50, 48)]
[(82, 23), (83, 23), (79, 24), (80, 24), (81, 24), (84, 24), (76, 25), (77, 25), (78, 25), (85, 25), (74, 26), (75, 26), (86, 26), (71, 27), (72, 27), (73, 27), (87, 27), (68, 28), (69, 28), (70, 28), (88, 28), (89, 29), (67, 30), (88, 31), (66, 33), (87, 34), (65, 36), (86, 37), (64, 38), (85, 39), (63, 41), (84, 42), (63, 43), (64, 44), (83, 44), (84, 44), (65, 45), (80, 45), (81, 45), (82, 45), (66, 46), (77, 46), (78, 46), (79, 46), (67, 47), (75, 47), (76, 47), (68, 48), (72, 48), (73, 48), (74, 48), (69, 49), (70, 49), (71, 49)]
[(83, 44), (84, 44), (80, 45), (81, 45), (82, 45), (85, 45), (77, 46), (78, 46), (79, 46), (86, 46), (75, 47), (76, 47), (87, 47), (72, 48), (73, 48), (74, 48), (88, 48), (69, 49), (70, 49), (71, 49), (89, 49), (90, 50), (68, 51), (89, 52), (67, 54), (88, 55), (66, 57), (87, 58), (65, 59), (86, 60), (64, 62), (85, 63), (64, 64), (65, 65), (84, 65), (85, 65), (66, 66), (81, 66), (82, 66), (83, 66), (67, 67), (78, 67), (79, 67), (80, 67), (68, 68), (76, 68), (77, 68), (69, 69), (73, 69), (74, 69), (75, 69), (70, 70), (71, 70), (72, 70)]
[(104, 45), (105, 45), (101, 46), (102, 46), (103, 46), (106, 46), (98, 47), (99, 47), (100, 47), (107, 47), (96, 48), (97, 48), (108, 48), (93, 49), (94, 49), (95, 49), (109, 49), (90, 50), (91, 50), (92, 50), (110, 50), (111, 51), (89, 52), (110, 53), (88, 55), (109, 56), (87, 58), (108, 59), (86, 60), (107, 61), (85, 63), (106, 64), (85, 65), (86, 66), (105, 66), (106, 66), (87, 67), (102, 67), (103, 67), (104, 67), (88, 68), (99, 68), (100, 68), (101, 68), (89, 69), (97, 69), (98, 69), (90, 70), (94, 70), (95, 70), (96, 70), (91, 71), (92, 71), (93, 71)]
[(105, 66), (106, 66), (102, 67), (103, 67), (104, 67), (107, 67), (99, 68), (100, 68), (101, 68), (108, 68), (97, 69), (98, 69), (109, 69), (94, 70), (95, 70), (96, 70), (110, 70), (91, 71), (92, 71), (93, 71), (111, 71), (112, 72), (90, 73), (111, 74), (89, 76), (110, 77), (88, 79), (109, 80), (87, 81), (108, 82), (86, 84), (107, 85), (86, 86), (87, 87), (106, 87), (107, 87), (88, 88), (103, 88), (104, 88), (105, 88), (89, 89), (100, 89), (101, 89), (102, 89), (90, 90), (98, 90), (99, 90), (91, 91), (95, 91), (96, 91), (97, 91), (92, 92), (93, 92), (94, 92)]
[(112, 72), (113, 72), (114, 72), (111, 74), (110, 77), (109, 80), (108, 82), (107, 85), (107, 87), (108, 88), (109, 89), (110, 90), (111, 91), (112, 92), (113, 93), (114, 93)]
[(113, 93), (114, 93), (112, 95), (111, 98), (110, 101), (109, 103), (108, 106), (108, 108), (109, 109), (110, 110), (111, 111), (112, 112), (113, 113), (114, 114)]
[(41, 42), (42, 42), (38, 43), (39, 43), (40, 43), (43, 43), (35, 44), (36, 44), (37, 44), (44, 44), (33, 45), (34, 45), (45, 45), (30, 46), (31, 46), (32, 46), (46, 46), (27, 47), (28, 47), (29, 47), (47, 47), (48, 48), (26, 49), (47, 50), (25, 52), (46, 53), (24, 55), (45, 56), (23, 57), (44, 58), (22, 60), (43, 61), (22, 62), (23, 63), (42, 63), (43, 63), (24, 64), (39, 64), (40, 64), (41, 64), (25, 65), (36, 65), (37, 65), (38, 65), (26, 66), (34, 66), (35, 66), (27, 67), (31, 67), (32, 67), (33, 67), (28, 68), (29, 68), (30, 68)]
[(62, 43), (63, 43), (59, 44), (60, 44), (61, 44), (64, 44), (56, 45), (57, 45), (58, 45), (65, 45), (54, 46), (55, 46), (66, 46), (51, 47), (52, 47), (53, 47), (67, 47), (48, 48), (49, 48), (50, 48), (68, 48), (69, 49), (47, 50), (68, 51), (46, 53), (67, 54), (45, 56), (66, 57), (44, 58), (65, 59), (43, 61), (64, 62), (43, 63), (44, 64), (63, 64), (64, 64), (45, 65), (60, 65), (61, 65), (62, 65), (46, 66), (57, 66), (58, 66), (59, 66), (47, 67), (55, 67), (56, 67), (48, 68), (52, 68), (53, 68), (54, 68), (49, 69), (50, 69), (51, 69)]
[(63, 64), (64, 64), (60, 65), (61, 65), (62, 65), (65, 65), (57, 66), (58, 66), (59, 66), (66, 66), (55, 67), (56, 67), (67, 67), (52, 68), (53, 68), (54, 68), (68, 68), (49, 69), (50, 69), (51, 69), (69, 69), (70, 70), (48, 71), (69, 72), (47, 74), (68, 75), (46, 77), (67, 78), (45, 79), (66, 80), (44, 82), (65, 83), (44, 84), (45, 85), (64, 85), (65, 85), (46, 86), (61, 86), (62, 86), (63, 86), (47, 87), (58, 87), (59, 87), (60, 87), (48, 88), (56, 88), (57, 88), (49, 89), (53, 89), (54, 89), (55, 89), (50, 90), (51, 90), (52, 90)]
[(84, 65), (85, 65), (81, 66), (82, 66), (83, 66), (86, 66), (78, 67), (79, 67), (80, 67), (87, 67), (76, 68), (77, 68), (88, 68), (73, 69), (74, 69), (75, 69), (89, 69), (70, 70), (71, 70), (72, 70), (90, 70), (91, 71), (69, 72), (90, 73), (68, 75), (89, 76), (67, 78), (88, 79), (66, 80), (87, 81), (65, 83), (86, 84), (65, 85), (66, 86), (85, 86), (86, 86), (67, 87), (82, 87), (83, 87), (84, 87), (68, 88), (79, 88), (80, 88), (81, 88), (69, 89), (77, 89), (78, 89), (70, 90), (74, 90), (75, 90), (76, 90), (71, 91), (72, 91), (73, 91)]
[(85, 86), (86, 86), (82, 87), (83, 87), (84, 87), (87, 87), (79, 88), (80, 88), (81, 88), (88, 88), (77, 89), (78, 89), (89, 89), (74, 90), (75, 90), (76, 90), (90, 90), (71, 91), (72, 91), (73, 91), (91, 91), (92, 92), (70, 93), (91, 94), (69, 96), (90, 97), (68, 99), (89, 100), (67, 101), (88, 102), (66, 104), (87, 105), (66, 106), (67, 107), (86, 107), (87, 107), (68, 108), (83, 108), (84, 108), (85, 108), (69, 109), (80, 109), (81, 109), (82, 109), (70, 110), (78, 110), (79, 110), (71, 111), (75, 111), (76, 111), (77, 111), (72, 112), (73, 112), (74, 112)]
[(106, 87), (107, 87), (103, 88), (104, 88), (105, 88), (108, 88), (100, 89), (101, 89), (102, 89), (109, 89), (98, 90), (99, 90), (110, 90), (95, 91), (96, 91), (97, 91), (111, 91), (92, 92), (93, 92), (94, 92), (112, 92), (113, 93), (91, 94), (112, 95), (90, 97), (111, 98), (89, 100), (110, 101), (88, 102), (109, 103), (87, 105), (108, 106), (87, 107), (88, 108), (107, 108), (108, 108), (89, 109), (104, 109), (105, 109), (106, 109), (90, 110), (101, 110), (102, 110), (103, 110), (91, 111), (99, 111), (100, 111), (92, 112), (96, 112), (97, 112), (98, 112), (93, 113), (94, 113), (95, 113)]
[(107, 108), (108, 108), (104, 109), (105, 109), (106, 109), (109, 109), (101, 110), (102, 110), (103, 110), (110, 110), (99, 111), (100, 111), (111, 111), (96, 112), (97, 112), (98, 112), (112, 112), (93, 113), (94, 113), (95, 113), (113, 113), (114, 114)]
[(114, 114)]
[(42, 63), (43, 63), (39, 64), (40, 64), (41, 64), (44, 64), (36, 65), (37, 65), (38, 65), (45, 65), (34, 66), (35, 66), (46, 66), (31, 67), (32, 67), (33, 67), (47, 67), (28, 68), (29, 68), (30, 68), (48, 68), (49, 69), (27, 70), (48, 71), (26, 73), (47, 74), (25, 76), (46, 77), (24, 78), (45, 79), (23, 81), (44, 82), (23, 83), (24, 84), (43, 84), (44, 84), (25, 85), (40, 85), (41, 85), (42, 85), (26, 86), (37, 86), (38, 86), (39, 86), (27, 87), (35, 87), (36, 87), (28, 88), (32, 88), (33, 88), (34, 88), (29, 89), (30, 89), (31, 89)]
[(43, 84), (44, 84), (40, 85), (41, 85), (42, 85), (45, 85), (37, 86), (38, 86), (39, 86), (46, 86), (35, 87), (36, 87), (47, 87), (32, 88), (33, 88), (34, 88), (48, 88), (29, 89), (30, 89), (31, 89), (49, 89), (50, 90), (28, 91), (49, 92), (27, 94), (48, 95), (26, 97), (47, 98), (25, 99), (46, 100), (24, 102), (45, 103), (24, 104), (25, 105), (44, 105), (45, 105), (26, 106), (41, 106), (42, 106), (43, 106), (27, 107), (38, 107), (39, 107), (40, 107), (28, 108), (36, 108), (37, 108), (29, 109), (33, 109), (34, 109), (35, 109), (30, 110), (31, 110), (32, 110)]
[(64, 85), (65, 85), (61, 86), (62, 86), (63, 86), (66, 86), (58, 87), (59, 87), (60, 87), (67, 87), (56, 88), (57, 88), (68, 88), (53, 89), (54, 89), (55, 89), (69, 89), (50, 90), (51, 90), (52, 90), (70, 90), (71, 91), (49, 92), (70, 93), (48, 95), (69, 96), (47, 98), (68, 99), (46, 100), (67, 101), (45, 103), (66, 104), (45, 105), (46, 106), (65, 106), (66, 106), (47, 107), (62, 107), (63, 107), (64, 107), (48, 108), (59, 108), (60, 108), (61, 108), (49, 109), (57, 109), (58, 109), (50, 110), (54, 110), (55, 110), (56, 110), (51, 111), (52, 111), (53, 111)]
[(65, 106), (66, 106), (62, 107), (63, 107), (64, 107), (67, 107), (59, 108), (60, 108), (61, 108), (68, 108), (57, 109), (58, 109), (69, 109), (54, 110), (55, 110), (56, 110), (70, 110), (51, 111), (52, 111), (53, 111), (71, 111), (72, 112), (50, 113), (71, 114)]
[(86, 107), (87, 107), (83, 108), (84, 108), (85, 108), (88, 108), (80, 109), (81, 109), (82, 109), (89, 109), (78, 110), (79, 110), (90, 110), (75, 111), (76, 111), (77, 111), (91, 111), (72, 112), (73, 112), (74, 112), (92, 112), (93, 113), (71, 114)]
[(44, 105), (45, 105), (41, 106), (42, 106), (43, 106), (46, 106), (38, 107), (39, 107), (40, 107), (47, 107), (36, 108), (37, 108), (48, 108), (33, 109), (34, 109), (35, 109), (49, 109), (30, 110), (31, 110), (32, 110), (50, 110), (51, 111), (29, 112), (50, 113)]
