[(114, 27), (111, 28), (112, 28), (113, 28), (109, 29), (110, 29), (106, 30), (107, 30), (108, 30), (104, 31), (105, 31), (101, 32), (102, 32), (103, 32), (98, 33), (99, 33), (100, 33), (97, 35), (96, 38), (95, 40), (94, 43), (114, 44), (93, 45), (113, 47), (92, 48), (113, 48), (92, 49), (110, 49), (111, 49), (112, 49), (93, 50), (108, 50), (109, 50), (94, 51), (105, 51), (106, 51), (107, 51), (95, 52), (103, 52), (104, 52), (96, 53), (100, 53), (101, 53), (102, 53), (97, 54), (98, 54), (99, 54)]
[(114, 44), (113, 47), (113, 48), (114, 49)]
[(114, 63), (113, 65), (112, 68), (112, 69), (113, 70), (114, 71)]
[(72, 29), (69, 30), (70, 30), (71, 30), (73, 30), (67, 31), (68, 31), (74, 31), (64, 32), (65, 32), (66, 32), (75, 32), (62, 33), (63, 33), (76, 33), (59, 34), (60, 34), (61, 34), (77, 34), (56, 35), (57, 35), (58, 35), (76, 36), (55, 37), (75, 39), (54, 40), (74, 41), (53, 42), (73, 44), (52, 45), (72, 46), (51, 47), (71, 49), (50, 50), (71, 50), (50, 51), (68, 51), (69, 51), (70, 51), (51, 52), (66, 52), (67, 52), (52, 53), (63, 53), (64, 53), (65, 53), (53, 54), (61, 54), (62, 54), (54, 55), (58, 55), (59, 55), (60, 55), (55, 56), (56, 56), (57, 56)]
[(93, 28), (90, 29), (91, 29), (92, 29), (94, 29), (88, 30), (89, 30), (95, 30), (85, 31), (86, 31), (87, 31), (96, 31), (83, 32), (84, 32), (97, 32), (80, 33), (81, 33), (82, 33), (98, 33), (77, 34), (78, 34), (79, 34), (97, 35), (76, 36), (96, 38), (75, 39), (95, 40), (74, 41), (94, 43), (73, 44), (93, 45), (72, 46), (92, 48), (71, 49), (92, 49), (71, 50), (89, 50), (90, 50), (91, 50), (72, 51), (87, 51), (88, 51), (73, 52), (84, 52), (85, 52), (86, 52), (74, 53), (82, 53), (83, 53), (75, 54), (79, 54), (80, 54), (81, 54), (76, 55), (77, 55), (78, 55)]
[(92, 49), (89, 50), (90, 50), (91, 50), (93, 50), (87, 51), (88, 51), (94, 51), (84, 52), (85, 52), (86, 52), (95, 52), (82, 53), (83, 53), (96, 53), (79, 54), (80, 54), (81, 54), (97, 54), (76, 55), (77, 55), (78, 55), (96, 56), (75, 57), (95, 59), (74, 60), (94, 61), (73, 62), (93, 64), (72, 65), (92, 66), (71, 67), (91, 69), (70, 70), (91, 70), (70, 71), (88, 71), (89, 71), (90, 71), (71, 72), (86, 72), (87, 72), (72, 73), (83, 73), (84, 73), (85, 73), (73, 74), (81, 74), (82, 74), (74, 75), (78, 75), (79, 75), (80, 75), (75, 76), (76, 76), (77, 76)]
[(113, 48), (110, 49), (111, 49), (112, 49), (114, 49), (108, 50), (109, 50), (105, 51), (106, 51), (107, 51), (103, 52), (104, 52), (100, 53), (101, 53), (102, 53), (97, 54), (98, 54), (99, 54), (96, 56), (95, 59), (94, 61), (114, 63), (93, 64), (113, 65), (92, 66), (112, 68), (91, 69), (112, 69), (91, 70), (109, 70), (110, 70), (111, 70), (92, 71), (107, 71), (108, 71), (93, 72), (104, 72), (105, 72), (106, 72), (94, 73), (102, 73), (103, 73), (95, 74), (99, 74), (100, 74), (101, 74), (96, 75), (97, 75), (98, 75)]
[(112, 69), (109, 70), (110, 70), (111, 70), (113, 70), (107, 71), (108, 71), (114, 71), (104, 72), (105, 72), (106, 72), (102, 73), (103, 73), (99, 74), (100, 74), (101, 74), (96, 75), (97, 75), (98, 75), (95, 77), (94, 80), (114, 81), (93, 82), (113, 84), (92, 85), (112, 86), (91, 87), (111, 89), (90, 90), (111, 90), (90, 91), (108, 91), (109, 91), (110, 91), (91, 92), (106, 92), (107, 92), (92, 93), (103, 93), (104, 93), (105, 93), (93, 94), (101, 94), (102, 94), (94, 95), (98, 95), (99, 95), (100, 95), (95, 96), (96, 96), (97, 96)]
[(114, 81), (113, 84), (112, 86), (111, 89), (111, 90), (112, 91), (113, 92), (114, 93)]
[(50, 51), (47, 52), (48, 52), (49, 52), (51, 52), (45, 53), (46, 53), (52, 53), (42, 54), (43, 54), (44, 54), (53, 54), (40, 55), (41, 55), (54, 55), (37, 56), (38, 56), (39, 56), (55, 56), (34, 57), (35, 57), (36, 57), (54, 58), (33, 59), (53, 61), (32, 62), (52, 63), (31, 64), (51, 66), (30, 67), (50, 68), (29, 69), (49, 71), (28, 72), (49, 72), (28, 73), (46, 73), (47, 73), (48, 73), (29, 74), (44, 74), (45, 74), (30, 75), (41, 75), (42, 75), (43, 75), (31, 76), (39, 76), (40, 76), (32, 77), (36, 77), (37, 77), (38, 77), (33, 78), (34, 78), (35, 78)]
[(71, 50), (68, 51), (69, 51), (70, 51), (72, 51), (66, 52), (67, 52), (73, 52), (63, 53), (64, 53), (65, 53), (74, 53), (61, 54), (62, 54), (75, 54), (58, 55), (59, 55), (60, 55), (76, 55), (55, 56), (56, 56), (57, 56), (75, 57), (54, 58), (74, 60), (53, 61), (73, 62), (52, 63), (72, 65), (51, 66), (71, 67), (50, 68), (70, 70), (49, 71), (70, 71), (49, 72), (67, 72), (68, 72), (69, 72), (50, 73), (65, 73), (66, 73), (51, 74), (62, 74), (63, 74), (64, 74), (52, 75), (60, 75), (61, 75), (53, 76), (57, 76), (58, 76), (59, 76), (54, 77), (55, 77), (56, 77)]
[(70, 71), (67, 72), (68, 72), (69, 72), (71, 72), (65, 73), (66, 73), (72, 73), (62, 74), (63, 74), (64, 74), (73, 74), (60, 75), (61, 75), (74, 75), (57, 76), (58, 76), (59, 76), (75, 76), (54, 77), (55, 77), (56, 77), (74, 78), (53, 79), (73, 81), (52, 82), (72, 83), (51, 84), (71, 86), (50, 87), (70, 88), (49, 89), (69, 91), (48, 92), (69, 92), (48, 93), (66, 93), (67, 93), (68, 93), (49, 94), (64, 94), (65, 94), (50, 95), (61, 95), (62, 95), (63, 95), (51, 96), (59, 96), (60, 96), (52, 97), (56, 97), (57, 97), (58, 97), (53, 98), (54, 98), (55, 98)]
[(91, 70), (88, 71), (89, 71), (90, 71), (92, 71), (86, 72), (87, 72), (93, 72), (83, 73), (84, 73), (85, 73), (94, 73), (81, 74), (82, 74), (95, 74), (78, 75), (79, 75), (80, 75), (96, 75), (75, 76), (76, 76), (77, 76), (95, 77), (74, 78), (94, 80), (73, 81), (93, 82), (72, 83), (92, 85), (71, 86), (91, 87), (70, 88), (90, 90), (69, 91), (90, 91), (69, 92), (87, 92), (88, 92), (89, 92), (70, 93), (85, 93), (86, 93), (71, 94), (82, 94), (83, 94), (84, 94), (72, 95), (80, 95), (81, 95), (73, 96), (77, 96), (78, 96), (79, 96), (74, 97), (75, 97), (76, 97)]
[(90, 91), (87, 92), (88, 92), (89, 92), (91, 92), (85, 93), (86, 93), (92, 93), (82, 94), (83, 94), (84, 94), (93, 94), (80, 95), (81, 95), (94, 95), (77, 96), (78, 96), (79, 96), (95, 96), (74, 97), (75, 97), (76, 97), (94, 98), (73, 99), (93, 101), (72, 102), (92, 103), (71, 104), (91, 106), (70, 107), (90, 108), (69, 109), (89, 111), (68, 112), (89, 112), (68, 113), (86, 113), (87, 113), (88, 113), (69, 114), (84, 114), (85, 114)]
[(111, 90), (108, 91), (109, 91), (110, 91), (112, 91), (106, 92), (107, 92), (113, 92), (103, 93), (104, 93), (105, 93), (114, 93), (101, 94), (102, 94), (98, 95), (99, 95), (100, 95), (95, 96), (96, 96), (97, 96), (94, 98), (114, 100), (93, 101), (113, 102), (92, 103), (112, 105), (91, 106), (111, 107), (90, 108), (110, 110), (89, 111), (110, 111), (89, 112), (107, 112), (108, 112), (109, 112), (90, 113), (105, 113), (106, 113), (91, 114), (102, 114), (103, 114), (104, 114)]
[(49, 72), (46, 73), (47, 73), (48, 73), (50, 73), (44, 74), (45, 74), (51, 74), (41, 75), (42, 75), (43, 75), (52, 75), (39, 76), (40, 76), (53, 76), (36, 77), (37, 77), (38, 77), (54, 77), (33, 78), (34, 78), (35, 78), (53, 79), (32, 80), (52, 82), (31, 83), (51, 84), (30, 85), (50, 87), (29, 88), (49, 89), (28, 90), (48, 92), (27, 93), (48, 93), (27, 94), (45, 94), (46, 94), (47, 94), (28, 95), (43, 95), (44, 95), (29, 96), (40, 96), (41, 96), (42, 96), (30, 97), (38, 97), (39, 97), (31, 98), (35, 98), (36, 98), (37, 98), (32, 99), (33, 99), (34, 99)]
[(48, 93), (45, 94), (46, 94), (47, 94), (49, 94), (43, 95), (44, 95), (50, 95), (40, 96), (41, 96), (42, 96), (51, 96), (38, 97), (39, 97), (52, 97), (35, 98), (36, 98), (37, 98), (53, 98), (32, 99), (33, 99), (34, 99), (52, 100), (31, 101), (51, 103), (30, 104), (50, 105), (29, 106), (49, 108), (28, 109), (48, 110), (27, 111), (47, 113), (26, 114), (47, 114)]
[(69, 92), (66, 93), (67, 93), (68, 93), (70, 93), (64, 94), (65, 94), (71, 94), (61, 95), (62, 95), (63, 95), (72, 95), (59, 96), (60, 96), (73, 96), (56, 97), (57, 97), (58, 97), (74, 97), (53, 98), (54, 98), (55, 98), (73, 99), (52, 100), (72, 102), (51, 103), (71, 104), (50, 105), (70, 107), (49, 108), (69, 109), (48, 110), (68, 112), (47, 113), (68, 113), (47, 114), (65, 114), (66, 114), (67, 114)]
[(68, 113), (65, 114), (66, 114), (67, 114), (69, 114)]
[(89, 112), (86, 113), (87, 113), (88, 113), (90, 113), (84, 114), (85, 114), (91, 114)]
[(47, 114)]
