[(111, 49), (112, 49), (113, 49), (114, 49), (110, 52), (109, 55), (108, 59), (107, 62), (106, 65), (106, 66), (107, 67), (108, 68), (109, 69), (110, 70), (111, 71), (112, 72), (113, 73), (114, 73)]
[(80, 40), (77, 41), (78, 41), (79, 41), (81, 41), (74, 42), (75, 42), (76, 42), (82, 42), (70, 43), (71, 43), (72, 43), (73, 43), (83, 43), (67, 44), (68, 44), (69, 44), (84, 44), (63, 45), (64, 45), (65, 45), (66, 45), (85, 45), (86, 46), (87, 47), (62, 48), (86, 50), (61, 51), (85, 53), (60, 55), (84, 57), (59, 58), (83, 60), (58, 61), (58, 62), (59, 63), (82, 63), (60, 64), (82, 64), (61, 65), (79, 65), (80, 65), (81, 65), (62, 66), (76, 66), (77, 66), (78, 66), (63, 67), (72, 67), (73, 67), (74, 67), (75, 67), (64, 68), (69, 68), (70, 68), (71, 68), (65, 69), (66, 69), (67, 69), (68, 69)]
[(104, 42), (101, 43), (102, 43), (103, 43), (105, 43), (98, 44), (99, 44), (100, 44), (106, 44), (94, 45), (95, 45), (96, 45), (97, 45), (107, 45), (91, 46), (92, 46), (93, 46), (108, 46), (87, 47), (88, 47), (89, 47), (90, 47), (109, 47), (110, 48), (111, 49), (86, 50), (110, 52), (85, 53), (109, 55), (84, 57), (108, 59), (83, 60), (107, 62), (82, 63), (82, 64), (83, 65), (106, 65), (84, 66), (106, 66), (85, 67), (103, 67), (104, 67), (105, 67), (86, 68), (100, 68), (101, 68), (102, 68), (87, 69), (96, 69), (97, 69), (98, 69), (99, 69), (88, 70), (93, 70), (94, 70), (95, 70), (89, 71), (90, 71), (91, 71), (92, 71)]
[(106, 66), (103, 67), (104, 67), (105, 67), (107, 67), (100, 68), (101, 68), (102, 68), (108, 68), (96, 69), (97, 69), (98, 69), (99, 69), (109, 69), (93, 70), (94, 70), (95, 70), (110, 70), (89, 71), (90, 71), (91, 71), (92, 71), (111, 71), (112, 72), (113, 73), (88, 74), (112, 76), (87, 77), (111, 79), (86, 81), (110, 83), (85, 84), (109, 86), (84, 87), (84, 88), (85, 89), (108, 89), (86, 90), (108, 90), (87, 91), (105, 91), (106, 91), (107, 91), (88, 92), (102, 92), (103, 92), (104, 92), (89, 93), (98, 93), (99, 93), (100, 93), (101, 93), (90, 94), (95, 94), (96, 94), (97, 94), (91, 95), (92, 95), (93, 95), (94, 95)]
[(113, 73), (114, 73), (112, 76), (111, 79), (110, 83), (109, 86), (108, 89), (108, 90), (109, 91), (110, 92), (111, 93), (112, 94), (113, 95), (114, 96)]
[(58, 62), (55, 63), (56, 63), (57, 63), (59, 63), (52, 64), (53, 64), (54, 64), (60, 64), (48, 65), (49, 65), (50, 65), (51, 65), (61, 65), (45, 66), (46, 66), (47, 66), (62, 66), (41, 67), (42, 67), (43, 67), (44, 67), (63, 67), (64, 68), (65, 69), (40, 70), (64, 72), (39, 73), (63, 75), (38, 77), (62, 79), (37, 80), (61, 82), (36, 83), (36, 84), (37, 85), (60, 85), (38, 86), (60, 86), (39, 87), (57, 87), (58, 87), (59, 87), (40, 88), (54, 88), (55, 88), (56, 88), (41, 89), (50, 89), (51, 89), (52, 89), (53, 89), (42, 90), (47, 90), (48, 90), (49, 90), (43, 91), (44, 91), (45, 91), (46, 91)]
[(82, 64), (79, 65), (80, 65), (81, 65), (83, 65), (76, 66), (77, 66), (78, 66), (84, 66), (72, 67), (73, 67), (74, 67), (75, 67), (85, 67), (69, 68), (70, 68), (71, 68), (86, 68), (65, 69), (66, 69), (67, 69), (68, 69), (87, 69), (88, 70), (89, 71), (64, 72), (88, 74), (63, 75), (87, 77), (62, 79), (86, 81), (61, 82), (85, 84), (60, 85), (60, 86), (61, 87), (84, 87), (62, 88), (84, 88), (63, 89), (81, 89), (82, 89), (83, 89), (64, 90), (78, 90), (79, 90), (80, 90), (65, 91), (74, 91), (75, 91), (76, 91), (77, 91), (66, 92), (71, 92), (72, 92), (73, 92), (67, 93), (68, 93), (69, 93), (70, 93)]
[(84, 88), (81, 89), (82, 89), (83, 89), (85, 89), (78, 90), (79, 90), (80, 90), (86, 90), (74, 91), (75, 91), (76, 91), (77, 91), (87, 91), (71, 92), (72, 92), (73, 92), (88, 92), (67, 93), (68, 93), (69, 93), (70, 93), (89, 93), (90, 94), (91, 95), (66, 96), (90, 98), (65, 99), (89, 101), (64, 103), (88, 105), (63, 106), (87, 108), (62, 109), (62, 110), (63, 111), (86, 111), (64, 112), (86, 112), (65, 113), (83, 113), (84, 113), (85, 113), (66, 114), (80, 114), (81, 114), (82, 114)]
[(108, 90), (105, 91), (106, 91), (107, 91), (109, 91), (102, 92), (103, 92), (104, 92), (110, 92), (98, 93), (99, 93), (100, 93), (101, 93), (111, 93), (95, 94), (96, 94), (97, 94), (112, 94), (91, 95), (92, 95), (93, 95), (94, 95), (113, 95), (114, 96), (90, 98), (114, 100), (89, 101), (113, 103), (88, 105), (112, 107), (87, 108), (111, 110), (86, 111), (86, 112), (87, 113), (110, 113), (88, 114), (110, 114)]
[(60, 86), (57, 87), (58, 87), (59, 87), (61, 87), (54, 88), (55, 88), (56, 88), (62, 88), (50, 89), (51, 89), (52, 89), (53, 89), (63, 89), (47, 90), (48, 90), (49, 90), (64, 90), (43, 91), (44, 91), (45, 91), (46, 91), (65, 91), (66, 92), (67, 93), (42, 94), (66, 96), (41, 97), (65, 99), (40, 101), (64, 103), (39, 104), (63, 106), (38, 107), (38, 108), (39, 109), (62, 109), (40, 110), (62, 110), (41, 111), (59, 111), (60, 111), (61, 111), (42, 112), (56, 112), (57, 112), (58, 112), (43, 113), (52, 113), (53, 113), (54, 113), (55, 113), (44, 114), (49, 114), (50, 114), (51, 114)]
[(62, 110), (59, 111), (60, 111), (61, 111), (63, 111), (56, 112), (57, 112), (58, 112), (64, 112), (52, 113), (53, 113), (54, 113), (55, 113), (65, 113), (49, 114), (50, 114), (51, 114), (66, 114)]
[(86, 112), (83, 113), (84, 113), (85, 113), (87, 113), (80, 114), (81, 114), (82, 114), (88, 114)]
