[(72, 33), (68, 34), (69, 34), (70, 34), (71, 34), (73, 34), (65, 35), (66, 35), (67, 35), (74, 35), (61, 36), (62, 36), (63, 36), (64, 36), (75, 36), (57, 37), (58, 37), (59, 37), (60, 37), (76, 37), (56, 40), (75, 40), (55, 44), (74, 44), (54, 47), (73, 47), (53, 51), (72, 51), (53, 52), (72, 52), (54, 53), (68, 53), (69, 53), (70, 53), (71, 53), (55, 54), (65, 54), (66, 54), (67, 54), (56, 55), (61, 55), (62, 55), (63, 55), (64, 55), (57, 56), (58, 56), (59, 56), (60, 56)]
[(91, 33), (87, 34), (88, 34), (89, 34), (90, 34), (92, 34), (84, 35), (85, 35), (86, 35), (93, 35), (80, 36), (81, 36), (82, 36), (83, 36), (94, 36), (76, 37), (77, 37), (78, 37), (79, 37), (95, 37), (75, 40), (94, 40), (74, 44), (93, 44), (73, 47), (92, 47), (72, 51), (91, 51), (72, 52), (91, 52), (73, 53), (87, 53), (88, 53), (89, 53), (90, 53), (74, 54), (84, 54), (85, 54), (86, 54), (75, 55), (80, 55), (81, 55), (82, 55), (83, 55), (76, 56), (77, 56), (78, 56), (79, 56)]
[(91, 52), (87, 53), (88, 53), (89, 53), (90, 53), (92, 53), (84, 54), (85, 54), (86, 54), (93, 54), (80, 55), (81, 55), (82, 55), (83, 55), (94, 55), (76, 56), (77, 56), (78, 56), (79, 56), (95, 56), (75, 59), (94, 59), (74, 63), (93, 63), (73, 66), (92, 66), (72, 70), (91, 70), (72, 71), (91, 71), (73, 72), (87, 72), (88, 72), (89, 72), (90, 72), (74, 73), (84, 73), (85, 73), (86, 73), (75, 74), (80, 74), (81, 74), (82, 74), (83, 74), (76, 75), (77, 75), (78, 75), (79, 75)]
[(110, 52), (106, 53), (107, 53), (108, 53), (109, 53), (111, 53), (103, 54), (104, 54), (105, 54), (112, 54), (99, 55), (100, 55), (101, 55), (102, 55), (113, 55), (95, 56), (96, 56), (97, 56), (98, 56), (114, 56), (94, 59), (113, 59), (93, 63), (112, 63), (92, 66), (111, 66), (91, 70), (110, 70), (91, 71), (110, 71), (92, 72), (106, 72), (107, 72), (108, 72), (109, 72), (93, 73), (103, 73), (104, 73), (105, 73), (94, 74), (99, 74), (100, 74), (101, 74), (102, 74), (95, 75), (96, 75), (97, 75), (98, 75)]
[(110, 71), (106, 72), (107, 72), (108, 72), (109, 72), (111, 72), (103, 73), (104, 73), (105, 73), (112, 73), (99, 74), (100, 74), (101, 74), (102, 74), (113, 74), (95, 75), (96, 75), (97, 75), (98, 75), (114, 75), (94, 78), (113, 78), (93, 82), (112, 82), (92, 85), (111, 85), (91, 89), (110, 89), (91, 90), (110, 90), (92, 91), (106, 91), (107, 91), (108, 91), (109, 91), (93, 92), (103, 92), (104, 92), (105, 92), (94, 93), (99, 93), (100, 93), (101, 93), (102, 93), (95, 94), (96, 94), (97, 94), (98, 94)]
[(114, 75), (113, 78), (112, 82), (111, 85), (110, 89), (110, 90), (111, 91), (112, 92), (113, 93), (114, 94)]
[(114, 94), (113, 97), (112, 101), (111, 104), (110, 108), (110, 109), (111, 110), (112, 111), (113, 112), (114, 113)]
[(34, 33), (30, 34), (31, 34), (32, 34), (33, 34), (35, 34), (27, 35), (28, 35), (29, 35), (36, 35), (23, 36), (24, 36), (25, 36), (26, 36), (37, 36), (19, 37), (20, 37), (21, 37), (22, 37), (38, 37), (18, 40), (37, 40), (17, 44), (36, 44), (16, 47), (35, 47), (15, 51), (34, 51), (15, 52), (34, 52), (16, 53), (30, 53), (31, 53), (32, 53), (33, 53), (17, 54), (27, 54), (28, 54), (29, 54), (18, 55), (23, 55), (24, 55), (25, 55), (26, 55), (19, 56), (20, 56), (21, 56), (22, 56)]
[(53, 33), (49, 34), (50, 34), (51, 34), (52, 34), (54, 34), (46, 35), (47, 35), (48, 35), (55, 35), (42, 36), (43, 36), (44, 36), (45, 36), (56, 36), (38, 37), (39, 37), (40, 37), (41, 37), (57, 37), (37, 40), (56, 40), (36, 44), (55, 44), (35, 47), (54, 47), (34, 51), (53, 51), (34, 52), (53, 52), (35, 53), (49, 53), (50, 53), (51, 53), (52, 53), (36, 54), (46, 54), (47, 54), (48, 54), (37, 55), (42, 55), (43, 55), (44, 55), (45, 55), (38, 56), (39, 56), (40, 56), (41, 56)]
[(53, 52), (49, 53), (50, 53), (51, 53), (52, 53), (54, 53), (46, 54), (47, 54), (48, 54), (55, 54), (42, 55), (43, 55), (44, 55), (45, 55), (56, 55), (38, 56), (39, 56), (40, 56), (41, 56), (57, 56), (37, 59), (56, 59), (36, 63), (55, 63), (35, 66), (54, 66), (34, 70), (53, 70), (34, 71), (53, 71), (35, 72), (49, 72), (50, 72), (51, 72), (52, 72), (36, 73), (46, 73), (47, 73), (48, 73), (37, 74), (42, 74), (43, 74), (44, 74), (45, 74), (38, 75), (39, 75), (40, 75), (41, 75)]
[(72, 52), (68, 53), (69, 53), (70, 53), (71, 53), (73, 53), (65, 54), (66, 54), (67, 54), (74, 54), (61, 55), (62, 55), (63, 55), (64, 55), (75, 55), (57, 56), (58, 56), (59, 56), (60, 56), (76, 56), (56, 59), (75, 59), (55, 63), (74, 63), (54, 66), (73, 66), (53, 70), (72, 70), (53, 71), (72, 71), (54, 72), (68, 72), (69, 72), (70, 72), (71, 72), (55, 73), (65, 73), (66, 73), (67, 73), (56, 74), (61, 74), (62, 74), (63, 74), (64, 74), (57, 75), (58, 75), (59, 75), (60, 75)]
[(72, 71), (68, 72), (69, 72), (70, 72), (71, 72), (73, 72), (65, 73), (66, 73), (67, 73), (74, 73), (61, 74), (62, 74), (63, 74), (64, 74), (75, 74), (57, 75), (58, 75), (59, 75), (60, 75), (76, 75), (56, 78), (75, 78), (55, 82), (74, 82), (54, 85), (73, 85), (53, 89), (72, 89), (53, 90), (72, 90), (54, 91), (68, 91), (69, 91), (70, 91), (71, 91), (55, 92), (65, 92), (66, 92), (67, 92), (56, 93), (61, 93), (62, 93), (63, 93), (64, 93), (57, 94), (58, 94), (59, 94), (60, 94)]
[(91, 71), (87, 72), (88, 72), (89, 72), (90, 72), (92, 72), (84, 73), (85, 73), (86, 73), (93, 73), (80, 74), (81, 74), (82, 74), (83, 74), (94, 74), (76, 75), (77, 75), (78, 75), (79, 75), (95, 75), (75, 78), (94, 78), (74, 82), (93, 82), (73, 85), (92, 85), (72, 89), (91, 89), (72, 90), (91, 90), (73, 91), (87, 91), (88, 91), (89, 91), (90, 91), (74, 92), (84, 92), (85, 92), (86, 92), (75, 93), (80, 93), (81, 93), (82, 93), (83, 93), (76, 94), (77, 94), (78, 94), (79, 94)]
[(91, 90), (87, 91), (88, 91), (89, 91), (90, 91), (92, 91), (84, 92), (85, 92), (86, 92), (93, 92), (80, 93), (81, 93), (82, 93), (83, 93), (94, 93), (76, 94), (77, 94), (78, 94), (79, 94), (95, 94), (75, 97), (94, 97), (74, 101), (93, 101), (73, 104), (92, 104), (72, 108), (91, 108), (72, 109), (91, 109), (73, 110), (87, 110), (88, 110), (89, 110), (90, 110), (74, 111), (84, 111), (85, 111), (86, 111), (75, 112), (80, 112), (81, 112), (82, 112), (83, 112), (76, 113), (77, 113), (78, 113), (79, 113)]
[(110, 90), (106, 91), (107, 91), (108, 91), (109, 91), (111, 91), (103, 92), (104, 92), (105, 92), (112, 92), (99, 93), (100, 93), (101, 93), (102, 93), (113, 93), (95, 94), (96, 94), (97, 94), (98, 94), (114, 94), (94, 97), (113, 97), (93, 101), (112, 101), (92, 104), (111, 104), (91, 108), (110, 108), (91, 109), (110, 109), (92, 110), (106, 110), (107, 110), (108, 110), (109, 110), (93, 111), (103, 111), (104, 111), (105, 111), (94, 112), (99, 112), (100, 112), (101, 112), (102, 112), (95, 113), (96, 113), (97, 113), (98, 113)]
[(110, 109), (106, 110), (107, 110), (108, 110), (109, 110), (111, 110), (103, 111), (104, 111), (105, 111), (112, 111), (99, 112), (100, 112), (101, 112), (102, 112), (113, 112), (95, 113), (96, 113), (97, 113), (98, 113), (114, 113)]
[(114, 113)]
[(15, 52), (11, 53), (12, 53), (13, 53), (14, 53), (16, 53), (8, 54), (9, 54), (10, 54), (17, 54), (4, 55), (5, 55), (6, 55), (7, 55), (18, 55), (0, 56), (1, 56), (2, 56), (3, 56), (19, 56), (18, 59), (17, 63), (16, 66), (15, 70), (15, 71), (11, 72), (12, 72), (13, 72), (14, 72), (8, 73), (9, 73), (10, 73), (4, 74), (5, 74), (6, 74), (7, 74), (0, 75), (1, 75), (2, 75), (3, 75)]
[(34, 52), (30, 53), (31, 53), (32, 53), (33, 53), (35, 53), (27, 54), (28, 54), (29, 54), (36, 54), (23, 55), (24, 55), (25, 55), (26, 55), (37, 55), (19, 56), (20, 56), (21, 56), (22, 56), (38, 56), (18, 59), (37, 59), (17, 63), (36, 63), (16, 66), (35, 66), (15, 70), (34, 70), (15, 71), (34, 71), (16, 72), (30, 72), (31, 72), (32, 72), (33, 72), (17, 73), (27, 73), (28, 73), (29, 73), (18, 74), (23, 74), (24, 74), (25, 74), (26, 74), (19, 75), (20, 75), (21, 75), (22, 75)]
[(34, 71), (30, 72), (31, 72), (32, 72), (33, 72), (35, 72), (27, 73), (28, 73), (29, 73), (36, 73), (23, 74), (24, 74), (25, 74), (26, 74), (37, 74), (19, 75), (20, 75), (21, 75), (22, 75), (38, 75), (18, 78), (37, 78), (17, 82), (36, 82), (16, 85), (35, 85), (15, 89), (34, 89), (15, 90), (34, 90), (16, 91), (30, 91), (31, 91), (32, 91), (33, 91), (17, 92), (27, 92), (28, 92), (29, 92), (18, 93), (23, 93), (24, 93), (25, 93), (26, 93), (19, 94), (20, 94), (21, 94), (22, 94)]
[(53, 71), (49, 72), (50, 72), (51, 72), (52, 72), (54, 72), (46, 73), (47, 73), (48, 73), (55, 73), (42, 74), (43, 74), (44, 74), (45, 74), (56, 74), (38, 75), (39, 75), (40, 75), (41, 75), (57, 75), (37, 78), (56, 78), (36, 82), (55, 82), (35, 85), (54, 85), (34, 89), (53, 89), (34, 90), (53, 90), (35, 91), (49, 91), (50, 91), (51, 91), (52, 91), (36, 92), (46, 92), (47, 92), (48, 92), (37, 93), (42, 93), (43, 93), (44, 93), (45, 93), (38, 94), (39, 94), (40, 94), (41, 94)]
[(53, 90), (49, 91), (50, 91), (51, 91), (52, 91), (54, 91), (46, 92), (47, 92), (48, 92), (55, 92), (42, 93), (43, 93), (44, 93), (45, 93), (56, 93), (38, 94), (39, 94), (40, 94), (41, 94), (57, 94), (37, 97), (56, 97), (36, 101), (55, 101), (35, 104), (54, 104), (34, 108), (53, 108), (34, 109), (53, 109), (35, 110), (49, 110), (50, 110), (51, 110), (52, 110), (36, 111), (46, 111), (47, 111), (48, 111), (37, 112), (42, 112), (43, 112), (44, 112), (45, 112), (38, 113), (39, 113), (40, 113), (41, 113)]
[(72, 90), (68, 91), (69, 91), (70, 91), (71, 91), (73, 91), (65, 92), (66, 92), (67, 92), (74, 92), (61, 93), (62, 93), (63, 93), (64, 93), (75, 93), (57, 94), (58, 94), (59, 94), (60, 94), (76, 94), (56, 97), (75, 97), (55, 101), (74, 101), (54, 104), (73, 104), (53, 108), (72, 108), (53, 109), (72, 109), (54, 110), (68, 110), (69, 110), (70, 110), (71, 110), (55, 111), (65, 111), (66, 111), (67, 111), (56, 112), (61, 112), (62, 112), (63, 112), (64, 112), (57, 113), (58, 113), (59, 113), (60, 113)]
[(72, 109), (68, 110), (69, 110), (70, 110), (71, 110), (73, 110), (65, 111), (66, 111), (67, 111), (74, 111), (61, 112), (62, 112), (63, 112), (64, 112), (75, 112), (57, 113), (58, 113), (59, 113), (60, 113), (76, 113)]
[(91, 109), (87, 110), (88, 110), (89, 110), (90, 110), (92, 110), (84, 111), (85, 111), (86, 111), (93, 111), (80, 112), (81, 112), (82, 112), (83, 112), (94, 112), (76, 113), (77, 113), (78, 113), (79, 113), (95, 113)]
[(15, 71), (11, 72), (12, 72), (13, 72), (14, 72), (16, 72), (8, 73), (9, 73), (10, 73), (17, 73), (4, 74), (5, 74), (6, 74), (7, 74), (18, 74), (0, 75), (1, 75), (2, 75), (3, 75), (19, 75), (18, 78), (17, 82), (16, 85), (15, 89), (15, 90), (11, 91), (12, 91), (13, 91), (14, 91), (8, 92), (9, 92), (10, 92), (4, 93), (5, 93), (6, 93), (7, 93), (0, 94), (1, 94), (2, 94), (3, 94)]
[(15, 90), (11, 91), (12, 91), (13, 91), (14, 91), (16, 91), (8, 92), (9, 92), (10, 92), (17, 92), (4, 93), (5, 93), (6, 93), (7, 93), (18, 93), (0, 94), (1, 94), (2, 94), (3, 94), (19, 94), (18, 97), (17, 101), (16, 104), (15, 108), (15, 109), (11, 110), (12, 110), (13, 110), (14, 110), (8, 111), (9, 111), (10, 111), (4, 112), (5, 112), (6, 112), (7, 112), (0, 113), (1, 113), (2, 113), (3, 113)]
[(34, 90), (30, 91), (31, 91), (32, 91), (33, 91), (35, 91), (27, 92), (28, 92), (29, 92), (36, 92), (23, 93), (24, 93), (25, 93), (26, 93), (37, 93), (19, 94), (20, 94), (21, 94), (22, 94), (38, 94), (18, 97), (37, 97), (17, 101), (36, 101), (16, 104), (35, 104), (15, 108), (34, 108), (15, 109), (34, 109), (16, 110), (30, 110), (31, 110), (32, 110), (33, 110), (17, 111), (27, 111), (28, 111), (29, 111), (18, 112), (23, 112), (24, 112), (25, 112), (26, 112), (19, 113), (20, 113), (21, 113), (22, 113)]
[(34, 109), (30, 110), (31, 110), (32, 110), (33, 110), (35, 110), (27, 111), (28, 111), (29, 111), (36, 111), (23, 112), (24, 112), (25, 112), (26, 112), (37, 112), (19, 113), (20, 113), (21, 113), (22, 113), (38, 113)]
[(53, 109), (49, 110), (50, 110), (51, 110), (52, 110), (54, 110), (46, 111), (47, 111), (48, 111), (55, 111), (42, 112), (43, 112), (44, 112), (45, 112), (56, 112), (38, 113), (39, 113), (40, 113), (41, 113), (57, 113)]
[(15, 109), (11, 110), (12, 110), (13, 110), (14, 110), (16, 110), (8, 111), (9, 111), (10, 111), (17, 111), (4, 112), (5, 112), (6, 112), (7, 112), (18, 112), (0, 113), (1, 113), (2, 113), (3, 113), (19, 113)]
