[(107, 11), (108, 11), (105, 12), (106, 12), (109, 12), (102, 13), (103, 13), (104, 13), (110, 13), (99, 14), (100, 14), (101, 14), (111, 14), (97, 15), (98, 15), (112, 15), (94, 16), (95, 16), (96, 16), (113, 16), (91, 17), (92, 17), (93, 17), (112, 18), (90, 19), (111, 21), (89, 22), (110, 23), (88, 24), (109, 26), (87, 27), (108, 29), (86, 30), (107, 31), (85, 32), (106, 33), (107, 33), (85, 34), (104, 34), (105, 34), (86, 35), (101, 35), (102, 35), (103, 35), (87, 36), (98, 36), (99, 36), (100, 36), (88, 37), (96, 37), (97, 37), (89, 38), (93, 38), (94, 38), (95, 38), (90, 39), (91, 39), (92, 39)]
[(113, 16), (114, 16), (112, 18), (111, 21), (110, 23), (109, 26), (108, 29), (107, 31), (107, 33), (108, 34), (109, 35), (110, 36), (111, 37), (112, 38), (113, 38), (114, 38)]
[(112, 38), (113, 38), (114, 38), (111, 40), (110, 43), (109, 45), (108, 48), (107, 51), (106, 53), (106, 55), (107, 56), (108, 57), (109, 58), (110, 59), (114, 59), (111, 60), (112, 60), (113, 60)]
[(63, 13), (64, 13), (61, 14), (62, 14), (65, 14), (58, 15), (59, 15), (60, 15), (66, 15), (55, 16), (56, 16), (57, 16), (67, 16), (53, 17), (54, 17), (68, 17), (50, 18), (51, 18), (52, 18), (69, 18), (47, 19), (48, 19), (49, 19), (68, 20), (46, 21), (67, 23), (45, 24), (66, 25), (44, 26), (65, 28), (43, 29), (64, 31), (42, 32), (63, 33), (41, 34), (62, 35), (63, 35), (41, 36), (60, 36), (61, 36), (42, 37), (57, 37), (58, 37), (59, 37), (43, 38), (54, 38), (55, 38), (56, 38), (44, 39), (52, 39), (53, 39), (45, 40), (49, 40), (50, 40), (51, 40), (46, 41), (47, 41), (48, 41)]
[(85, 12), (86, 12), (83, 13), (84, 13), (87, 13), (80, 14), (81, 14), (82, 14), (88, 14), (77, 15), (78, 15), (79, 15), (89, 15), (75, 16), (76, 16), (90, 16), (72, 17), (73, 17), (74, 17), (91, 17), (69, 18), (70, 18), (71, 18), (90, 19), (68, 20), (89, 22), (67, 23), (88, 24), (66, 25), (87, 27), (65, 28), (86, 30), (64, 31), (85, 32), (63, 33), (84, 34), (85, 34), (63, 35), (82, 35), (83, 35), (64, 36), (79, 36), (80, 36), (81, 36), (65, 37), (76, 37), (77, 37), (78, 37), (66, 38), (74, 38), (75, 38), (67, 39), (71, 39), (72, 39), (73, 39), (68, 40), (69, 40), (70, 40)]
[(84, 34), (85, 34), (82, 35), (83, 35), (86, 35), (79, 36), (80, 36), (81, 36), (87, 36), (76, 37), (77, 37), (78, 37), (88, 37), (74, 38), (75, 38), (89, 38), (71, 39), (72, 39), (73, 39), (90, 39), (68, 40), (69, 40), (70, 40), (89, 41), (67, 42), (88, 44), (66, 45), (87, 46), (65, 47), (86, 49), (64, 50), (85, 52), (63, 53), (84, 54), (62, 55), (83, 56), (84, 56), (62, 57), (81, 57), (82, 57), (63, 58), (78, 58), (79, 58), (80, 58), (64, 59), (75, 59), (76, 59), (77, 59), (65, 60), (73, 60), (74, 60), (66, 61), (70, 61), (71, 61), (72, 61), (67, 62), (68, 62), (69, 62)]
[(106, 33), (107, 33), (104, 34), (105, 34), (108, 34), (101, 35), (102, 35), (103, 35), (109, 35), (98, 36), (99, 36), (100, 36), (110, 36), (96, 37), (97, 37), (111, 37), (93, 38), (94, 38), (95, 38), (112, 38), (90, 39), (91, 39), (92, 39), (111, 40), (89, 41), (110, 43), (88, 44), (109, 45), (87, 46), (108, 48), (86, 49), (107, 51), (85, 52), (106, 53), (84, 54), (105, 55), (106, 55), (84, 56), (103, 56), (104, 56), (85, 57), (100, 57), (101, 57), (102, 57), (86, 58), (97, 58), (98, 58), (99, 58), (87, 59), (95, 59), (96, 59), (88, 60), (92, 60), (93, 60), (94, 60), (89, 61), (90, 61), (91, 61)]
[(105, 55), (106, 55), (103, 56), (104, 56), (107, 56), (100, 57), (101, 57), (102, 57), (108, 57), (97, 58), (98, 58), (99, 58), (109, 58), (95, 59), (96, 59), (110, 59), (92, 60), (93, 60), (94, 60), (111, 60), (89, 61), (90, 61), (91, 61), (110, 62), (88, 63), (109, 65), (87, 66), (108, 67), (86, 68), (107, 70), (85, 71), (106, 73), (84, 74), (105, 75), (83, 76), (104, 77), (105, 77), (83, 78), (102, 78), (103, 78), (84, 79), (99, 79), (100, 79), (101, 79), (85, 80), (96, 80), (97, 80), (98, 80), (86, 81), (94, 81), (95, 81), (87, 82), (91, 82), (92, 82), (93, 82), (88, 83), (89, 83), (90, 83)]
[(114, 59), (111, 60), (112, 60), (113, 60), (110, 62), (109, 65), (108, 67), (107, 70), (106, 73), (105, 75), (105, 77), (106, 78), (107, 79), (108, 80), (109, 81), (113, 81), (114, 81), (110, 82), (111, 82), (112, 82)]
[(113, 81), (114, 81), (110, 82), (111, 82), (112, 82), (109, 84), (108, 87), (107, 89), (106, 92), (105, 95), (104, 97), (104, 99), (105, 100), (106, 101), (107, 102), (108, 103), (112, 103), (113, 103), (114, 103), (109, 104), (110, 104), (111, 104)]
[(40, 36), (41, 36), (38, 37), (39, 37), (42, 37), (35, 38), (36, 38), (37, 38), (43, 38), (32, 39), (33, 39), (34, 39), (44, 39), (30, 40), (31, 40), (45, 40), (27, 41), (28, 41), (29, 41), (46, 41), (24, 42), (25, 42), (26, 42), (45, 43), (23, 44), (44, 46), (22, 47), (43, 48), (21, 49), (42, 51), (20, 52), (41, 54), (19, 55), (40, 56), (18, 57), (39, 58), (40, 58), (18, 59), (37, 59), (38, 59), (19, 60), (34, 60), (35, 60), (36, 60), (20, 61), (31, 61), (32, 61), (33, 61), (21, 62), (29, 62), (30, 62), (22, 63), (26, 63), (27, 63), (28, 63), (23, 64), (24, 64), (25, 64)]
[(62, 35), (63, 35), (60, 36), (61, 36), (64, 36), (57, 37), (58, 37), (59, 37), (65, 37), (54, 38), (55, 38), (56, 38), (66, 38), (52, 39), (53, 39), (67, 39), (49, 40), (50, 40), (51, 40), (68, 40), (46, 41), (47, 41), (48, 41), (67, 42), (45, 43), (66, 45), (44, 46), (65, 47), (43, 48), (64, 50), (42, 51), (63, 53), (41, 54), (62, 55), (40, 56), (61, 57), (62, 57), (40, 58), (59, 58), (60, 58), (41, 59), (56, 59), (57, 59), (58, 59), (42, 60), (53, 60), (54, 60), (55, 60), (43, 61), (51, 61), (52, 61), (44, 62), (48, 62), (49, 62), (50, 62), (45, 63), (46, 63), (47, 63)]
[(61, 57), (62, 57), (59, 58), (60, 58), (63, 58), (56, 59), (57, 59), (58, 59), (64, 59), (53, 60), (54, 60), (55, 60), (65, 60), (51, 61), (52, 61), (66, 61), (48, 62), (49, 62), (50, 62), (67, 62), (45, 63), (46, 63), (47, 63), (66, 64), (44, 65), (65, 67), (43, 68), (64, 69), (42, 70), (63, 72), (41, 73), (62, 75), (40, 76), (61, 77), (39, 78), (60, 79), (61, 79), (39, 80), (58, 80), (59, 80), (40, 81), (55, 81), (56, 81), (57, 81), (41, 82), (52, 82), (53, 82), (54, 82), (42, 83), (50, 83), (51, 83), (43, 84), (47, 84), (48, 84), (49, 84), (44, 85), (45, 85), (46, 85)]
[(83, 56), (84, 56), (81, 57), (82, 57), (85, 57), (78, 58), (79, 58), (80, 58), (86, 58), (75, 59), (76, 59), (77, 59), (87, 59), (73, 60), (74, 60), (88, 60), (70, 61), (71, 61), (72, 61), (89, 61), (67, 62), (68, 62), (69, 62), (88, 63), (66, 64), (87, 66), (65, 67), (86, 68), (64, 69), (85, 71), (63, 72), (84, 74), (62, 75), (83, 76), (61, 77), (82, 78), (83, 78), (61, 79), (80, 79), (81, 79), (62, 80), (77, 80), (78, 80), (79, 80), (63, 81), (74, 81), (75, 81), (76, 81), (64, 82), (72, 82), (73, 82), (65, 83), (69, 83), (70, 83), (71, 83), (66, 84), (67, 84), (68, 84)]
[(82, 78), (83, 78), (80, 79), (81, 79), (84, 79), (77, 80), (78, 80), (79, 80), (85, 80), (74, 81), (75, 81), (76, 81), (86, 81), (72, 82), (73, 82), (87, 82), (69, 83), (70, 83), (71, 83), (88, 83), (66, 84), (67, 84), (68, 84), (87, 85), (65, 86), (86, 88), (64, 89), (85, 90), (63, 91), (84, 93), (62, 94), (83, 96), (61, 97), (82, 98), (60, 99), (81, 100), (82, 100), (60, 101), (79, 101), (80, 101), (61, 102), (76, 102), (77, 102), (78, 102), (62, 103), (73, 103), (74, 103), (75, 103), (63, 104), (71, 104), (72, 104), (64, 105), (68, 105), (69, 105), (70, 105), (65, 106), (66, 106), (67, 106)]
[(104, 77), (105, 77), (102, 78), (103, 78), (106, 78), (99, 79), (100, 79), (101, 79), (107, 79), (96, 80), (97, 80), (98, 80), (108, 80), (94, 81), (95, 81), (109, 81), (91, 82), (92, 82), (93, 82), (110, 82), (88, 83), (89, 83), (90, 83), (109, 84), (87, 85), (108, 87), (86, 88), (107, 89), (85, 90), (106, 92), (84, 93), (105, 95), (83, 96), (104, 97), (82, 98), (103, 99), (104, 99), (82, 100), (101, 100), (102, 100), (83, 101), (98, 101), (99, 101), (100, 101), (84, 102), (95, 102), (96, 102), (97, 102), (85, 103), (93, 103), (94, 103), (86, 104), (90, 104), (91, 104), (92, 104), (87, 105), (88, 105), (89, 105)]
[(103, 99), (104, 99), (101, 100), (102, 100), (105, 100), (98, 101), (99, 101), (100, 101), (106, 101), (95, 102), (96, 102), (97, 102), (107, 102), (93, 103), (94, 103), (108, 103), (90, 104), (91, 104), (92, 104), (109, 104), (87, 105), (88, 105), (89, 105), (108, 106), (86, 107), (107, 109), (85, 110), (106, 111), (84, 112), (105, 114)]
[(112, 103), (113, 103), (114, 103), (109, 104), (110, 104), (111, 104), (108, 106), (107, 109), (106, 111), (105, 114)]
[(39, 58), (40, 58), (37, 59), (38, 59), (41, 59), (34, 60), (35, 60), (36, 60), (42, 60), (31, 61), (32, 61), (33, 61), (43, 61), (29, 62), (30, 62), (44, 62), (26, 63), (27, 63), (28, 63), (45, 63), (23, 64), (24, 64), (25, 64), (44, 65), (22, 66), (43, 68), (21, 69), (42, 70), (20, 71), (41, 73), (19, 74), (40, 76), (18, 77), (39, 78), (17, 79), (38, 80), (39, 80), (17, 81), (36, 81), (37, 81), (18, 82), (33, 82), (34, 82), (35, 82), (19, 83), (30, 83), (31, 83), (32, 83), (20, 84), (28, 84), (29, 84), (21, 85), (25, 85), (26, 85), (27, 85), (22, 86), (23, 86), (24, 86)]
[(38, 80), (39, 80), (36, 81), (37, 81), (40, 81), (33, 82), (34, 82), (35, 82), (41, 82), (30, 83), (31, 83), (32, 83), (42, 83), (28, 84), (29, 84), (43, 84), (25, 85), (26, 85), (27, 85), (44, 85), (22, 86), (23, 86), (24, 86), (43, 87), (21, 88), (42, 90), (20, 91), (41, 92), (19, 93), (40, 95), (18, 96), (39, 98), (17, 99), (38, 100), (16, 101), (37, 102), (38, 102), (16, 103), (35, 103), (36, 103), (17, 104), (32, 104), (33, 104), (34, 104), (18, 105), (29, 105), (30, 105), (31, 105), (19, 106), (27, 106), (28, 106), (20, 107), (24, 107), (25, 107), (26, 107), (21, 108), (22, 108), (23, 108)]
[(60, 79), (61, 79), (58, 80), (59, 80), (62, 80), (55, 81), (56, 81), (57, 81), (63, 81), (52, 82), (53, 82), (54, 82), (64, 82), (50, 83), (51, 83), (65, 83), (47, 84), (48, 84), (49, 84), (66, 84), (44, 85), (45, 85), (46, 85), (65, 86), (43, 87), (64, 89), (42, 90), (63, 91), (41, 92), (62, 94), (40, 95), (61, 97), (39, 98), (60, 99), (38, 100), (59, 101), (60, 101), (38, 102), (57, 102), (58, 102), (39, 103), (54, 103), (55, 103), (56, 103), (40, 104), (51, 104), (52, 104), (53, 104), (41, 105), (49, 105), (50, 105), (42, 106), (46, 106), (47, 106), (48, 106), (43, 107), (44, 107), (45, 107)]
[(59, 101), (60, 101), (57, 102), (58, 102), (61, 102), (54, 103), (55, 103), (56, 103), (62, 103), (51, 104), (52, 104), (53, 104), (63, 104), (49, 105), (50, 105), (64, 105), (46, 106), (47, 106), (48, 106), (65, 106), (43, 107), (44, 107), (45, 107), (64, 108), (42, 109), (63, 111), (41, 112), (62, 113), (40, 114)]
[(81, 100), (82, 100), (79, 101), (80, 101), (83, 101), (76, 102), (77, 102), (78, 102), (84, 102), (73, 103), (74, 103), (75, 103), (85, 103), (71, 104), (72, 104), (86, 104), (68, 105), (69, 105), (70, 105), (87, 105), (65, 106), (66, 106), (67, 106), (86, 107), (64, 108), (85, 110), (63, 111), (84, 112), (62, 113)]
[(37, 102), (38, 102), (35, 103), (36, 103), (39, 103), (32, 104), (33, 104), (34, 104), (40, 104), (29, 105), (30, 105), (31, 105), (41, 105), (27, 106), (28, 106), (42, 106), (24, 107), (25, 107), (26, 107), (43, 107), (21, 108), (22, 108), (23, 108), (42, 109), (20, 110), (41, 112), (19, 113), (40, 114)]
