[(92, 29), (93, 29), (94, 29), (89, 30), (90, 30), (91, 30), (95, 30), (87, 31), (88, 31), (96, 31), (84, 32), (85, 32), (86, 32), (81, 33), (82, 33), (83, 33), (95, 33), (78, 34), (79, 34), (80, 34), (75, 35), (76, 35), (77, 35), (72, 36), (73, 36), (74, 36), (94, 36), (69, 37), (70, 37), (71, 37), (68, 39), (93, 39), (67, 42), (92, 42), (66, 45), (91, 45), (65, 48), (90, 48), (89, 50), (64, 51), (88, 53), (63, 54), (62, 56), (86, 56), (87, 56), (88, 56), (83, 57), (84, 57), (85, 57), (81, 58), (82, 58), (61, 59), (78, 59), (79, 59), (80, 59), (75, 60), (76, 60), (77, 60), (72, 61), (73, 61), (74, 61), (60, 62), (61, 62), (69, 62), (70, 62), (71, 62), (62, 63), (66, 63), (67, 63), (68, 63), (63, 64), (64, 64), (65, 64)]
[(114, 25), (111, 26), (112, 26), (113, 26), (108, 27), (109, 27), (110, 27), (105, 28), (106, 28), (107, 28), (102, 29), (103, 29), (104, 29), (99, 30), (100, 30), (101, 30), (96, 31), (97, 31), (98, 31), (95, 33), (94, 36), (93, 39), (92, 42), (91, 45), (90, 48), (89, 50), (113, 50), (114, 50), (110, 51), (111, 51), (112, 51), (108, 52), (109, 52), (88, 53), (105, 53), (106, 53), (107, 53), (102, 54), (103, 54), (104, 54), (99, 55), (100, 55), (101, 55), (87, 56), (88, 56), (96, 56), (97, 56), (98, 56), (89, 57), (93, 57), (94, 57), (95, 57), (90, 58), (91, 58), (92, 58)]
[(113, 50), (114, 50), (110, 51), (111, 51), (112, 51), (108, 52), (109, 52), (105, 53), (106, 53), (107, 53), (102, 54), (103, 54), (104, 54), (99, 55), (100, 55), (101, 55), (96, 56), (97, 56), (98, 56), (93, 57), (94, 57), (95, 57), (90, 58), (91, 58), (92, 58), (89, 60), (114, 60), (88, 63), (113, 63), (87, 66), (112, 66), (86, 69), (111, 69), (110, 71), (85, 72), (109, 74), (84, 75), (83, 77), (107, 77), (108, 77), (109, 77), (104, 78), (105, 78), (106, 78), (102, 79), (103, 79), (82, 80), (99, 80), (100, 80), (101, 80), (96, 81), (97, 81), (98, 81), (93, 82), (94, 82), (95, 82), (81, 83), (82, 83), (90, 83), (91, 83), (92, 83), (83, 84), (87, 84), (88, 84), (89, 84), (84, 85), (85, 85), (86, 85)]
[(114, 60), (113, 63), (112, 66), (111, 69), (110, 71), (109, 74), (108, 77), (109, 77), (110, 78), (114, 78), (111, 79), (112, 79), (113, 79)]
[(114, 78), (111, 79), (112, 79), (113, 79), (110, 81), (109, 84), (108, 87), (107, 90), (106, 93), (105, 96), (104, 98), (103, 101), (114, 103), (102, 104), (103, 104), (111, 104), (112, 104), (113, 104), (104, 105), (108, 105), (109, 105), (110, 105), (105, 106), (106, 106), (107, 106)]
[(38, 41), (39, 41), (40, 41), (35, 42), (36, 42), (37, 42), (41, 42), (33, 43), (34, 43), (42, 43), (30, 44), (31, 44), (32, 44), (27, 45), (28, 45), (29, 45), (41, 45), (24, 46), (25, 46), (26, 46), (21, 47), (22, 47), (23, 47), (18, 48), (19, 48), (20, 48), (40, 48), (15, 49), (16, 49), (17, 49), (14, 51), (39, 51), (13, 54), (38, 54), (12, 57), (37, 57), (11, 60), (36, 60), (35, 62), (10, 63), (34, 65), (9, 66), (8, 68), (32, 68), (33, 68), (34, 68), (29, 69), (30, 69), (31, 69), (27, 70), (28, 70), (7, 71), (24, 71), (25, 71), (26, 71), (21, 72), (22, 72), (23, 72), (18, 73), (19, 73), (20, 73), (6, 74), (7, 74), (15, 74), (16, 74), (17, 74), (8, 75), (12, 75), (13, 75), (14, 75), (9, 76), (10, 76), (11, 76)]
[(65, 35), (66, 35), (67, 35), (62, 36), (63, 36), (64, 36), (68, 36), (60, 37), (61, 37), (69, 37), (57, 38), (58, 38), (59, 38), (54, 39), (55, 39), (56, 39), (68, 39), (51, 40), (52, 40), (53, 40), (48, 41), (49, 41), (50, 41), (45, 42), (46, 42), (47, 42), (67, 42), (42, 43), (43, 43), (44, 43), (41, 45), (66, 45), (40, 48), (65, 48), (39, 51), (64, 51), (38, 54), (63, 54), (62, 56), (37, 57), (61, 59), (36, 60), (35, 62), (59, 62), (60, 62), (61, 62), (56, 63), (57, 63), (58, 63), (54, 64), (55, 64), (34, 65), (51, 65), (52, 65), (53, 65), (48, 66), (49, 66), (50, 66), (45, 67), (46, 67), (47, 67), (33, 68), (34, 68), (42, 68), (43, 68), (44, 68), (35, 69), (39, 69), (40, 69), (41, 69), (36, 70), (37, 70), (38, 70)]
[(59, 62), (60, 62), (61, 62), (56, 63), (57, 63), (58, 63), (62, 63), (54, 64), (55, 64), (63, 64), (51, 65), (52, 65), (53, 65), (48, 66), (49, 66), (50, 66), (62, 66), (45, 67), (46, 67), (47, 67), (42, 68), (43, 68), (44, 68), (39, 69), (40, 69), (41, 69), (61, 69), (36, 70), (37, 70), (38, 70), (35, 72), (60, 72), (34, 75), (59, 75), (33, 78), (58, 78), (32, 81), (57, 81), (56, 83), (31, 84), (55, 86), (30, 87), (29, 89), (53, 89), (54, 89), (55, 89), (50, 90), (51, 90), (52, 90), (48, 91), (49, 91), (28, 92), (45, 92), (46, 92), (47, 92), (42, 93), (43, 93), (44, 93), (39, 94), (40, 94), (41, 94), (27, 95), (28, 95), (36, 95), (37, 95), (38, 95), (29, 96), (33, 96), (34, 96), (35, 96), (30, 97), (31, 97), (32, 97)]
[(86, 56), (87, 56), (88, 56), (83, 57), (84, 57), (85, 57), (89, 57), (81, 58), (82, 58), (90, 58), (78, 59), (79, 59), (80, 59), (75, 60), (76, 60), (77, 60), (89, 60), (72, 61), (73, 61), (74, 61), (69, 62), (70, 62), (71, 62), (66, 63), (67, 63), (68, 63), (88, 63), (63, 64), (64, 64), (65, 64), (62, 66), (87, 66), (61, 69), (86, 69), (60, 72), (85, 72), (59, 75), (84, 75), (83, 77), (58, 78), (82, 80), (57, 81), (56, 83), (80, 83), (81, 83), (82, 83), (77, 84), (78, 84), (79, 84), (75, 85), (76, 85), (55, 86), (72, 86), (73, 86), (74, 86), (69, 87), (70, 87), (71, 87), (66, 88), (67, 88), (68, 88), (54, 89), (55, 89), (63, 89), (64, 89), (65, 89), (56, 90), (60, 90), (61, 90), (62, 90), (57, 91), (58, 91), (59, 91)]
[(80, 83), (81, 83), (82, 83), (77, 84), (78, 84), (79, 84), (83, 84), (75, 85), (76, 85), (84, 85), (72, 86), (73, 86), (74, 86), (69, 87), (70, 87), (71, 87), (83, 87), (66, 88), (67, 88), (68, 88), (63, 89), (64, 89), (65, 89), (60, 90), (61, 90), (62, 90), (82, 90), (57, 91), (58, 91), (59, 91), (56, 93), (81, 93), (55, 96), (80, 96), (54, 99), (79, 99), (53, 102), (78, 102), (77, 104), (52, 105), (76, 107), (51, 108), (50, 110), (74, 110), (75, 110), (76, 110), (71, 111), (72, 111), (73, 111), (69, 112), (70, 112), (49, 113), (66, 113), (67, 113), (68, 113), (63, 114), (64, 114), (65, 114)]
[(107, 77), (108, 77), (109, 77), (104, 78), (105, 78), (106, 78), (110, 78), (102, 79), (103, 79), (111, 79), (99, 80), (100, 80), (101, 80), (96, 81), (97, 81), (98, 81), (110, 81), (93, 82), (94, 82), (95, 82), (90, 83), (91, 83), (92, 83), (87, 84), (88, 84), (89, 84), (109, 84), (84, 85), (85, 85), (86, 85), (83, 87), (108, 87), (82, 90), (107, 90), (81, 93), (106, 93), (80, 96), (105, 96), (104, 98), (79, 99), (103, 101), (78, 102), (77, 104), (101, 104), (102, 104), (103, 104), (98, 105), (99, 105), (100, 105), (96, 106), (97, 106), (76, 107), (93, 107), (94, 107), (95, 107), (90, 108), (91, 108), (92, 108), (87, 109), (88, 109), (89, 109), (75, 110), (76, 110), (84, 110), (85, 110), (86, 110), (77, 111), (81, 111), (82, 111), (83, 111), (78, 112), (79, 112), (80, 112)]
[(101, 104), (102, 104), (103, 104), (98, 105), (99, 105), (100, 105), (104, 105), (96, 106), (97, 106), (105, 106), (93, 107), (94, 107), (95, 107), (90, 108), (91, 108), (92, 108), (104, 108), (87, 109), (88, 109), (89, 109), (84, 110), (85, 110), (86, 110), (81, 111), (82, 111), (83, 111), (103, 111), (78, 112), (79, 112), (80, 112), (77, 114), (102, 114)]
[(114, 103), (111, 104), (112, 104), (113, 104), (108, 105), (109, 105), (110, 105), (105, 106), (106, 106), (107, 106), (104, 108), (103, 111), (102, 114)]
[(5, 74), (6, 74), (7, 74), (2, 75), (3, 75), (4, 75), (8, 75), (0, 76), (1, 76), (9, 76), (8, 78), (7, 81), (6, 84), (5, 87), (4, 90), (3, 93), (2, 95), (1, 98), (0, 101), (1, 101)]
[(32, 68), (33, 68), (34, 68), (29, 69), (30, 69), (31, 69), (35, 69), (27, 70), (28, 70), (36, 70), (24, 71), (25, 71), (26, 71), (21, 72), (22, 72), (23, 72), (35, 72), (18, 73), (19, 73), (20, 73), (15, 74), (16, 74), (17, 74), (12, 75), (13, 75), (14, 75), (34, 75), (9, 76), (10, 76), (11, 76), (8, 78), (33, 78), (7, 81), (32, 81), (6, 84), (31, 84), (5, 87), (30, 87), (29, 89), (4, 90), (28, 92), (3, 93), (2, 95), (26, 95), (27, 95), (28, 95), (23, 96), (24, 96), (25, 96), (21, 97), (22, 97), (1, 98), (18, 98), (19, 98), (20, 98), (15, 99), (16, 99), (17, 99), (12, 100), (13, 100), (14, 100), (0, 101), (1, 101), (9, 101), (10, 101), (11, 101), (2, 102), (6, 102), (7, 102), (8, 102), (3, 103), (4, 103), (5, 103)]
[(26, 95), (27, 95), (28, 95), (23, 96), (24, 96), (25, 96), (29, 96), (21, 97), (22, 97), (30, 97), (18, 98), (19, 98), (20, 98), (15, 99), (16, 99), (17, 99), (29, 99), (12, 100), (13, 100), (14, 100), (9, 101), (10, 101), (11, 101), (6, 102), (7, 102), (8, 102), (28, 102), (3, 103), (4, 103), (5, 103), (2, 105), (27, 105), (1, 108), (26, 108), (0, 111), (25, 111), (24, 114)]
[(53, 89), (54, 89), (55, 89), (50, 90), (51, 90), (52, 90), (56, 90), (48, 91), (49, 91), (57, 91), (45, 92), (46, 92), (47, 92), (42, 93), (43, 93), (44, 93), (56, 93), (39, 94), (40, 94), (41, 94), (36, 95), (37, 95), (38, 95), (33, 96), (34, 96), (35, 96), (55, 96), (30, 97), (31, 97), (32, 97), (29, 99), (54, 99), (28, 102), (53, 102), (27, 105), (52, 105), (26, 108), (51, 108), (50, 110), (25, 111), (49, 113), (24, 114)]
[(74, 110), (75, 110), (76, 110), (71, 111), (72, 111), (73, 111), (77, 111), (69, 112), (70, 112), (78, 112), (66, 113), (67, 113), (68, 113), (63, 114), (64, 114), (65, 114), (77, 114)]
[(0, 101), (1, 101), (2, 102), (3, 103), (2, 105), (1, 108), (0, 111)]
