[(112, 28), (113, 28), (114, 28), (110, 29), (111, 29), (108, 30), (109, 30), (105, 31), (106, 31), (107, 31), (104, 33), (103, 35), (102, 37), (101, 40), (100, 42), (99, 44), (98, 46), (97, 49), (96, 51), (113, 51), (114, 51), (111, 52), (112, 52), (95, 53), (109, 53), (110, 53), (107, 54), (108, 54), (104, 55), (105, 55), (106, 55), (94, 56), (95, 56), (102, 56), (103, 56), (96, 57), (100, 57), (101, 57), (97, 58), (98, 58), (99, 58)]
[(114, 72), (113, 75), (114, 75)]
[(74, 37), (75, 37), (76, 37), (72, 38), (73, 38), (77, 38), (70, 39), (71, 39), (78, 39), (67, 40), (68, 40), (69, 40), (65, 41), (66, 41), (77, 41), (63, 42), (64, 42), (61, 43), (62, 43), (76, 43), (58, 44), (59, 44), (60, 44), (56, 45), (57, 45), (75, 45), (54, 46), (55, 46), (51, 47), (52, 47), (53, 47), (74, 48), (50, 49), (73, 50), (49, 51), (72, 52), (48, 53), (71, 54), (47, 56), (70, 57), (46, 58), (69, 59), (45, 60), (68, 61), (44, 62), (66, 64), (67, 64), (68, 64), (43, 65), (64, 65), (65, 65), (62, 66), (63, 66), (42, 67), (59, 67), (60, 67), (61, 67), (57, 68), (58, 68), (41, 69), (55, 69), (56, 69), (53, 70), (54, 70), (50, 71), (51, 71), (52, 71), (40, 72), (41, 72), (48, 72), (49, 72), (42, 73), (46, 73), (47, 73), (43, 74), (44, 74), (45, 74)]
[(101, 29), (102, 29), (103, 29), (99, 30), (100, 30), (104, 30), (97, 31), (98, 31), (105, 31), (94, 32), (95, 32), (96, 32), (92, 33), (93, 33), (104, 33), (90, 34), (91, 34), (88, 35), (89, 35), (103, 35), (85, 36), (86, 36), (87, 36), (83, 37), (84, 37), (102, 37), (81, 38), (82, 38), (78, 39), (79, 39), (80, 39), (101, 40), (77, 41), (100, 42), (76, 43), (99, 44), (75, 45), (98, 46), (74, 48), (97, 49), (73, 50), (96, 51), (72, 52), (95, 53), (71, 54), (93, 56), (94, 56), (95, 56), (70, 57), (91, 57), (92, 57), (89, 58), (90, 58), (69, 59), (86, 59), (87, 59), (88, 59), (84, 60), (85, 60), (68, 61), (82, 61), (83, 61), (80, 62), (81, 62), (77, 63), (78, 63), (79, 63), (67, 64), (68, 64), (75, 64), (76, 64), (69, 65), (73, 65), (74, 65), (70, 66), (71, 66), (72, 66)]
[(93, 56), (94, 56), (95, 56), (91, 57), (92, 57), (96, 57), (89, 58), (90, 58), (97, 58), (86, 59), (87, 59), (88, 59), (84, 60), (85, 60), (96, 60), (82, 61), (83, 61), (80, 62), (81, 62), (95, 62), (77, 63), (78, 63), (79, 63), (75, 64), (76, 64), (94, 64), (73, 65), (74, 65), (70, 66), (71, 66), (72, 66), (93, 67), (69, 68), (92, 69), (68, 70), (91, 71), (67, 72), (90, 73), (66, 75), (89, 76), (65, 77), (88, 78), (64, 79), (87, 80), (63, 81), (85, 83), (86, 83), (87, 83), (62, 84), (83, 84), (84, 84), (81, 85), (82, 85), (61, 86), (78, 86), (79, 86), (80, 86), (76, 87), (77, 87), (60, 88), (74, 88), (75, 88), (72, 89), (73, 89), (69, 90), (70, 90), (71, 90), (59, 91), (60, 91), (67, 91), (68, 91), (61, 92), (65, 92), (66, 92), (62, 93), (63, 93), (64, 93)]
[(113, 51), (114, 51), (111, 52), (112, 52), (109, 53), (110, 53), (107, 54), (108, 54), (104, 55), (105, 55), (106, 55), (102, 56), (103, 56), (100, 57), (101, 57), (97, 58), (98, 58), (99, 58), (96, 60), (95, 62), (94, 64), (93, 67), (92, 69), (91, 71), (114, 72), (90, 73), (112, 75), (113, 75), (114, 75), (89, 76), (110, 76), (111, 76), (108, 77), (109, 77), (88, 78), (105, 78), (106, 78), (107, 78), (103, 79), (104, 79), (87, 80), (101, 80), (102, 80), (99, 81), (100, 81), (96, 82), (97, 82), (98, 82), (86, 83), (87, 83), (94, 83), (95, 83), (88, 84), (92, 84), (93, 84), (89, 85), (90, 85), (91, 85)]
[(112, 75), (113, 75), (114, 75), (110, 76), (111, 76), (108, 77), (109, 77), (105, 78), (106, 78), (107, 78), (103, 79), (104, 79), (101, 80), (102, 80), (99, 81), (100, 81), (114, 81), (96, 82), (97, 82), (98, 82), (94, 83), (95, 83), (113, 83), (92, 84), (93, 84), (89, 85), (90, 85), (91, 85), (112, 86), (88, 87), (111, 88), (87, 89), (110, 90), (86, 91), (109, 92), (85, 94), (108, 95), (84, 96), (107, 97), (83, 98), (106, 99), (82, 100), (104, 102), (105, 102), (106, 102), (81, 103), (102, 103), (103, 103), (100, 104), (101, 104), (80, 105), (97, 105), (98, 105), (99, 105), (95, 106), (96, 106), (79, 107), (93, 107), (94, 107), (91, 108), (92, 108), (88, 109), (89, 109), (90, 109), (78, 110), (79, 110), (86, 110), (87, 110), (80, 111), (84, 111), (85, 111), (81, 112), (82, 112), (83, 112)]
[(114, 81), (113, 83), (112, 86), (111, 88), (110, 90), (109, 92), (108, 95), (107, 97), (106, 99), (105, 102), (106, 102), (113, 102), (114, 102), (107, 103), (111, 103), (112, 103), (108, 104), (109, 104), (110, 104)]
[(113, 102), (114, 102), (111, 103), (112, 103), (108, 104), (109, 104), (110, 104), (107, 106), (106, 108), (105, 110), (104, 113)]
[(39, 72), (40, 72), (41, 72), (37, 73), (38, 73), (42, 73), (35, 74), (36, 74), (43, 74), (32, 75), (33, 75), (34, 75), (30, 76), (31, 76), (42, 76), (28, 77), (29, 77), (26, 78), (27, 78), (41, 78), (23, 79), (24, 79), (25, 79), (21, 80), (22, 80), (40, 80), (19, 81), (20, 81), (16, 82), (17, 82), (18, 82), (39, 83), (15, 84), (38, 85), (14, 86), (37, 87), (13, 88), (36, 89), (12, 91), (35, 92), (11, 93), (34, 94), (10, 95), (33, 96), (9, 97), (31, 99), (32, 99), (33, 99), (8, 100), (29, 100), (30, 100), (27, 101), (28, 101), (7, 102), (24, 102), (25, 102), (26, 102), (22, 103), (23, 103), (6, 104), (20, 104), (21, 104), (18, 105), (19, 105), (15, 106), (16, 106), (17, 106), (5, 107), (6, 107), (13, 107), (14, 107), (7, 108), (11, 108), (12, 108), (8, 109), (9, 109), (10, 109)]
[(66, 64), (67, 64), (68, 64), (64, 65), (65, 65), (69, 65), (62, 66), (63, 66), (70, 66), (59, 67), (60, 67), (61, 67), (57, 68), (58, 68), (69, 68), (55, 69), (56, 69), (53, 70), (54, 70), (68, 70), (50, 71), (51, 71), (52, 71), (48, 72), (49, 72), (67, 72), (46, 73), (47, 73), (43, 74), (44, 74), (45, 74), (66, 75), (42, 76), (65, 77), (41, 78), (64, 79), (40, 80), (63, 81), (39, 83), (62, 84), (38, 85), (61, 86), (37, 87), (60, 88), (36, 89), (58, 91), (59, 91), (60, 91), (35, 92), (56, 92), (57, 92), (54, 93), (55, 93), (34, 94), (51, 94), (52, 94), (53, 94), (49, 95), (50, 95), (33, 96), (47, 96), (48, 96), (45, 97), (46, 97), (42, 98), (43, 98), (44, 98), (32, 99), (33, 99), (40, 99), (41, 99), (34, 100), (38, 100), (39, 100), (35, 101), (36, 101), (37, 101)]
[(58, 91), (59, 91), (60, 91), (56, 92), (57, 92), (61, 92), (54, 93), (55, 93), (62, 93), (51, 94), (52, 94), (53, 94), (49, 95), (50, 95), (61, 95), (47, 96), (48, 96), (45, 97), (46, 97), (60, 97), (42, 98), (43, 98), (44, 98), (40, 99), (41, 99), (59, 99), (38, 100), (39, 100), (35, 101), (36, 101), (37, 101), (58, 102), (34, 103), (57, 104), (33, 105), (56, 106), (32, 107), (55, 108), (31, 110), (54, 111), (30, 112), (53, 113), (29, 114)]
[(85, 83), (86, 83), (87, 83), (83, 84), (84, 84), (88, 84), (81, 85), (82, 85), (89, 85), (78, 86), (79, 86), (80, 86), (76, 87), (77, 87), (88, 87), (74, 88), (75, 88), (72, 89), (73, 89), (87, 89), (69, 90), (70, 90), (71, 90), (67, 91), (68, 91), (86, 91), (65, 92), (66, 92), (62, 93), (63, 93), (64, 93), (85, 94), (61, 95), (84, 96), (60, 97), (83, 98), (59, 99), (82, 100), (58, 102), (81, 103), (57, 104), (80, 105), (56, 106), (79, 107), (55, 108), (77, 110), (78, 110), (79, 110), (54, 111), (75, 111), (76, 111), (73, 112), (74, 112), (53, 113), (70, 113), (71, 113), (72, 113), (68, 114), (69, 114)]
[(77, 110), (78, 110), (79, 110), (75, 111), (76, 111), (80, 111), (73, 112), (74, 112), (81, 112), (70, 113), (71, 113), (72, 113), (68, 114), (69, 114), (80, 114)]
[(104, 102), (105, 102), (106, 102), (102, 103), (103, 103), (107, 103), (100, 104), (101, 104), (108, 104), (97, 105), (98, 105), (99, 105), (95, 106), (96, 106), (107, 106), (93, 107), (94, 107), (91, 108), (92, 108), (106, 108), (88, 109), (89, 109), (90, 109), (86, 110), (87, 110), (105, 110), (84, 111), (85, 111), (81, 112), (82, 112), (83, 112), (104, 113), (80, 114)]
[(31, 99), (32, 99), (33, 99), (29, 100), (30, 100), (34, 100), (27, 101), (28, 101), (35, 101), (24, 102), (25, 102), (26, 102), (22, 103), (23, 103), (34, 103), (20, 104), (21, 104), (18, 105), (19, 105), (33, 105), (15, 106), (16, 106), (17, 106), (13, 107), (14, 107), (32, 107), (11, 108), (12, 108), (8, 109), (9, 109), (10, 109), (31, 110), (7, 111), (30, 112), (6, 113), (29, 114)]
