[(98, 16), (99, 16), (93, 17), (94, 17), (95, 17), (96, 17), (97, 17), (100, 17), (88, 18), (89, 18), (90, 18), (91, 18), (92, 18), (83, 19), (84, 19), (85, 19), (86, 19), (87, 19), (99, 21), (82, 23), (98, 26), (81, 28), (97, 31), (80, 33), (96, 33), (97, 33), (91, 34), (92, 34), (93, 34), (94, 34), (95, 34), (80, 35), (86, 35), (87, 35), (88, 35), (89, 35), (90, 35), (81, 36), (82, 36), (83, 36), (84, 36), (85, 36)]
[(110, 15), (111, 15), (112, 15), (113, 15), (114, 15), (105, 16), (106, 16), (107, 16), (108, 16), (109, 16), (100, 17), (101, 17), (102, 17), (103, 17), (104, 17), (99, 21), (98, 26), (114, 29), (97, 31), (113, 31), (114, 31), (108, 32), (109, 32), (110, 32), (111, 32), (112, 32), (97, 33), (103, 33), (104, 33), (105, 33), (106, 33), (107, 33), (98, 34), (99, 34), (100, 34), (101, 34), (102, 34)]
[(113, 31), (114, 31), (108, 32), (109, 32), (110, 32), (111, 32), (112, 32), (103, 33), (104, 33), (105, 33), (106, 33), (107, 33), (98, 34), (99, 34), (100, 34), (101, 34), (102, 34), (114, 36), (97, 38), (113, 41), (96, 43), (112, 46), (95, 48), (111, 48), (112, 48), (106, 49), (107, 49), (108, 49), (109, 49), (110, 49), (95, 50), (101, 50), (102, 50), (103, 50), (104, 50), (105, 50), (96, 51), (97, 51), (98, 51), (99, 51), (100, 51)]
[(114, 36), (113, 41), (112, 46), (112, 48), (113, 49), (114, 49)]
[(113, 49), (114, 49), (112, 53), (111, 58), (110, 63), (110, 65), (111, 66), (112, 66), (113, 66), (114, 66)]
[(64, 20), (65, 20), (59, 21), (60, 21), (61, 21), (62, 21), (63, 21), (66, 21), (54, 22), (55, 22), (56, 22), (57, 22), (58, 22), (49, 23), (50, 23), (51, 23), (52, 23), (53, 23), (65, 25), (48, 27), (64, 30), (47, 32), (63, 35), (46, 37), (62, 37), (63, 37), (57, 38), (58, 38), (59, 38), (60, 38), (61, 38), (46, 39), (52, 39), (53, 39), (54, 39), (55, 39), (56, 39), (47, 40), (48, 40), (49, 40), (50, 40), (51, 40)]
[(81, 18), (82, 18), (76, 19), (77, 19), (78, 19), (79, 19), (80, 19), (83, 19), (71, 20), (72, 20), (73, 20), (74, 20), (75, 20), (66, 21), (67, 21), (68, 21), (69, 21), (70, 21), (82, 23), (65, 25), (81, 28), (64, 30), (80, 33), (63, 35), (79, 35), (80, 35), (74, 36), (75, 36), (76, 36), (77, 36), (78, 36), (63, 37), (69, 37), (70, 37), (71, 37), (72, 37), (73, 37), (64, 38), (65, 38), (66, 38), (67, 38), (68, 38)]
[(79, 35), (80, 35), (74, 36), (75, 36), (76, 36), (77, 36), (78, 36), (81, 36), (69, 37), (70, 37), (71, 37), (72, 37), (73, 37), (64, 38), (65, 38), (66, 38), (67, 38), (68, 38), (80, 40), (63, 42), (79, 45), (62, 47), (78, 50), (61, 52), (77, 52), (78, 52), (72, 53), (73, 53), (74, 53), (75, 53), (76, 53), (61, 54), (67, 54), (68, 54), (69, 54), (70, 54), (71, 54), (62, 55), (63, 55), (64, 55), (65, 55), (66, 55)]
[(96, 33), (97, 33), (91, 34), (92, 34), (93, 34), (94, 34), (95, 34), (98, 34), (86, 35), (87, 35), (88, 35), (89, 35), (90, 35), (81, 36), (82, 36), (83, 36), (84, 36), (85, 36), (97, 38), (80, 40), (96, 43), (79, 45), (95, 48), (78, 50), (94, 50), (95, 50), (89, 51), (90, 51), (91, 51), (92, 51), (93, 51), (78, 52), (84, 52), (85, 52), (86, 52), (87, 52), (88, 52), (79, 53), (80, 53), (81, 53), (82, 53), (83, 53)]
[(94, 50), (95, 50), (89, 51), (90, 51), (91, 51), (92, 51), (93, 51), (96, 51), (84, 52), (85, 52), (86, 52), (87, 52), (88, 52), (79, 53), (80, 53), (81, 53), (82, 53), (83, 53), (95, 55), (78, 57), (94, 60), (77, 62), (93, 65), (76, 67), (92, 67), (93, 67), (87, 68), (88, 68), (89, 68), (90, 68), (91, 68), (76, 69), (82, 69), (83, 69), (84, 69), (85, 69), (86, 69), (77, 70), (78, 70), (79, 70), (80, 70), (81, 70)]
[(111, 48), (112, 48), (106, 49), (107, 49), (108, 49), (109, 49), (110, 49), (113, 49), (101, 50), (102, 50), (103, 50), (104, 50), (105, 50), (96, 51), (97, 51), (98, 51), (99, 51), (100, 51), (112, 53), (95, 55), (111, 58), (94, 60), (110, 63), (93, 65), (109, 65), (110, 65), (104, 66), (105, 66), (106, 66), (107, 66), (108, 66), (93, 67), (99, 67), (100, 67), (101, 67), (102, 67), (103, 67), (94, 68), (95, 68), (96, 68), (97, 68), (98, 68)]
[(109, 65), (110, 65), (104, 66), (105, 66), (106, 66), (107, 66), (108, 66), (111, 66), (99, 67), (100, 67), (101, 67), (102, 67), (103, 67), (94, 68), (95, 68), (96, 68), (97, 68), (98, 68), (110, 70), (93, 72), (109, 75), (92, 77), (108, 80), (91, 82), (107, 82), (108, 82), (102, 83), (103, 83), (104, 83), (105, 83), (106, 83), (91, 84), (97, 84), (98, 84), (99, 84), (100, 84), (101, 84), (92, 85), (93, 85), (94, 85), (95, 85), (96, 85)]
[(111, 66), (112, 66), (113, 66), (114, 66), (110, 70), (109, 75), (108, 80), (108, 82), (114, 82), (109, 83), (110, 83), (111, 83), (112, 83), (113, 83)]
[(114, 82), (109, 83), (110, 83), (111, 83), (112, 83), (113, 83), (108, 87), (107, 92), (106, 97), (106, 99), (112, 99), (113, 99), (114, 99), (107, 100), (108, 100), (109, 100), (110, 100), (111, 100)]
[(45, 39), (46, 39), (40, 40), (41, 40), (42, 40), (43, 40), (44, 40), (47, 40), (35, 41), (36, 41), (37, 41), (38, 41), (39, 41), (30, 42), (31, 42), (32, 42), (33, 42), (34, 42), (46, 44), (29, 46), (45, 49), (28, 51), (44, 54), (27, 56), (43, 56), (44, 56), (38, 57), (39, 57), (40, 57), (41, 57), (42, 57), (27, 58), (33, 58), (34, 58), (35, 58), (36, 58), (37, 58), (28, 59), (29, 59), (30, 59), (31, 59), (32, 59)]
[(62, 37), (63, 37), (57, 38), (58, 38), (59, 38), (60, 38), (61, 38), (64, 38), (52, 39), (53, 39), (54, 39), (55, 39), (56, 39), (47, 40), (48, 40), (49, 40), (50, 40), (51, 40), (63, 42), (46, 44), (62, 47), (45, 49), (61, 52), (44, 54), (60, 54), (61, 54), (55, 55), (56, 55), (57, 55), (58, 55), (59, 55), (44, 56), (50, 56), (51, 56), (52, 56), (53, 56), (54, 56), (45, 57), (46, 57), (47, 57), (48, 57), (49, 57)]
[(60, 54), (61, 54), (55, 55), (56, 55), (57, 55), (58, 55), (59, 55), (62, 55), (50, 56), (51, 56), (52, 56), (53, 56), (54, 56), (45, 57), (46, 57), (47, 57), (48, 57), (49, 57), (61, 59), (44, 61), (60, 64), (43, 66), (59, 69), (42, 71), (58, 71), (59, 71), (53, 72), (54, 72), (55, 72), (56, 72), (57, 72), (42, 73), (48, 73), (49, 73), (50, 73), (51, 73), (52, 73), (43, 74), (44, 74), (45, 74), (46, 74), (47, 74)]
[(77, 52), (78, 52), (72, 53), (73, 53), (74, 53), (75, 53), (76, 53), (79, 53), (67, 54), (68, 54), (69, 54), (70, 54), (71, 54), (62, 55), (63, 55), (64, 55), (65, 55), (66, 55), (78, 57), (61, 59), (77, 62), (60, 64), (76, 67), (59, 69), (75, 69), (76, 69), (70, 70), (71, 70), (72, 70), (73, 70), (74, 70), (59, 71), (65, 71), (66, 71), (67, 71), (68, 71), (69, 71), (60, 72), (61, 72), (62, 72), (63, 72), (64, 72)]
[(75, 69), (76, 69), (70, 70), (71, 70), (72, 70), (73, 70), (74, 70), (77, 70), (65, 71), (66, 71), (67, 71), (68, 71), (69, 71), (60, 72), (61, 72), (62, 72), (63, 72), (64, 72), (76, 74), (59, 76), (75, 79), (58, 81), (74, 84), (57, 86), (73, 86), (74, 86), (68, 87), (69, 87), (70, 87), (71, 87), (72, 87), (57, 88), (63, 88), (64, 88), (65, 88), (66, 88), (67, 88), (58, 89), (59, 89), (60, 89), (61, 89), (62, 89)]
[(92, 67), (93, 67), (87, 68), (88, 68), (89, 68), (90, 68), (91, 68), (94, 68), (82, 69), (83, 69), (84, 69), (85, 69), (86, 69), (77, 70), (78, 70), (79, 70), (80, 70), (81, 70), (93, 72), (76, 74), (92, 77), (75, 79), (91, 82), (74, 84), (90, 84), (91, 84), (85, 85), (86, 85), (87, 85), (88, 85), (89, 85), (74, 86), (80, 86), (81, 86), (82, 86), (83, 86), (84, 86), (75, 87), (76, 87), (77, 87), (78, 87), (79, 87)]
[(90, 84), (91, 84), (85, 85), (86, 85), (87, 85), (88, 85), (89, 85), (92, 85), (80, 86), (81, 86), (82, 86), (83, 86), (84, 86), (75, 87), (76, 87), (77, 87), (78, 87), (79, 87), (91, 89), (74, 91), (90, 94), (73, 96), (89, 99), (72, 101), (88, 101), (89, 101), (83, 102), (84, 102), (85, 102), (86, 102), (87, 102), (72, 103), (78, 103), (79, 103), (80, 103), (81, 103), (82, 103), (73, 104), (74, 104), (75, 104), (76, 104), (77, 104)]
[(107, 82), (108, 82), (102, 83), (103, 83), (104, 83), (105, 83), (106, 83), (109, 83), (97, 84), (98, 84), (99, 84), (100, 84), (101, 84), (92, 85), (93, 85), (94, 85), (95, 85), (96, 85), (108, 87), (91, 89), (107, 92), (90, 94), (106, 97), (89, 99), (105, 99), (106, 99), (100, 100), (101, 100), (102, 100), (103, 100), (104, 100), (89, 101), (95, 101), (96, 101), (97, 101), (98, 101), (99, 101), (90, 102), (91, 102), (92, 102), (93, 102), (94, 102)]
[(105, 99), (106, 99), (100, 100), (101, 100), (102, 100), (103, 100), (104, 100), (107, 100), (95, 101), (96, 101), (97, 101), (98, 101), (99, 101), (90, 102), (91, 102), (92, 102), (93, 102), (94, 102), (106, 104), (89, 106), (105, 109), (88, 111), (104, 114)]
[(112, 99), (113, 99), (114, 99), (107, 100), (108, 100), (109, 100), (110, 100), (111, 100), (106, 104), (105, 109), (104, 114)]
[(43, 56), (44, 56), (38, 57), (39, 57), (40, 57), (41, 57), (42, 57), (45, 57), (33, 58), (34, 58), (35, 58), (36, 58), (37, 58), (28, 59), (29, 59), (30, 59), (31, 59), (32, 59), (44, 61), (27, 63), (43, 66), (26, 68), (42, 71), (25, 73), (41, 73), (42, 73), (36, 74), (37, 74), (38, 74), (39, 74), (40, 74), (25, 75), (31, 75), (32, 75), (33, 75), (34, 75), (35, 75), (26, 76), (27, 76), (28, 76), (29, 76), (30, 76)]
[(41, 73), (42, 73), (36, 74), (37, 74), (38, 74), (39, 74), (40, 74), (43, 74), (31, 75), (32, 75), (33, 75), (34, 75), (35, 75), (26, 76), (27, 76), (28, 76), (29, 76), (30, 76), (42, 78), (25, 80), (41, 83), (24, 85), (40, 88), (23, 90), (39, 90), (40, 90), (34, 91), (35, 91), (36, 91), (37, 91), (38, 91), (23, 92), (29, 92), (30, 92), (31, 92), (32, 92), (33, 92), (24, 93), (25, 93), (26, 93), (27, 93), (28, 93)]
[(58, 71), (59, 71), (53, 72), (54, 72), (55, 72), (56, 72), (57, 72), (60, 72), (48, 73), (49, 73), (50, 73), (51, 73), (52, 73), (43, 74), (44, 74), (45, 74), (46, 74), (47, 74), (59, 76), (42, 78), (58, 81), (41, 83), (57, 86), (40, 88), (56, 88), (57, 88), (51, 89), (52, 89), (53, 89), (54, 89), (55, 89), (40, 90), (46, 90), (47, 90), (48, 90), (49, 90), (50, 90), (41, 91), (42, 91), (43, 91), (44, 91), (45, 91)]
[(56, 88), (57, 88), (51, 89), (52, 89), (53, 89), (54, 89), (55, 89), (58, 89), (46, 90), (47, 90), (48, 90), (49, 90), (50, 90), (41, 91), (42, 91), (43, 91), (44, 91), (45, 91), (57, 93), (40, 95), (56, 98), (39, 100), (55, 103), (38, 105), (54, 105), (55, 105), (49, 106), (50, 106), (51, 106), (52, 106), (53, 106), (38, 107), (44, 107), (45, 107), (46, 107), (47, 107), (48, 107), (39, 108), (40, 108), (41, 108), (42, 108), (43, 108)]
[(73, 86), (74, 86), (68, 87), (69, 87), (70, 87), (71, 87), (72, 87), (75, 87), (63, 88), (64, 88), (65, 88), (66, 88), (67, 88), (58, 89), (59, 89), (60, 89), (61, 89), (62, 89), (74, 91), (57, 93), (73, 96), (56, 98), (72, 101), (55, 103), (71, 103), (72, 103), (66, 104), (67, 104), (68, 104), (69, 104), (70, 104), (55, 105), (61, 105), (62, 105), (63, 105), (64, 105), (65, 105), (56, 106), (57, 106), (58, 106), (59, 106), (60, 106)]
[(71, 103), (72, 103), (66, 104), (67, 104), (68, 104), (69, 104), (70, 104), (73, 104), (61, 105), (62, 105), (63, 105), (64, 105), (65, 105), (56, 106), (57, 106), (58, 106), (59, 106), (60, 106), (72, 108), (55, 110), (71, 113)]
[(88, 101), (89, 101), (83, 102), (84, 102), (85, 102), (86, 102), (87, 102), (90, 102), (78, 103), (79, 103), (80, 103), (81, 103), (82, 103), (73, 104), (74, 104), (75, 104), (76, 104), (77, 104), (89, 106), (72, 108), (88, 111), (71, 113)]
[(39, 90), (40, 90), (34, 91), (35, 91), (36, 91), (37, 91), (38, 91), (41, 91), (29, 92), (30, 92), (31, 92), (32, 92), (33, 92), (24, 93), (25, 93), (26, 93), (27, 93), (28, 93), (40, 95), (23, 97), (39, 100), (22, 102), (38, 105), (21, 107), (37, 107), (38, 107), (32, 108), (33, 108), (34, 108), (35, 108), (36, 108), (21, 109), (27, 109), (28, 109), (29, 109), (30, 109), (31, 109), (22, 110), (23, 110), (24, 110), (25, 110), (26, 110)]
[(37, 107), (38, 107), (32, 108), (33, 108), (34, 108), (35, 108), (36, 108), (39, 108), (27, 109), (28, 109), (29, 109), (30, 109), (31, 109), (22, 110), (23, 110), (24, 110), (25, 110), (26, 110), (38, 112), (21, 114)]
[(54, 105), (55, 105), (49, 106), (50, 106), (51, 106), (52, 106), (53, 106), (56, 106), (44, 107), (45, 107), (46, 107), (47, 107), (48, 107), (39, 108), (40, 108), (41, 108), (42, 108), (43, 108), (55, 110), (38, 112)]
