[(81, 6), (82, 6), (83, 6), (84, 6), (77, 7), (78, 7), (79, 7), (80, 7), (85, 7), (73, 8), (74, 8), (75, 8), (76, 8), (69, 9), (70, 9), (71, 9), (72, 9), (65, 10), (66, 10), (67, 10), (68, 10), (84, 11), (64, 14), (83, 15), (63, 18), (82, 19), (62, 22), (81, 23), (61, 26), (78, 26), (79, 26), (80, 26), (81, 26), (74, 27), (75, 27), (76, 27), (77, 27), (70, 28), (71, 28), (72, 28), (73, 28), (61, 29), (66, 29), (67, 29), (68, 29), (69, 29), (62, 30), (63, 30), (64, 30), (65, 30)]
[(101, 3), (102, 3), (103, 3), (104, 3), (97, 4), (98, 4), (99, 4), (100, 4), (105, 4), (93, 5), (94, 5), (95, 5), (96, 5), (89, 6), (90, 6), (91, 6), (92, 6), (85, 7), (86, 7), (87, 7), (88, 7), (104, 8), (84, 11), (103, 12), (83, 15), (102, 16), (82, 19), (101, 20), (81, 23), (98, 23), (99, 23), (100, 23), (101, 23), (94, 24), (95, 24), (96, 24), (97, 24), (90, 25), (91, 25), (92, 25), (93, 25), (81, 26), (86, 26), (87, 26), (88, 26), (89, 26), (82, 27), (83, 27), (84, 27), (85, 27)]
[(98, 23), (99, 23), (100, 23), (101, 23), (94, 24), (95, 24), (96, 24), (97, 24), (102, 24), (90, 25), (91, 25), (92, 25), (93, 25), (86, 26), (87, 26), (88, 26), (89, 26), (82, 27), (83, 27), (84, 27), (85, 27), (101, 28), (81, 31), (100, 32), (80, 35), (99, 36), (79, 39), (98, 40), (78, 43), (95, 43), (96, 43), (97, 43), (98, 43), (91, 44), (92, 44), (93, 44), (94, 44), (87, 45), (88, 45), (89, 45), (90, 45), (78, 46), (83, 46), (84, 46), (85, 46), (86, 46), (79, 47), (80, 47), (81, 47), (82, 47)]
[(114, 21), (110, 22), (111, 22), (112, 22), (113, 22), (106, 23), (107, 23), (108, 23), (109, 23), (102, 24), (103, 24), (104, 24), (105, 24), (101, 28), (100, 32), (99, 36), (98, 40), (111, 41), (112, 41), (113, 41), (114, 41), (107, 42), (108, 42), (109, 42), (110, 42), (98, 43), (103, 43), (104, 43), (105, 43), (106, 43), (99, 44), (100, 44), (101, 44), (102, 44)]
[(111, 41), (112, 41), (113, 41), (114, 41), (107, 42), (108, 42), (109, 42), (110, 42), (103, 43), (104, 43), (105, 43), (106, 43), (99, 44), (100, 44), (101, 44), (102, 44), (98, 48), (97, 52), (96, 56), (95, 60), (112, 60), (113, 60), (114, 60), (108, 61), (109, 61), (110, 61), (111, 61), (104, 62), (105, 62), (106, 62), (107, 62), (95, 63), (100, 63), (101, 63), (102, 63), (103, 63), (96, 64), (97, 64), (98, 64), (99, 64)]
[(114, 69), (113, 73), (112, 77), (112, 80), (113, 81), (114, 81)]
[(41, 12), (42, 12), (43, 12), (44, 12), (37, 13), (38, 13), (39, 13), (40, 13), (45, 13), (33, 14), (34, 14), (35, 14), (36, 14), (29, 15), (30, 15), (31, 15), (32, 15), (25, 16), (26, 16), (27, 16), (28, 16), (44, 17), (24, 20), (43, 21), (23, 24), (42, 25), (22, 28), (41, 29), (21, 32), (38, 32), (39, 32), (40, 32), (41, 32), (34, 33), (35, 33), (36, 33), (37, 33), (30, 34), (31, 34), (32, 34), (33, 34), (21, 35), (26, 35), (27, 35), (28, 35), (29, 35), (22, 36), (23, 36), (24, 36), (25, 36)]
[(61, 9), (62, 9), (63, 9), (64, 9), (57, 10), (58, 10), (59, 10), (60, 10), (65, 10), (53, 11), (54, 11), (55, 11), (56, 11), (49, 12), (50, 12), (51, 12), (52, 12), (45, 13), (46, 13), (47, 13), (48, 13), (64, 14), (44, 17), (63, 18), (43, 21), (62, 22), (42, 25), (61, 26), (41, 29), (58, 29), (59, 29), (60, 29), (61, 29), (54, 30), (55, 30), (56, 30), (57, 30), (50, 31), (51, 31), (52, 31), (53, 31), (41, 32), (46, 32), (47, 32), (48, 32), (49, 32), (42, 33), (43, 33), (44, 33), (45, 33)]
[(58, 29), (59, 29), (60, 29), (61, 29), (54, 30), (55, 30), (56, 30), (57, 30), (62, 30), (50, 31), (51, 31), (52, 31), (53, 31), (46, 32), (47, 32), (48, 32), (49, 32), (42, 33), (43, 33), (44, 33), (45, 33), (61, 34), (41, 37), (60, 38), (40, 41), (59, 42), (39, 45), (58, 46), (38, 49), (55, 49), (56, 49), (57, 49), (58, 49), (51, 50), (52, 50), (53, 50), (54, 50), (47, 51), (48, 51), (49, 51), (50, 51), (38, 52), (43, 52), (44, 52), (45, 52), (46, 52), (39, 53), (40, 53), (41, 53), (42, 53)]
[(78, 26), (79, 26), (80, 26), (81, 26), (74, 27), (75, 27), (76, 27), (77, 27), (82, 27), (70, 28), (71, 28), (72, 28), (73, 28), (66, 29), (67, 29), (68, 29), (69, 29), (62, 30), (63, 30), (64, 30), (65, 30), (81, 31), (61, 34), (80, 35), (60, 38), (79, 39), (59, 42), (78, 43), (58, 46), (75, 46), (76, 46), (77, 46), (78, 46), (71, 47), (72, 47), (73, 47), (74, 47), (67, 48), (68, 48), (69, 48), (70, 48), (58, 49), (63, 49), (64, 49), (65, 49), (66, 49), (59, 50), (60, 50), (61, 50), (62, 50)]
[(75, 46), (76, 46), (77, 46), (78, 46), (71, 47), (72, 47), (73, 47), (74, 47), (79, 47), (67, 48), (68, 48), (69, 48), (70, 48), (63, 49), (64, 49), (65, 49), (66, 49), (59, 50), (60, 50), (61, 50), (62, 50), (78, 51), (58, 54), (77, 55), (57, 58), (76, 59), (56, 62), (75, 63), (55, 66), (72, 66), (73, 66), (74, 66), (75, 66), (68, 67), (69, 67), (70, 67), (71, 67), (64, 68), (65, 68), (66, 68), (67, 68), (55, 69), (60, 69), (61, 69), (62, 69), (63, 69), (56, 70), (57, 70), (58, 70), (59, 70)]
[(95, 43), (96, 43), (97, 43), (98, 43), (91, 44), (92, 44), (93, 44), (94, 44), (99, 44), (87, 45), (88, 45), (89, 45), (90, 45), (83, 46), (84, 46), (85, 46), (86, 46), (79, 47), (80, 47), (81, 47), (82, 47), (98, 48), (78, 51), (97, 52), (77, 55), (96, 56), (76, 59), (95, 60), (75, 63), (92, 63), (93, 63), (94, 63), (95, 63), (88, 64), (89, 64), (90, 64), (91, 64), (84, 65), (85, 65), (86, 65), (87, 65), (75, 66), (80, 66), (81, 66), (82, 66), (83, 66), (76, 67), (77, 67), (78, 67), (79, 67)]
[(92, 63), (93, 63), (94, 63), (95, 63), (88, 64), (89, 64), (90, 64), (91, 64), (96, 64), (84, 65), (85, 65), (86, 65), (87, 65), (80, 66), (81, 66), (82, 66), (83, 66), (76, 67), (77, 67), (78, 67), (79, 67), (95, 68), (75, 71), (94, 72), (74, 75), (93, 76), (73, 79), (92, 80), (72, 83), (89, 83), (90, 83), (91, 83), (92, 83), (85, 84), (86, 84), (87, 84), (88, 84), (81, 85), (82, 85), (83, 85), (84, 85), (72, 86), (77, 86), (78, 86), (79, 86), (80, 86), (73, 87), (74, 87), (75, 87), (76, 87)]
[(112, 60), (113, 60), (114, 60), (108, 61), (109, 61), (110, 61), (111, 61), (104, 62), (105, 62), (106, 62), (107, 62), (100, 63), (101, 63), (102, 63), (103, 63), (96, 64), (97, 64), (98, 64), (99, 64), (95, 68), (114, 69), (94, 72), (113, 73), (93, 76), (112, 77), (92, 80), (109, 80), (110, 80), (111, 80), (112, 80), (105, 81), (106, 81), (107, 81), (108, 81), (101, 82), (102, 82), (103, 82), (104, 82), (92, 83), (97, 83), (98, 83), (99, 83), (100, 83), (93, 84), (94, 84), (95, 84), (96, 84)]
[(109, 80), (110, 80), (111, 80), (112, 80), (105, 81), (106, 81), (107, 81), (108, 81), (113, 81), (101, 82), (102, 82), (103, 82), (104, 82), (97, 83), (98, 83), (99, 83), (100, 83), (93, 84), (94, 84), (95, 84), (96, 84), (112, 85), (92, 88), (111, 89), (91, 92), (110, 93), (90, 96), (109, 97), (89, 100), (106, 100), (107, 100), (108, 100), (109, 100), (102, 101), (103, 101), (104, 101), (105, 101), (98, 102), (99, 102), (100, 102), (101, 102), (89, 103), (94, 103), (95, 103), (96, 103), (97, 103), (90, 104), (91, 104), (92, 104), (93, 104)]
[(113, 81), (114, 81), (112, 85), (111, 89), (110, 93), (109, 97), (109, 100), (114, 100), (110, 101), (111, 101), (112, 101), (113, 101)]
[(114, 100), (110, 101), (111, 101), (112, 101), (113, 101), (109, 105), (108, 109), (107, 113)]
[(18, 35), (19, 35), (20, 35), (21, 35), (14, 36), (15, 36), (16, 36), (17, 36), (22, 36), (10, 37), (11, 37), (12, 37), (13, 37), (6, 38), (7, 38), (8, 38), (9, 38), (2, 39), (3, 39), (4, 39), (5, 39), (21, 40), (1, 43), (20, 44), (0, 47), (19, 48), (18, 52), (15, 55), (16, 55), (17, 55), (18, 55), (11, 56), (12, 56), (13, 56), (14, 56), (7, 57), (8, 57), (9, 57), (10, 57), (3, 58), (4, 58), (5, 58), (6, 58), (0, 59), (1, 59), (2, 59)]
[(38, 32), (39, 32), (40, 32), (41, 32), (34, 33), (35, 33), (36, 33), (37, 33), (42, 33), (30, 34), (31, 34), (32, 34), (33, 34), (26, 35), (27, 35), (28, 35), (29, 35), (22, 36), (23, 36), (24, 36), (25, 36), (41, 37), (21, 40), (40, 41), (20, 44), (39, 45), (19, 48), (38, 49), (18, 52), (35, 52), (36, 52), (37, 52), (38, 52), (31, 53), (32, 53), (33, 53), (34, 53), (27, 54), (28, 54), (29, 54), (30, 54), (18, 55), (23, 55), (24, 55), (25, 55), (26, 55), (19, 56), (20, 56), (21, 56), (22, 56)]
[(35, 52), (36, 52), (37, 52), (38, 52), (31, 53), (32, 53), (33, 53), (34, 53), (39, 53), (27, 54), (28, 54), (29, 54), (30, 54), (23, 55), (24, 55), (25, 55), (26, 55), (19, 56), (20, 56), (21, 56), (22, 56), (38, 57), (18, 60), (37, 61), (17, 64), (36, 65), (16, 68), (35, 69), (15, 72), (32, 72), (33, 72), (34, 72), (35, 72), (28, 73), (29, 73), (30, 73), (31, 73), (24, 74), (25, 74), (26, 74), (27, 74), (15, 75), (20, 75), (21, 75), (22, 75), (23, 75), (16, 76), (17, 76), (18, 76), (19, 76)]
[(55, 49), (56, 49), (57, 49), (58, 49), (51, 50), (52, 50), (53, 50), (54, 50), (59, 50), (47, 51), (48, 51), (49, 51), (50, 51), (43, 52), (44, 52), (45, 52), (46, 52), (39, 53), (40, 53), (41, 53), (42, 53), (58, 54), (38, 57), (57, 58), (37, 61), (56, 62), (36, 65), (55, 66), (35, 69), (52, 69), (53, 69), (54, 69), (55, 69), (48, 70), (49, 70), (50, 70), (51, 70), (44, 71), (45, 71), (46, 71), (47, 71), (35, 72), (40, 72), (41, 72), (42, 72), (43, 72), (36, 73), (37, 73), (38, 73), (39, 73)]
[(52, 69), (53, 69), (54, 69), (55, 69), (48, 70), (49, 70), (50, 70), (51, 70), (56, 70), (44, 71), (45, 71), (46, 71), (47, 71), (40, 72), (41, 72), (42, 72), (43, 72), (36, 73), (37, 73), (38, 73), (39, 73), (55, 74), (35, 77), (54, 78), (34, 81), (53, 82), (33, 85), (52, 86), (32, 89), (49, 89), (50, 89), (51, 89), (52, 89), (45, 90), (46, 90), (47, 90), (48, 90), (41, 91), (42, 91), (43, 91), (44, 91), (32, 92), (37, 92), (38, 92), (39, 92), (40, 92), (33, 93), (34, 93), (35, 93), (36, 93)]
[(72, 66), (73, 66), (74, 66), (75, 66), (68, 67), (69, 67), (70, 67), (71, 67), (76, 67), (64, 68), (65, 68), (66, 68), (67, 68), (60, 69), (61, 69), (62, 69), (63, 69), (56, 70), (57, 70), (58, 70), (59, 70), (75, 71), (55, 74), (74, 75), (54, 78), (73, 79), (53, 82), (72, 83), (52, 86), (69, 86), (70, 86), (71, 86), (72, 86), (65, 87), (66, 87), (67, 87), (68, 87), (61, 88), (62, 88), (63, 88), (64, 88), (52, 89), (57, 89), (58, 89), (59, 89), (60, 89), (53, 90), (54, 90), (55, 90), (56, 90)]
[(69, 86), (70, 86), (71, 86), (72, 86), (65, 87), (66, 87), (67, 87), (68, 87), (73, 87), (61, 88), (62, 88), (63, 88), (64, 88), (57, 89), (58, 89), (59, 89), (60, 89), (53, 90), (54, 90), (55, 90), (56, 90), (72, 91), (52, 94), (71, 95), (51, 98), (70, 99), (50, 102), (69, 103), (49, 106), (66, 106), (67, 106), (68, 106), (69, 106), (62, 107), (63, 107), (64, 107), (65, 107), (58, 108), (59, 108), (60, 108), (61, 108), (49, 109), (54, 109), (55, 109), (56, 109), (57, 109), (50, 110), (51, 110), (52, 110), (53, 110)]
[(89, 83), (90, 83), (91, 83), (92, 83), (85, 84), (86, 84), (87, 84), (88, 84), (93, 84), (81, 85), (82, 85), (83, 85), (84, 85), (77, 86), (78, 86), (79, 86), (80, 86), (73, 87), (74, 87), (75, 87), (76, 87), (92, 88), (72, 91), (91, 92), (71, 95), (90, 96), (70, 99), (89, 100), (69, 103), (86, 103), (87, 103), (88, 103), (89, 103), (82, 104), (83, 104), (84, 104), (85, 104), (78, 105), (79, 105), (80, 105), (81, 105), (69, 106), (74, 106), (75, 106), (76, 106), (77, 106), (70, 107), (71, 107), (72, 107), (73, 107)]
[(86, 103), (87, 103), (88, 103), (89, 103), (82, 104), (83, 104), (84, 104), (85, 104), (90, 104), (78, 105), (79, 105), (80, 105), (81, 105), (74, 106), (75, 106), (76, 106), (77, 106), (70, 107), (71, 107), (72, 107), (73, 107), (89, 108), (69, 111), (88, 112)]
[(106, 100), (107, 100), (108, 100), (109, 100), (102, 101), (103, 101), (104, 101), (105, 101), (110, 101), (98, 102), (99, 102), (100, 102), (101, 102), (94, 103), (95, 103), (96, 103), (97, 103), (90, 104), (91, 104), (92, 104), (93, 104), (109, 105), (89, 108), (108, 109), (88, 112), (107, 113)]
[(15, 55), (16, 55), (17, 55), (18, 55), (11, 56), (12, 56), (13, 56), (14, 56), (19, 56), (7, 57), (8, 57), (9, 57), (10, 57), (3, 58), (4, 58), (5, 58), (6, 58), (0, 59), (1, 59), (2, 59), (18, 60), (17, 64), (16, 68), (15, 72), (12, 75), (13, 75), (14, 75), (15, 75), (8, 76), (9, 76), (10, 76), (11, 76), (4, 77), (5, 77), (6, 77), (7, 77), (0, 78), (1, 78), (2, 78), (3, 78)]
[(12, 75), (13, 75), (14, 75), (15, 75), (8, 76), (9, 76), (10, 76), (11, 76), (16, 76), (4, 77), (5, 77), (6, 77), (7, 77), (0, 78), (1, 78), (2, 78), (3, 78), (15, 80), (14, 84), (13, 88), (12, 92), (9, 95), (10, 95), (11, 95), (12, 95), (5, 96), (6, 96), (7, 96), (8, 96), (1, 97), (2, 97), (3, 97), (4, 97), (0, 98)]
[(32, 72), (33, 72), (34, 72), (35, 72), (28, 73), (29, 73), (30, 73), (31, 73), (36, 73), (24, 74), (25, 74), (26, 74), (27, 74), (20, 75), (21, 75), (22, 75), (23, 75), (16, 76), (17, 76), (18, 76), (19, 76), (35, 77), (15, 80), (34, 81), (14, 84), (33, 85), (13, 88), (32, 89), (12, 92), (29, 92), (30, 92), (31, 92), (32, 92), (25, 93), (26, 93), (27, 93), (28, 93), (21, 94), (22, 94), (23, 94), (24, 94), (12, 95), (17, 95), (18, 95), (19, 95), (20, 95), (13, 96), (14, 96), (15, 96), (16, 96)]
[(29, 92), (30, 92), (31, 92), (32, 92), (25, 93), (26, 93), (27, 93), (28, 93), (33, 93), (21, 94), (22, 94), (23, 94), (24, 94), (17, 95), (18, 95), (19, 95), (20, 95), (13, 96), (14, 96), (15, 96), (16, 96), (32, 97), (12, 100), (31, 101), (11, 104), (30, 105), (10, 108), (29, 109), (9, 112), (26, 112), (27, 112), (28, 112), (29, 112), (22, 113), (23, 113), (24, 113), (25, 113), (18, 114), (19, 114), (20, 114), (21, 114)]
[(49, 89), (50, 89), (51, 89), (52, 89), (45, 90), (46, 90), (47, 90), (48, 90), (53, 90), (41, 91), (42, 91), (43, 91), (44, 91), (37, 92), (38, 92), (39, 92), (40, 92), (33, 93), (34, 93), (35, 93), (36, 93), (52, 94), (32, 97), (51, 98), (31, 101), (50, 102), (30, 105), (49, 106), (29, 109), (46, 109), (47, 109), (48, 109), (49, 109), (42, 110), (43, 110), (44, 110), (45, 110), (38, 111), (39, 111), (40, 111), (41, 111), (29, 112), (34, 112), (35, 112), (36, 112), (37, 112), (30, 113), (31, 113), (32, 113), (33, 113)]
[(46, 109), (47, 109), (48, 109), (49, 109), (42, 110), (43, 110), (44, 110), (45, 110), (50, 110), (38, 111), (39, 111), (40, 111), (41, 111), (34, 112), (35, 112), (36, 112), (37, 112), (30, 113), (31, 113), (32, 113), (33, 113), (49, 114)]
[(66, 106), (67, 106), (68, 106), (69, 106), (62, 107), (63, 107), (64, 107), (65, 107), (70, 107), (58, 108), (59, 108), (60, 108), (61, 108), (54, 109), (55, 109), (56, 109), (57, 109), (50, 110), (51, 110), (52, 110), (53, 110), (69, 111), (49, 114)]
[(9, 95), (10, 95), (11, 95), (12, 95), (5, 96), (6, 96), (7, 96), (8, 96), (13, 96), (1, 97), (2, 97), (3, 97), (4, 97), (0, 98), (12, 100), (11, 104), (10, 108), (9, 112)]
[(26, 112), (27, 112), (28, 112), (29, 112), (22, 113), (23, 113), (24, 113), (25, 113), (30, 113), (18, 114), (19, 114), (20, 114), (21, 114)]
