[(103, 36), (104, 36), (105, 36), (106, 36), (100, 37), (101, 37), (102, 37), (107, 37), (96, 38), (97, 38), (98, 38), (99, 38), (108, 38), (93, 39), (94, 39), (95, 39), (109, 39), (89, 40), (90, 40), (91, 40), (92, 40), (110, 40), (111, 41), (112, 42), (88, 43), (111, 45), (87, 46), (110, 48), (86, 50), (109, 52), (85, 53), (108, 55), (84, 57), (85, 57), (86, 58), (87, 59), (105, 59), (106, 59), (107, 59), (108, 59), (88, 60), (102, 60), (103, 60), (104, 60), (89, 61), (98, 61), (99, 61), (100, 61), (101, 61), (90, 62), (95, 62), (96, 62), (97, 62), (91, 63), (92, 63), (93, 63), (94, 63)]
[(112, 42), (113, 42), (114, 42), (111, 45), (110, 48), (109, 52), (108, 55), (107, 59), (108, 59), (109, 60), (110, 61), (111, 62), (112, 63), (113, 64), (114, 65)]
[(114, 65), (113, 68), (112, 71), (111, 75), (110, 78), (109, 82), (110, 82), (111, 83), (112, 84), (113, 85), (114, 86)]
[(57, 32), (58, 32), (59, 32), (60, 32), (54, 33), (55, 33), (56, 33), (61, 33), (50, 34), (51, 34), (52, 34), (53, 34), (62, 34), (47, 35), (48, 35), (49, 35), (63, 35), (43, 36), (44, 36), (45, 36), (46, 36), (64, 36), (65, 37), (66, 38), (42, 39), (65, 41), (41, 42), (64, 44), (40, 46), (63, 48), (39, 49), (62, 51), (38, 53), (39, 53), (40, 54), (41, 55), (59, 55), (60, 55), (61, 55), (62, 55), (42, 56), (56, 56), (57, 56), (58, 56), (43, 57), (52, 57), (53, 57), (54, 57), (55, 57), (44, 58), (49, 58), (50, 58), (51, 58), (45, 59), (46, 59), (47, 59), (48, 59)]
[(80, 34), (81, 34), (82, 34), (83, 34), (77, 35), (78, 35), (79, 35), (84, 35), (73, 36), (74, 36), (75, 36), (76, 36), (85, 36), (70, 37), (71, 37), (72, 37), (86, 37), (66, 38), (67, 38), (68, 38), (69, 38), (87, 38), (88, 39), (89, 40), (65, 41), (88, 43), (64, 44), (87, 46), (63, 48), (86, 50), (62, 51), (85, 53), (61, 55), (62, 55), (63, 56), (64, 57), (82, 57), (83, 57), (84, 57), (85, 57), (65, 58), (79, 58), (80, 58), (81, 58), (66, 59), (75, 59), (76, 59), (77, 59), (78, 59), (67, 60), (72, 60), (73, 60), (74, 60), (68, 61), (69, 61), (70, 61), (71, 61)]
[(82, 57), (83, 57), (84, 57), (85, 57), (79, 58), (80, 58), (81, 58), (86, 58), (75, 59), (76, 59), (77, 59), (78, 59), (87, 59), (72, 60), (73, 60), (74, 60), (88, 60), (68, 61), (69, 61), (70, 61), (71, 61), (89, 61), (90, 62), (91, 63), (67, 64), (90, 66), (66, 67), (89, 69), (65, 71), (88, 73), (64, 74), (87, 76), (63, 78), (64, 78), (65, 79), (66, 80), (84, 80), (85, 80), (86, 80), (87, 80), (67, 81), (81, 81), (82, 81), (83, 81), (68, 82), (77, 82), (78, 82), (79, 82), (80, 82), (69, 83), (74, 83), (75, 83), (76, 83), (70, 84), (71, 84), (72, 84), (73, 84)]
[(105, 59), (106, 59), (107, 59), (108, 59), (102, 60), (103, 60), (104, 60), (109, 60), (98, 61), (99, 61), (100, 61), (101, 61), (110, 61), (95, 62), (96, 62), (97, 62), (111, 62), (91, 63), (92, 63), (93, 63), (94, 63), (112, 63), (113, 64), (114, 65), (90, 66), (113, 68), (89, 69), (112, 71), (88, 73), (111, 75), (87, 76), (110, 78), (86, 80), (87, 80), (88, 81), (89, 82), (107, 82), (108, 82), (109, 82), (110, 82), (90, 83), (104, 83), (105, 83), (106, 83), (91, 84), (100, 84), (101, 84), (102, 84), (103, 84), (92, 85), (97, 85), (98, 85), (99, 85), (93, 86), (94, 86), (95, 86), (96, 86)]
[(107, 82), (108, 82), (109, 82), (110, 82), (104, 83), (105, 83), (106, 83), (111, 83), (100, 84), (101, 84), (102, 84), (103, 84), (112, 84), (97, 85), (98, 85), (99, 85), (113, 85), (93, 86), (94, 86), (95, 86), (96, 86), (114, 86), (92, 89), (91, 92), (114, 94), (90, 96), (113, 98), (89, 99), (112, 101), (88, 103), (89, 103), (90, 104), (91, 105), (109, 105), (110, 105), (111, 105), (112, 105), (92, 106), (106, 106), (107, 106), (108, 106), (93, 107), (102, 107), (103, 107), (104, 107), (105, 107), (94, 108), (99, 108), (100, 108), (101, 108), (95, 109), (96, 109), (97, 109), (98, 109)]
[(114, 94), (113, 98), (112, 101), (111, 105), (112, 105), (113, 106), (114, 107)]
[(36, 53), (37, 53), (38, 53), (39, 53), (33, 54), (34, 54), (35, 54), (40, 54), (29, 55), (30, 55), (31, 55), (32, 55), (41, 55), (26, 56), (27, 56), (28, 56), (42, 56), (22, 57), (23, 57), (24, 57), (25, 57), (43, 57), (44, 58), (45, 59), (21, 60), (44, 62), (20, 63), (43, 65), (19, 67), (42, 69), (18, 70), (41, 72), (17, 74), (18, 74), (19, 75), (20, 76), (38, 76), (39, 76), (40, 76), (41, 76), (21, 77), (35, 77), (36, 77), (37, 77), (22, 78), (31, 78), (32, 78), (33, 78), (34, 78), (23, 79), (28, 79), (29, 79), (30, 79), (24, 80), (25, 80), (26, 80), (27, 80)]
[(59, 55), (60, 55), (61, 55), (62, 55), (56, 56), (57, 56), (58, 56), (63, 56), (52, 57), (53, 57), (54, 57), (55, 57), (64, 57), (49, 58), (50, 58), (51, 58), (65, 58), (45, 59), (46, 59), (47, 59), (48, 59), (66, 59), (67, 60), (68, 61), (44, 62), (67, 64), (43, 65), (66, 67), (42, 69), (65, 71), (41, 72), (64, 74), (40, 76), (41, 76), (42, 77), (43, 78), (61, 78), (62, 78), (63, 78), (64, 78), (44, 79), (58, 79), (59, 79), (60, 79), (45, 80), (54, 80), (55, 80), (56, 80), (57, 80), (46, 81), (51, 81), (52, 81), (53, 81), (47, 82), (48, 82), (49, 82), (50, 82)]
[(61, 78), (62, 78), (63, 78), (64, 78), (58, 79), (59, 79), (60, 79), (65, 79), (54, 80), (55, 80), (56, 80), (57, 80), (66, 80), (51, 81), (52, 81), (53, 81), (67, 81), (47, 82), (48, 82), (49, 82), (50, 82), (68, 82), (69, 83), (70, 84), (46, 85), (69, 87), (45, 88), (68, 90), (44, 92), (67, 94), (43, 95), (66, 97), (42, 99), (43, 99), (44, 100), (45, 101), (63, 101), (64, 101), (65, 101), (66, 101), (46, 102), (60, 102), (61, 102), (62, 102), (47, 103), (56, 103), (57, 103), (58, 103), (59, 103), (48, 104), (53, 104), (54, 104), (55, 104), (49, 105), (50, 105), (51, 105), (52, 105)]
[(84, 80), (85, 80), (86, 80), (87, 80), (81, 81), (82, 81), (83, 81), (88, 81), (77, 82), (78, 82), (79, 82), (80, 82), (89, 82), (74, 83), (75, 83), (76, 83), (90, 83), (70, 84), (71, 84), (72, 84), (73, 84), (91, 84), (92, 85), (93, 86), (69, 87), (92, 89), (68, 90), (91, 92), (67, 94), (90, 96), (66, 97), (89, 99), (65, 101), (66, 101), (67, 102), (68, 103), (86, 103), (87, 103), (88, 103), (89, 103), (69, 104), (83, 104), (84, 104), (85, 104), (70, 105), (79, 105), (80, 105), (81, 105), (82, 105), (71, 106), (76, 106), (77, 106), (78, 106), (72, 107), (73, 107), (74, 107), (75, 107)]
[(86, 103), (87, 103), (88, 103), (89, 103), (83, 104), (84, 104), (85, 104), (90, 104), (79, 105), (80, 105), (81, 105), (82, 105), (91, 105), (76, 106), (77, 106), (78, 106), (92, 106), (72, 107), (73, 107), (74, 107), (75, 107), (93, 107), (94, 108), (95, 109), (71, 110), (94, 112), (70, 113)]
[(109, 105), (110, 105), (111, 105), (112, 105), (106, 106), (107, 106), (108, 106), (113, 106), (102, 107), (103, 107), (104, 107), (105, 107), (114, 107), (99, 108), (100, 108), (101, 108), (95, 109), (96, 109), (97, 109), (98, 109), (94, 112)]
[(38, 76), (39, 76), (40, 76), (41, 76), (35, 77), (36, 77), (37, 77), (42, 77), (31, 78), (32, 78), (33, 78), (34, 78), (43, 78), (28, 79), (29, 79), (30, 79), (44, 79), (24, 80), (25, 80), (26, 80), (27, 80), (45, 80), (46, 81), (47, 82), (23, 83), (46, 85), (22, 86), (45, 88), (21, 90), (44, 92), (20, 93), (43, 95), (19, 97), (20, 97), (21, 98), (22, 99), (40, 99), (41, 99), (42, 99), (43, 99), (23, 100), (37, 100), (38, 100), (39, 100), (24, 101), (33, 101), (34, 101), (35, 101), (36, 101), (25, 102), (30, 102), (31, 102), (32, 102), (26, 103), (27, 103), (28, 103), (29, 103)]
[(40, 99), (41, 99), (42, 99), (43, 99), (37, 100), (38, 100), (39, 100), (44, 100), (33, 101), (34, 101), (35, 101), (36, 101), (45, 101), (30, 102), (31, 102), (32, 102), (46, 102), (26, 103), (27, 103), (28, 103), (29, 103), (47, 103), (48, 104), (49, 105), (25, 106), (48, 108), (24, 109), (47, 111), (23, 113)]
[(63, 101), (64, 101), (65, 101), (66, 101), (60, 102), (61, 102), (62, 102), (67, 102), (56, 103), (57, 103), (58, 103), (59, 103), (68, 103), (53, 104), (54, 104), (55, 104), (69, 104), (49, 105), (50, 105), (51, 105), (52, 105), (70, 105), (71, 106), (72, 107), (48, 108), (71, 110), (47, 111), (70, 113)]
