[(95, 0), (96, 0), (97, 0), (100, 0), (92, 1), (93, 1), (94, 1), (89, 2), (90, 2), (91, 2), (86, 3), (87, 3), (88, 3), (99, 3), (83, 4), (84, 4), (85, 4), (79, 5), (80, 5), (81, 5), (82, 5), (98, 6), (78, 8), (97, 9), (77, 11), (96, 12), (76, 14), (95, 15), (75, 17), (94, 18), (74, 20), (93, 20), (94, 20), (90, 21), (91, 21), (92, 21), (87, 22), (88, 22), (89, 22), (73, 23), (84, 23), (85, 23), (86, 23), (81, 24), (82, 24), (83, 24), (73, 25), (78, 25), (79, 25), (80, 25), (74, 26), (75, 26), (76, 26), (77, 26)]
[(100, 0), (101, 0), (102, 0), (103, 0), (99, 3), (98, 6), (97, 9), (96, 12), (95, 15), (114, 15), (111, 16), (112, 16), (113, 16), (108, 17), (109, 17), (110, 17), (94, 18), (105, 18), (106, 18), (107, 18), (102, 19), (103, 19), (104, 19), (94, 20), (99, 20), (100, 20), (101, 20), (95, 21), (96, 21), (97, 21), (98, 21)]
[(114, 15), (111, 16), (112, 16), (113, 16), (108, 17), (109, 17), (110, 17), (105, 18), (106, 18), (107, 18), (102, 19), (103, 19), (104, 19), (99, 20), (100, 20), (101, 20), (95, 21), (96, 21), (97, 21), (98, 21), (114, 22), (94, 24), (113, 25), (93, 27), (112, 28), (92, 30), (111, 31), (91, 33), (110, 34), (90, 36), (109, 36), (110, 36), (106, 37), (107, 37), (108, 37), (103, 38), (104, 38), (105, 38), (89, 39), (100, 39), (101, 39), (102, 39), (97, 40), (98, 40), (99, 40), (89, 41), (94, 41), (95, 41), (96, 41), (90, 42), (91, 42), (92, 42), (93, 42)]
[(114, 22), (113, 25), (112, 28), (111, 31), (110, 34), (110, 36), (111, 37), (112, 37), (113, 37), (114, 37)]
[(111, 37), (112, 37), (113, 37), (114, 37), (110, 40), (109, 43), (108, 46), (107, 49), (106, 52), (105, 55), (113, 56), (114, 56), (105, 57), (110, 57), (111, 57), (112, 57), (106, 58), (107, 58), (108, 58), (109, 58)]
[(56, 9), (57, 9), (53, 10), (54, 10), (55, 10), (58, 10), (50, 11), (51, 11), (52, 11), (47, 12), (48, 12), (49, 12), (44, 13), (45, 13), (46, 13), (57, 13), (41, 14), (42, 14), (43, 14), (37, 15), (38, 15), (39, 15), (40, 15), (56, 16), (36, 18), (55, 19), (35, 21), (54, 22), (34, 24), (53, 25), (33, 27), (52, 28), (32, 30), (51, 30), (52, 30), (48, 31), (49, 31), (50, 31), (45, 32), (46, 32), (47, 32), (31, 33), (42, 33), (43, 33), (44, 33), (39, 34), (40, 34), (41, 34), (31, 35), (36, 35), (37, 35), (38, 35), (32, 36), (33, 36), (34, 36), (35, 36)]
[(77, 4), (78, 4), (74, 5), (75, 5), (76, 5), (79, 5), (71, 6), (72, 6), (73, 6), (68, 7), (69, 7), (70, 7), (65, 8), (66, 8), (67, 8), (78, 8), (62, 9), (63, 9), (64, 9), (58, 10), (59, 10), (60, 10), (61, 10), (77, 11), (57, 13), (76, 14), (56, 16), (75, 17), (55, 19), (74, 20), (54, 22), (73, 23), (53, 25), (72, 25), (73, 25), (69, 26), (70, 26), (71, 26), (66, 27), (67, 27), (68, 27), (52, 28), (63, 28), (64, 28), (65, 28), (60, 29), (61, 29), (62, 29), (52, 30), (57, 30), (58, 30), (59, 30), (53, 31), (54, 31), (55, 31), (56, 31)]
[(72, 25), (73, 25), (69, 26), (70, 26), (71, 26), (74, 26), (66, 27), (67, 27), (68, 27), (63, 28), (64, 28), (65, 28), (60, 29), (61, 29), (62, 29), (73, 29), (57, 30), (58, 30), (59, 30), (53, 31), (54, 31), (55, 31), (56, 31), (72, 32), (52, 34), (71, 35), (51, 37), (70, 38), (50, 40), (69, 41), (49, 43), (68, 44), (48, 46), (67, 46), (68, 46), (64, 47), (65, 47), (66, 47), (61, 48), (62, 48), (63, 48), (47, 49), (58, 49), (59, 49), (60, 49), (55, 50), (56, 50), (57, 50), (47, 51), (52, 51), (53, 51), (54, 51), (48, 52), (49, 52), (50, 52), (51, 52)]
[(93, 20), (94, 20), (90, 21), (91, 21), (92, 21), (95, 21), (87, 22), (88, 22), (89, 22), (84, 23), (85, 23), (86, 23), (81, 24), (82, 24), (83, 24), (94, 24), (78, 25), (79, 25), (80, 25), (74, 26), (75, 26), (76, 26), (77, 26), (93, 27), (73, 29), (92, 30), (72, 32), (91, 33), (71, 35), (90, 36), (70, 38), (89, 39), (69, 41), (88, 41), (89, 41), (85, 42), (86, 42), (87, 42), (82, 43), (83, 43), (84, 43), (68, 44), (79, 44), (80, 44), (81, 44), (76, 45), (77, 45), (78, 45), (68, 46), (73, 46), (74, 46), (75, 46), (69, 47), (70, 47), (71, 47), (72, 47)]
[(88, 41), (89, 41), (85, 42), (86, 42), (87, 42), (90, 42), (82, 43), (83, 43), (84, 43), (79, 44), (80, 44), (81, 44), (76, 45), (77, 45), (78, 45), (89, 45), (73, 46), (74, 46), (75, 46), (69, 47), (70, 47), (71, 47), (72, 47), (88, 48), (68, 50), (87, 51), (67, 53), (86, 54), (66, 56), (85, 57), (65, 59), (84, 60), (64, 62), (83, 62), (84, 62), (80, 63), (81, 63), (82, 63), (77, 64), (78, 64), (79, 64), (63, 65), (74, 65), (75, 65), (76, 65), (71, 66), (72, 66), (73, 66), (63, 67), (68, 67), (69, 67), (70, 67), (64, 68), (65, 68), (66, 68), (67, 68)]
[(109, 36), (110, 36), (106, 37), (107, 37), (108, 37), (111, 37), (103, 38), (104, 38), (105, 38), (100, 39), (101, 39), (102, 39), (97, 40), (98, 40), (99, 40), (110, 40), (94, 41), (95, 41), (96, 41), (90, 42), (91, 42), (92, 42), (93, 42), (109, 43), (89, 45), (108, 46), (88, 48), (107, 49), (87, 51), (106, 52), (86, 54), (105, 55), (85, 57), (104, 57), (105, 57), (101, 58), (102, 58), (103, 58), (98, 59), (99, 59), (100, 59), (84, 60), (95, 60), (96, 60), (97, 60), (92, 61), (93, 61), (94, 61), (84, 62), (89, 62), (90, 62), (91, 62), (85, 63), (86, 63), (87, 63), (88, 63)]
[(104, 57), (105, 57), (101, 58), (102, 58), (103, 58), (106, 58), (98, 59), (99, 59), (100, 59), (95, 60), (96, 60), (97, 60), (92, 61), (93, 61), (94, 61), (105, 61), (89, 62), (90, 62), (91, 62), (85, 63), (86, 63), (87, 63), (88, 63), (104, 64), (84, 66), (103, 67), (83, 69), (102, 70), (82, 72), (101, 73), (81, 75), (100, 76), (80, 78), (99, 78), (100, 78), (96, 79), (97, 79), (98, 79), (93, 80), (94, 80), (95, 80), (79, 81), (90, 81), (91, 81), (92, 81), (87, 82), (88, 82), (89, 82), (79, 83), (84, 83), (85, 83), (86, 83), (80, 84), (81, 84), (82, 84), (83, 84)]
[(113, 56), (114, 56), (110, 57), (111, 57), (112, 57), (106, 58), (107, 58), (108, 58), (109, 58), (105, 61), (104, 64), (103, 67), (102, 70), (101, 73), (114, 75), (100, 76), (111, 76), (112, 76), (113, 76), (108, 77), (109, 77), (110, 77), (100, 78), (105, 78), (106, 78), (107, 78), (101, 79), (102, 79), (103, 79), (104, 79)]
[(114, 75), (111, 76), (112, 76), (113, 76), (108, 77), (109, 77), (110, 77), (105, 78), (106, 78), (107, 78), (101, 79), (102, 79), (103, 79), (104, 79), (100, 82), (99, 85), (98, 88), (97, 91), (96, 94), (112, 95), (113, 95), (114, 95), (109, 96), (110, 96), (111, 96), (95, 97), (106, 97), (107, 97), (108, 97), (103, 98), (104, 98), (105, 98), (95, 99), (100, 99), (101, 99), (102, 99), (96, 100), (97, 100), (98, 100), (99, 100)]
[(30, 35), (31, 35), (27, 36), (28, 36), (29, 36), (32, 36), (24, 37), (25, 37), (26, 37), (21, 38), (22, 38), (23, 38), (18, 39), (19, 39), (20, 39), (31, 39), (15, 40), (16, 40), (17, 40), (11, 41), (12, 41), (13, 41), (14, 41), (30, 42), (10, 44), (29, 45), (9, 47), (28, 48), (8, 50), (27, 51), (7, 53), (26, 54), (6, 56), (25, 56), (26, 56), (22, 57), (23, 57), (24, 57), (19, 58), (20, 58), (21, 58), (5, 59), (16, 59), (17, 59), (18, 59), (13, 60), (14, 60), (15, 60), (5, 61), (10, 61), (11, 61), (12, 61), (6, 62), (7, 62), (8, 62), (9, 62)]
[(51, 30), (52, 30), (48, 31), (49, 31), (50, 31), (53, 31), (45, 32), (46, 32), (47, 32), (42, 33), (43, 33), (44, 33), (39, 34), (40, 34), (41, 34), (52, 34), (36, 35), (37, 35), (38, 35), (32, 36), (33, 36), (34, 36), (35, 36), (51, 37), (31, 39), (50, 40), (30, 42), (49, 43), (29, 45), (48, 46), (28, 48), (47, 49), (27, 51), (46, 51), (47, 51), (43, 52), (44, 52), (45, 52), (40, 53), (41, 53), (42, 53), (26, 54), (37, 54), (38, 54), (39, 54), (34, 55), (35, 55), (36, 55), (26, 56), (31, 56), (32, 56), (33, 56), (27, 57), (28, 57), (29, 57), (30, 57)]
[(46, 51), (47, 51), (43, 52), (44, 52), (45, 52), (48, 52), (40, 53), (41, 53), (42, 53), (37, 54), (38, 54), (39, 54), (34, 55), (35, 55), (36, 55), (47, 55), (31, 56), (32, 56), (33, 56), (27, 57), (28, 57), (29, 57), (30, 57), (46, 58), (26, 60), (45, 61), (25, 63), (44, 64), (24, 66), (43, 67), (23, 69), (42, 70), (22, 72), (41, 72), (42, 72), (38, 73), (39, 73), (40, 73), (35, 74), (36, 74), (37, 74), (21, 75), (32, 75), (33, 75), (34, 75), (29, 76), (30, 76), (31, 76), (21, 77), (26, 77), (27, 77), (28, 77), (22, 78), (23, 78), (24, 78), (25, 78)]
[(67, 46), (68, 46), (64, 47), (65, 47), (66, 47), (69, 47), (61, 48), (62, 48), (63, 48), (58, 49), (59, 49), (60, 49), (55, 50), (56, 50), (57, 50), (68, 50), (52, 51), (53, 51), (54, 51), (48, 52), (49, 52), (50, 52), (51, 52), (67, 53), (47, 55), (66, 56), (46, 58), (65, 59), (45, 61), (64, 62), (44, 64), (63, 65), (43, 67), (62, 67), (63, 67), (59, 68), (60, 68), (61, 68), (56, 69), (57, 69), (58, 69), (42, 70), (53, 70), (54, 70), (55, 70), (50, 71), (51, 71), (52, 71), (42, 72), (47, 72), (48, 72), (49, 72), (43, 73), (44, 73), (45, 73), (46, 73)]
[(62, 67), (63, 67), (59, 68), (60, 68), (61, 68), (64, 68), (56, 69), (57, 69), (58, 69), (53, 70), (54, 70), (55, 70), (50, 71), (51, 71), (52, 71), (63, 71), (47, 72), (48, 72), (49, 72), (43, 73), (44, 73), (45, 73), (46, 73), (62, 74), (42, 76), (61, 77), (41, 79), (60, 80), (40, 82), (59, 83), (39, 85), (58, 86), (38, 88), (57, 88), (58, 88), (54, 89), (55, 89), (56, 89), (51, 90), (52, 90), (53, 90), (37, 91), (48, 91), (49, 91), (50, 91), (45, 92), (46, 92), (47, 92), (37, 93), (42, 93), (43, 93), (44, 93), (38, 94), (39, 94), (40, 94), (41, 94)]
[(83, 62), (84, 62), (80, 63), (81, 63), (82, 63), (85, 63), (77, 64), (78, 64), (79, 64), (74, 65), (75, 65), (76, 65), (71, 66), (72, 66), (73, 66), (84, 66), (68, 67), (69, 67), (70, 67), (64, 68), (65, 68), (66, 68), (67, 68), (83, 69), (63, 71), (82, 72), (62, 74), (81, 75), (61, 77), (80, 78), (60, 80), (79, 81), (59, 83), (78, 83), (79, 83), (75, 84), (76, 84), (77, 84), (72, 85), (73, 85), (74, 85), (58, 86), (69, 86), (70, 86), (71, 86), (66, 87), (67, 87), (68, 87), (58, 88), (63, 88), (64, 88), (65, 88), (59, 89), (60, 89), (61, 89), (62, 89)]
[(78, 83), (79, 83), (75, 84), (76, 84), (77, 84), (80, 84), (72, 85), (73, 85), (74, 85), (69, 86), (70, 86), (71, 86), (66, 87), (67, 87), (68, 87), (79, 87), (63, 88), (64, 88), (65, 88), (59, 89), (60, 89), (61, 89), (62, 89), (78, 90), (58, 92), (77, 93), (57, 95), (76, 96), (56, 98), (75, 99), (55, 101), (74, 102), (54, 104), (73, 104), (74, 104), (70, 105), (71, 105), (72, 105), (67, 106), (68, 106), (69, 106), (53, 107), (64, 107), (65, 107), (66, 107), (61, 108), (62, 108), (63, 108), (53, 109), (58, 109), (59, 109), (60, 109), (54, 110), (55, 110), (56, 110), (57, 110)]
[(99, 78), (100, 78), (96, 79), (97, 79), (98, 79), (101, 79), (93, 80), (94, 80), (95, 80), (90, 81), (91, 81), (92, 81), (87, 82), (88, 82), (89, 82), (100, 82), (84, 83), (85, 83), (86, 83), (80, 84), (81, 84), (82, 84), (83, 84), (99, 85), (79, 87), (98, 88), (78, 90), (97, 91), (77, 93), (96, 94), (76, 96), (95, 97), (75, 99), (94, 99), (95, 99), (91, 100), (92, 100), (93, 100), (88, 101), (89, 101), (90, 101), (74, 102), (85, 102), (86, 102), (87, 102), (82, 103), (83, 103), (84, 103), (74, 104), (79, 104), (80, 104), (81, 104), (75, 105), (76, 105), (77, 105), (78, 105)]
[(94, 99), (95, 99), (91, 100), (92, 100), (93, 100), (96, 100), (88, 101), (89, 101), (90, 101), (85, 102), (86, 102), (87, 102), (82, 103), (83, 103), (84, 103), (95, 103), (79, 104), (80, 104), (81, 104), (75, 105), (76, 105), (77, 105), (78, 105), (94, 106), (74, 108), (93, 109), (73, 111), (92, 112), (72, 114)]
[(112, 95), (113, 95), (114, 95), (109, 96), (110, 96), (111, 96), (106, 97), (107, 97), (108, 97), (103, 98), (104, 98), (105, 98), (100, 99), (101, 99), (102, 99), (96, 100), (97, 100), (98, 100), (99, 100), (95, 103), (114, 104), (94, 106), (113, 107), (93, 109), (112, 110), (92, 112), (111, 113)]
[(25, 56), (26, 56), (22, 57), (23, 57), (24, 57), (27, 57), (19, 58), (20, 58), (21, 58), (16, 59), (17, 59), (18, 59), (13, 60), (14, 60), (15, 60), (26, 60), (10, 61), (11, 61), (12, 61), (6, 62), (7, 62), (8, 62), (9, 62), (25, 63), (5, 65), (24, 66), (4, 68), (23, 69), (3, 71), (22, 72), (2, 74), (21, 75), (1, 77), (20, 77), (21, 77), (17, 78), (18, 78), (19, 78), (14, 79), (15, 79), (16, 79), (0, 80), (11, 80), (12, 80), (13, 80), (8, 81), (9, 81), (10, 81), (0, 82), (5, 82), (6, 82), (7, 82), (1, 83), (2, 83), (3, 83), (4, 83)]
[(20, 77), (21, 77), (17, 78), (18, 78), (19, 78), (22, 78), (14, 79), (15, 79), (16, 79), (11, 80), (12, 80), (13, 80), (8, 81), (9, 81), (10, 81), (21, 81), (5, 82), (6, 82), (7, 82), (1, 83), (2, 83), (3, 83), (4, 83), (20, 84), (0, 86), (19, 87), (18, 90), (17, 93), (16, 96), (15, 98), (16, 98), (12, 99), (13, 99), (14, 99), (9, 100), (10, 100), (11, 100), (6, 101), (7, 101), (8, 101), (3, 102), (4, 102), (5, 102), (0, 103), (1, 103), (2, 103)]
[(41, 72), (42, 72), (38, 73), (39, 73), (40, 73), (43, 73), (35, 74), (36, 74), (37, 74), (32, 75), (33, 75), (34, 75), (29, 76), (30, 76), (31, 76), (42, 76), (26, 77), (27, 77), (28, 77), (22, 78), (23, 78), (24, 78), (25, 78), (41, 79), (21, 81), (40, 82), (20, 84), (39, 85), (19, 87), (38, 88), (18, 90), (37, 91), (17, 93), (36, 93), (37, 93), (33, 94), (34, 94), (35, 94), (30, 95), (31, 95), (32, 95), (16, 96), (27, 96), (28, 96), (29, 96), (24, 97), (25, 97), (26, 97), (16, 98), (21, 98), (22, 98), (23, 98), (17, 99), (18, 99), (19, 99), (20, 99)]
[(36, 93), (37, 93), (33, 94), (34, 94), (35, 94), (38, 94), (30, 95), (31, 95), (32, 95), (27, 96), (28, 96), (29, 96), (24, 97), (25, 97), (26, 97), (37, 97), (21, 98), (22, 98), (23, 98), (17, 99), (18, 99), (19, 99), (20, 99), (36, 100), (16, 102), (35, 103), (15, 105), (34, 106), (14, 108), (33, 109), (13, 111), (32, 112), (12, 114), (31, 114), (32, 114)]
[(57, 88), (58, 88), (54, 89), (55, 89), (56, 89), (59, 89), (51, 90), (52, 90), (53, 90), (48, 91), (49, 91), (50, 91), (45, 92), (46, 92), (47, 92), (58, 92), (42, 93), (43, 93), (44, 93), (38, 94), (39, 94), (40, 94), (41, 94), (57, 95), (37, 97), (56, 98), (36, 100), (55, 101), (35, 103), (54, 104), (34, 106), (53, 107), (33, 109), (52, 109), (53, 109), (49, 110), (50, 110), (51, 110), (46, 111), (47, 111), (48, 111), (32, 112), (43, 112), (44, 112), (45, 112), (40, 113), (41, 113), (42, 113), (32, 114), (37, 114), (38, 114), (39, 114)]
[(52, 109), (53, 109), (49, 110), (50, 110), (51, 110), (54, 110), (46, 111), (47, 111), (48, 111), (43, 112), (44, 112), (45, 112), (40, 113), (41, 113), (42, 113), (53, 113), (37, 114), (38, 114), (39, 114)]
[(73, 104), (74, 104), (70, 105), (71, 105), (72, 105), (75, 105), (67, 106), (68, 106), (69, 106), (64, 107), (65, 107), (66, 107), (61, 108), (62, 108), (63, 108), (74, 108), (58, 109), (59, 109), (60, 109), (54, 110), (55, 110), (56, 110), (57, 110), (73, 111), (53, 113), (72, 114)]
[(15, 98), (16, 98), (12, 99), (13, 99), (14, 99), (17, 99), (9, 100), (10, 100), (11, 100), (6, 101), (7, 101), (8, 101), (3, 102), (4, 102), (5, 102), (16, 102), (0, 103), (1, 103), (2, 103), (15, 105), (14, 108), (13, 111), (12, 114)]
[(31, 114), (32, 114)]
