[(100, 12), (101, 12), (102, 12), (98, 13), (99, 13), (103, 13), (95, 14), (96, 14), (97, 14), (104, 14), (92, 15), (93, 15), (94, 15), (105, 15), (90, 16), (91, 16), (106, 16), (87, 17), (88, 17), (89, 17), (84, 18), (85, 18), (86, 18), (105, 18), (81, 19), (82, 19), (83, 19), (80, 21), (104, 21), (79, 24), (103, 24), (102, 26), (78, 27), (77, 29), (101, 29), (76, 32), (100, 32), (75, 35), (99, 35), (97, 37), (98, 37), (99, 37), (74, 38), (95, 38), (96, 38), (92, 39), (93, 39), (94, 39), (73, 40), (74, 40), (89, 40), (90, 40), (91, 40), (75, 41), (87, 41), (88, 41), (76, 42), (84, 42), (85, 42), (86, 42), (77, 43), (81, 43), (82, 43), (83, 43), (78, 44), (79, 44), (80, 44)]
[(112, 14), (113, 14), (114, 14), (109, 15), (110, 15), (111, 15), (106, 16), (107, 16), (108, 16), (105, 18), (104, 21), (103, 24), (102, 26), (101, 29), (100, 32), (99, 35), (98, 37), (99, 37), (114, 37), (100, 38), (112, 38), (113, 38), (101, 39), (109, 39), (110, 39), (111, 39), (102, 40), (106, 40), (107, 40), (108, 40), (103, 41), (104, 41), (105, 41)]
[(114, 37), (112, 38), (113, 38), (109, 39), (110, 39), (111, 39), (106, 40), (107, 40), (108, 40), (103, 41), (104, 41), (105, 41), (102, 43), (101, 46), (100, 49), (99, 51), (98, 54), (97, 57), (96, 60), (114, 61), (95, 62), (96, 62), (111, 62), (112, 62), (113, 62), (97, 63), (109, 63), (110, 63), (98, 64), (106, 64), (107, 64), (108, 64), (99, 65), (103, 65), (104, 65), (105, 65), (100, 66), (101, 66), (102, 66)]
[(50, 18), (51, 18), (52, 18), (48, 19), (49, 19), (53, 19), (45, 20), (46, 20), (47, 20), (54, 20), (42, 21), (43, 21), (44, 21), (55, 21), (40, 22), (41, 22), (56, 22), (37, 23), (38, 23), (39, 23), (34, 24), (35, 24), (36, 24), (55, 24), (31, 25), (32, 25), (33, 25), (30, 27), (54, 27), (29, 30), (53, 30), (52, 32), (28, 33), (27, 35), (51, 35), (26, 38), (50, 38), (25, 41), (49, 41), (47, 43), (48, 43), (49, 43), (24, 44), (45, 44), (46, 44), (42, 45), (43, 45), (44, 45), (23, 46), (24, 46), (39, 46), (40, 46), (41, 46), (25, 47), (37, 47), (38, 47), (26, 48), (34, 48), (35, 48), (36, 48), (27, 49), (31, 49), (32, 49), (33, 49), (28, 50), (29, 50), (30, 50)]
[(75, 15), (76, 15), (77, 15), (73, 16), (74, 16), (78, 16), (70, 17), (71, 17), (72, 17), (79, 17), (67, 18), (68, 18), (69, 18), (80, 18), (65, 19), (66, 19), (81, 19), (62, 20), (63, 20), (64, 20), (59, 21), (60, 21), (61, 21), (80, 21), (56, 22), (57, 22), (58, 22), (55, 24), (79, 24), (54, 27), (78, 27), (77, 29), (53, 30), (52, 32), (76, 32), (51, 35), (75, 35), (50, 38), (74, 38), (72, 40), (73, 40), (74, 40), (49, 41), (70, 41), (71, 41), (67, 42), (68, 42), (69, 42), (48, 43), (49, 43), (64, 43), (65, 43), (66, 43), (50, 44), (62, 44), (63, 44), (51, 45), (59, 45), (60, 45), (61, 45), (52, 46), (56, 46), (57, 46), (58, 46), (53, 47), (54, 47), (55, 47)]
[(72, 40), (73, 40), (74, 40), (70, 41), (71, 41), (75, 41), (67, 42), (68, 42), (69, 42), (76, 42), (64, 43), (65, 43), (66, 43), (77, 43), (62, 44), (63, 44), (78, 44), (59, 45), (60, 45), (61, 45), (56, 46), (57, 46), (58, 46), (77, 46), (53, 47), (54, 47), (55, 47), (52, 49), (76, 49), (51, 52), (75, 52), (74, 54), (50, 55), (49, 57), (73, 57), (48, 60), (72, 60), (47, 63), (71, 63), (69, 65), (70, 65), (71, 65), (46, 66), (67, 66), (68, 66), (64, 67), (65, 67), (66, 67), (45, 68), (46, 68), (61, 68), (62, 68), (63, 68), (47, 69), (59, 69), (60, 69), (48, 70), (56, 70), (57, 70), (58, 70), (49, 71), (53, 71), (54, 71), (55, 71), (50, 72), (51, 72), (52, 72)]
[(97, 37), (98, 37), (99, 37), (95, 38), (96, 38), (100, 38), (92, 39), (93, 39), (94, 39), (101, 39), (89, 40), (90, 40), (91, 40), (102, 40), (87, 41), (88, 41), (103, 41), (84, 42), (85, 42), (86, 42), (81, 43), (82, 43), (83, 43), (102, 43), (78, 44), (79, 44), (80, 44), (77, 46), (101, 46), (76, 49), (100, 49), (99, 51), (75, 52), (74, 54), (98, 54), (73, 57), (97, 57), (72, 60), (96, 60), (94, 62), (95, 62), (96, 62), (71, 63), (92, 63), (93, 63), (89, 64), (90, 64), (91, 64), (70, 65), (71, 65), (86, 65), (87, 65), (88, 65), (72, 66), (84, 66), (85, 66), (73, 67), (81, 67), (82, 67), (83, 67), (74, 68), (78, 68), (79, 68), (80, 68), (75, 69), (76, 69), (77, 69)]
[(94, 62), (95, 62), (96, 62), (92, 63), (93, 63), (97, 63), (89, 64), (90, 64), (91, 64), (98, 64), (86, 65), (87, 65), (88, 65), (99, 65), (84, 66), (85, 66), (100, 66), (81, 67), (82, 67), (83, 67), (78, 68), (79, 68), (80, 68), (99, 68), (75, 69), (76, 69), (77, 69), (74, 71), (98, 71), (73, 74), (97, 74), (96, 76), (72, 77), (71, 79), (95, 79), (70, 82), (94, 82), (69, 85), (93, 85), (91, 87), (92, 87), (93, 87), (68, 88), (89, 88), (90, 88), (86, 89), (87, 89), (88, 89), (67, 90), (68, 90), (83, 90), (84, 90), (85, 90), (69, 91), (81, 91), (82, 91), (70, 92), (78, 92), (79, 92), (80, 92), (71, 93), (75, 93), (76, 93), (77, 93), (72, 94), (73, 94), (74, 94)]
[(114, 61), (111, 62), (112, 62), (113, 62), (109, 63), (110, 63), (106, 64), (107, 64), (108, 64), (103, 65), (104, 65), (105, 65), (100, 66), (101, 66), (102, 66), (99, 68), (98, 71), (97, 74), (96, 76), (95, 79), (94, 82), (93, 85), (114, 85), (111, 86), (112, 86), (113, 86), (92, 87), (93, 87), (108, 87), (109, 87), (110, 87), (94, 88), (106, 88), (107, 88), (95, 89), (103, 89), (104, 89), (105, 89), (96, 90), (100, 90), (101, 90), (102, 90), (97, 91), (98, 91), (99, 91)]
[(114, 85), (111, 86), (112, 86), (113, 86), (108, 87), (109, 87), (110, 87), (106, 88), (107, 88), (103, 89), (104, 89), (105, 89), (100, 90), (101, 90), (102, 90), (97, 91), (98, 91), (99, 91), (96, 93), (95, 96), (94, 99), (93, 101), (92, 104), (91, 107), (113, 109), (114, 109), (90, 110), (111, 110), (112, 110), (108, 111), (109, 111), (110, 111), (89, 112), (90, 112), (105, 112), (106, 112), (107, 112), (91, 113), (103, 113), (104, 113), (92, 114), (100, 114), (101, 114), (102, 114)]
[(114, 109)]
[(22, 46), (23, 46), (24, 46), (20, 47), (21, 47), (25, 47), (17, 48), (18, 48), (19, 48), (26, 48), (14, 49), (15, 49), (16, 49), (27, 49), (12, 50), (13, 50), (28, 50), (9, 51), (10, 51), (11, 51), (6, 52), (7, 52), (8, 52), (27, 52), (3, 53), (4, 53), (5, 53), (2, 55), (26, 55), (1, 58), (25, 58), (24, 60), (0, 61), (23, 63), (22, 66), (21, 69), (19, 71), (20, 71), (21, 71), (17, 72), (18, 72), (14, 73), (15, 73), (16, 73), (11, 74), (12, 74), (13, 74), (9, 75), (10, 75), (6, 76), (7, 76), (8, 76), (3, 77), (4, 77), (5, 77), (0, 78), (1, 78), (2, 78)]
[(47, 43), (48, 43), (49, 43), (45, 44), (46, 44), (50, 44), (42, 45), (43, 45), (44, 45), (51, 45), (39, 46), (40, 46), (41, 46), (52, 46), (37, 47), (38, 47), (53, 47), (34, 48), (35, 48), (36, 48), (31, 49), (32, 49), (33, 49), (52, 49), (28, 50), (29, 50), (30, 50), (27, 52), (51, 52), (26, 55), (50, 55), (49, 57), (25, 58), (24, 60), (48, 60), (23, 63), (47, 63), (22, 66), (46, 66), (44, 68), (45, 68), (46, 68), (21, 69), (42, 69), (43, 69), (39, 70), (40, 70), (41, 70), (20, 71), (21, 71), (36, 71), (37, 71), (38, 71), (22, 72), (34, 72), (35, 72), (23, 73), (31, 73), (32, 73), (33, 73), (24, 74), (28, 74), (29, 74), (30, 74), (25, 75), (26, 75), (27, 75)]
[(44, 68), (45, 68), (46, 68), (42, 69), (43, 69), (47, 69), (39, 70), (40, 70), (41, 70), (48, 70), (36, 71), (37, 71), (38, 71), (49, 71), (34, 72), (35, 72), (50, 72), (31, 73), (32, 73), (33, 73), (28, 74), (29, 74), (30, 74), (49, 74), (25, 75), (26, 75), (27, 75), (24, 77), (48, 77), (23, 80), (47, 80), (46, 82), (22, 83), (21, 85), (45, 85), (20, 88), (44, 88), (19, 91), (43, 91), (41, 93), (42, 93), (43, 93), (18, 94), (39, 94), (40, 94), (36, 95), (37, 95), (38, 95), (17, 96), (18, 96), (33, 96), (34, 96), (35, 96), (19, 97), (31, 97), (32, 97), (20, 98), (28, 98), (29, 98), (30, 98), (21, 99), (25, 99), (26, 99), (27, 99), (22, 100), (23, 100), (24, 100)]
[(69, 65), (70, 65), (71, 65), (67, 66), (68, 66), (72, 66), (64, 67), (65, 67), (66, 67), (73, 67), (61, 68), (62, 68), (63, 68), (74, 68), (59, 69), (60, 69), (75, 69), (56, 70), (57, 70), (58, 70), (53, 71), (54, 71), (55, 71), (74, 71), (50, 72), (51, 72), (52, 72), (49, 74), (73, 74), (48, 77), (72, 77), (71, 79), (47, 80), (46, 82), (70, 82), (45, 85), (69, 85), (44, 88), (68, 88), (66, 90), (67, 90), (68, 90), (43, 91), (64, 91), (65, 91), (61, 92), (62, 92), (63, 92), (42, 93), (43, 93), (58, 93), (59, 93), (60, 93), (44, 94), (56, 94), (57, 94), (45, 95), (53, 95), (54, 95), (55, 95), (46, 96), (50, 96), (51, 96), (52, 96), (47, 97), (48, 97), (49, 97)]
[(66, 90), (67, 90), (68, 90), (64, 91), (65, 91), (69, 91), (61, 92), (62, 92), (63, 92), (70, 92), (58, 93), (59, 93), (60, 93), (71, 93), (56, 94), (57, 94), (72, 94), (53, 95), (54, 95), (55, 95), (50, 96), (51, 96), (52, 96), (71, 96), (47, 97), (48, 97), (49, 97), (46, 99), (70, 99), (45, 102), (69, 102), (68, 104), (44, 105), (43, 107), (67, 107), (42, 110), (66, 110), (41, 113), (65, 113)]
[(91, 87), (92, 87), (93, 87), (89, 88), (90, 88), (94, 88), (86, 89), (87, 89), (88, 89), (95, 89), (83, 90), (84, 90), (85, 90), (96, 90), (81, 91), (82, 91), (97, 91), (78, 92), (79, 92), (80, 92), (75, 93), (76, 93), (77, 93), (96, 93), (72, 94), (73, 94), (74, 94), (71, 96), (95, 96), (70, 99), (94, 99), (93, 101), (69, 102), (68, 104), (92, 104), (67, 107), (91, 107), (66, 110), (90, 110), (88, 112), (89, 112), (90, 112), (65, 113), (86, 113), (87, 113), (83, 114), (84, 114), (85, 114)]
[(88, 112), (89, 112), (90, 112), (86, 113), (87, 113), (91, 113), (83, 114), (84, 114), (85, 114), (92, 114)]
[(113, 109), (114, 109), (111, 110), (112, 110), (108, 111), (109, 111), (110, 111), (105, 112), (106, 112), (107, 112), (103, 113), (104, 113), (100, 114), (101, 114), (102, 114)]
[(19, 71), (20, 71), (21, 71), (17, 72), (18, 72), (22, 72), (14, 73), (15, 73), (16, 73), (23, 73), (11, 74), (12, 74), (13, 74), (24, 74), (9, 75), (10, 75), (25, 75), (6, 76), (7, 76), (8, 76), (3, 77), (4, 77), (5, 77), (24, 77), (0, 78), (1, 78), (2, 78), (23, 80), (22, 83), (21, 85), (20, 88), (19, 91), (18, 94), (16, 96), (17, 96), (18, 96), (14, 97), (15, 97), (11, 98), (12, 98), (13, 98), (8, 99), (9, 99), (10, 99), (6, 100), (7, 100), (3, 101), (4, 101), (5, 101), (0, 102), (1, 102), (2, 102)]
[(16, 96), (17, 96), (18, 96), (14, 97), (15, 97), (19, 97), (11, 98), (12, 98), (13, 98), (20, 98), (8, 99), (9, 99), (10, 99), (21, 99), (6, 100), (7, 100), (22, 100), (3, 101), (4, 101), (5, 101), (0, 102), (1, 102), (2, 102), (21, 102), (20, 105), (19, 108), (18, 110), (17, 113)]
[(41, 93), (42, 93), (43, 93), (39, 94), (40, 94), (44, 94), (36, 95), (37, 95), (38, 95), (45, 95), (33, 96), (34, 96), (35, 96), (46, 96), (31, 97), (32, 97), (47, 97), (28, 98), (29, 98), (30, 98), (25, 99), (26, 99), (27, 99), (46, 99), (22, 100), (23, 100), (24, 100), (21, 102), (45, 102), (20, 105), (44, 105), (43, 107), (19, 108), (18, 110), (42, 110), (17, 113), (41, 113)]
