[(92, 10), (90, 11), (91, 11), (93, 11), (87, 12), (88, 12), (89, 12), (85, 13), (86, 13), (92, 13), (82, 14), (83, 14), (84, 14), (80, 15), (81, 15), (77, 16), (78, 16), (79, 16), (91, 16), (74, 17), (75, 17), (76, 17), (90, 18), (73, 19), (89, 21), (72, 22), (88, 23), (71, 24), (87, 26), (70, 27), (86, 28), (69, 29), (86, 29), (84, 30), (85, 30), (81, 31), (82, 31), (83, 31), (68, 32), (79, 32), (80, 32), (76, 33), (77, 33), (78, 33), (67, 34), (74, 34), (75, 34), (67, 35), (71, 35), (72, 35), (73, 35), (68, 36), (69, 36), (70, 36)]
[(111, 4), (109, 5), (110, 5), (112, 5), (106, 6), (107, 6), (108, 6), (104, 7), (105, 7), (111, 7), (101, 8), (102, 8), (103, 8), (99, 9), (100, 9), (96, 10), (97, 10), (98, 10), (110, 10), (93, 11), (94, 11), (95, 11), (109, 12), (92, 13), (108, 15), (91, 16), (107, 17), (90, 18), (106, 20), (89, 21), (105, 22), (88, 23), (105, 23), (103, 24), (104, 24), (100, 25), (101, 25), (102, 25), (87, 26), (98, 26), (99, 26), (95, 27), (96, 27), (97, 27), (86, 28), (93, 28), (94, 28), (86, 29), (90, 29), (91, 29), (92, 29), (87, 30), (88, 30), (89, 30)]
[(105, 23), (103, 24), (104, 24), (106, 24), (100, 25), (101, 25), (102, 25), (98, 26), (99, 26), (105, 26), (95, 27), (96, 27), (97, 27), (93, 28), (94, 28), (90, 29), (91, 29), (92, 29), (104, 29), (87, 30), (88, 30), (89, 30), (103, 31), (86, 32), (102, 34), (85, 35), (101, 36), (84, 37), (100, 39), (83, 40), (99, 41), (82, 42), (99, 42), (97, 43), (98, 43), (94, 44), (95, 44), (96, 44), (81, 45), (92, 45), (93, 45), (89, 46), (90, 46), (91, 46), (80, 47), (87, 47), (88, 47), (80, 48), (84, 48), (85, 48), (86, 48), (81, 49), (82, 49), (83, 49)]
[(114, 21), (112, 22), (113, 22), (109, 23), (110, 23), (111, 23), (106, 24), (107, 24), (108, 24), (105, 26), (104, 29), (103, 31), (102, 34), (101, 36), (113, 38), (114, 38), (100, 39), (111, 39), (112, 39), (108, 40), (109, 40), (110, 40), (99, 41), (106, 41), (107, 41), (99, 42), (103, 42), (104, 42), (105, 42), (100, 43), (101, 43), (102, 43)]
[(113, 38), (114, 38), (111, 39), (112, 39), (108, 40), (109, 40), (110, 40), (106, 41), (107, 41), (103, 42), (104, 42), (105, 42), (100, 43), (101, 43), (102, 43), (99, 45), (98, 48), (114, 49), (97, 50), (113, 52), (96, 53), (112, 54), (95, 55), (112, 55), (110, 56), (111, 56), (107, 57), (108, 57), (109, 57), (94, 58), (105, 58), (106, 58), (102, 59), (103, 59), (104, 59), (93, 60), (100, 60), (101, 60), (93, 61), (97, 61), (98, 61), (99, 61), (94, 62), (95, 62), (96, 62)]
[(114, 49), (113, 52), (112, 54), (112, 55), (113, 56), (114, 56)]
[(113, 56), (114, 56), (112, 58), (111, 61), (110, 63), (109, 66), (108, 68), (107, 71), (106, 73), (113, 73), (114, 73), (106, 74), (110, 74), (111, 74), (112, 74), (107, 75), (108, 75), (109, 75)]
[(54, 22), (52, 23), (53, 23), (55, 23), (49, 24), (50, 24), (51, 24), (47, 25), (48, 25), (54, 25), (44, 26), (45, 26), (46, 26), (42, 27), (43, 27), (39, 28), (40, 28), (41, 28), (53, 28), (36, 29), (37, 29), (38, 29), (52, 30), (35, 31), (51, 33), (34, 34), (50, 35), (33, 36), (49, 38), (32, 39), (48, 40), (31, 41), (48, 41), (46, 42), (47, 42), (43, 43), (44, 43), (45, 43), (30, 44), (41, 44), (42, 44), (38, 45), (39, 45), (40, 45), (29, 46), (36, 46), (37, 46), (29, 47), (33, 47), (34, 47), (35, 47), (30, 48), (31, 48), (32, 48)]
[(73, 16), (71, 17), (72, 17), (74, 17), (68, 18), (69, 18), (70, 18), (66, 19), (67, 19), (73, 19), (63, 20), (64, 20), (65, 20), (61, 21), (62, 21), (58, 22), (59, 22), (60, 22), (72, 22), (55, 23), (56, 23), (57, 23), (71, 24), (54, 25), (70, 27), (53, 28), (69, 29), (52, 30), (68, 32), (51, 33), (67, 34), (50, 35), (67, 35), (65, 36), (66, 36), (62, 37), (63, 37), (64, 37), (49, 38), (60, 38), (61, 38), (57, 39), (58, 39), (59, 39), (48, 40), (55, 40), (56, 40), (48, 41), (52, 41), (53, 41), (54, 41), (49, 42), (50, 42), (51, 42)]
[(67, 35), (65, 36), (66, 36), (68, 36), (62, 37), (63, 37), (64, 37), (60, 38), (61, 38), (67, 38), (57, 39), (58, 39), (59, 39), (55, 40), (56, 40), (52, 41), (53, 41), (54, 41), (66, 41), (49, 42), (50, 42), (51, 42), (65, 43), (48, 44), (64, 46), (47, 47), (63, 48), (46, 49), (62, 51), (45, 52), (61, 53), (44, 54), (61, 54), (59, 55), (60, 55), (56, 56), (57, 56), (58, 56), (43, 57), (54, 57), (55, 57), (51, 58), (52, 58), (53, 58), (42, 59), (49, 59), (50, 59), (42, 60), (46, 60), (47, 60), (48, 60), (43, 61), (44, 61), (45, 61)]
[(86, 29), (84, 30), (85, 30), (87, 30), (81, 31), (82, 31), (83, 31), (79, 32), (80, 32), (86, 32), (76, 33), (77, 33), (78, 33), (74, 34), (75, 34), (71, 35), (72, 35), (73, 35), (85, 35), (68, 36), (69, 36), (70, 36), (84, 37), (67, 38), (83, 40), (66, 41), (82, 42), (65, 43), (81, 45), (64, 46), (80, 47), (63, 48), (80, 48), (78, 49), (79, 49), (75, 50), (76, 50), (77, 50), (62, 51), (73, 51), (74, 51), (70, 52), (71, 52), (72, 52), (61, 53), (68, 53), (69, 53), (61, 54), (65, 54), (66, 54), (67, 54), (62, 55), (63, 55), (64, 55)]
[(80, 48), (78, 49), (79, 49), (81, 49), (75, 50), (76, 50), (77, 50), (73, 51), (74, 51), (80, 51), (70, 52), (71, 52), (72, 52), (68, 53), (69, 53), (65, 54), (66, 54), (67, 54), (79, 54), (62, 55), (63, 55), (64, 55), (78, 56), (61, 57), (77, 59), (60, 60), (76, 61), (59, 62), (75, 64), (58, 65), (74, 66), (57, 67), (74, 67), (72, 68), (73, 68), (69, 69), (70, 69), (71, 69), (56, 70), (67, 70), (68, 70), (64, 71), (65, 71), (66, 71), (55, 72), (62, 72), (63, 72), (55, 73), (59, 73), (60, 73), (61, 73), (56, 74), (57, 74), (58, 74)]
[(99, 42), (97, 43), (98, 43), (100, 43), (94, 44), (95, 44), (96, 44), (92, 45), (93, 45), (99, 45), (89, 46), (90, 46), (91, 46), (87, 47), (88, 47), (84, 48), (85, 48), (86, 48), (98, 48), (81, 49), (82, 49), (83, 49), (97, 50), (80, 51), (96, 53), (79, 54), (95, 55), (78, 56), (94, 58), (77, 59), (93, 60), (76, 61), (93, 61), (91, 62), (92, 62), (88, 63), (89, 63), (90, 63), (75, 64), (86, 64), (87, 64), (83, 65), (84, 65), (85, 65), (74, 66), (81, 66), (82, 66), (74, 67), (78, 67), (79, 67), (80, 67), (75, 68), (76, 68), (77, 68)]
[(93, 61), (91, 62), (92, 62), (94, 62), (88, 63), (89, 63), (90, 63), (86, 64), (87, 64), (93, 64), (83, 65), (84, 65), (85, 65), (81, 66), (82, 66), (78, 67), (79, 67), (80, 67), (92, 67), (75, 68), (76, 68), (77, 68), (91, 69), (74, 70), (90, 72), (73, 73), (89, 74), (72, 75), (88, 77), (71, 78), (87, 79), (70, 80), (87, 80), (85, 81), (86, 81), (82, 82), (83, 82), (84, 82), (69, 83), (80, 83), (81, 83), (77, 84), (78, 84), (79, 84), (68, 85), (75, 85), (76, 85), (68, 86), (72, 86), (73, 86), (74, 86), (69, 87), (70, 87), (71, 87)]
[(112, 55), (110, 56), (111, 56), (113, 56), (107, 57), (108, 57), (109, 57), (105, 58), (106, 58), (112, 58), (102, 59), (103, 59), (104, 59), (100, 60), (101, 60), (97, 61), (98, 61), (99, 61), (111, 61), (94, 62), (95, 62), (96, 62), (110, 63), (93, 64), (109, 66), (92, 67), (108, 68), (91, 69), (107, 71), (90, 72), (106, 73), (89, 74), (106, 74), (104, 75), (105, 75), (101, 76), (102, 76), (103, 76), (88, 77), (99, 77), (100, 77), (96, 78), (97, 78), (98, 78), (87, 79), (94, 79), (95, 79), (87, 80), (91, 80), (92, 80), (93, 80), (88, 81), (89, 81), (90, 81)]
[(106, 74), (104, 75), (105, 75), (107, 75), (101, 76), (102, 76), (103, 76), (99, 77), (100, 77), (106, 77), (96, 78), (97, 78), (98, 78), (94, 79), (95, 79), (91, 80), (92, 80), (93, 80), (105, 80), (88, 81), (89, 81), (90, 81), (104, 82), (87, 83), (103, 85), (86, 86), (102, 87), (85, 88), (101, 90), (84, 91), (100, 92), (83, 93), (100, 93), (98, 94), (99, 94), (95, 95), (96, 95), (97, 95), (82, 96), (93, 96), (94, 96), (90, 97), (91, 97), (92, 97), (81, 98), (88, 98), (89, 98), (81, 99), (85, 99), (86, 99), (87, 99), (82, 100), (83, 100), (84, 100)]
[(113, 73), (114, 73), (110, 74), (111, 74), (112, 74), (107, 75), (108, 75), (109, 75), (106, 77), (105, 80), (104, 82), (103, 85), (102, 87), (114, 89), (101, 90), (112, 90), (113, 90), (109, 91), (110, 91), (111, 91), (100, 92), (107, 92), (108, 92), (100, 93), (104, 93), (105, 93), (106, 93), (101, 94), (102, 94), (103, 94)]
[(114, 89), (112, 90), (113, 90), (109, 91), (110, 91), (111, 91), (107, 92), (108, 92), (104, 93), (105, 93), (106, 93), (101, 94), (102, 94), (103, 94), (100, 96), (99, 99), (98, 101), (114, 103), (97, 104), (113, 105), (96, 106), (113, 106), (111, 107), (112, 107), (108, 108), (109, 108), (110, 108), (95, 109), (106, 109), (107, 109), (103, 110), (104, 110), (105, 110), (94, 111), (101, 111), (102, 111), (94, 112), (98, 112), (99, 112), (100, 112), (95, 113), (96, 113), (97, 113)]
[(114, 103), (113, 105), (113, 106), (114, 107)]
[(29, 47), (27, 48), (28, 48), (30, 48), (24, 49), (25, 49), (26, 49), (22, 50), (23, 50), (29, 50), (19, 51), (20, 51), (21, 51), (17, 52), (18, 52), (14, 53), (15, 53), (16, 53), (28, 53), (11, 54), (12, 54), (13, 54), (27, 55), (10, 56), (26, 58), (9, 59), (25, 60), (8, 61), (24, 63), (7, 64), (23, 65), (6, 66), (23, 66), (21, 67), (22, 67), (18, 68), (19, 68), (20, 68), (5, 69), (16, 69), (17, 69), (13, 70), (14, 70), (15, 70), (4, 71), (11, 71), (12, 71), (4, 72), (8, 72), (9, 72), (10, 72), (5, 73), (6, 73), (7, 73)]
[(48, 41), (46, 42), (47, 42), (49, 42), (43, 43), (44, 43), (45, 43), (41, 44), (42, 44), (48, 44), (38, 45), (39, 45), (40, 45), (36, 46), (37, 46), (33, 47), (34, 47), (35, 47), (47, 47), (30, 48), (31, 48), (32, 48), (46, 49), (29, 50), (45, 52), (28, 53), (44, 54), (27, 55), (43, 57), (26, 58), (42, 59), (25, 60), (42, 60), (40, 61), (41, 61), (37, 62), (38, 62), (39, 62), (24, 63), (35, 63), (36, 63), (32, 64), (33, 64), (34, 64), (23, 65), (30, 65), (31, 65), (23, 66), (27, 66), (28, 66), (29, 66), (24, 67), (25, 67), (26, 67)]
[(42, 60), (40, 61), (41, 61), (43, 61), (37, 62), (38, 62), (39, 62), (35, 63), (36, 63), (42, 63), (32, 64), (33, 64), (34, 64), (30, 65), (31, 65), (27, 66), (28, 66), (29, 66), (41, 66), (24, 67), (25, 67), (26, 67), (40, 68), (23, 69), (39, 71), (22, 72), (38, 73), (21, 74), (37, 76), (20, 77), (36, 78), (19, 79), (36, 79), (34, 80), (35, 80), (31, 81), (32, 81), (33, 81), (18, 82), (29, 82), (30, 82), (26, 83), (27, 83), (28, 83), (17, 84), (24, 84), (25, 84), (17, 85), (21, 85), (22, 85), (23, 85), (18, 86), (19, 86), (20, 86)]
[(61, 54), (59, 55), (60, 55), (62, 55), (56, 56), (57, 56), (58, 56), (54, 57), (55, 57), (61, 57), (51, 58), (52, 58), (53, 58), (49, 59), (50, 59), (46, 60), (47, 60), (48, 60), (60, 60), (43, 61), (44, 61), (45, 61), (59, 62), (42, 63), (58, 65), (41, 66), (57, 67), (40, 68), (56, 70), (39, 71), (55, 72), (38, 73), (55, 73), (53, 74), (54, 74), (50, 75), (51, 75), (52, 75), (37, 76), (48, 76), (49, 76), (45, 77), (46, 77), (47, 77), (36, 78), (43, 78), (44, 78), (36, 79), (40, 79), (41, 79), (42, 79), (37, 80), (38, 80), (39, 80)]
[(55, 73), (53, 74), (54, 74), (56, 74), (50, 75), (51, 75), (52, 75), (48, 76), (49, 76), (55, 76), (45, 77), (46, 77), (47, 77), (43, 78), (44, 78), (40, 79), (41, 79), (42, 79), (54, 79), (37, 80), (38, 80), (39, 80), (53, 81), (36, 82), (52, 84), (35, 85), (51, 86), (34, 87), (50, 89), (33, 90), (49, 91), (32, 92), (49, 92), (47, 93), (48, 93), (44, 94), (45, 94), (46, 94), (31, 95), (42, 95), (43, 95), (39, 96), (40, 96), (41, 96), (30, 97), (37, 97), (38, 97), (30, 98), (34, 98), (35, 98), (36, 98), (31, 99), (32, 99), (33, 99)]
[(74, 67), (72, 68), (73, 68), (75, 68), (69, 69), (70, 69), (71, 69), (67, 70), (68, 70), (74, 70), (64, 71), (65, 71), (66, 71), (62, 72), (63, 72), (59, 73), (60, 73), (61, 73), (73, 73), (56, 74), (57, 74), (58, 74), (72, 75), (55, 76), (71, 78), (54, 79), (70, 80), (53, 81), (69, 83), (52, 84), (68, 85), (51, 86), (68, 86), (66, 87), (67, 87), (63, 88), (64, 88), (65, 88), (50, 89), (61, 89), (62, 89), (58, 90), (59, 90), (60, 90), (49, 91), (56, 91), (57, 91), (49, 92), (53, 92), (54, 92), (55, 92), (50, 93), (51, 93), (52, 93)]
[(68, 86), (66, 87), (67, 87), (69, 87), (63, 88), (64, 88), (65, 88), (61, 89), (62, 89), (68, 89), (58, 90), (59, 90), (60, 90), (56, 91), (57, 91), (53, 92), (54, 92), (55, 92), (67, 92), (50, 93), (51, 93), (52, 93), (66, 94), (49, 95), (65, 97), (48, 98), (64, 99), (47, 100), (63, 102), (46, 103), (62, 104), (45, 105), (62, 105), (60, 106), (61, 106), (57, 107), (58, 107), (59, 107), (44, 108), (55, 108), (56, 108), (52, 109), (53, 109), (54, 109), (43, 110), (50, 110), (51, 110), (43, 111), (47, 111), (48, 111), (49, 111), (44, 112), (45, 112), (46, 112)]
[(87, 80), (85, 81), (86, 81), (88, 81), (82, 82), (83, 82), (84, 82), (80, 83), (81, 83), (87, 83), (77, 84), (78, 84), (79, 84), (75, 85), (76, 85), (72, 86), (73, 86), (74, 86), (86, 86), (69, 87), (70, 87), (71, 87), (85, 88), (68, 89), (84, 91), (67, 92), (83, 93), (66, 94), (82, 96), (65, 97), (81, 98), (64, 99), (81, 99), (79, 100), (80, 100), (76, 101), (77, 101), (78, 101), (63, 102), (74, 102), (75, 102), (71, 103), (72, 103), (73, 103), (62, 104), (69, 104), (70, 104), (62, 105), (66, 105), (67, 105), (68, 105), (63, 106), (64, 106), (65, 106)]
[(81, 99), (79, 100), (80, 100), (82, 100), (76, 101), (77, 101), (78, 101), (74, 102), (75, 102), (81, 102), (71, 103), (72, 103), (73, 103), (69, 104), (70, 104), (66, 105), (67, 105), (68, 105), (80, 105), (63, 106), (64, 106), (65, 106), (79, 107), (62, 108), (78, 110), (61, 111), (77, 112), (60, 113)]
[(100, 93), (98, 94), (99, 94), (101, 94), (95, 95), (96, 95), (97, 95), (93, 96), (94, 96), (100, 96), (90, 97), (91, 97), (92, 97), (88, 98), (89, 98), (85, 99), (86, 99), (87, 99), (99, 99), (82, 100), (83, 100), (84, 100), (98, 101), (81, 102), (97, 104), (80, 105), (96, 106), (79, 107), (95, 109), (78, 110), (94, 111), (77, 112), (94, 112), (92, 113), (93, 113), (89, 114), (90, 114), (91, 114)]
[(94, 112), (92, 113), (93, 113), (95, 113), (89, 114), (90, 114), (91, 114)]
[(113, 106), (111, 107), (112, 107), (114, 107), (108, 108), (109, 108), (110, 108), (106, 109), (107, 109), (113, 109), (103, 110), (104, 110), (105, 110), (101, 111), (102, 111), (98, 112), (99, 112), (100, 112), (112, 112), (95, 113), (96, 113), (97, 113), (111, 114)]
[(23, 66), (21, 67), (22, 67), (24, 67), (18, 68), (19, 68), (20, 68), (16, 69), (17, 69), (23, 69), (13, 70), (14, 70), (15, 70), (11, 71), (12, 71), (8, 72), (9, 72), (10, 72), (22, 72), (5, 73), (6, 73), (7, 73), (21, 74), (4, 75), (20, 77), (3, 78), (19, 79), (2, 80), (18, 82), (1, 83), (17, 84), (0, 85), (17, 85), (15, 86), (16, 86), (12, 87), (13, 87), (14, 87), (10, 88), (11, 88), (7, 89), (8, 89), (9, 89), (5, 90), (6, 90), (2, 91), (3, 91), (4, 91), (0, 92), (1, 92)]
[(17, 85), (15, 86), (16, 86), (18, 86), (12, 87), (13, 87), (14, 87), (10, 88), (11, 88), (17, 88), (7, 89), (8, 89), (9, 89), (5, 90), (6, 90), (2, 91), (3, 91), (4, 91), (16, 91), (0, 92), (1, 92), (15, 93), (14, 96), (13, 98), (12, 101), (11, 103), (11, 104), (9, 105), (10, 105), (6, 106), (7, 106), (8, 106), (4, 107), (5, 107), (1, 108), (2, 108), (3, 108), (0, 109)]
[(36, 79), (34, 80), (35, 80), (37, 80), (31, 81), (32, 81), (33, 81), (29, 82), (30, 82), (36, 82), (26, 83), (27, 83), (28, 83), (24, 84), (25, 84), (21, 85), (22, 85), (23, 85), (35, 85), (18, 86), (19, 86), (20, 86), (34, 87), (17, 88), (33, 90), (16, 91), (32, 92), (15, 93), (31, 95), (14, 96), (30, 97), (13, 98), (30, 98), (28, 99), (29, 99), (25, 100), (26, 100), (27, 100), (12, 101), (23, 101), (24, 101), (20, 102), (21, 102), (22, 102), (11, 103), (18, 103), (19, 103), (11, 104), (15, 104), (16, 104), (17, 104), (12, 105), (13, 105), (14, 105)]
[(30, 98), (28, 99), (29, 99), (31, 99), (25, 100), (26, 100), (27, 100), (23, 101), (24, 101), (30, 101), (20, 102), (21, 102), (22, 102), (18, 103), (19, 103), (15, 104), (16, 104), (17, 104), (29, 104), (12, 105), (13, 105), (14, 105), (28, 106), (11, 107), (27, 109), (10, 110), (26, 111), (9, 112), (25, 114)]
[(49, 92), (47, 93), (48, 93), (50, 93), (44, 94), (45, 94), (46, 94), (42, 95), (43, 95), (49, 95), (39, 96), (40, 96), (41, 96), (37, 97), (38, 97), (34, 98), (35, 98), (36, 98), (48, 98), (31, 99), (32, 99), (33, 99), (47, 100), (30, 101), (46, 103), (29, 104), (45, 105), (28, 106), (44, 108), (27, 109), (43, 110), (26, 111), (43, 111), (41, 112), (42, 112), (38, 113), (39, 113), (40, 113), (25, 114), (36, 114), (37, 114)]
[(43, 111), (41, 112), (42, 112), (44, 112), (38, 113), (39, 113), (40, 113), (36, 114), (37, 114), (43, 114)]
[(62, 105), (60, 106), (61, 106), (63, 106), (57, 107), (58, 107), (59, 107), (55, 108), (56, 108), (62, 108), (52, 109), (53, 109), (54, 109), (50, 110), (51, 110), (47, 111), (48, 111), (49, 111), (61, 111), (44, 112), (45, 112), (46, 112), (60, 113), (43, 114)]
[(11, 104), (9, 105), (10, 105), (12, 105), (6, 106), (7, 106), (8, 106), (4, 107), (5, 107), (11, 107), (1, 108), (2, 108), (3, 108), (0, 109), (10, 110), (9, 112)]
