[(92, 19), (93, 19), (90, 20), (91, 20), (94, 20), (87, 21), (88, 21), (89, 21), (95, 21), (84, 22), (85, 22), (86, 22), (96, 22), (81, 23), (82, 23), (83, 23), (97, 23), (78, 24), (79, 24), (80, 24), (98, 24), (75, 25), (76, 25), (77, 25), (97, 26), (74, 27), (96, 29), (73, 30), (95, 32), (72, 33), (94, 35), (71, 36), (93, 38), (70, 39), (92, 41), (69, 42), (91, 42), (92, 42), (69, 43), (89, 43), (90, 43), (70, 44), (86, 44), (87, 44), (88, 44), (71, 45), (83, 45), (84, 45), (85, 45), (72, 46), (80, 46), (81, 46), (82, 46), (73, 47), (77, 47), (78, 47), (79, 47), (74, 48), (75, 48), (76, 48)]
[(113, 19), (114, 19), (110, 20), (111, 20), (112, 20), (107, 21), (108, 21), (109, 21), (104, 22), (105, 22), (106, 22), (101, 23), (102, 23), (103, 23), (98, 24), (99, 24), (100, 24), (97, 26), (96, 29), (95, 32), (94, 35), (93, 38), (92, 41), (114, 41), (92, 42), (112, 42), (113, 42), (93, 43), (109, 43), (110, 43), (111, 43), (94, 44), (106, 44), (107, 44), (108, 44), (95, 45), (103, 45), (104, 45), (105, 45), (96, 46), (100, 46), (101, 46), (102, 46), (97, 47), (98, 47), (99, 47)]
[(114, 41), (112, 42), (113, 42), (109, 43), (110, 43), (111, 43), (106, 44), (107, 44), (108, 44), (103, 45), (104, 45), (105, 45), (100, 46), (101, 46), (102, 46), (97, 47), (98, 47), (99, 47), (96, 49), (95, 52), (94, 55), (93, 58), (92, 61), (114, 63), (91, 64), (113, 64), (114, 64), (91, 65), (111, 65), (112, 65), (92, 66), (108, 66), (109, 66), (110, 66), (93, 67), (105, 67), (106, 67), (107, 67), (94, 68), (102, 68), (103, 68), (104, 68), (95, 69), (99, 69), (100, 69), (101, 69), (96, 70), (97, 70), (98, 70)]
[(114, 63), (114, 64)]
[(114, 83), (113, 86), (113, 87), (114, 88)]
[(46, 21), (47, 21), (44, 22), (45, 22), (48, 22), (41, 23), (42, 23), (43, 23), (49, 23), (38, 24), (39, 24), (40, 24), (50, 24), (35, 25), (36, 25), (37, 25), (51, 25), (32, 26), (33, 26), (34, 26), (52, 26), (29, 27), (30, 27), (31, 27), (51, 28), (28, 29), (50, 31), (27, 32), (49, 34), (26, 35), (48, 37), (25, 38), (47, 40), (24, 41), (46, 43), (23, 44), (45, 44), (46, 44), (23, 45), (43, 45), (44, 45), (24, 46), (40, 46), (41, 46), (42, 46), (25, 47), (37, 47), (38, 47), (39, 47), (26, 48), (34, 48), (35, 48), (36, 48), (27, 49), (31, 49), (32, 49), (33, 49), (28, 50), (29, 50), (30, 50)]
[(69, 20), (70, 20), (67, 21), (68, 21), (71, 21), (64, 22), (65, 22), (66, 22), (72, 22), (61, 23), (62, 23), (63, 23), (73, 23), (58, 24), (59, 24), (60, 24), (74, 24), (55, 25), (56, 25), (57, 25), (75, 25), (52, 26), (53, 26), (54, 26), (74, 27), (51, 28), (73, 30), (50, 31), (72, 33), (49, 34), (71, 36), (48, 37), (70, 39), (47, 40), (69, 42), (46, 43), (68, 43), (69, 43), (46, 44), (66, 44), (67, 44), (47, 45), (63, 45), (64, 45), (65, 45), (48, 46), (60, 46), (61, 46), (62, 46), (49, 47), (57, 47), (58, 47), (59, 47), (50, 48), (54, 48), (55, 48), (56, 48), (51, 49), (52, 49), (53, 49)]
[(68, 43), (69, 43), (66, 44), (67, 44), (70, 44), (63, 45), (64, 45), (65, 45), (71, 45), (60, 46), (61, 46), (62, 46), (72, 46), (57, 47), (58, 47), (59, 47), (73, 47), (54, 48), (55, 48), (56, 48), (74, 48), (51, 49), (52, 49), (53, 49), (73, 50), (50, 51), (72, 53), (49, 54), (71, 56), (48, 57), (70, 59), (47, 60), (69, 62), (46, 63), (68, 65), (45, 66), (67, 66), (68, 66), (45, 67), (65, 67), (66, 67), (46, 68), (62, 68), (63, 68), (64, 68), (47, 69), (59, 69), (60, 69), (61, 69), (48, 70), (56, 70), (57, 70), (58, 70), (49, 71), (53, 71), (54, 71), (55, 71), (50, 72), (51, 72), (52, 72)]
[(91, 42), (92, 42), (89, 43), (90, 43), (93, 43), (86, 44), (87, 44), (88, 44), (94, 44), (83, 45), (84, 45), (85, 45), (95, 45), (80, 46), (81, 46), (82, 46), (96, 46), (77, 47), (78, 47), (79, 47), (97, 47), (74, 48), (75, 48), (76, 48), (96, 49), (73, 50), (95, 52), (72, 53), (94, 55), (71, 56), (93, 58), (70, 59), (92, 61), (69, 62), (91, 64), (68, 65), (90, 65), (91, 65), (68, 66), (88, 66), (89, 66), (69, 67), (85, 67), (86, 67), (87, 67), (70, 68), (82, 68), (83, 68), (84, 68), (71, 69), (79, 69), (80, 69), (81, 69), (72, 70), (76, 70), (77, 70), (78, 70), (73, 71), (74, 71), (75, 71)]
[(90, 65), (91, 65), (88, 66), (89, 66), (92, 66), (85, 67), (86, 67), (87, 67), (93, 67), (82, 68), (83, 68), (84, 68), (94, 68), (79, 69), (80, 69), (81, 69), (95, 69), (76, 70), (77, 70), (78, 70), (96, 70), (73, 71), (74, 71), (75, 71), (95, 72), (72, 73), (94, 75), (71, 76), (93, 78), (70, 79), (92, 81), (69, 82), (91, 84), (68, 85), (90, 87), (67, 88), (89, 88), (90, 88), (67, 89), (87, 89), (88, 89), (68, 90), (84, 90), (85, 90), (86, 90), (69, 91), (81, 91), (82, 91), (83, 91), (70, 92), (78, 92), (79, 92), (80, 92), (71, 93), (75, 93), (76, 93), (77, 93), (72, 94), (73, 94), (74, 94)]
[(113, 64), (114, 64), (111, 65), (112, 65), (108, 66), (109, 66), (110, 66), (105, 67), (106, 67), (107, 67), (102, 68), (103, 68), (104, 68), (99, 69), (100, 69), (101, 69), (96, 70), (97, 70), (98, 70), (95, 72), (94, 75), (93, 78), (92, 81), (114, 83), (91, 84), (113, 86), (90, 87), (112, 87), (113, 87), (90, 88), (110, 88), (111, 88), (91, 89), (107, 89), (108, 89), (109, 89), (92, 90), (104, 90), (105, 90), (106, 90), (93, 91), (101, 91), (102, 91), (103, 91), (94, 92), (98, 92), (99, 92), (100, 92), (95, 93), (96, 93), (97, 93)]
[(112, 87), (113, 87), (110, 88), (111, 88), (114, 88), (107, 89), (108, 89), (109, 89), (104, 90), (105, 90), (106, 90), (101, 91), (102, 91), (103, 91), (98, 92), (99, 92), (100, 92), (95, 93), (96, 93), (97, 93), (94, 95), (93, 98), (92, 101), (114, 103), (91, 104), (113, 106), (90, 107), (112, 109), (89, 110), (111, 110), (112, 110), (89, 111), (109, 111), (110, 111), (90, 112), (106, 112), (107, 112), (108, 112), (91, 113), (103, 113), (104, 113), (105, 113), (92, 114), (100, 114), (101, 114), (102, 114)]
[(114, 103), (113, 106), (112, 109), (112, 110), (113, 111), (114, 112)]
[(22, 45), (23, 45), (20, 46), (21, 46), (24, 46), (17, 47), (18, 47), (19, 47), (25, 47), (14, 48), (15, 48), (16, 48), (26, 48), (11, 49), (12, 49), (13, 49), (27, 49), (8, 50), (9, 50), (10, 50), (28, 50), (5, 51), (6, 51), (7, 51), (27, 52), (4, 53), (26, 55), (3, 56), (25, 58), (2, 59), (24, 61), (1, 62), (23, 64), (0, 65), (22, 67), (21, 68), (22, 68), (19, 69), (20, 69), (0, 70), (16, 70), (17, 70), (18, 70), (1, 71), (13, 71), (14, 71), (15, 71), (2, 72), (10, 72), (11, 72), (12, 72), (3, 73), (7, 73), (8, 73), (9, 73), (4, 74), (5, 74), (6, 74)]
[(45, 44), (46, 44), (43, 45), (44, 45), (47, 45), (40, 46), (41, 46), (42, 46), (48, 46), (37, 47), (38, 47), (39, 47), (49, 47), (34, 48), (35, 48), (36, 48), (50, 48), (31, 49), (32, 49), (33, 49), (51, 49), (28, 50), (29, 50), (30, 50), (50, 51), (27, 52), (49, 54), (26, 55), (48, 57), (25, 58), (47, 60), (24, 61), (46, 63), (23, 64), (45, 66), (22, 67), (44, 67), (45, 67), (22, 68), (42, 68), (43, 68), (23, 69), (39, 69), (40, 69), (41, 69), (24, 70), (36, 70), (37, 70), (38, 70), (25, 71), (33, 71), (34, 71), (35, 71), (26, 72), (30, 72), (31, 72), (32, 72), (27, 73), (28, 73), (29, 73)]
[(44, 67), (45, 67), (42, 68), (43, 68), (46, 68), (39, 69), (40, 69), (41, 69), (47, 69), (36, 70), (37, 70), (38, 70), (48, 70), (33, 71), (34, 71), (35, 71), (49, 71), (30, 72), (31, 72), (32, 72), (50, 72), (27, 73), (28, 73), (29, 73), (49, 74), (26, 75), (48, 77), (25, 78), (47, 80), (24, 81), (46, 83), (23, 84), (45, 86), (22, 87), (44, 89), (21, 90), (43, 90), (44, 90), (21, 91), (41, 91), (42, 91), (22, 92), (38, 92), (39, 92), (40, 92), (23, 93), (35, 93), (36, 93), (37, 93), (24, 94), (32, 94), (33, 94), (34, 94), (25, 95), (29, 95), (30, 95), (31, 95), (26, 96), (27, 96), (28, 96)]
[(67, 66), (68, 66), (65, 67), (66, 67), (69, 67), (62, 68), (63, 68), (64, 68), (70, 68), (59, 69), (60, 69), (61, 69), (71, 69), (56, 70), (57, 70), (58, 70), (72, 70), (53, 71), (54, 71), (55, 71), (73, 71), (50, 72), (51, 72), (52, 72), (72, 73), (49, 74), (71, 76), (48, 77), (70, 79), (47, 80), (69, 82), (46, 83), (68, 85), (45, 86), (67, 88), (44, 89), (66, 89), (67, 89), (44, 90), (64, 90), (65, 90), (45, 91), (61, 91), (62, 91), (63, 91), (46, 92), (58, 92), (59, 92), (60, 92), (47, 93), (55, 93), (56, 93), (57, 93), (48, 94), (52, 94), (53, 94), (54, 94), (49, 95), (50, 95), (51, 95)]
[(66, 89), (67, 89), (64, 90), (65, 90), (68, 90), (61, 91), (62, 91), (63, 91), (69, 91), (58, 92), (59, 92), (60, 92), (70, 92), (55, 93), (56, 93), (57, 93), (71, 93), (52, 94), (53, 94), (54, 94), (72, 94), (49, 95), (50, 95), (51, 95), (71, 96), (48, 97), (70, 99), (47, 100), (69, 102), (46, 103), (68, 105), (45, 106), (67, 108), (44, 109), (66, 111), (43, 112), (65, 112), (66, 112), (43, 113), (63, 113), (64, 113), (44, 114), (60, 114), (61, 114), (62, 114)]
[(89, 88), (90, 88), (87, 89), (88, 89), (91, 89), (84, 90), (85, 90), (86, 90), (92, 90), (81, 91), (82, 91), (83, 91), (93, 91), (78, 92), (79, 92), (80, 92), (94, 92), (75, 93), (76, 93), (77, 93), (95, 93), (72, 94), (73, 94), (74, 94), (94, 95), (71, 96), (93, 98), (70, 99), (92, 101), (69, 102), (91, 104), (68, 105), (90, 107), (67, 108), (89, 110), (66, 111), (88, 111), (89, 111), (66, 112), (86, 112), (87, 112), (67, 113), (83, 113), (84, 113), (85, 113), (68, 114), (80, 114), (81, 114), (82, 114)]
[(88, 111), (89, 111), (86, 112), (87, 112), (90, 112), (83, 113), (84, 113), (85, 113), (91, 113), (80, 114), (81, 114), (82, 114), (92, 114)]
[(111, 110), (112, 110), (109, 111), (110, 111), (113, 111), (106, 112), (107, 112), (108, 112), (114, 112), (103, 113), (104, 113), (105, 113), (100, 114), (101, 114), (102, 114)]
[(21, 68), (22, 68), (19, 69), (20, 69), (23, 69), (16, 70), (17, 70), (18, 70), (24, 70), (13, 71), (14, 71), (15, 71), (25, 71), (10, 72), (11, 72), (12, 72), (26, 72), (7, 73), (8, 73), (9, 73), (27, 73), (4, 74), (5, 74), (6, 74), (26, 75), (3, 76), (25, 78), (2, 79), (24, 81), (1, 82), (23, 84), (0, 85), (22, 87), (21, 90), (20, 91), (21, 91), (18, 92), (19, 92), (15, 93), (16, 93), (17, 93), (0, 94), (12, 94), (13, 94), (14, 94), (1, 95), (9, 95), (10, 95), (11, 95), (2, 96), (6, 96), (7, 96), (8, 96), (3, 97), (4, 97), (5, 97)]
[(20, 91), (21, 91), (18, 92), (19, 92), (22, 92), (15, 93), (16, 93), (17, 93), (23, 93), (12, 94), (13, 94), (14, 94), (24, 94), (9, 95), (10, 95), (11, 95), (25, 95), (6, 96), (7, 96), (8, 96), (26, 96), (3, 97), (4, 97), (5, 97), (25, 98), (2, 99), (24, 101), (1, 102), (23, 104), (0, 105), (22, 107), (21, 110), (20, 113), (19, 114), (20, 114)]
[(43, 90), (44, 90), (41, 91), (42, 91), (45, 91), (38, 92), (39, 92), (40, 92), (46, 92), (35, 93), (36, 93), (37, 93), (47, 93), (32, 94), (33, 94), (34, 94), (48, 94), (29, 95), (30, 95), (31, 95), (49, 95), (26, 96), (27, 96), (28, 96), (48, 97), (25, 98), (47, 100), (24, 101), (46, 103), (23, 104), (45, 106), (22, 107), (44, 109), (21, 110), (43, 112), (20, 113), (42, 113), (43, 113), (20, 114), (40, 114), (41, 114)]
[(42, 113), (43, 113), (40, 114), (41, 114), (44, 114)]
[(65, 112), (66, 112), (63, 113), (64, 113), (67, 113), (60, 114), (61, 114), (62, 114), (68, 114)]
[(19, 114), (20, 114)]
