[(114, 24), (111, 25), (112, 25), (113, 25), (109, 26), (110, 26), (106, 27), (107, 27), (108, 27), (104, 28), (105, 28), (101, 29), (102, 29), (103, 29), (98, 30), (99, 30), (100, 30), (97, 32), (96, 35), (95, 37), (114, 37), (113, 39), (94, 40), (93, 42), (112, 42), (111, 44), (112, 44), (92, 45), (108, 45), (109, 45), (110, 45), (106, 46), (107, 46), (92, 47), (103, 47), (104, 47), (105, 47), (93, 48), (101, 48), (102, 48), (94, 49), (98, 49), (99, 49), (100, 49), (95, 50), (96, 50), (97, 50)]
[(114, 37), (113, 39), (112, 42), (112, 44), (113, 45), (114, 46)]
[(114, 49), (113, 52), (112, 54), (111, 57), (110, 59), (109, 62), (109, 64), (110, 65), (111, 66), (112, 67), (113, 67), (114, 67)]
[(74, 30), (75, 30), (71, 31), (72, 31), (73, 31), (76, 31), (69, 32), (70, 32), (77, 32), (66, 33), (67, 33), (68, 33), (78, 33), (64, 34), (65, 34), (61, 35), (62, 35), (63, 35), (77, 35), (58, 36), (59, 36), (60, 36), (57, 38), (76, 38), (75, 40), (56, 41), (55, 43), (74, 43), (73, 45), (54, 46), (53, 48), (72, 48), (71, 50), (72, 50), (52, 51), (68, 51), (69, 51), (70, 51), (66, 52), (67, 52), (52, 53), (63, 53), (64, 53), (65, 53), (53, 54), (61, 54), (62, 54), (54, 55), (58, 55), (59, 55), (60, 55), (55, 56), (56, 56), (57, 56)]
[(94, 27), (95, 27), (91, 28), (92, 28), (93, 28), (96, 28), (89, 29), (90, 29), (97, 29), (86, 30), (87, 30), (88, 30), (98, 30), (84, 31), (85, 31), (81, 32), (82, 32), (83, 32), (97, 32), (78, 33), (79, 33), (80, 33), (77, 35), (96, 35), (95, 37), (76, 38), (75, 40), (94, 40), (93, 42), (74, 43), (73, 45), (92, 45), (91, 47), (92, 47), (72, 48), (88, 48), (89, 48), (90, 48), (86, 49), (87, 49), (72, 50), (83, 50), (84, 50), (85, 50), (73, 51), (81, 51), (82, 51), (74, 52), (78, 52), (79, 52), (80, 52), (75, 53), (76, 53), (77, 53)]
[(91, 47), (92, 47), (88, 48), (89, 48), (90, 48), (93, 48), (86, 49), (87, 49), (94, 49), (83, 50), (84, 50), (85, 50), (95, 50), (81, 51), (82, 51), (78, 52), (79, 52), (80, 52), (94, 52), (75, 53), (76, 53), (77, 53), (74, 55), (93, 55), (92, 57), (73, 58), (72, 60), (91, 60), (90, 62), (71, 63), (70, 65), (89, 65), (88, 67), (89, 67), (69, 68), (85, 68), (86, 68), (87, 68), (83, 69), (84, 69), (69, 70), (80, 70), (81, 70), (82, 70), (70, 71), (78, 71), (79, 71), (71, 72), (75, 72), (76, 72), (77, 72), (72, 73), (73, 73), (74, 73)]
[(111, 44), (112, 44), (108, 45), (109, 45), (110, 45), (113, 45), (106, 46), (107, 46), (114, 46), (103, 47), (104, 47), (105, 47), (101, 48), (102, 48), (98, 49), (99, 49), (100, 49), (114, 49), (95, 50), (96, 50), (97, 50), (94, 52), (113, 52), (112, 54), (93, 55), (92, 57), (111, 57), (110, 59), (91, 60), (90, 62), (109, 62), (108, 64), (109, 64), (89, 65), (105, 65), (106, 65), (107, 65), (103, 66), (104, 66), (89, 67), (100, 67), (101, 67), (102, 67), (90, 68), (98, 68), (99, 68), (91, 69), (95, 69), (96, 69), (97, 69), (92, 70), (93, 70), (94, 70)]
[(108, 64), (109, 64), (105, 65), (106, 65), (107, 65), (110, 65), (103, 66), (104, 66), (111, 66), (100, 67), (101, 67), (102, 67), (112, 67), (98, 68), (99, 68), (95, 69), (96, 69), (97, 69), (111, 69), (92, 70), (93, 70), (94, 70), (91, 72), (110, 72), (109, 74), (90, 75), (89, 77), (108, 77), (107, 79), (88, 80), (87, 82), (106, 82), (105, 84), (106, 84), (86, 85), (102, 85), (103, 85), (104, 85), (100, 86), (101, 86), (86, 87), (97, 87), (98, 87), (99, 87), (87, 88), (95, 88), (96, 88), (88, 89), (92, 89), (93, 89), (94, 89), (89, 90), (90, 90), (91, 90)]
[(112, 67), (113, 67), (114, 67), (111, 69), (110, 72), (109, 74), (108, 77), (107, 79), (106, 82), (106, 84), (107, 85), (108, 86), (112, 86), (113, 86), (114, 86), (109, 87), (110, 87), (111, 87)]
[(112, 86), (113, 86), (114, 86), (109, 87), (110, 87), (111, 87), (108, 89), (107, 92), (106, 94), (105, 97), (104, 99), (103, 102), (103, 104), (114, 104), (104, 105), (112, 105), (113, 105), (105, 106), (109, 106), (110, 106), (111, 106), (106, 107), (107, 107), (108, 107)]
[(51, 53), (52, 53), (48, 54), (49, 54), (50, 54), (53, 54), (46, 55), (47, 55), (54, 55), (43, 56), (44, 56), (45, 56), (55, 56), (41, 57), (42, 57), (38, 58), (39, 58), (40, 58), (54, 58), (35, 59), (36, 59), (37, 59), (34, 61), (53, 61), (52, 63), (33, 64), (32, 66), (51, 66), (50, 68), (31, 69), (30, 71), (49, 71), (48, 73), (49, 73), (29, 74), (45, 74), (46, 74), (47, 74), (43, 75), (44, 75), (29, 76), (40, 76), (41, 76), (42, 76), (30, 77), (38, 77), (39, 77), (31, 78), (35, 78), (36, 78), (37, 78), (32, 79), (33, 79), (34, 79)]
[(71, 50), (72, 50), (68, 51), (69, 51), (70, 51), (73, 51), (66, 52), (67, 52), (74, 52), (63, 53), (64, 53), (65, 53), (75, 53), (61, 54), (62, 54), (58, 55), (59, 55), (60, 55), (74, 55), (55, 56), (56, 56), (57, 56), (54, 58), (73, 58), (72, 60), (53, 61), (52, 63), (71, 63), (70, 65), (51, 66), (50, 68), (69, 68), (68, 70), (69, 70), (49, 71), (65, 71), (66, 71), (67, 71), (63, 72), (64, 72), (49, 73), (60, 73), (61, 73), (62, 73), (50, 74), (58, 74), (59, 74), (51, 75), (55, 75), (56, 75), (57, 75), (52, 76), (53, 76), (54, 76)]
[(68, 70), (69, 70), (65, 71), (66, 71), (67, 71), (70, 71), (63, 72), (64, 72), (71, 72), (60, 73), (61, 73), (62, 73), (72, 73), (58, 74), (59, 74), (55, 75), (56, 75), (57, 75), (71, 75), (52, 76), (53, 76), (54, 76), (51, 78), (70, 78), (69, 80), (50, 81), (49, 83), (68, 83), (67, 85), (48, 86), (47, 88), (66, 88), (65, 90), (66, 90), (46, 91), (62, 91), (63, 91), (64, 91), (60, 92), (61, 92), (46, 93), (57, 93), (58, 93), (59, 93), (47, 94), (55, 94), (56, 94), (48, 95), (52, 95), (53, 95), (54, 95), (49, 96), (50, 96), (51, 96)]
[(88, 67), (89, 67), (85, 68), (86, 68), (87, 68), (90, 68), (83, 69), (84, 69), (91, 69), (80, 70), (81, 70), (82, 70), (92, 70), (78, 71), (79, 71), (75, 72), (76, 72), (77, 72), (91, 72), (72, 73), (73, 73), (74, 73), (71, 75), (90, 75), (89, 77), (70, 78), (69, 80), (88, 80), (87, 82), (68, 83), (67, 85), (86, 85), (85, 87), (86, 87), (66, 88), (82, 88), (83, 88), (84, 88), (80, 89), (81, 89), (66, 90), (77, 90), (78, 90), (79, 90), (67, 91), (75, 91), (76, 91), (68, 92), (72, 92), (73, 92), (74, 92), (69, 93), (70, 93), (71, 93)]
[(85, 87), (86, 87), (82, 88), (83, 88), (84, 88), (87, 88), (80, 89), (81, 89), (88, 89), (77, 90), (78, 90), (79, 90), (89, 90), (75, 91), (76, 91), (72, 92), (73, 92), (74, 92), (88, 92), (69, 93), (70, 93), (71, 93), (68, 95), (87, 95), (86, 97), (67, 98), (66, 100), (85, 100), (84, 102), (65, 103), (64, 105), (83, 105), (82, 107), (83, 107), (63, 108), (79, 108), (80, 108), (81, 108), (77, 109), (78, 109), (63, 110), (74, 110), (75, 110), (76, 110), (64, 111), (72, 111), (73, 111), (65, 112), (69, 112), (70, 112), (71, 112), (66, 113), (67, 113), (68, 113)]
[(105, 84), (106, 84), (102, 85), (103, 85), (104, 85), (107, 85), (100, 86), (101, 86), (108, 86), (97, 87), (98, 87), (99, 87), (109, 87), (95, 88), (96, 88), (92, 89), (93, 89), (94, 89), (108, 89), (89, 90), (90, 90), (91, 90), (88, 92), (107, 92), (106, 94), (87, 95), (86, 97), (105, 97), (104, 99), (85, 100), (84, 102), (103, 102), (102, 104), (103, 104), (83, 105), (99, 105), (100, 105), (101, 105), (97, 106), (98, 106), (83, 107), (94, 107), (95, 107), (96, 107), (84, 108), (92, 108), (93, 108), (85, 109), (89, 109), (90, 109), (91, 109), (86, 110), (87, 110), (88, 110)]
[(102, 104), (103, 104), (99, 105), (100, 105), (101, 105), (104, 105), (97, 106), (98, 106), (105, 106), (94, 107), (95, 107), (96, 107), (106, 107), (92, 108), (93, 108), (89, 109), (90, 109), (91, 109), (105, 109), (86, 110), (87, 110), (88, 110), (85, 112), (104, 112), (103, 114)]
[(114, 104), (112, 105), (113, 105), (109, 106), (110, 106), (111, 106), (106, 107), (107, 107), (108, 107), (105, 109), (104, 112), (103, 114)]
[(48, 73), (49, 73), (45, 74), (46, 74), (47, 74), (50, 74), (43, 75), (44, 75), (51, 75), (40, 76), (41, 76), (42, 76), (52, 76), (38, 77), (39, 77), (35, 78), (36, 78), (37, 78), (51, 78), (32, 79), (33, 79), (34, 79), (31, 81), (50, 81), (49, 83), (30, 84), (29, 86), (48, 86), (47, 88), (28, 89), (27, 91), (46, 91), (45, 93), (46, 93), (26, 94), (42, 94), (43, 94), (44, 94), (40, 95), (41, 95), (26, 96), (37, 96), (38, 96), (39, 96), (27, 97), (35, 97), (36, 97), (28, 98), (32, 98), (33, 98), (34, 98), (29, 99), (30, 99), (31, 99)]
[(45, 93), (46, 93), (42, 94), (43, 94), (44, 94), (47, 94), (40, 95), (41, 95), (48, 95), (37, 96), (38, 96), (39, 96), (49, 96), (35, 97), (36, 97), (32, 98), (33, 98), (34, 98), (48, 98), (29, 99), (30, 99), (31, 99), (28, 101), (47, 101), (46, 103), (27, 104), (26, 106), (45, 106), (44, 108), (25, 109), (24, 111), (43, 111), (42, 113), (43, 113), (23, 114), (39, 114), (40, 114), (41, 114)]
[(65, 90), (66, 90), (62, 91), (63, 91), (64, 91), (67, 91), (60, 92), (61, 92), (68, 92), (57, 93), (58, 93), (59, 93), (69, 93), (55, 94), (56, 94), (52, 95), (53, 95), (54, 95), (68, 95), (49, 96), (50, 96), (51, 96), (48, 98), (67, 98), (66, 100), (47, 101), (46, 103), (65, 103), (64, 105), (45, 106), (44, 108), (63, 108), (62, 110), (63, 110), (43, 111), (59, 111), (60, 111), (61, 111), (57, 112), (58, 112), (43, 113), (54, 113), (55, 113), (56, 113), (44, 114), (52, 114), (53, 114)]
[(62, 110), (63, 110), (59, 111), (60, 111), (61, 111), (64, 111), (57, 112), (58, 112), (65, 112), (54, 113), (55, 113), (56, 113), (66, 113), (52, 114), (53, 114)]
[(82, 107), (83, 107), (79, 108), (80, 108), (81, 108), (84, 108), (77, 109), (78, 109), (85, 109), (74, 110), (75, 110), (76, 110), (86, 110), (72, 111), (73, 111), (69, 112), (70, 112), (71, 112), (85, 112), (66, 113), (67, 113), (68, 113)]
[(42, 113), (43, 113), (39, 114), (40, 114), (41, 114), (44, 114)]
