[(71, 34), (67, 35), (68, 35), (69, 35), (70, 35), (72, 35), (63, 36), (64, 36), (65, 36), (66, 36), (73, 36), (59, 37), (60, 37), (61, 37), (62, 37), (74, 37), (55, 38), (56, 38), (57, 38), (58, 38), (75, 38), (54, 41), (74, 41), (53, 45), (73, 45), (52, 49), (72, 49), (51, 53), (71, 53), (51, 54), (71, 54), (52, 55), (67, 55), (68, 55), (69, 55), (70, 55), (53, 56), (63, 56), (64, 56), (65, 56), (66, 56), (54, 57), (59, 57), (60, 57), (61, 57), (62, 57), (55, 58), (56, 58), (57, 58), (58, 58)]
[(91, 34), (87, 35), (88, 35), (89, 35), (90, 35), (92, 35), (83, 36), (84, 36), (85, 36), (86, 36), (93, 36), (79, 37), (80, 37), (81, 37), (82, 37), (94, 37), (75, 38), (76, 38), (77, 38), (78, 38), (95, 38), (74, 41), (94, 41), (73, 45), (93, 45), (72, 49), (92, 49), (71, 53), (91, 53), (71, 54), (91, 54), (72, 55), (87, 55), (88, 55), (89, 55), (90, 55), (73, 56), (83, 56), (84, 56), (85, 56), (86, 56), (74, 57), (79, 57), (80, 57), (81, 57), (82, 57), (75, 58), (76, 58), (77, 58), (78, 58)]
[(91, 54), (87, 55), (88, 55), (89, 55), (90, 55), (92, 55), (83, 56), (84, 56), (85, 56), (86, 56), (93, 56), (79, 57), (80, 57), (81, 57), (82, 57), (94, 57), (75, 58), (76, 58), (77, 58), (78, 58), (95, 58), (74, 61), (94, 61), (73, 65), (93, 65), (72, 69), (92, 69), (71, 73), (91, 73), (71, 74), (91, 74), (72, 75), (87, 75), (88, 75), (89, 75), (90, 75), (73, 76), (83, 76), (84, 76), (85, 76), (86, 76), (74, 77), (79, 77), (80, 77), (81, 77), (82, 77), (75, 78), (76, 78), (77, 78), (78, 78)]
[(111, 54), (107, 55), (108, 55), (109, 55), (110, 55), (112, 55), (103, 56), (104, 56), (105, 56), (106, 56), (113, 56), (99, 57), (100, 57), (101, 57), (102, 57), (114, 57), (95, 58), (96, 58), (97, 58), (98, 58), (94, 61), (114, 61), (93, 65), (113, 65), (92, 69), (112, 69), (91, 73), (111, 73), (91, 74), (111, 74), (92, 75), (107, 75), (108, 75), (109, 75), (110, 75), (93, 76), (103, 76), (104, 76), (105, 76), (106, 76), (94, 77), (99, 77), (100, 77), (101, 77), (102, 77), (95, 78), (96, 78), (97, 78), (98, 78)]
[(111, 74), (107, 75), (108, 75), (109, 75), (110, 75), (112, 75), (103, 76), (104, 76), (105, 76), (106, 76), (113, 76), (99, 77), (100, 77), (101, 77), (102, 77), (114, 77), (95, 78), (96, 78), (97, 78), (98, 78), (94, 81), (114, 81), (93, 85), (113, 85), (92, 89), (112, 89), (91, 93), (111, 93), (91, 94), (111, 94), (92, 95), (107, 95), (108, 95), (109, 95), (110, 95), (93, 96), (103, 96), (104, 96), (105, 96), (106, 96), (94, 97), (99, 97), (100, 97), (101, 97), (102, 97), (95, 98), (96, 98), (97, 98), (98, 98)]
[(114, 81), (113, 85), (112, 89), (111, 93), (111, 94), (112, 95), (113, 96), (114, 97)]
[(31, 34), (27, 35), (28, 35), (29, 35), (30, 35), (32, 35), (23, 36), (24, 36), (25, 36), (26, 36), (33, 36), (19, 37), (20, 37), (21, 37), (22, 37), (34, 37), (15, 38), (16, 38), (17, 38), (18, 38), (35, 38), (14, 41), (34, 41), (13, 45), (33, 45), (12, 49), (32, 49), (11, 53), (31, 53), (11, 54), (31, 54), (12, 55), (27, 55), (28, 55), (29, 55), (30, 55), (13, 56), (23, 56), (24, 56), (25, 56), (26, 56), (14, 57), (19, 57), (20, 57), (21, 57), (22, 57), (15, 58), (16, 58), (17, 58), (18, 58)]
[(51, 34), (47, 35), (48, 35), (49, 35), (50, 35), (52, 35), (43, 36), (44, 36), (45, 36), (46, 36), (53, 36), (39, 37), (40, 37), (41, 37), (42, 37), (54, 37), (35, 38), (36, 38), (37, 38), (38, 38), (55, 38), (34, 41), (54, 41), (33, 45), (53, 45), (32, 49), (52, 49), (31, 53), (51, 53), (31, 54), (51, 54), (32, 55), (47, 55), (48, 55), (49, 55), (50, 55), (33, 56), (43, 56), (44, 56), (45, 56), (46, 56), (34, 57), (39, 57), (40, 57), (41, 57), (42, 57), (35, 58), (36, 58), (37, 58), (38, 58)]
[(51, 54), (47, 55), (48, 55), (49, 55), (50, 55), (52, 55), (43, 56), (44, 56), (45, 56), (46, 56), (53, 56), (39, 57), (40, 57), (41, 57), (42, 57), (54, 57), (35, 58), (36, 58), (37, 58), (38, 58), (55, 58), (34, 61), (54, 61), (33, 65), (53, 65), (32, 69), (52, 69), (31, 73), (51, 73), (31, 74), (51, 74), (32, 75), (47, 75), (48, 75), (49, 75), (50, 75), (33, 76), (43, 76), (44, 76), (45, 76), (46, 76), (34, 77), (39, 77), (40, 77), (41, 77), (42, 77), (35, 78), (36, 78), (37, 78), (38, 78)]
[(71, 54), (67, 55), (68, 55), (69, 55), (70, 55), (72, 55), (63, 56), (64, 56), (65, 56), (66, 56), (73, 56), (59, 57), (60, 57), (61, 57), (62, 57), (74, 57), (55, 58), (56, 58), (57, 58), (58, 58), (75, 58), (54, 61), (74, 61), (53, 65), (73, 65), (52, 69), (72, 69), (51, 73), (71, 73), (51, 74), (71, 74), (52, 75), (67, 75), (68, 75), (69, 75), (70, 75), (53, 76), (63, 76), (64, 76), (65, 76), (66, 76), (54, 77), (59, 77), (60, 77), (61, 77), (62, 77), (55, 78), (56, 78), (57, 78), (58, 78)]
[(71, 74), (67, 75), (68, 75), (69, 75), (70, 75), (72, 75), (63, 76), (64, 76), (65, 76), (66, 76), (73, 76), (59, 77), (60, 77), (61, 77), (62, 77), (74, 77), (55, 78), (56, 78), (57, 78), (58, 78), (75, 78), (54, 81), (74, 81), (53, 85), (73, 85), (52, 89), (72, 89), (51, 93), (71, 93), (51, 94), (71, 94), (52, 95), (67, 95), (68, 95), (69, 95), (70, 95), (53, 96), (63, 96), (64, 96), (65, 96), (66, 96), (54, 97), (59, 97), (60, 97), (61, 97), (62, 97), (55, 98), (56, 98), (57, 98), (58, 98)]
[(91, 74), (87, 75), (88, 75), (89, 75), (90, 75), (92, 75), (83, 76), (84, 76), (85, 76), (86, 76), (93, 76), (79, 77), (80, 77), (81, 77), (82, 77), (94, 77), (75, 78), (76, 78), (77, 78), (78, 78), (95, 78), (74, 81), (94, 81), (73, 85), (93, 85), (72, 89), (92, 89), (71, 93), (91, 93), (71, 94), (91, 94), (72, 95), (87, 95), (88, 95), (89, 95), (90, 95), (73, 96), (83, 96), (84, 96), (85, 96), (86, 96), (74, 97), (79, 97), (80, 97), (81, 97), (82, 97), (75, 98), (76, 98), (77, 98), (78, 98)]
[(91, 94), (87, 95), (88, 95), (89, 95), (90, 95), (92, 95), (83, 96), (84, 96), (85, 96), (86, 96), (93, 96), (79, 97), (80, 97), (81, 97), (82, 97), (94, 97), (75, 98), (76, 98), (77, 98), (78, 98), (95, 98), (74, 101), (94, 101), (73, 105), (93, 105), (72, 109), (92, 109), (71, 113), (91, 113), (71, 114), (91, 114)]
[(111, 94), (107, 95), (108, 95), (109, 95), (110, 95), (112, 95), (103, 96), (104, 96), (105, 96), (106, 96), (113, 96), (99, 97), (100, 97), (101, 97), (102, 97), (114, 97), (95, 98), (96, 98), (97, 98), (98, 98), (94, 101), (114, 101), (93, 105), (113, 105), (92, 109), (112, 109), (91, 113), (111, 113), (91, 114), (111, 114)]
[(11, 54), (7, 55), (8, 55), (9, 55), (10, 55), (12, 55), (3, 56), (4, 56), (5, 56), (6, 56), (13, 56), (0, 57), (1, 57), (2, 57), (14, 57), (15, 58), (14, 61), (13, 65), (12, 69), (11, 73), (11, 74), (7, 75), (8, 75), (9, 75), (10, 75), (3, 76), (4, 76), (5, 76), (6, 76), (0, 77), (1, 77), (2, 77)]
[(31, 54), (27, 55), (28, 55), (29, 55), (30, 55), (32, 55), (23, 56), (24, 56), (25, 56), (26, 56), (33, 56), (19, 57), (20, 57), (21, 57), (22, 57), (34, 57), (15, 58), (16, 58), (17, 58), (18, 58), (35, 58), (14, 61), (34, 61), (13, 65), (33, 65), (12, 69), (32, 69), (11, 73), (31, 73), (11, 74), (31, 74), (12, 75), (27, 75), (28, 75), (29, 75), (30, 75), (13, 76), (23, 76), (24, 76), (25, 76), (26, 76), (14, 77), (19, 77), (20, 77), (21, 77), (22, 77), (15, 78), (16, 78), (17, 78), (18, 78)]
[(31, 74), (27, 75), (28, 75), (29, 75), (30, 75), (32, 75), (23, 76), (24, 76), (25, 76), (26, 76), (33, 76), (19, 77), (20, 77), (21, 77), (22, 77), (34, 77), (15, 78), (16, 78), (17, 78), (18, 78), (35, 78), (14, 81), (34, 81), (13, 85), (33, 85), (12, 89), (32, 89), (11, 93), (31, 93), (11, 94), (31, 94), (12, 95), (27, 95), (28, 95), (29, 95), (30, 95), (13, 96), (23, 96), (24, 96), (25, 96), (26, 96), (14, 97), (19, 97), (20, 97), (21, 97), (22, 97), (15, 98), (16, 98), (17, 98), (18, 98)]
[(51, 74), (47, 75), (48, 75), (49, 75), (50, 75), (52, 75), (43, 76), (44, 76), (45, 76), (46, 76), (53, 76), (39, 77), (40, 77), (41, 77), (42, 77), (54, 77), (35, 78), (36, 78), (37, 78), (38, 78), (55, 78), (34, 81), (54, 81), (33, 85), (53, 85), (32, 89), (52, 89), (31, 93), (51, 93), (31, 94), (51, 94), (32, 95), (47, 95), (48, 95), (49, 95), (50, 95), (33, 96), (43, 96), (44, 96), (45, 96), (46, 96), (34, 97), (39, 97), (40, 97), (41, 97), (42, 97), (35, 98), (36, 98), (37, 98), (38, 98)]
[(51, 94), (47, 95), (48, 95), (49, 95), (50, 95), (52, 95), (43, 96), (44, 96), (45, 96), (46, 96), (53, 96), (39, 97), (40, 97), (41, 97), (42, 97), (54, 97), (35, 98), (36, 98), (37, 98), (38, 98), (55, 98), (34, 101), (54, 101), (33, 105), (53, 105), (32, 109), (52, 109), (31, 113), (51, 113), (31, 114), (51, 114)]
[(71, 94), (67, 95), (68, 95), (69, 95), (70, 95), (72, 95), (63, 96), (64, 96), (65, 96), (66, 96), (73, 96), (59, 97), (60, 97), (61, 97), (62, 97), (74, 97), (55, 98), (56, 98), (57, 98), (58, 98), (75, 98), (54, 101), (74, 101), (53, 105), (73, 105), (52, 109), (72, 109), (51, 113), (71, 113), (51, 114), (71, 114)]
[(71, 114)]
[(91, 114)]
[(11, 74), (7, 75), (8, 75), (9, 75), (10, 75), (12, 75), (3, 76), (4, 76), (5, 76), (6, 76), (13, 76), (0, 77), (1, 77), (2, 77), (14, 77), (15, 78), (14, 81), (13, 85), (12, 89), (11, 93), (11, 94), (7, 95), (8, 95), (9, 95), (10, 95), (3, 96), (4, 96), (5, 96), (6, 96), (0, 97), (1, 97), (2, 97)]
[(11, 94), (7, 95), (8, 95), (9, 95), (10, 95), (12, 95), (3, 96), (4, 96), (5, 96), (6, 96), (13, 96), (0, 97), (1, 97), (2, 97), (14, 97), (15, 98), (14, 101), (13, 105), (12, 109), (11, 113), (11, 114)]
[(31, 94), (27, 95), (28, 95), (29, 95), (30, 95), (32, 95), (23, 96), (24, 96), (25, 96), (26, 96), (33, 96), (19, 97), (20, 97), (21, 97), (22, 97), (34, 97), (15, 98), (16, 98), (17, 98), (18, 98), (35, 98), (14, 101), (34, 101), (13, 105), (33, 105), (12, 109), (32, 109), (11, 113), (31, 113), (11, 114), (31, 114)]
[(31, 114)]
[(51, 114)]
[(11, 114)]
