[(98, 13), (99, 13), (100, 13), (101, 13), (94, 14), (95, 14), (96, 14), (97, 14), (102, 14), (90, 15), (91, 15), (92, 15), (93, 15), (86, 16), (87, 16), (88, 16), (89, 16), (82, 17), (83, 17), (84, 17), (85, 17), (101, 18), (81, 21), (100, 22), (80, 25), (99, 26), (79, 29), (98, 30), (78, 33), (95, 33), (96, 33), (97, 33), (98, 33), (91, 34), (92, 34), (93, 34), (94, 34), (87, 35), (88, 35), (89, 35), (90, 35), (78, 36), (83, 36), (84, 36), (85, 36), (86, 36), (79, 37), (80, 37), (81, 37), (82, 37)]
[(114, 11), (110, 12), (111, 12), (112, 12), (113, 12), (106, 13), (107, 13), (108, 13), (109, 13), (102, 14), (103, 14), (104, 14), (105, 14), (101, 18), (100, 22), (99, 26), (98, 30), (111, 31), (112, 31), (113, 31), (114, 31), (107, 32), (108, 32), (109, 32), (110, 32), (98, 33), (103, 33), (104, 33), (105, 33), (106, 33), (99, 34), (100, 34), (101, 34), (102, 34)]
[(111, 31), (112, 31), (113, 31), (114, 31), (107, 32), (108, 32), (109, 32), (110, 32), (103, 33), (104, 33), (105, 33), (106, 33), (99, 34), (100, 34), (101, 34), (102, 34), (98, 38), (97, 42), (96, 46), (95, 50), (112, 50), (113, 50), (114, 50), (108, 51), (109, 51), (110, 51), (111, 51), (104, 52), (105, 52), (106, 52), (107, 52), (95, 53), (100, 53), (101, 53), (102, 53), (103, 53), (96, 54), (97, 54), (98, 54), (99, 54)]
[(114, 59), (113, 63), (112, 67), (112, 70), (113, 71), (114, 71)]
[(58, 19), (59, 19), (60, 19), (61, 19), (54, 20), (55, 20), (56, 20), (57, 20), (62, 20), (50, 21), (51, 21), (52, 21), (53, 21), (46, 22), (47, 22), (48, 22), (49, 22), (42, 23), (43, 23), (44, 23), (45, 23), (61, 24), (41, 27), (60, 28), (40, 31), (59, 32), (39, 35), (58, 36), (38, 39), (55, 39), (56, 39), (57, 39), (58, 39), (51, 40), (52, 40), (53, 40), (54, 40), (47, 41), (48, 41), (49, 41), (50, 41), (38, 42), (43, 42), (44, 42), (45, 42), (46, 42), (39, 43), (40, 43), (41, 43), (42, 43)]
[(78, 16), (79, 16), (80, 16), (81, 16), (74, 17), (75, 17), (76, 17), (77, 17), (82, 17), (70, 18), (71, 18), (72, 18), (73, 18), (66, 19), (67, 19), (68, 19), (69, 19), (62, 20), (63, 20), (64, 20), (65, 20), (81, 21), (61, 24), (80, 25), (60, 28), (79, 29), (59, 32), (78, 33), (58, 36), (75, 36), (76, 36), (77, 36), (78, 36), (71, 37), (72, 37), (73, 37), (74, 37), (67, 38), (68, 38), (69, 38), (70, 38), (58, 39), (63, 39), (64, 39), (65, 39), (66, 39), (59, 40), (60, 40), (61, 40), (62, 40)]
[(75, 36), (76, 36), (77, 36), (78, 36), (71, 37), (72, 37), (73, 37), (74, 37), (79, 37), (67, 38), (68, 38), (69, 38), (70, 38), (63, 39), (64, 39), (65, 39), (66, 39), (59, 40), (60, 40), (61, 40), (62, 40), (78, 41), (58, 44), (77, 45), (57, 48), (76, 49), (56, 52), (75, 53), (55, 56), (72, 56), (73, 56), (74, 56), (75, 56), (68, 57), (69, 57), (70, 57), (71, 57), (64, 58), (65, 58), (66, 58), (67, 58), (55, 59), (60, 59), (61, 59), (62, 59), (63, 59), (56, 60), (57, 60), (58, 60), (59, 60)]
[(95, 33), (96, 33), (97, 33), (98, 33), (91, 34), (92, 34), (93, 34), (94, 34), (99, 34), (87, 35), (88, 35), (89, 35), (90, 35), (83, 36), (84, 36), (85, 36), (86, 36), (79, 37), (80, 37), (81, 37), (82, 37), (98, 38), (78, 41), (97, 42), (77, 45), (96, 46), (76, 49), (95, 50), (75, 53), (92, 53), (93, 53), (94, 53), (95, 53), (88, 54), (89, 54), (90, 54), (91, 54), (84, 55), (85, 55), (86, 55), (87, 55), (75, 56), (80, 56), (81, 56), (82, 56), (83, 56), (76, 57), (77, 57), (78, 57), (79, 57)]
[(92, 53), (93, 53), (94, 53), (95, 53), (88, 54), (89, 54), (90, 54), (91, 54), (96, 54), (84, 55), (85, 55), (86, 55), (87, 55), (80, 56), (81, 56), (82, 56), (83, 56), (76, 57), (77, 57), (78, 57), (79, 57), (95, 58), (75, 61), (94, 62), (74, 65), (93, 66), (73, 69), (92, 70), (72, 73), (89, 73), (90, 73), (91, 73), (92, 73), (85, 74), (86, 74), (87, 74), (88, 74), (81, 75), (82, 75), (83, 75), (84, 75), (72, 76), (77, 76), (78, 76), (79, 76), (80, 76), (73, 77), (74, 77), (75, 77), (76, 77)]
[(112, 50), (113, 50), (114, 50), (108, 51), (109, 51), (110, 51), (111, 51), (104, 52), (105, 52), (106, 52), (107, 52), (100, 53), (101, 53), (102, 53), (103, 53), (96, 54), (97, 54), (98, 54), (99, 54), (95, 58), (114, 59), (94, 62), (113, 63), (93, 66), (112, 67), (92, 70), (109, 70), (110, 70), (111, 70), (112, 70), (105, 71), (106, 71), (107, 71), (108, 71), (101, 72), (102, 72), (103, 72), (104, 72), (92, 73), (97, 73), (98, 73), (99, 73), (100, 73), (93, 74), (94, 74), (95, 74), (96, 74)]
[(109, 70), (110, 70), (111, 70), (112, 70), (105, 71), (106, 71), (107, 71), (108, 71), (113, 71), (101, 72), (102, 72), (103, 72), (104, 72), (97, 73), (98, 73), (99, 73), (100, 73), (93, 74), (94, 74), (95, 74), (96, 74), (112, 75), (92, 78), (111, 79), (91, 82), (110, 83), (90, 86), (109, 87), (89, 90), (106, 90), (107, 90), (108, 90), (109, 90), (102, 91), (103, 91), (104, 91), (105, 91), (98, 92), (99, 92), (100, 92), (101, 92), (89, 93), (94, 93), (95, 93), (96, 93), (97, 93), (90, 94), (91, 94), (92, 94), (93, 94)]
[(113, 71), (114, 71), (112, 75), (111, 79), (110, 83), (109, 87), (109, 90), (114, 90), (110, 91), (111, 91), (112, 91), (113, 91)]
[(114, 90), (110, 91), (111, 91), (112, 91), (113, 91), (109, 95), (108, 99), (107, 103), (106, 107), (106, 110), (111, 110), (112, 110), (113, 110), (114, 110), (107, 111), (108, 111), (109, 111), (110, 111)]
[(35, 42), (36, 42), (37, 42), (38, 42), (31, 43), (32, 43), (33, 43), (34, 43), (39, 43), (27, 44), (28, 44), (29, 44), (30, 44), (23, 45), (24, 45), (25, 45), (26, 45), (19, 46), (20, 46), (21, 46), (22, 46), (38, 47), (18, 50), (37, 51), (17, 54), (36, 55), (16, 58), (35, 59), (15, 62), (32, 62), (33, 62), (34, 62), (35, 62), (28, 63), (29, 63), (30, 63), (31, 63), (24, 64), (25, 64), (26, 64), (27, 64), (15, 65), (20, 65), (21, 65), (22, 65), (23, 65), (16, 66), (17, 66), (18, 66), (19, 66)]
[(55, 39), (56, 39), (57, 39), (58, 39), (51, 40), (52, 40), (53, 40), (54, 40), (59, 40), (47, 41), (48, 41), (49, 41), (50, 41), (43, 42), (44, 42), (45, 42), (46, 42), (39, 43), (40, 43), (41, 43), (42, 43), (58, 44), (38, 47), (57, 48), (37, 51), (56, 52), (36, 55), (55, 56), (35, 59), (52, 59), (53, 59), (54, 59), (55, 59), (48, 60), (49, 60), (50, 60), (51, 60), (44, 61), (45, 61), (46, 61), (47, 61), (35, 62), (40, 62), (41, 62), (42, 62), (43, 62), (36, 63), (37, 63), (38, 63), (39, 63)]
[(52, 59), (53, 59), (54, 59), (55, 59), (48, 60), (49, 60), (50, 60), (51, 60), (56, 60), (44, 61), (45, 61), (46, 61), (47, 61), (40, 62), (41, 62), (42, 62), (43, 62), (36, 63), (37, 63), (38, 63), (39, 63), (55, 64), (35, 67), (54, 68), (34, 71), (53, 72), (33, 75), (52, 76), (32, 79), (49, 79), (50, 79), (51, 79), (52, 79), (45, 80), (46, 80), (47, 80), (48, 80), (41, 81), (42, 81), (43, 81), (44, 81), (32, 82), (37, 82), (38, 82), (39, 82), (40, 82), (33, 83), (34, 83), (35, 83), (36, 83)]
[(72, 56), (73, 56), (74, 56), (75, 56), (68, 57), (69, 57), (70, 57), (71, 57), (76, 57), (64, 58), (65, 58), (66, 58), (67, 58), (60, 59), (61, 59), (62, 59), (63, 59), (56, 60), (57, 60), (58, 60), (59, 60), (75, 61), (55, 64), (74, 65), (54, 68), (73, 69), (53, 72), (72, 73), (52, 76), (69, 76), (70, 76), (71, 76), (72, 76), (65, 77), (66, 77), (67, 77), (68, 77), (61, 78), (62, 78), (63, 78), (64, 78), (52, 79), (57, 79), (58, 79), (59, 79), (60, 79), (53, 80), (54, 80), (55, 80), (56, 80)]
[(69, 76), (70, 76), (71, 76), (72, 76), (65, 77), (66, 77), (67, 77), (68, 77), (73, 77), (61, 78), (62, 78), (63, 78), (64, 78), (57, 79), (58, 79), (59, 79), (60, 79), (53, 80), (54, 80), (55, 80), (56, 80), (72, 81), (52, 84), (71, 85), (51, 88), (70, 89), (50, 92), (69, 93), (49, 96), (66, 96), (67, 96), (68, 96), (69, 96), (62, 97), (63, 97), (64, 97), (65, 97), (58, 98), (59, 98), (60, 98), (61, 98), (49, 99), (54, 99), (55, 99), (56, 99), (57, 99), (50, 100), (51, 100), (52, 100), (53, 100)]
[(89, 73), (90, 73), (91, 73), (92, 73), (85, 74), (86, 74), (87, 74), (88, 74), (93, 74), (81, 75), (82, 75), (83, 75), (84, 75), (77, 76), (78, 76), (79, 76), (80, 76), (73, 77), (74, 77), (75, 77), (76, 77), (92, 78), (72, 81), (91, 82), (71, 85), (90, 86), (70, 89), (89, 90), (69, 93), (86, 93), (87, 93), (88, 93), (89, 93), (82, 94), (83, 94), (84, 94), (85, 94), (78, 95), (79, 95), (80, 95), (81, 95), (69, 96), (74, 96), (75, 96), (76, 96), (77, 96), (70, 97), (71, 97), (72, 97), (73, 97)]
[(86, 93), (87, 93), (88, 93), (89, 93), (82, 94), (83, 94), (84, 94), (85, 94), (90, 94), (78, 95), (79, 95), (80, 95), (81, 95), (74, 96), (75, 96), (76, 96), (77, 96), (70, 97), (71, 97), (72, 97), (73, 97), (89, 98), (69, 101), (88, 102), (68, 105), (87, 106), (67, 109), (86, 110), (66, 113), (83, 113), (84, 113), (85, 113), (86, 113), (79, 114), (80, 114), (81, 114), (82, 114)]
[(106, 90), (107, 90), (108, 90), (109, 90), (102, 91), (103, 91), (104, 91), (105, 91), (110, 91), (98, 92), (99, 92), (100, 92), (101, 92), (94, 93), (95, 93), (96, 93), (97, 93), (90, 94), (91, 94), (92, 94), (93, 94), (109, 95), (89, 98), (108, 99), (88, 102), (107, 103), (87, 106), (106, 107), (86, 110), (103, 110), (104, 110), (105, 110), (106, 110), (99, 111), (100, 111), (101, 111), (102, 111), (95, 112), (96, 112), (97, 112), (98, 112), (86, 113), (91, 113), (92, 113), (93, 113), (94, 113), (87, 114), (88, 114), (89, 114), (90, 114)]
[(103, 110), (104, 110), (105, 110), (106, 110), (99, 111), (100, 111), (101, 111), (102, 111), (107, 111), (95, 112), (96, 112), (97, 112), (98, 112), (91, 113), (92, 113), (93, 113), (94, 113), (87, 114), (88, 114), (89, 114), (90, 114)]
[(111, 110), (112, 110), (113, 110), (114, 110), (107, 111), (108, 111), (109, 111), (110, 111)]
[(32, 62), (33, 62), (34, 62), (35, 62), (28, 63), (29, 63), (30, 63), (31, 63), (36, 63), (24, 64), (25, 64), (26, 64), (27, 64), (20, 65), (21, 65), (22, 65), (23, 65), (16, 66), (17, 66), (18, 66), (19, 66), (35, 67), (15, 70), (34, 71), (14, 74), (33, 75), (13, 78), (32, 79), (12, 82), (29, 82), (30, 82), (31, 82), (32, 82), (25, 83), (26, 83), (27, 83), (28, 83), (21, 84), (22, 84), (23, 84), (24, 84), (12, 85), (17, 85), (18, 85), (19, 85), (20, 85), (13, 86), (14, 86), (15, 86), (16, 86)]
[(29, 82), (30, 82), (31, 82), (32, 82), (25, 83), (26, 83), (27, 83), (28, 83), (33, 83), (21, 84), (22, 84), (23, 84), (24, 84), (17, 85), (18, 85), (19, 85), (20, 85), (13, 86), (14, 86), (15, 86), (16, 86), (32, 87), (12, 90), (31, 91), (11, 94), (30, 95), (10, 98), (29, 99), (9, 102), (26, 102), (27, 102), (28, 102), (29, 102), (22, 103), (23, 103), (24, 103), (25, 103), (18, 104), (19, 104), (20, 104), (21, 104), (9, 105), (14, 105), (15, 105), (16, 105), (17, 105), (10, 106), (11, 106), (12, 106), (13, 106)]
[(49, 79), (50, 79), (51, 79), (52, 79), (45, 80), (46, 80), (47, 80), (48, 80), (53, 80), (41, 81), (42, 81), (43, 81), (44, 81), (37, 82), (38, 82), (39, 82), (40, 82), (33, 83), (34, 83), (35, 83), (36, 83), (52, 84), (32, 87), (51, 88), (31, 91), (50, 92), (30, 95), (49, 96), (29, 99), (46, 99), (47, 99), (48, 99), (49, 99), (42, 100), (43, 100), (44, 100), (45, 100), (38, 101), (39, 101), (40, 101), (41, 101), (29, 102), (34, 102), (35, 102), (36, 102), (37, 102), (30, 103), (31, 103), (32, 103), (33, 103)]
[(46, 99), (47, 99), (48, 99), (49, 99), (42, 100), (43, 100), (44, 100), (45, 100), (50, 100), (38, 101), (39, 101), (40, 101), (41, 101), (34, 102), (35, 102), (36, 102), (37, 102), (30, 103), (31, 103), (32, 103), (33, 103), (49, 104), (29, 107), (48, 108), (28, 111), (47, 112)]
[(66, 96), (67, 96), (68, 96), (69, 96), (62, 97), (63, 97), (64, 97), (65, 97), (70, 97), (58, 98), (59, 98), (60, 98), (61, 98), (54, 99), (55, 99), (56, 99), (57, 99), (50, 100), (51, 100), (52, 100), (53, 100), (69, 101), (49, 104), (68, 105), (48, 108), (67, 109), (47, 112), (66, 113)]
[(83, 113), (84, 113), (85, 113), (86, 113), (79, 114), (80, 114), (81, 114), (82, 114), (87, 114)]
[(26, 102), (27, 102), (28, 102), (29, 102), (22, 103), (23, 103), (24, 103), (25, 103), (30, 103), (18, 104), (19, 104), (20, 104), (21, 104), (14, 105), (15, 105), (16, 105), (17, 105), (10, 106), (11, 106), (12, 106), (13, 106), (29, 107), (9, 110), (28, 111), (8, 114)]
