[(106, 42), (107, 42), (101, 43), (102, 43), (103, 43), (104, 43), (105, 43), (108, 43), (97, 44), (98, 44), (99, 44), (100, 44), (92, 45), (93, 45), (94, 45), (95, 45), (96, 45), (107, 47), (91, 49), (106, 51), (90, 53), (105, 56), (89, 58), (104, 58), (105, 58), (99, 59), (100, 59), (101, 59), (102, 59), (103, 59), (89, 60), (95, 60), (96, 60), (97, 60), (98, 60), (90, 61), (91, 61), (92, 61), (93, 61), (94, 61)]
[(113, 42), (114, 42), (108, 43), (109, 43), (110, 43), (111, 43), (112, 43), (107, 47), (106, 51), (105, 56), (105, 58), (111, 58), (112, 58), (113, 58), (114, 58), (106, 59), (107, 59), (108, 59), (109, 59), (110, 59)]
[(111, 58), (112, 58), (113, 58), (114, 58), (106, 59), (107, 59), (108, 59), (109, 59), (110, 59), (105, 63), (104, 67), (103, 72), (113, 73), (114, 73), (103, 74), (109, 74), (110, 74), (111, 74), (112, 74), (104, 75), (105, 75), (106, 75), (107, 75), (108, 75)]
[(74, 46), (75, 46), (69, 47), (70, 47), (71, 47), (72, 47), (73, 47), (76, 47), (65, 48), (66, 48), (67, 48), (68, 48), (60, 49), (61, 49), (62, 49), (63, 49), (64, 49), (75, 51), (59, 53), (74, 55), (58, 57), (73, 60), (57, 62), (72, 62), (73, 62), (67, 63), (68, 63), (69, 63), (70, 63), (71, 63), (57, 64), (63, 64), (64, 64), (65, 64), (66, 64), (58, 65), (59, 65), (60, 65), (61, 65), (62, 65)]
[(90, 44), (91, 44), (85, 45), (86, 45), (87, 45), (88, 45), (89, 45), (92, 45), (81, 46), (82, 46), (83, 46), (84, 46), (76, 47), (77, 47), (78, 47), (79, 47), (80, 47), (91, 49), (75, 51), (90, 53), (74, 55), (89, 58), (73, 60), (88, 60), (89, 60), (83, 61), (84, 61), (85, 61), (86, 61), (87, 61), (73, 62), (79, 62), (80, 62), (81, 62), (82, 62), (74, 63), (75, 63), (76, 63), (77, 63), (78, 63)]
[(88, 60), (89, 60), (83, 61), (84, 61), (85, 61), (86, 61), (87, 61), (90, 61), (79, 62), (80, 62), (81, 62), (82, 62), (74, 63), (75, 63), (76, 63), (77, 63), (78, 63), (89, 65), (73, 67), (88, 69), (72, 71), (87, 74), (71, 76), (86, 76), (87, 76), (81, 77), (82, 77), (83, 77), (84, 77), (85, 77), (71, 78), (77, 78), (78, 78), (79, 78), (80, 78), (72, 79), (73, 79), (74, 79), (75, 79), (76, 79)]
[(104, 58), (105, 58), (99, 59), (100, 59), (101, 59), (102, 59), (103, 59), (106, 59), (95, 60), (96, 60), (97, 60), (98, 60), (90, 61), (91, 61), (92, 61), (93, 61), (94, 61), (105, 63), (89, 65), (104, 67), (88, 69), (103, 72), (87, 74), (102, 74), (103, 74), (97, 75), (98, 75), (99, 75), (100, 75), (101, 75), (87, 76), (93, 76), (94, 76), (95, 76), (96, 76), (88, 77), (89, 77), (90, 77), (91, 77), (92, 77)]
[(102, 74), (103, 74), (97, 75), (98, 75), (99, 75), (100, 75), (101, 75), (104, 75), (93, 76), (94, 76), (95, 76), (96, 76), (88, 77), (89, 77), (90, 77), (91, 77), (92, 77), (103, 79), (87, 81), (102, 83), (86, 85), (101, 88), (85, 90), (100, 90), (101, 90), (95, 91), (96, 91), (97, 91), (98, 91), (99, 91), (85, 92), (91, 92), (92, 92), (93, 92), (94, 92), (86, 93), (87, 93), (88, 93), (89, 93), (90, 93)]
[(113, 73), (114, 73), (109, 74), (110, 74), (111, 74), (112, 74), (104, 75), (105, 75), (106, 75), (107, 75), (108, 75), (103, 79), (102, 83), (101, 88), (111, 89), (112, 89), (113, 89), (114, 89), (101, 90), (107, 90), (108, 90), (109, 90), (110, 90), (102, 91), (103, 91), (104, 91), (105, 91), (106, 91)]
[(111, 89), (112, 89), (113, 89), (114, 89), (107, 90), (108, 90), (109, 90), (110, 90), (102, 91), (103, 91), (104, 91), (105, 91), (106, 91), (101, 95), (100, 99), (99, 104), (114, 104), (109, 105), (110, 105), (111, 105), (112, 105), (113, 105), (99, 106), (105, 106), (106, 106), (107, 106), (108, 106), (100, 107), (101, 107), (102, 107), (103, 107), (104, 107)]
[(56, 64), (57, 64), (51, 65), (52, 65), (53, 65), (54, 65), (55, 65), (58, 65), (47, 66), (48, 66), (49, 66), (50, 66), (42, 67), (43, 67), (44, 67), (45, 67), (46, 67), (57, 69), (41, 71), (56, 73), (40, 75), (55, 78), (39, 80), (54, 80), (55, 80), (49, 81), (50, 81), (51, 81), (52, 81), (53, 81), (39, 82), (45, 82), (46, 82), (47, 82), (48, 82), (40, 83), (41, 83), (42, 83), (43, 83), (44, 83)]
[(72, 62), (73, 62), (67, 63), (68, 63), (69, 63), (70, 63), (71, 63), (74, 63), (63, 64), (64, 64), (65, 64), (66, 64), (58, 65), (59, 65), (60, 65), (61, 65), (62, 65), (73, 67), (57, 69), (72, 71), (56, 73), (71, 76), (55, 78), (70, 78), (71, 78), (65, 79), (66, 79), (67, 79), (68, 79), (69, 79), (55, 80), (61, 80), (62, 80), (63, 80), (64, 80), (56, 81), (57, 81), (58, 81), (59, 81), (60, 81)]
[(70, 78), (71, 78), (65, 79), (66, 79), (67, 79), (68, 79), (69, 79), (72, 79), (61, 80), (62, 80), (63, 80), (64, 80), (56, 81), (57, 81), (58, 81), (59, 81), (60, 81), (71, 83), (55, 85), (70, 87), (54, 89), (69, 92), (53, 94), (68, 94), (69, 94), (63, 95), (64, 95), (65, 95), (66, 95), (67, 95), (53, 96), (59, 96), (60, 96), (61, 96), (62, 96), (54, 97), (55, 97), (56, 97), (57, 97), (58, 97)]
[(86, 76), (87, 76), (81, 77), (82, 77), (83, 77), (84, 77), (85, 77), (88, 77), (77, 78), (78, 78), (79, 78), (80, 78), (72, 79), (73, 79), (74, 79), (75, 79), (76, 79), (87, 81), (71, 83), (86, 85), (70, 87), (85, 90), (69, 92), (84, 92), (85, 92), (79, 93), (80, 93), (81, 93), (82, 93), (83, 93), (69, 94), (75, 94), (76, 94), (77, 94), (78, 94), (70, 95), (71, 95), (72, 95), (73, 95), (74, 95)]
[(84, 92), (85, 92), (79, 93), (80, 93), (81, 93), (82, 93), (83, 93), (86, 93), (75, 94), (76, 94), (77, 94), (78, 94), (70, 95), (71, 95), (72, 95), (73, 95), (74, 95), (85, 97), (69, 99), (84, 101), (68, 103), (83, 106), (67, 108), (82, 108), (83, 108), (77, 109), (78, 109), (79, 109), (80, 109), (81, 109), (67, 110), (73, 110), (74, 110), (75, 110), (76, 110), (68, 111), (69, 111), (70, 111), (71, 111), (72, 111)]
[(100, 90), (101, 90), (95, 91), (96, 91), (97, 91), (98, 91), (99, 91), (102, 91), (91, 92), (92, 92), (93, 92), (94, 92), (86, 93), (87, 93), (88, 93), (89, 93), (90, 93), (101, 95), (85, 97), (100, 99), (84, 101), (99, 104), (83, 106), (98, 106), (99, 106), (93, 107), (94, 107), (95, 107), (96, 107), (97, 107), (83, 108), (89, 108), (90, 108), (91, 108), (92, 108), (84, 109), (85, 109), (86, 109), (87, 109), (88, 109)]
[(98, 106), (99, 106), (93, 107), (94, 107), (95, 107), (96, 107), (97, 107), (100, 107), (89, 108), (90, 108), (91, 108), (92, 108), (84, 109), (85, 109), (86, 109), (87, 109), (88, 109), (99, 111), (83, 113)]
[(114, 104), (109, 105), (110, 105), (111, 105), (112, 105), (113, 105), (105, 106), (106, 106), (107, 106), (108, 106), (100, 107), (101, 107), (102, 107), (103, 107), (104, 107), (99, 111), (114, 113)]
[(54, 80), (55, 80), (49, 81), (50, 81), (51, 81), (52, 81), (53, 81), (56, 81), (45, 82), (46, 82), (47, 82), (48, 82), (40, 83), (41, 83), (42, 83), (43, 83), (44, 83), (55, 85), (39, 87), (54, 89), (38, 91), (53, 94), (37, 96), (52, 96), (53, 96), (47, 97), (48, 97), (49, 97), (50, 97), (51, 97), (37, 98), (43, 98), (44, 98), (45, 98), (46, 98), (38, 99), (39, 99), (40, 99), (41, 99), (42, 99)]
[(52, 96), (53, 96), (47, 97), (48, 97), (49, 97), (50, 97), (51, 97), (54, 97), (43, 98), (44, 98), (45, 98), (46, 98), (38, 99), (39, 99), (40, 99), (41, 99), (42, 99), (53, 101), (37, 103), (52, 105), (36, 107), (51, 110), (35, 112), (50, 112), (51, 112), (45, 113), (46, 113), (47, 113), (48, 113), (49, 113), (35, 114), (41, 114), (42, 114), (43, 114), (44, 114)]
[(68, 94), (69, 94), (63, 95), (64, 95), (65, 95), (66, 95), (67, 95), (70, 95), (59, 96), (60, 96), (61, 96), (62, 96), (54, 97), (55, 97), (56, 97), (57, 97), (58, 97), (69, 99), (53, 101), (68, 103), (52, 105), (67, 108), (51, 110), (66, 110), (67, 110), (61, 111), (62, 111), (63, 111), (64, 111), (65, 111), (51, 112), (57, 112), (58, 112), (59, 112), (60, 112), (52, 113), (53, 113), (54, 113), (55, 113), (56, 113)]
[(66, 110), (67, 110), (61, 111), (62, 111), (63, 111), (64, 111), (65, 111), (68, 111), (57, 112), (58, 112), (59, 112), (60, 112), (52, 113), (53, 113), (54, 113), (55, 113), (56, 113)]
[(82, 108), (83, 108), (77, 109), (78, 109), (79, 109), (80, 109), (81, 109), (84, 109), (73, 110), (74, 110), (75, 110), (76, 110), (68, 111), (69, 111), (70, 111), (71, 111), (72, 111), (83, 113)]
[(50, 112), (51, 112), (45, 113), (46, 113), (47, 113), (48, 113), (49, 113), (52, 113), (41, 114), (42, 114), (43, 114), (44, 114)]
