[(80, 26), (81, 26), (82, 26), (83, 26), (77, 27), (78, 27), (79, 27), (84, 27), (73, 28), (74, 28), (75, 28), (76, 28), (85, 28), (69, 29), (70, 29), (71, 29), (72, 29), (86, 29), (65, 30), (66, 30), (67, 30), (68, 30), (87, 30), (64, 33), (86, 33), (63, 37), (85, 37), (62, 41), (84, 41), (61, 44), (83, 44), (60, 48), (61, 48), (80, 48), (81, 48), (82, 48), (83, 48), (62, 49), (77, 49), (78, 49), (79, 49), (63, 50), (73, 50), (74, 50), (75, 50), (76, 50), (64, 51), (69, 51), (70, 51), (71, 51), (72, 51), (65, 52), (66, 52), (67, 52), (68, 52)]
[(102, 26), (103, 26), (104, 26), (105, 26), (99, 27), (100, 27), (101, 27), (106, 27), (95, 28), (96, 28), (97, 28), (98, 28), (107, 28), (91, 29), (92, 29), (93, 29), (94, 29), (108, 29), (87, 30), (88, 30), (89, 30), (90, 30), (109, 30), (86, 33), (108, 33), (85, 37), (107, 37), (84, 41), (106, 41), (83, 44), (105, 44), (82, 48), (83, 48), (102, 48), (103, 48), (104, 48), (105, 48), (84, 49), (99, 49), (100, 49), (101, 49), (85, 50), (95, 50), (96, 50), (97, 50), (98, 50), (86, 51), (91, 51), (92, 51), (93, 51), (94, 51), (87, 52), (88, 52), (89, 52), (90, 52)]
[(102, 48), (103, 48), (104, 48), (105, 48), (99, 49), (100, 49), (101, 49), (106, 49), (95, 50), (96, 50), (97, 50), (98, 50), (107, 50), (91, 51), (92, 51), (93, 51), (94, 51), (108, 51), (87, 52), (88, 52), (89, 52), (90, 52), (109, 52), (86, 55), (108, 55), (85, 59), (107, 59), (84, 63), (106, 63), (83, 66), (105, 66), (82, 70), (83, 70), (102, 70), (103, 70), (104, 70), (105, 70), (84, 71), (99, 71), (100, 71), (101, 71), (85, 72), (95, 72), (96, 72), (97, 72), (98, 72), (86, 73), (91, 73), (92, 73), (93, 73), (94, 73), (87, 74), (88, 74), (89, 74), (90, 74)]
[(113, 51), (114, 51), (109, 52), (110, 52), (111, 52), (112, 52), (108, 55), (107, 59), (106, 63), (105, 66), (104, 70), (105, 70), (106, 71), (107, 72), (108, 73), (113, 73), (114, 73), (109, 74), (110, 74), (111, 74), (112, 74)]
[(113, 73), (114, 73), (109, 74), (110, 74), (111, 74), (112, 74), (108, 77), (107, 81), (106, 85), (105, 88), (104, 92), (105, 92), (106, 93), (107, 94), (108, 95), (113, 95), (114, 95), (109, 96), (110, 96), (111, 96), (112, 96)]
[(36, 26), (37, 26), (38, 26), (39, 26), (33, 27), (34, 27), (35, 27), (40, 27), (29, 28), (30, 28), (31, 28), (32, 28), (41, 28), (25, 29), (26, 29), (27, 29), (28, 29), (42, 29), (21, 30), (22, 30), (23, 30), (24, 30), (43, 30), (20, 33), (42, 33), (19, 37), (41, 37), (18, 41), (40, 41), (17, 44), (39, 44), (16, 48), (17, 48), (36, 48), (37, 48), (38, 48), (39, 48), (18, 49), (33, 49), (34, 49), (35, 49), (19, 50), (29, 50), (30, 50), (31, 50), (32, 50), (20, 51), (25, 51), (26, 51), (27, 51), (28, 51), (21, 52), (22, 52), (23, 52), (24, 52)]
[(58, 26), (59, 26), (60, 26), (61, 26), (55, 27), (56, 27), (57, 27), (62, 27), (51, 28), (52, 28), (53, 28), (54, 28), (63, 28), (47, 29), (48, 29), (49, 29), (50, 29), (64, 29), (43, 30), (44, 30), (45, 30), (46, 30), (65, 30), (42, 33), (64, 33), (41, 37), (63, 37), (40, 41), (62, 41), (39, 44), (61, 44), (38, 48), (39, 48), (58, 48), (59, 48), (60, 48), (61, 48), (40, 49), (55, 49), (56, 49), (57, 49), (41, 50), (51, 50), (52, 50), (53, 50), (54, 50), (42, 51), (47, 51), (48, 51), (49, 51), (50, 51), (43, 52), (44, 52), (45, 52), (46, 52)]
[(58, 48), (59, 48), (60, 48), (61, 48), (55, 49), (56, 49), (57, 49), (62, 49), (51, 50), (52, 50), (53, 50), (54, 50), (63, 50), (47, 51), (48, 51), (49, 51), (50, 51), (64, 51), (43, 52), (44, 52), (45, 52), (46, 52), (65, 52), (42, 55), (64, 55), (41, 59), (63, 59), (40, 63), (62, 63), (39, 66), (61, 66), (38, 70), (39, 70), (58, 70), (59, 70), (60, 70), (61, 70), (40, 71), (55, 71), (56, 71), (57, 71), (41, 72), (51, 72), (52, 72), (53, 72), (54, 72), (42, 73), (47, 73), (48, 73), (49, 73), (50, 73), (43, 74), (44, 74), (45, 74), (46, 74)]
[(80, 48), (81, 48), (82, 48), (83, 48), (77, 49), (78, 49), (79, 49), (84, 49), (73, 50), (74, 50), (75, 50), (76, 50), (85, 50), (69, 51), (70, 51), (71, 51), (72, 51), (86, 51), (65, 52), (66, 52), (67, 52), (68, 52), (87, 52), (64, 55), (86, 55), (63, 59), (85, 59), (62, 63), (84, 63), (61, 66), (83, 66), (60, 70), (61, 70), (80, 70), (81, 70), (82, 70), (83, 70), (62, 71), (77, 71), (78, 71), (79, 71), (63, 72), (73, 72), (74, 72), (75, 72), (76, 72), (64, 73), (69, 73), (70, 73), (71, 73), (72, 73), (65, 74), (66, 74), (67, 74), (68, 74)]
[(80, 70), (81, 70), (82, 70), (83, 70), (77, 71), (78, 71), (79, 71), (84, 71), (73, 72), (74, 72), (75, 72), (76, 72), (85, 72), (69, 73), (70, 73), (71, 73), (72, 73), (86, 73), (65, 74), (66, 74), (67, 74), (68, 74), (87, 74), (64, 77), (86, 77), (63, 81), (85, 81), (62, 85), (84, 85), (61, 88), (83, 88), (60, 92), (61, 92), (80, 92), (81, 92), (82, 92), (83, 92), (62, 93), (77, 93), (78, 93), (79, 93), (63, 94), (73, 94), (74, 94), (75, 94), (76, 94), (64, 95), (69, 95), (70, 95), (71, 95), (72, 95), (65, 96), (66, 96), (67, 96), (68, 96)]
[(102, 70), (103, 70), (104, 70), (105, 70), (99, 71), (100, 71), (101, 71), (106, 71), (95, 72), (96, 72), (97, 72), (98, 72), (107, 72), (91, 73), (92, 73), (93, 73), (94, 73), (108, 73), (87, 74), (88, 74), (89, 74), (90, 74), (109, 74), (86, 77), (108, 77), (85, 81), (107, 81), (84, 85), (106, 85), (83, 88), (105, 88), (82, 92), (83, 92), (102, 92), (103, 92), (104, 92), (105, 92), (84, 93), (99, 93), (100, 93), (101, 93), (85, 94), (95, 94), (96, 94), (97, 94), (98, 94), (86, 95), (91, 95), (92, 95), (93, 95), (94, 95), (87, 96), (88, 96), (89, 96), (90, 96)]
[(102, 92), (103, 92), (104, 92), (105, 92), (99, 93), (100, 93), (101, 93), (106, 93), (95, 94), (96, 94), (97, 94), (98, 94), (107, 94), (91, 95), (92, 95), (93, 95), (94, 95), (108, 95), (87, 96), (88, 96), (89, 96), (90, 96), (109, 96), (86, 99), (108, 99), (85, 103), (107, 103), (84, 107), (106, 107), (83, 110), (105, 110), (82, 114), (83, 114), (102, 114), (103, 114), (104, 114), (105, 114)]
[(113, 95), (114, 95), (109, 96), (110, 96), (111, 96), (112, 96), (108, 99), (107, 103), (106, 107), (105, 110), (104, 114), (105, 114)]
[(14, 48), (15, 48), (16, 48), (17, 48), (11, 49), (12, 49), (13, 49), (18, 49), (7, 50), (8, 50), (9, 50), (10, 50), (19, 50), (3, 51), (4, 51), (5, 51), (6, 51), (20, 51), (0, 52), (1, 52), (2, 52), (21, 52), (20, 55), (19, 59), (18, 63), (17, 66), (14, 70), (15, 70), (16, 70), (17, 70), (11, 71), (12, 71), (13, 71), (7, 72), (8, 72), (9, 72), (10, 72), (3, 73), (4, 73), (5, 73), (6, 73), (0, 74), (1, 74), (2, 74)]
[(36, 48), (37, 48), (38, 48), (39, 48), (33, 49), (34, 49), (35, 49), (40, 49), (29, 50), (30, 50), (31, 50), (32, 50), (41, 50), (25, 51), (26, 51), (27, 51), (28, 51), (42, 51), (21, 52), (22, 52), (23, 52), (24, 52), (43, 52), (20, 55), (42, 55), (19, 59), (41, 59), (18, 63), (40, 63), (17, 66), (39, 66), (16, 70), (17, 70), (36, 70), (37, 70), (38, 70), (39, 70), (18, 71), (33, 71), (34, 71), (35, 71), (19, 72), (29, 72), (30, 72), (31, 72), (32, 72), (20, 73), (25, 73), (26, 73), (27, 73), (28, 73), (21, 74), (22, 74), (23, 74), (24, 74)]
[(36, 70), (37, 70), (38, 70), (39, 70), (33, 71), (34, 71), (35, 71), (40, 71), (29, 72), (30, 72), (31, 72), (32, 72), (41, 72), (25, 73), (26, 73), (27, 73), (28, 73), (42, 73), (21, 74), (22, 74), (23, 74), (24, 74), (43, 74), (20, 77), (42, 77), (19, 81), (41, 81), (18, 85), (40, 85), (17, 88), (39, 88), (16, 92), (17, 92), (36, 92), (37, 92), (38, 92), (39, 92), (18, 93), (33, 93), (34, 93), (35, 93), (19, 94), (29, 94), (30, 94), (31, 94), (32, 94), (20, 95), (25, 95), (26, 95), (27, 95), (28, 95), (21, 96), (22, 96), (23, 96), (24, 96)]
[(58, 70), (59, 70), (60, 70), (61, 70), (55, 71), (56, 71), (57, 71), (62, 71), (51, 72), (52, 72), (53, 72), (54, 72), (63, 72), (47, 73), (48, 73), (49, 73), (50, 73), (64, 73), (43, 74), (44, 74), (45, 74), (46, 74), (65, 74), (42, 77), (64, 77), (41, 81), (63, 81), (40, 85), (62, 85), (39, 88), (61, 88), (38, 92), (39, 92), (58, 92), (59, 92), (60, 92), (61, 92), (40, 93), (55, 93), (56, 93), (57, 93), (41, 94), (51, 94), (52, 94), (53, 94), (54, 94), (42, 95), (47, 95), (48, 95), (49, 95), (50, 95), (43, 96), (44, 96), (45, 96), (46, 96)]
[(58, 92), (59, 92), (60, 92), (61, 92), (55, 93), (56, 93), (57, 93), (62, 93), (51, 94), (52, 94), (53, 94), (54, 94), (63, 94), (47, 95), (48, 95), (49, 95), (50, 95), (64, 95), (43, 96), (44, 96), (45, 96), (46, 96), (65, 96), (42, 99), (64, 99), (41, 103), (63, 103), (40, 107), (62, 107), (39, 110), (61, 110), (38, 114), (39, 114), (58, 114), (59, 114), (60, 114), (61, 114)]
[(80, 92), (81, 92), (82, 92), (83, 92), (77, 93), (78, 93), (79, 93), (84, 93), (73, 94), (74, 94), (75, 94), (76, 94), (85, 94), (69, 95), (70, 95), (71, 95), (72, 95), (86, 95), (65, 96), (66, 96), (67, 96), (68, 96), (87, 96), (64, 99), (86, 99), (63, 103), (85, 103), (62, 107), (84, 107), (61, 110), (83, 110), (60, 114), (61, 114), (80, 114), (81, 114), (82, 114), (83, 114)]
[(80, 114), (81, 114), (82, 114), (83, 114)]
[(102, 114), (103, 114), (104, 114), (105, 114)]
[(14, 70), (15, 70), (16, 70), (17, 70), (11, 71), (12, 71), (13, 71), (18, 71), (7, 72), (8, 72), (9, 72), (10, 72), (19, 72), (3, 73), (4, 73), (5, 73), (6, 73), (20, 73), (0, 74), (1, 74), (2, 74), (21, 74), (20, 77), (19, 81), (18, 85), (17, 88), (14, 92), (15, 92), (16, 92), (17, 92), (11, 93), (12, 93), (13, 93), (7, 94), (8, 94), (9, 94), (10, 94), (3, 95), (4, 95), (5, 95), (6, 95), (0, 96), (1, 96), (2, 96)]
[(14, 92), (15, 92), (16, 92), (17, 92), (11, 93), (12, 93), (13, 93), (18, 93), (7, 94), (8, 94), (9, 94), (10, 94), (19, 94), (3, 95), (4, 95), (5, 95), (6, 95), (20, 95), (0, 96), (1, 96), (2, 96), (21, 96), (20, 99), (19, 103), (18, 107), (17, 110), (14, 114), (15, 114), (16, 114), (17, 114)]
[(36, 92), (37, 92), (38, 92), (39, 92), (33, 93), (34, 93), (35, 93), (40, 93), (29, 94), (30, 94), (31, 94), (32, 94), (41, 94), (25, 95), (26, 95), (27, 95), (28, 95), (42, 95), (21, 96), (22, 96), (23, 96), (24, 96), (43, 96), (20, 99), (42, 99), (19, 103), (41, 103), (18, 107), (40, 107), (17, 110), (39, 110), (16, 114), (17, 114), (36, 114), (37, 114), (38, 114), (39, 114)]
[(36, 114), (37, 114), (38, 114), (39, 114)]
[(58, 114), (59, 114), (60, 114), (61, 114)]
[(14, 114), (15, 114), (16, 114), (17, 114)]
