[(114, 35), (111, 36), (112, 36), (113, 36), (109, 37), (110, 37), (106, 38), (107, 38), (108, 38), (105, 40), (104, 42), (103, 45), (102, 47), (101, 50), (100, 52), (99, 54), (98, 57), (97, 59), (96, 62), (95, 64), (94, 66), (94, 68), (95, 69), (96, 70), (97, 71), (98, 72), (99, 73), (100, 74), (101, 75), (102, 76), (103, 77), (104, 78), (105, 79), (112, 79), (113, 79), (114, 79), (106, 80), (110, 80), (111, 80), (107, 81), (108, 81), (109, 81)]
[(49, 24), (50, 24), (47, 25), (48, 25), (51, 25), (44, 26), (45, 26), (46, 26), (52, 26), (42, 27), (43, 27), (53, 27), (40, 28), (41, 28), (54, 28), (37, 29), (38, 29), (39, 29), (55, 29), (35, 30), (36, 30), (56, 30), (32, 31), (33, 31), (34, 31), (57, 31), (30, 32), (31, 32), (58, 32), (28, 33), (29, 33), (59, 33), (25, 34), (26, 34), (27, 34), (60, 34), (23, 35), (24, 35), (61, 35), (20, 36), (21, 36), (22, 36), (62, 36), (63, 37), (19, 38), (62, 39), (18, 40), (61, 41), (17, 43), (60, 44), (16, 45), (59, 46), (15, 48), (58, 49), (14, 50), (57, 51), (13, 52), (56, 53), (12, 55), (55, 56), (11, 57), (54, 58), (10, 60), (53, 61), (9, 62), (52, 63), (8, 64), (51, 65), (8, 66), (9, 67), (50, 67), (51, 67), (10, 68), (48, 68), (49, 68), (11, 69), (45, 69), (46, 69), (47, 69), (12, 70), (43, 70), (44, 70), (13, 71), (41, 71), (42, 71), (14, 72), (38, 72), (39, 72), (40, 72), (15, 73), (36, 73), (37, 73), (16, 74), (33, 74), (34, 74), (35, 74), (17, 75), (31, 75), (32, 75), (18, 76), (29, 76), (30, 76), (19, 77), (26, 77), (27, 77), (28, 77), (20, 78), (24, 78), (25, 78), (21, 79), (22, 79), (23, 79)]
[(92, 25), (93, 25), (90, 26), (91, 26), (94, 26), (87, 27), (88, 27), (89, 27), (95, 27), (85, 28), (86, 28), (96, 28), (83, 29), (84, 29), (97, 29), (80, 30), (81, 30), (82, 30), (98, 30), (78, 31), (79, 31), (99, 31), (75, 32), (76, 32), (77, 32), (100, 32), (73, 33), (74, 33), (101, 33), (71, 34), (72, 34), (102, 34), (68, 35), (69, 35), (70, 35), (103, 35), (66, 36), (67, 36), (104, 36), (63, 37), (64, 37), (65, 37), (105, 37), (106, 38), (62, 39), (105, 40), (61, 41), (104, 42), (60, 44), (103, 45), (59, 46), (102, 47), (58, 49), (101, 50), (57, 51), (100, 52), (56, 53), (99, 54), (55, 56), (98, 57), (54, 58), (97, 59), (53, 61), (96, 62), (52, 63), (95, 64), (51, 65), (94, 66), (51, 67), (52, 68), (93, 68), (94, 68), (53, 69), (91, 69), (92, 69), (54, 70), (88, 70), (89, 70), (90, 70), (55, 71), (86, 71), (87, 71), (56, 72), (84, 72), (85, 72), (57, 73), (81, 73), (82, 73), (83, 73), (58, 74), (79, 74), (80, 74), (59, 75), (76, 75), (77, 75), (78, 75), (60, 76), (74, 76), (75, 76), (61, 77), (72, 77), (73, 77), (62, 78), (69, 78), (70, 78), (71, 78), (63, 79), (67, 79), (68, 79), (64, 80), (65, 80), (66, 80)]
[(93, 68), (94, 68), (91, 69), (92, 69), (95, 69), (88, 70), (89, 70), (90, 70), (96, 70), (86, 71), (87, 71), (97, 71), (84, 72), (85, 72), (98, 72), (81, 73), (82, 73), (83, 73), (99, 73), (79, 74), (80, 74), (100, 74), (76, 75), (77, 75), (78, 75), (101, 75), (74, 76), (75, 76), (102, 76), (72, 77), (73, 77), (103, 77), (69, 78), (70, 78), (71, 78), (104, 78), (67, 79), (68, 79), (105, 79), (64, 80), (65, 80), (66, 80), (106, 80), (107, 81), (63, 82), (106, 83), (62, 84), (105, 85), (61, 87), (104, 88), (60, 89), (103, 90), (59, 92), (102, 93), (58, 94), (101, 95), (57, 96), (100, 97), (56, 99), (99, 100), (55, 101), (98, 102), (54, 104), (97, 105), (53, 106), (96, 107), (52, 108), (95, 109), (52, 110), (53, 111), (94, 111), (95, 111), (54, 112), (92, 112), (93, 112), (55, 113), (89, 113), (90, 113), (91, 113), (56, 114), (87, 114), (88, 114)]
[(112, 79), (113, 79), (114, 79), (110, 80), (111, 80), (107, 81), (108, 81), (109, 81), (106, 83), (105, 85), (104, 88), (103, 90), (102, 93), (101, 95), (100, 97), (99, 100), (98, 102), (97, 105), (96, 107), (95, 109), (95, 111), (96, 112), (97, 113), (98, 114)]
[(7, 66), (8, 66), (5, 67), (6, 67), (9, 67), (2, 68), (3, 68), (4, 68), (10, 68), (0, 69), (1, 69), (11, 69), (12, 70), (13, 71), (14, 72), (15, 73), (16, 74), (17, 75), (18, 76), (19, 77), (20, 78), (21, 79), (20, 81), (19, 83), (18, 86), (17, 88), (16, 91), (15, 93), (14, 95), (13, 98), (12, 100), (11, 103), (10, 105), (9, 107), (8, 109), (9, 109), (6, 110), (7, 110), (3, 111), (4, 111), (5, 111), (1, 112), (2, 112), (0, 113)]
[(50, 67), (51, 67), (48, 68), (49, 68), (52, 68), (45, 69), (46, 69), (47, 69), (53, 69), (43, 70), (44, 70), (54, 70), (41, 71), (42, 71), (55, 71), (38, 72), (39, 72), (40, 72), (56, 72), (36, 73), (37, 73), (57, 73), (33, 74), (34, 74), (35, 74), (58, 74), (31, 75), (32, 75), (59, 75), (29, 76), (30, 76), (60, 76), (26, 77), (27, 77), (28, 77), (61, 77), (24, 78), (25, 78), (62, 78), (21, 79), (22, 79), (23, 79), (63, 79), (64, 80), (20, 81), (63, 82), (19, 83), (62, 84), (18, 86), (61, 87), (17, 88), (60, 89), (16, 91), (59, 92), (15, 93), (58, 94), (14, 95), (57, 96), (13, 98), (56, 99), (12, 100), (55, 101), (11, 103), (54, 104), (10, 105), (53, 106), (9, 107), (52, 108), (9, 109), (10, 110), (51, 110), (52, 110), (11, 111), (49, 111), (50, 111), (12, 112), (46, 112), (47, 112), (48, 112), (13, 113), (44, 113), (45, 113), (14, 114), (42, 114), (43, 114)]
[(51, 110), (52, 110), (49, 111), (50, 111), (53, 111), (46, 112), (47, 112), (48, 112), (54, 112), (44, 113), (45, 113), (55, 113), (42, 114), (43, 114), (56, 114)]
[(94, 111), (95, 111), (92, 112), (93, 112), (96, 112), (89, 113), (90, 113), (91, 113), (97, 113), (87, 114), (88, 114), (98, 114)]
[(8, 109), (9, 109), (6, 110), (7, 110), (10, 110), (3, 111), (4, 111), (5, 111), (11, 111), (1, 112), (2, 112), (12, 112), (0, 113), (13, 113), (14, 114)]
