[(112, 8), (110, 9), (111, 9), (113, 9), (108, 10), (109, 10), (114, 10), (105, 11), (106, 11), (107, 11), (103, 12), (104, 12), (101, 13), (102, 13), (98, 14), (99, 14), (100, 14), (96, 15), (97, 15), (94, 16), (95, 16), (91, 17), (92, 17), (93, 17), (90, 19), (89, 21), (88, 24), (87, 26), (114, 26), (86, 28), (113, 29), (85, 31), (112, 31), (84, 33), (111, 33), (83, 35), (110, 36), (108, 37), (109, 37), (82, 38), (106, 38), (107, 38), (83, 39), (103, 39), (104, 39), (105, 39), (84, 40), (101, 40), (102, 40), (85, 41), (99, 41), (100, 41), (86, 42), (96, 42), (97, 42), (98, 42), (87, 43), (94, 43), (95, 43), (88, 44), (92, 44), (93, 44), (89, 45), (90, 45), (91, 45)]
[(114, 26), (113, 29), (112, 31), (111, 33), (110, 36), (111, 37), (112, 38), (113, 39), (114, 40)]
[(114, 50), (113, 52), (112, 54), (111, 57), (110, 59), (109, 61), (108, 64), (109, 65), (110, 66), (111, 67), (112, 68), (113, 69), (114, 70)]
[(56, 12), (54, 13), (55, 13), (57, 13), (52, 14), (53, 14), (58, 14), (49, 15), (50, 15), (51, 15), (59, 15), (47, 16), (48, 16), (60, 16), (45, 17), (46, 17), (61, 17), (42, 18), (43, 18), (44, 18), (62, 18), (40, 19), (41, 19), (63, 19), (38, 20), (39, 20), (35, 21), (36, 21), (37, 21), (62, 21), (34, 23), (61, 23), (33, 25), (60, 26), (32, 28), (59, 28), (31, 30), (58, 30), (30, 32), (57, 33), (29, 35), (56, 35), (28, 37), (55, 37), (27, 39), (54, 40), (52, 41), (53, 41), (26, 42), (50, 42), (51, 42), (27, 43), (47, 43), (48, 43), (49, 43), (28, 44), (45, 44), (46, 44), (29, 45), (43, 45), (44, 45), (30, 46), (40, 46), (41, 46), (42, 46), (31, 47), (38, 47), (39, 47), (32, 48), (36, 48), (37, 48), (33, 49), (34, 49), (35, 49)]
[(84, 10), (82, 11), (83, 11), (85, 11), (80, 12), (81, 12), (86, 12), (77, 13), (78, 13), (79, 13), (87, 13), (75, 14), (76, 14), (88, 14), (73, 15), (74, 15), (89, 15), (70, 16), (71, 16), (72, 16), (90, 16), (68, 17), (69, 17), (91, 17), (66, 18), (67, 18), (63, 19), (64, 19), (65, 19), (90, 19), (62, 21), (89, 21), (61, 23), (88, 24), (60, 26), (87, 26), (59, 28), (86, 28), (58, 30), (85, 31), (57, 33), (84, 33), (56, 35), (83, 35), (55, 37), (82, 38), (80, 39), (81, 39), (54, 40), (78, 40), (79, 40), (55, 41), (75, 41), (76, 41), (77, 41), (56, 42), (73, 42), (74, 42), (57, 43), (71, 43), (72, 43), (58, 44), (68, 44), (69, 44), (70, 44), (59, 45), (66, 45), (67, 45), (60, 46), (64, 46), (65, 46), (61, 47), (62, 47), (63, 47)]
[(82, 38), (80, 39), (81, 39), (83, 39), (78, 40), (79, 40), (84, 40), (75, 41), (76, 41), (77, 41), (85, 41), (73, 42), (74, 42), (86, 42), (71, 43), (72, 43), (87, 43), (68, 44), (69, 44), (70, 44), (88, 44), (66, 45), (67, 45), (89, 45), (64, 46), (65, 46), (61, 47), (62, 47), (63, 47), (88, 47), (60, 49), (87, 49), (59, 51), (86, 52), (58, 54), (85, 54), (57, 56), (84, 56), (56, 58), (83, 59), (55, 61), (82, 61), (54, 63), (81, 63), (53, 65), (80, 66), (78, 67), (79, 67), (52, 68), (76, 68), (77, 68), (53, 69), (73, 69), (74, 69), (75, 69), (54, 70), (71, 70), (72, 70), (55, 71), (69, 71), (70, 71), (56, 72), (66, 72), (67, 72), (68, 72), (57, 73), (64, 73), (65, 73), (58, 74), (62, 74), (63, 74), (59, 75), (60, 75), (61, 75)]
[(110, 36), (108, 37), (109, 37), (111, 37), (106, 38), (107, 38), (112, 38), (103, 39), (104, 39), (105, 39), (113, 39), (101, 40), (102, 40), (114, 40), (99, 41), (100, 41), (96, 42), (97, 42), (98, 42), (94, 43), (95, 43), (92, 44), (93, 44), (89, 45), (90, 45), (91, 45), (88, 47), (87, 49), (114, 50), (86, 52), (113, 52), (85, 54), (112, 54), (84, 56), (111, 57), (83, 59), (110, 59), (82, 61), (109, 61), (81, 63), (108, 64), (106, 65), (107, 65), (80, 66), (104, 66), (105, 66), (81, 67), (101, 67), (102, 67), (103, 67), (82, 68), (99, 68), (100, 68), (83, 69), (97, 69), (98, 69), (84, 70), (94, 70), (95, 70), (96, 70), (85, 71), (92, 71), (93, 71), (86, 72), (90, 72), (91, 72), (87, 73), (88, 73), (89, 73)]
[(108, 64), (106, 65), (107, 65), (109, 65), (104, 66), (105, 66), (110, 66), (101, 67), (102, 67), (103, 67), (111, 67), (99, 68), (100, 68), (112, 68), (97, 69), (98, 69), (113, 69), (94, 70), (95, 70), (96, 70), (114, 70), (92, 71), (93, 71), (90, 72), (91, 72), (87, 73), (88, 73), (89, 73), (114, 73), (86, 75), (113, 75), (85, 77), (112, 78), (84, 80), (111, 80), (83, 82), (110, 82), (82, 84), (109, 85), (81, 87), (108, 87), (80, 89), (107, 89), (79, 91), (106, 92), (104, 93), (105, 93), (78, 94), (102, 94), (103, 94), (79, 95), (99, 95), (100, 95), (101, 95), (80, 96), (97, 96), (98, 96), (81, 97), (95, 97), (96, 97), (82, 98), (92, 98), (93, 98), (94, 98), (83, 99), (90, 99), (91, 99), (84, 100), (88, 100), (89, 100), (85, 101), (86, 101), (87, 101)]
[(114, 73), (113, 75), (112, 78), (111, 80), (110, 82), (109, 85), (108, 87), (107, 89), (106, 92), (107, 93), (108, 94), (109, 95), (110, 96), (111, 97), (112, 98), (113, 99), (114, 99)]
[(113, 99), (114, 99), (112, 101), (111, 103), (110, 106), (109, 108), (108, 110), (107, 113)]
[(26, 42), (24, 43), (25, 43), (27, 43), (22, 44), (23, 44), (28, 44), (19, 45), (20, 45), (21, 45), (29, 45), (17, 46), (18, 46), (30, 46), (15, 47), (16, 47), (31, 47), (12, 48), (13, 48), (14, 48), (32, 48), (10, 49), (11, 49), (33, 49), (8, 50), (9, 50), (5, 51), (6, 51), (7, 51), (32, 51), (4, 53), (31, 53), (3, 55), (30, 56), (2, 58), (29, 58), (1, 60), (28, 60), (0, 62), (27, 63), (26, 65), (25, 67), (24, 70), (22, 71), (23, 71), (20, 72), (21, 72), (17, 73), (18, 73), (19, 73), (15, 74), (16, 74), (13, 75), (14, 75), (0, 76), (10, 76), (11, 76), (12, 76), (1, 77), (8, 77), (9, 77), (2, 78), (6, 78), (7, 78), (3, 79), (4, 79), (5, 79)]
[(54, 40), (52, 41), (53, 41), (55, 41), (50, 42), (51, 42), (56, 42), (47, 43), (48, 43), (49, 43), (57, 43), (45, 44), (46, 44), (58, 44), (43, 45), (44, 45), (59, 45), (40, 46), (41, 46), (42, 46), (60, 46), (38, 47), (39, 47), (61, 47), (36, 48), (37, 48), (33, 49), (34, 49), (35, 49), (60, 49), (32, 51), (59, 51), (31, 53), (58, 54), (30, 56), (57, 56), (29, 58), (56, 58), (28, 60), (55, 61), (27, 63), (54, 63), (26, 65), (53, 65), (25, 67), (52, 68), (50, 69), (51, 69), (24, 70), (48, 70), (49, 70), (25, 71), (45, 71), (46, 71), (47, 71), (26, 72), (43, 72), (44, 72), (27, 73), (41, 73), (42, 73), (28, 74), (38, 74), (39, 74), (40, 74), (29, 75), (36, 75), (37, 75), (30, 76), (34, 76), (35, 76), (31, 77), (32, 77), (33, 77)]
[(52, 68), (50, 69), (51, 69), (53, 69), (48, 70), (49, 70), (54, 70), (45, 71), (46, 71), (47, 71), (55, 71), (43, 72), (44, 72), (56, 72), (41, 73), (42, 73), (57, 73), (38, 74), (39, 74), (40, 74), (58, 74), (36, 75), (37, 75), (59, 75), (34, 76), (35, 76), (31, 77), (32, 77), (33, 77), (58, 77), (30, 79), (57, 79), (29, 81), (56, 82), (28, 84), (55, 84), (27, 86), (54, 86), (26, 88), (53, 89), (25, 91), (52, 91), (24, 93), (51, 93), (23, 95), (50, 96), (48, 97), (49, 97), (22, 98), (46, 98), (47, 98), (23, 99), (43, 99), (44, 99), (45, 99), (24, 100), (41, 100), (42, 100), (25, 101), (39, 101), (40, 101), (26, 102), (36, 102), (37, 102), (38, 102), (27, 103), (34, 103), (35, 103), (28, 104), (32, 104), (33, 104), (29, 105), (30, 105), (31, 105)]
[(80, 66), (78, 67), (79, 67), (81, 67), (76, 68), (77, 68), (82, 68), (73, 69), (74, 69), (75, 69), (83, 69), (71, 70), (72, 70), (84, 70), (69, 71), (70, 71), (85, 71), (66, 72), (67, 72), (68, 72), (86, 72), (64, 73), (65, 73), (87, 73), (62, 74), (63, 74), (59, 75), (60, 75), (61, 75), (86, 75), (58, 77), (85, 77), (57, 79), (84, 80), (56, 82), (83, 82), (55, 84), (82, 84), (54, 86), (81, 87), (53, 89), (80, 89), (52, 91), (79, 91), (51, 93), (78, 94), (76, 95), (77, 95), (50, 96), (74, 96), (75, 96), (51, 97), (71, 97), (72, 97), (73, 97), (52, 98), (69, 98), (70, 98), (53, 99), (67, 99), (68, 99), (54, 100), (64, 100), (65, 100), (66, 100), (55, 101), (62, 101), (63, 101), (56, 102), (60, 102), (61, 102), (57, 103), (58, 103), (59, 103)]
[(78, 94), (76, 95), (77, 95), (79, 95), (74, 96), (75, 96), (80, 96), (71, 97), (72, 97), (73, 97), (81, 97), (69, 98), (70, 98), (82, 98), (67, 99), (68, 99), (83, 99), (64, 100), (65, 100), (66, 100), (84, 100), (62, 101), (63, 101), (85, 101), (60, 102), (61, 102), (57, 103), (58, 103), (59, 103), (84, 103), (56, 105), (83, 105), (55, 107), (82, 108), (54, 110), (81, 110), (53, 112), (80, 112), (52, 114)]
[(106, 92), (104, 93), (105, 93), (107, 93), (102, 94), (103, 94), (108, 94), (99, 95), (100, 95), (101, 95), (109, 95), (97, 96), (98, 96), (110, 96), (95, 97), (96, 97), (111, 97), (92, 98), (93, 98), (94, 98), (112, 98), (90, 99), (91, 99), (113, 99), (88, 100), (89, 100), (85, 101), (86, 101), (87, 101), (112, 101), (84, 103), (111, 103), (83, 105), (110, 106), (82, 108), (109, 108), (81, 110), (108, 110), (80, 112), (107, 113)]
[(24, 70), (22, 71), (23, 71), (25, 71), (20, 72), (21, 72), (26, 72), (17, 73), (18, 73), (19, 73), (27, 73), (15, 74), (16, 74), (28, 74), (13, 75), (14, 75), (29, 75), (10, 76), (11, 76), (12, 76), (30, 76), (8, 77), (9, 77), (31, 77), (6, 78), (7, 78), (3, 79), (4, 79), (5, 79), (30, 79), (2, 81), (29, 81), (1, 83), (28, 84), (0, 86), (27, 86), (26, 88), (25, 91), (24, 93), (23, 95), (22, 98), (20, 99), (21, 99), (18, 100), (19, 100), (15, 101), (16, 101), (17, 101), (13, 102), (14, 102), (11, 103), (12, 103), (8, 104), (9, 104), (10, 104), (6, 105), (7, 105), (0, 106), (4, 106), (5, 106), (1, 107), (2, 107), (3, 107)]
[(22, 98), (20, 99), (21, 99), (23, 99), (18, 100), (19, 100), (24, 100), (15, 101), (16, 101), (17, 101), (25, 101), (13, 102), (14, 102), (26, 102), (11, 103), (12, 103), (27, 103), (8, 104), (9, 104), (10, 104), (28, 104), (6, 105), (7, 105), (29, 105), (4, 106), (5, 106), (1, 107), (2, 107), (3, 107), (28, 107), (0, 109), (27, 109), (26, 112), (25, 114)]
[(50, 96), (48, 97), (49, 97), (51, 97), (46, 98), (47, 98), (52, 98), (43, 99), (44, 99), (45, 99), (53, 99), (41, 100), (42, 100), (54, 100), (39, 101), (40, 101), (55, 101), (36, 102), (37, 102), (38, 102), (56, 102), (34, 103), (35, 103), (57, 103), (32, 104), (33, 104), (29, 105), (30, 105), (31, 105), (56, 105), (28, 107), (55, 107), (27, 109), (54, 110), (26, 112), (53, 112), (25, 114), (52, 114)]
