[(103, 19), (104, 19), (105, 19), (99, 20), (100, 20), (101, 20), (102, 20), (106, 20), (96, 21), (97, 21), (98, 21), (107, 21), (92, 22), (93, 22), (94, 22), (95, 22), (108, 22), (88, 23), (89, 23), (90, 23), (91, 23), (107, 25), (87, 26), (106, 29), (86, 30), (105, 32), (85, 33), (104, 36), (84, 37), (102, 39), (103, 39), (104, 39), (84, 40), (98, 40), (99, 40), (100, 40), (101, 40), (85, 41), (95, 41), (96, 41), (97, 41), (86, 42), (91, 42), (92, 42), (93, 42), (94, 42), (87, 43), (88, 43), (89, 43), (90, 43)]
[(112, 21), (113, 21), (114, 21), (108, 22), (109, 22), (110, 22), (111, 22), (107, 25), (106, 29), (105, 32), (104, 36), (104, 39), (105, 40), (106, 41), (111, 41), (112, 41), (113, 41), (114, 41), (107, 42), (108, 42), (109, 42), (110, 42)]
[(111, 41), (112, 41), (113, 41), (114, 41), (107, 42), (108, 42), (109, 42), (110, 42), (106, 45), (105, 49), (104, 52), (103, 56), (103, 59), (104, 60), (114, 60), (105, 61), (110, 61), (111, 61), (112, 61), (113, 61), (106, 62), (107, 62), (108, 62), (109, 62)]
[(63, 21), (64, 21), (65, 21), (59, 22), (60, 22), (61, 22), (62, 22), (66, 22), (56, 23), (57, 23), (58, 23), (67, 23), (52, 24), (53, 24), (54, 24), (55, 24), (68, 24), (48, 25), (49, 25), (50, 25), (51, 25), (67, 27), (47, 28), (66, 31), (46, 32), (65, 34), (45, 35), (64, 38), (44, 39), (62, 41), (63, 41), (64, 41), (44, 42), (58, 42), (59, 42), (60, 42), (61, 42), (45, 43), (55, 43), (56, 43), (57, 43), (46, 44), (51, 44), (52, 44), (53, 44), (54, 44), (47, 45), (48, 45), (49, 45), (50, 45)]
[(83, 20), (84, 20), (85, 20), (79, 21), (80, 21), (81, 21), (82, 21), (86, 21), (76, 22), (77, 22), (78, 22), (87, 22), (72, 23), (73, 23), (74, 23), (75, 23), (88, 23), (68, 24), (69, 24), (70, 24), (71, 24), (87, 26), (67, 27), (86, 30), (66, 31), (85, 33), (65, 34), (84, 37), (64, 38), (82, 40), (83, 40), (84, 40), (64, 41), (78, 41), (79, 41), (80, 41), (81, 41), (65, 42), (75, 42), (76, 42), (77, 42), (66, 43), (71, 43), (72, 43), (73, 43), (74, 43), (67, 44), (68, 44), (69, 44), (70, 44)]
[(82, 40), (83, 40), (84, 40), (78, 41), (79, 41), (80, 41), (81, 41), (85, 41), (75, 42), (76, 42), (77, 42), (86, 42), (71, 43), (72, 43), (73, 43), (74, 43), (87, 43), (67, 44), (68, 44), (69, 44), (70, 44), (86, 46), (66, 47), (85, 50), (65, 51), (84, 53), (64, 54), (83, 57), (63, 58), (81, 60), (82, 60), (83, 60), (63, 61), (77, 61), (78, 61), (79, 61), (80, 61), (64, 62), (74, 62), (75, 62), (76, 62), (65, 63), (70, 63), (71, 63), (72, 63), (73, 63), (66, 64), (67, 64), (68, 64), (69, 64)]
[(102, 39), (103, 39), (104, 39), (98, 40), (99, 40), (100, 40), (101, 40), (105, 40), (95, 41), (96, 41), (97, 41), (106, 41), (91, 42), (92, 42), (93, 42), (94, 42), (107, 42), (87, 43), (88, 43), (89, 43), (90, 43), (106, 45), (86, 46), (105, 49), (85, 50), (104, 52), (84, 53), (103, 56), (83, 57), (101, 59), (102, 59), (103, 59), (83, 60), (97, 60), (98, 60), (99, 60), (100, 60), (84, 61), (94, 61), (95, 61), (96, 61), (85, 62), (90, 62), (91, 62), (92, 62), (93, 62), (86, 63), (87, 63), (88, 63), (89, 63)]
[(101, 59), (102, 59), (103, 59), (97, 60), (98, 60), (99, 60), (100, 60), (104, 60), (94, 61), (95, 61), (96, 61), (105, 61), (90, 62), (91, 62), (92, 62), (93, 62), (106, 62), (86, 63), (87, 63), (88, 63), (89, 63), (105, 65), (85, 66), (104, 69), (84, 70), (103, 72), (83, 73), (102, 76), (82, 77), (100, 79), (101, 79), (102, 79), (82, 80), (96, 80), (97, 80), (98, 80), (99, 80), (83, 81), (93, 81), (94, 81), (95, 81), (84, 82), (89, 82), (90, 82), (91, 82), (92, 82), (85, 83), (86, 83), (87, 83), (88, 83)]
[(114, 60), (110, 61), (111, 61), (112, 61), (113, 61), (106, 62), (107, 62), (108, 62), (109, 62), (105, 65), (104, 69), (103, 72), (102, 76), (102, 79), (103, 80), (113, 80), (114, 80), (104, 81), (109, 81), (110, 81), (111, 81), (112, 81), (105, 82), (106, 82), (107, 82), (108, 82)]
[(113, 80), (114, 80), (109, 81), (110, 81), (111, 81), (112, 81), (105, 82), (106, 82), (107, 82), (108, 82), (104, 85), (103, 89), (102, 92), (101, 96), (101, 99), (102, 100), (112, 100), (113, 100), (114, 100), (103, 101), (108, 101), (109, 101), (110, 101), (111, 101), (104, 102), (105, 102), (106, 102), (107, 102)]
[(42, 42), (43, 42), (44, 42), (38, 43), (39, 43), (40, 43), (41, 43), (45, 43), (35, 44), (36, 44), (37, 44), (46, 44), (31, 45), (32, 45), (33, 45), (34, 45), (47, 45), (27, 46), (28, 46), (29, 46), (30, 46), (46, 48), (26, 49), (45, 52), (25, 53), (44, 55), (24, 56), (43, 59), (23, 60), (41, 62), (42, 62), (43, 62), (23, 63), (37, 63), (38, 63), (39, 63), (40, 63), (24, 64), (34, 64), (35, 64), (36, 64), (25, 65), (30, 65), (31, 65), (32, 65), (33, 65), (26, 66), (27, 66), (28, 66), (29, 66)]
[(62, 41), (63, 41), (64, 41), (58, 42), (59, 42), (60, 42), (61, 42), (65, 42), (55, 43), (56, 43), (57, 43), (66, 43), (51, 44), (52, 44), (53, 44), (54, 44), (67, 44), (47, 45), (48, 45), (49, 45), (50, 45), (66, 47), (46, 48), (65, 51), (45, 52), (64, 54), (44, 55), (63, 58), (43, 59), (61, 61), (62, 61), (63, 61), (43, 62), (57, 62), (58, 62), (59, 62), (60, 62), (44, 63), (54, 63), (55, 63), (56, 63), (45, 64), (50, 64), (51, 64), (52, 64), (53, 64), (46, 65), (47, 65), (48, 65), (49, 65)]
[(61, 61), (62, 61), (63, 61), (57, 62), (58, 62), (59, 62), (60, 62), (64, 62), (54, 63), (55, 63), (56, 63), (65, 63), (50, 64), (51, 64), (52, 64), (53, 64), (66, 64), (46, 65), (47, 65), (48, 65), (49, 65), (65, 67), (45, 68), (64, 71), (44, 72), (63, 74), (43, 75), (62, 78), (42, 79), (60, 81), (61, 81), (62, 81), (42, 82), (56, 82), (57, 82), (58, 82), (59, 82), (43, 83), (53, 83), (54, 83), (55, 83), (44, 84), (49, 84), (50, 84), (51, 84), (52, 84), (45, 85), (46, 85), (47, 85), (48, 85)]
[(81, 60), (82, 60), (83, 60), (77, 61), (78, 61), (79, 61), (80, 61), (84, 61), (74, 62), (75, 62), (76, 62), (85, 62), (70, 63), (71, 63), (72, 63), (73, 63), (86, 63), (66, 64), (67, 64), (68, 64), (69, 64), (85, 66), (65, 67), (84, 70), (64, 71), (83, 73), (63, 74), (82, 77), (62, 78), (80, 80), (81, 80), (82, 80), (62, 81), (76, 81), (77, 81), (78, 81), (79, 81), (63, 82), (73, 82), (74, 82), (75, 82), (64, 83), (69, 83), (70, 83), (71, 83), (72, 83), (65, 84), (66, 84), (67, 84), (68, 84)]
[(80, 80), (81, 80), (82, 80), (76, 81), (77, 81), (78, 81), (79, 81), (83, 81), (73, 82), (74, 82), (75, 82), (84, 82), (69, 83), (70, 83), (71, 83), (72, 83), (85, 83), (65, 84), (66, 84), (67, 84), (68, 84), (84, 86), (64, 87), (83, 90), (63, 91), (82, 93), (62, 94), (81, 97), (61, 98), (79, 100), (80, 100), (81, 100), (61, 101), (75, 101), (76, 101), (77, 101), (78, 101), (62, 102), (72, 102), (73, 102), (74, 102), (63, 103), (68, 103), (69, 103), (70, 103), (71, 103), (64, 104), (65, 104), (66, 104), (67, 104)]
[(100, 79), (101, 79), (102, 79), (96, 80), (97, 80), (98, 80), (99, 80), (103, 80), (93, 81), (94, 81), (95, 81), (104, 81), (89, 82), (90, 82), (91, 82), (92, 82), (105, 82), (85, 83), (86, 83), (87, 83), (88, 83), (104, 85), (84, 86), (103, 89), (83, 90), (102, 92), (82, 93), (101, 96), (81, 97), (99, 99), (100, 99), (101, 99), (81, 100), (95, 100), (96, 100), (97, 100), (98, 100), (82, 101), (92, 101), (93, 101), (94, 101), (83, 102), (88, 102), (89, 102), (90, 102), (91, 102), (84, 103), (85, 103), (86, 103), (87, 103)]
[(99, 99), (100, 99), (101, 99), (95, 100), (96, 100), (97, 100), (98, 100), (102, 100), (92, 101), (93, 101), (94, 101), (103, 101), (88, 102), (89, 102), (90, 102), (91, 102), (104, 102), (84, 103), (85, 103), (86, 103), (87, 103), (103, 105), (83, 106), (102, 109), (82, 110), (101, 112), (81, 113)]
[(112, 100), (113, 100), (114, 100), (108, 101), (109, 101), (110, 101), (111, 101), (104, 102), (105, 102), (106, 102), (107, 102), (103, 105), (102, 109), (101, 112)]
[(41, 62), (42, 62), (43, 62), (37, 63), (38, 63), (39, 63), (40, 63), (44, 63), (34, 64), (35, 64), (36, 64), (45, 64), (30, 65), (31, 65), (32, 65), (33, 65), (46, 65), (26, 66), (27, 66), (28, 66), (29, 66), (45, 68), (25, 69), (44, 72), (24, 73), (43, 75), (23, 76), (42, 79), (22, 80), (40, 82), (41, 82), (42, 82), (22, 83), (36, 83), (37, 83), (38, 83), (39, 83), (23, 84), (33, 84), (34, 84), (35, 84), (24, 85), (29, 85), (30, 85), (31, 85), (32, 85), (25, 86), (26, 86), (27, 86), (28, 86)]
[(40, 82), (41, 82), (42, 82), (36, 83), (37, 83), (38, 83), (39, 83), (43, 83), (33, 84), (34, 84), (35, 84), (44, 84), (29, 85), (30, 85), (31, 85), (32, 85), (45, 85), (25, 86), (26, 86), (27, 86), (28, 86), (44, 88), (24, 89), (43, 92), (23, 93), (42, 95), (22, 96), (41, 99), (21, 100), (39, 102), (40, 102), (41, 102), (21, 103), (35, 103), (36, 103), (37, 103), (38, 103), (22, 104), (32, 104), (33, 104), (34, 104), (23, 105), (28, 105), (29, 105), (30, 105), (31, 105), (24, 106), (25, 106), (26, 106), (27, 106)]
[(60, 81), (61, 81), (62, 81), (56, 82), (57, 82), (58, 82), (59, 82), (63, 82), (53, 83), (54, 83), (55, 83), (64, 83), (49, 84), (50, 84), (51, 84), (52, 84), (65, 84), (45, 85), (46, 85), (47, 85), (48, 85), (64, 87), (44, 88), (63, 91), (43, 92), (62, 94), (42, 95), (61, 98), (41, 99), (59, 101), (60, 101), (61, 101), (41, 102), (55, 102), (56, 102), (57, 102), (58, 102), (42, 103), (52, 103), (53, 103), (54, 103), (43, 104), (48, 104), (49, 104), (50, 104), (51, 104), (44, 105), (45, 105), (46, 105), (47, 105)]
[(59, 101), (60, 101), (61, 101), (55, 102), (56, 102), (57, 102), (58, 102), (62, 102), (52, 103), (53, 103), (54, 103), (63, 103), (48, 104), (49, 104), (50, 104), (51, 104), (64, 104), (44, 105), (45, 105), (46, 105), (47, 105), (63, 107), (43, 108), (62, 111), (42, 112), (61, 114)]
[(79, 100), (80, 100), (81, 100), (75, 101), (76, 101), (77, 101), (78, 101), (82, 101), (72, 102), (73, 102), (74, 102), (83, 102), (68, 103), (69, 103), (70, 103), (71, 103), (84, 103), (64, 104), (65, 104), (66, 104), (67, 104), (83, 106), (63, 107), (82, 110), (62, 111), (81, 113), (61, 114)]
[(39, 102), (40, 102), (41, 102), (35, 103), (36, 103), (37, 103), (38, 103), (42, 103), (32, 104), (33, 104), (34, 104), (43, 104), (28, 105), (29, 105), (30, 105), (31, 105), (44, 105), (24, 106), (25, 106), (26, 106), (27, 106), (43, 108), (23, 109), (42, 112), (22, 113)]
