[(83, 24), (81, 25), (82, 25), (84, 25), (78, 26), (79, 26), (80, 26), (76, 27), (77, 27), (83, 27), (73, 28), (74, 28), (75, 28), (71, 29), (72, 29), (68, 30), (69, 30), (70, 30), (82, 30), (65, 31), (66, 31), (67, 31), (81, 32), (64, 33), (80, 35), (63, 36), (79, 37), (62, 38), (78, 40), (61, 41), (77, 42), (60, 43), (77, 43), (75, 44), (76, 44), (72, 45), (73, 45), (74, 45), (59, 46), (70, 46), (71, 46), (67, 47), (68, 47), (69, 47), (58, 48), (65, 48), (66, 48), (58, 49), (62, 49), (63, 49), (64, 49), (59, 50), (60, 50), (61, 50)]
[(102, 18), (100, 19), (101, 19), (103, 19), (97, 20), (98, 20), (99, 20), (95, 21), (96, 21), (102, 21), (92, 22), (93, 22), (94, 22), (90, 23), (91, 23), (87, 24), (88, 24), (89, 24), (101, 24), (84, 25), (85, 25), (86, 25), (100, 26), (83, 27), (99, 29), (82, 30), (98, 31), (81, 32), (97, 34), (80, 35), (96, 36), (79, 37), (96, 37), (94, 38), (95, 38), (91, 39), (92, 39), (93, 39), (78, 40), (89, 40), (90, 40), (86, 41), (87, 41), (88, 41), (77, 42), (84, 42), (85, 42), (77, 43), (81, 43), (82, 43), (83, 43), (78, 44), (79, 44), (80, 44)]
[(96, 37), (94, 38), (95, 38), (97, 38), (91, 39), (92, 39), (93, 39), (89, 40), (90, 40), (96, 40), (86, 41), (87, 41), (88, 41), (84, 42), (85, 42), (81, 43), (82, 43), (83, 43), (95, 43), (78, 44), (79, 44), (80, 44), (94, 45), (77, 46), (93, 48), (76, 49), (92, 50), (75, 51), (91, 53), (74, 54), (90, 55), (73, 56), (90, 56), (88, 57), (89, 57), (85, 58), (86, 58), (87, 58), (72, 59), (83, 59), (84, 59), (80, 60), (81, 60), (82, 60), (71, 61), (78, 61), (79, 61), (71, 62), (75, 62), (76, 62), (77, 62), (72, 63), (73, 63), (74, 63)]
[(113, 32), (114, 32), (110, 33), (111, 33), (112, 33), (108, 34), (109, 34), (105, 35), (106, 35), (107, 35), (103, 36), (104, 36), (100, 37), (101, 37), (102, 37), (114, 37), (97, 38), (98, 38), (99, 38), (113, 39), (96, 40), (112, 42), (95, 43), (111, 44), (94, 45), (110, 47), (93, 48), (109, 49), (92, 50), (109, 50), (107, 51), (108, 51), (104, 52), (105, 52), (106, 52), (91, 53), (102, 53), (103, 53), (99, 54), (100, 54), (101, 54), (90, 55), (97, 55), (98, 55), (90, 56), (94, 56), (95, 56), (96, 56), (91, 57), (92, 57), (93, 57)]
[(109, 50), (107, 51), (108, 51), (110, 51), (104, 52), (105, 52), (106, 52), (102, 53), (103, 53), (109, 53), (99, 54), (100, 54), (101, 54), (97, 55), (98, 55), (94, 56), (95, 56), (96, 56), (108, 56), (91, 57), (92, 57), (93, 57), (107, 58), (90, 59), (106, 61), (89, 62), (105, 63), (88, 64), (104, 66), (87, 67), (103, 68), (86, 69), (103, 69), (101, 70), (102, 70), (98, 71), (99, 71), (100, 71), (85, 72), (96, 72), (97, 72), (93, 73), (94, 73), (95, 73), (84, 74), (91, 74), (92, 74), (84, 75), (88, 75), (89, 75), (90, 75), (85, 76), (86, 76), (87, 76)]
[(113, 50), (114, 50), (110, 51), (111, 51), (112, 51), (109, 53), (108, 56), (107, 58), (106, 61), (105, 63), (104, 66), (112, 67), (113, 67), (114, 67), (103, 68), (110, 68), (111, 68), (103, 69), (107, 69), (108, 69), (109, 69), (104, 70), (105, 70), (106, 70)]
[(112, 67), (113, 67), (114, 67), (110, 68), (111, 68), (107, 69), (108, 69), (109, 69), (104, 70), (105, 70), (106, 70), (103, 72), (102, 75), (101, 77), (100, 80), (99, 82), (114, 83), (111, 84), (112, 84), (113, 84), (98, 85), (109, 85), (110, 85), (106, 86), (107, 86), (108, 86), (97, 87), (104, 87), (105, 87), (97, 88), (101, 88), (102, 88), (103, 88), (98, 89), (99, 89), (100, 89)]
[(114, 90), (113, 93), (112, 95), (111, 98), (110, 100), (110, 101), (114, 101), (111, 102), (112, 102), (113, 102)]
[(45, 36), (43, 37), (44, 37), (46, 37), (40, 38), (41, 38), (42, 38), (38, 39), (39, 39), (45, 39), (35, 40), (36, 40), (37, 40), (33, 41), (34, 41), (30, 42), (31, 42), (32, 42), (44, 42), (27, 43), (28, 43), (29, 43), (43, 44), (26, 45), (42, 47), (25, 48), (41, 49), (24, 50), (40, 52), (23, 53), (39, 54), (22, 55), (39, 55), (37, 56), (38, 56), (34, 57), (35, 57), (36, 57), (21, 58), (32, 58), (33, 58), (29, 59), (30, 59), (31, 59), (20, 60), (27, 60), (28, 60), (20, 61), (24, 61), (25, 61), (26, 61), (21, 62), (22, 62), (23, 62)]
[(64, 30), (62, 31), (63, 31), (65, 31), (59, 32), (60, 32), (61, 32), (57, 33), (58, 33), (64, 33), (54, 34), (55, 34), (56, 34), (52, 35), (53, 35), (49, 36), (50, 36), (51, 36), (63, 36), (46, 37), (47, 37), (48, 37), (62, 38), (45, 39), (61, 41), (44, 42), (60, 43), (43, 44), (59, 46), (42, 47), (58, 48), (41, 49), (58, 49), (56, 50), (57, 50), (53, 51), (54, 51), (55, 51), (40, 52), (51, 52), (52, 52), (48, 53), (49, 53), (50, 53), (39, 54), (46, 54), (47, 54), (39, 55), (43, 55), (44, 55), (45, 55), (40, 56), (41, 56), (42, 56)]
[(58, 49), (56, 50), (57, 50), (59, 50), (53, 51), (54, 51), (55, 51), (51, 52), (52, 52), (58, 52), (48, 53), (49, 53), (50, 53), (46, 54), (47, 54), (43, 55), (44, 55), (45, 55), (57, 55), (40, 56), (41, 56), (42, 56), (56, 57), (39, 58), (55, 60), (38, 61), (54, 62), (37, 63), (53, 65), (36, 66), (52, 67), (35, 68), (52, 68), (50, 69), (51, 69), (47, 70), (48, 70), (49, 70), (34, 71), (45, 71), (46, 71), (42, 72), (43, 72), (44, 72), (33, 73), (40, 73), (41, 73), (33, 74), (37, 74), (38, 74), (39, 74), (34, 75), (35, 75), (36, 75)]
[(77, 43), (75, 44), (76, 44), (78, 44), (72, 45), (73, 45), (74, 45), (70, 46), (71, 46), (77, 46), (67, 47), (68, 47), (69, 47), (65, 48), (66, 48), (62, 49), (63, 49), (64, 49), (76, 49), (59, 50), (60, 50), (61, 50), (75, 51), (58, 52), (74, 54), (57, 55), (73, 56), (56, 57), (72, 59), (55, 60), (71, 61), (54, 62), (71, 62), (69, 63), (70, 63), (66, 64), (67, 64), (68, 64), (53, 65), (64, 65), (65, 65), (61, 66), (62, 66), (63, 66), (52, 67), (59, 67), (60, 67), (52, 68), (56, 68), (57, 68), (58, 68), (53, 69), (54, 69), (55, 69)]
[(71, 62), (69, 63), (70, 63), (72, 63), (66, 64), (67, 64), (68, 64), (64, 65), (65, 65), (71, 65), (61, 66), (62, 66), (63, 66), (59, 67), (60, 67), (56, 68), (57, 68), (58, 68), (70, 68), (53, 69), (54, 69), (55, 69), (69, 70), (52, 71), (68, 73), (51, 74), (67, 75), (50, 76), (66, 78), (49, 79), (65, 80), (48, 81), (65, 81), (63, 82), (64, 82), (60, 83), (61, 83), (62, 83), (47, 84), (58, 84), (59, 84), (55, 85), (56, 85), (57, 85), (46, 86), (53, 86), (54, 86), (46, 87), (50, 87), (51, 87), (52, 87), (47, 88), (48, 88), (49, 88)]
[(90, 56), (88, 57), (89, 57), (91, 57), (85, 58), (86, 58), (87, 58), (83, 59), (84, 59), (90, 59), (80, 60), (81, 60), (82, 60), (78, 61), (79, 61), (75, 62), (76, 62), (77, 62), (89, 62), (72, 63), (73, 63), (74, 63), (88, 64), (71, 65), (87, 67), (70, 68), (86, 69), (69, 70), (85, 72), (68, 73), (84, 74), (67, 75), (84, 75), (82, 76), (83, 76), (79, 77), (80, 77), (81, 77), (66, 78), (77, 78), (78, 78), (74, 79), (75, 79), (76, 79), (65, 80), (72, 80), (73, 80), (65, 81), (69, 81), (70, 81), (71, 81), (66, 82), (67, 82), (68, 82)]
[(84, 75), (82, 76), (83, 76), (85, 76), (79, 77), (80, 77), (81, 77), (77, 78), (78, 78), (84, 78), (74, 79), (75, 79), (76, 79), (72, 80), (73, 80), (69, 81), (70, 81), (71, 81), (83, 81), (66, 82), (67, 82), (68, 82), (82, 83), (65, 84), (81, 86), (64, 87), (80, 88), (63, 89), (79, 91), (62, 92), (78, 93), (61, 94), (78, 94), (76, 95), (77, 95), (73, 96), (74, 96), (75, 96), (60, 97), (71, 97), (72, 97), (68, 98), (69, 98), (70, 98), (59, 99), (66, 99), (67, 99), (59, 100), (63, 100), (64, 100), (65, 100), (60, 101), (61, 101), (62, 101)]
[(103, 69), (101, 70), (102, 70), (104, 70), (98, 71), (99, 71), (100, 71), (96, 72), (97, 72), (103, 72), (93, 73), (94, 73), (95, 73), (91, 74), (92, 74), (88, 75), (89, 75), (90, 75), (102, 75), (85, 76), (86, 76), (87, 76), (101, 77), (84, 78), (100, 80), (83, 81), (99, 82), (82, 83), (98, 85), (81, 86), (97, 87), (80, 88), (97, 88), (95, 89), (96, 89), (92, 90), (93, 90), (94, 90), (79, 91), (90, 91), (91, 91), (87, 92), (88, 92), (89, 92), (78, 93), (85, 93), (86, 93), (78, 94), (82, 94), (83, 94), (84, 94), (79, 95), (80, 95), (81, 95)]
[(97, 88), (95, 89), (96, 89), (98, 89), (92, 90), (93, 90), (94, 90), (90, 91), (91, 91), (97, 91), (87, 92), (88, 92), (89, 92), (85, 93), (86, 93), (82, 94), (83, 94), (84, 94), (96, 94), (79, 95), (80, 95), (81, 95), (95, 96), (78, 97), (94, 99), (77, 100), (93, 101), (76, 102), (92, 104), (75, 105), (91, 106), (74, 107), (91, 107), (89, 108), (90, 108), (86, 109), (87, 109), (88, 109), (73, 110), (84, 110), (85, 110), (81, 111), (82, 111), (83, 111), (72, 112), (79, 112), (80, 112), (72, 113), (76, 113), (77, 113), (78, 113), (73, 114), (74, 114), (75, 114)]
[(114, 83), (111, 84), (112, 84), (113, 84), (109, 85), (110, 85), (106, 86), (107, 86), (108, 86), (104, 87), (105, 87), (101, 88), (102, 88), (103, 88), (98, 89), (99, 89), (100, 89), (114, 90), (97, 91), (113, 93), (96, 94), (112, 95), (95, 96), (111, 98), (94, 99), (110, 100), (93, 101), (110, 101), (108, 102), (109, 102), (105, 103), (106, 103), (107, 103), (92, 104), (103, 104), (104, 104), (100, 105), (101, 105), (102, 105), (91, 106), (98, 106), (99, 106), (91, 107), (95, 107), (96, 107), (97, 107), (92, 108), (93, 108), (94, 108)]
[(110, 101), (108, 102), (109, 102), (111, 102), (105, 103), (106, 103), (107, 103), (103, 104), (104, 104), (110, 104), (100, 105), (101, 105), (102, 105), (98, 106), (99, 106), (95, 107), (96, 107), (97, 107), (109, 107), (92, 108), (93, 108), (94, 108), (108, 109), (91, 110), (107, 112), (90, 113), (106, 114)]
[(114, 101), (111, 102), (112, 102), (113, 102), (110, 104), (109, 107), (108, 109), (107, 112), (106, 114)]
[(20, 61), (18, 62), (19, 62), (21, 62), (15, 63), (16, 63), (17, 63), (13, 64), (14, 64), (20, 64), (10, 65), (11, 65), (12, 65), (8, 66), (9, 66), (5, 67), (6, 67), (7, 67), (19, 67), (2, 68), (3, 68), (4, 68), (18, 69), (1, 70), (17, 72), (0, 73), (16, 74), (15, 77), (14, 79), (14, 80), (12, 81), (13, 81), (9, 82), (10, 82), (11, 82), (7, 83), (8, 83), (4, 84), (5, 84), (6, 84), (2, 85), (3, 85), (0, 86), (1, 86)]
[(39, 55), (37, 56), (38, 56), (40, 56), (34, 57), (35, 57), (36, 57), (32, 58), (33, 58), (39, 58), (29, 59), (30, 59), (31, 59), (27, 60), (28, 60), (24, 61), (25, 61), (26, 61), (38, 61), (21, 62), (22, 62), (23, 62), (37, 63), (20, 64), (36, 66), (19, 67), (35, 68), (18, 69), (34, 71), (17, 72), (33, 73), (16, 74), (33, 74), (31, 75), (32, 75), (28, 76), (29, 76), (30, 76), (15, 77), (26, 77), (27, 77), (23, 78), (24, 78), (25, 78), (14, 79), (21, 79), (22, 79), (14, 80), (18, 80), (19, 80), (20, 80), (15, 81), (16, 81), (17, 81)]
[(33, 74), (31, 75), (32, 75), (34, 75), (28, 76), (29, 76), (30, 76), (26, 77), (27, 77), (33, 77), (23, 78), (24, 78), (25, 78), (21, 79), (22, 79), (18, 80), (19, 80), (20, 80), (32, 80), (15, 81), (16, 81), (17, 81), (31, 82), (14, 83), (30, 85), (13, 86), (29, 87), (12, 88), (28, 90), (11, 91), (27, 92), (10, 93), (27, 93), (25, 94), (26, 94), (22, 95), (23, 95), (24, 95), (9, 96), (20, 96), (21, 96), (17, 97), (18, 97), (19, 97), (8, 98), (15, 98), (16, 98), (8, 99), (12, 99), (13, 99), (14, 99), (9, 100), (10, 100), (11, 100)]
[(52, 68), (50, 69), (51, 69), (53, 69), (47, 70), (48, 70), (49, 70), (45, 71), (46, 71), (52, 71), (42, 72), (43, 72), (44, 72), (40, 73), (41, 73), (37, 74), (38, 74), (39, 74), (51, 74), (34, 75), (35, 75), (36, 75), (50, 76), (33, 77), (49, 79), (32, 80), (48, 81), (31, 82), (47, 84), (30, 85), (46, 86), (29, 87), (46, 87), (44, 88), (45, 88), (41, 89), (42, 89), (43, 89), (28, 90), (39, 90), (40, 90), (36, 91), (37, 91), (38, 91), (27, 92), (34, 92), (35, 92), (27, 93), (31, 93), (32, 93), (33, 93), (28, 94), (29, 94), (30, 94)]
[(46, 87), (44, 88), (45, 88), (47, 88), (41, 89), (42, 89), (43, 89), (39, 90), (40, 90), (46, 90), (36, 91), (37, 91), (38, 91), (34, 92), (35, 92), (31, 93), (32, 93), (33, 93), (45, 93), (28, 94), (29, 94), (30, 94), (44, 95), (27, 96), (43, 98), (26, 99), (42, 100), (25, 101), (41, 103), (24, 104), (40, 105), (23, 106), (40, 106), (38, 107), (39, 107), (35, 108), (36, 108), (37, 108), (22, 109), (33, 109), (34, 109), (30, 110), (31, 110), (32, 110), (21, 111), (28, 111), (29, 111), (21, 112), (25, 112), (26, 112), (27, 112), (22, 113), (23, 113), (24, 113)]
[(65, 81), (63, 82), (64, 82), (66, 82), (60, 83), (61, 83), (62, 83), (58, 84), (59, 84), (65, 84), (55, 85), (56, 85), (57, 85), (53, 86), (54, 86), (50, 87), (51, 87), (52, 87), (64, 87), (47, 88), (48, 88), (49, 88), (63, 89), (46, 90), (62, 92), (45, 93), (61, 94), (44, 95), (60, 97), (43, 98), (59, 99), (42, 100), (59, 100), (57, 101), (58, 101), (54, 102), (55, 102), (56, 102), (41, 103), (52, 103), (53, 103), (49, 104), (50, 104), (51, 104), (40, 105), (47, 105), (48, 105), (40, 106), (44, 106), (45, 106), (46, 106), (41, 107), (42, 107), (43, 107)]
[(59, 100), (57, 101), (58, 101), (60, 101), (54, 102), (55, 102), (56, 102), (52, 103), (53, 103), (59, 103), (49, 104), (50, 104), (51, 104), (47, 105), (48, 105), (44, 106), (45, 106), (46, 106), (58, 106), (41, 107), (42, 107), (43, 107), (57, 108), (40, 109), (56, 111), (39, 112), (55, 113), (38, 114)]
[(78, 94), (76, 95), (77, 95), (79, 95), (73, 96), (74, 96), (75, 96), (71, 97), (72, 97), (78, 97), (68, 98), (69, 98), (70, 98), (66, 99), (67, 99), (63, 100), (64, 100), (65, 100), (77, 100), (60, 101), (61, 101), (62, 101), (76, 102), (59, 103), (75, 105), (58, 106), (74, 107), (57, 108), (73, 110), (56, 111), (72, 112), (55, 113), (72, 113), (70, 114), (71, 114)]
[(72, 113), (70, 114), (71, 114), (73, 114)]
[(91, 107), (89, 108), (90, 108), (92, 108), (86, 109), (87, 109), (88, 109), (84, 110), (85, 110), (91, 110), (81, 111), (82, 111), (83, 111), (79, 112), (80, 112), (76, 113), (77, 113), (78, 113), (90, 113), (73, 114), (74, 114), (75, 114)]
[(14, 80), (12, 81), (13, 81), (15, 81), (9, 82), (10, 82), (11, 82), (7, 83), (8, 83), (14, 83), (4, 84), (5, 84), (6, 84), (2, 85), (3, 85), (0, 86), (1, 86), (13, 86), (12, 88), (11, 91), (10, 93), (9, 96), (8, 98), (8, 99), (6, 100), (7, 100), (3, 101), (4, 101), (5, 101), (1, 102), (2, 102), (0, 103)]
[(8, 99), (6, 100), (7, 100), (9, 100), (3, 101), (4, 101), (5, 101), (1, 102), (2, 102), (8, 102), (0, 103), (7, 105), (6, 107), (5, 110), (4, 112)]
[(27, 93), (25, 94), (26, 94), (28, 94), (22, 95), (23, 95), (24, 95), (20, 96), (21, 96), (27, 96), (17, 97), (18, 97), (19, 97), (15, 98), (16, 98), (12, 99), (13, 99), (14, 99), (26, 99), (9, 100), (10, 100), (11, 100), (25, 101), (8, 102), (24, 104), (7, 105), (23, 106), (6, 107), (22, 109), (5, 110), (21, 111), (4, 112), (21, 112), (19, 113), (20, 113), (16, 114), (17, 114), (18, 114)]
[(21, 112), (19, 113), (20, 113), (22, 113), (16, 114), (17, 114), (18, 114)]
[(40, 106), (38, 107), (39, 107), (41, 107), (35, 108), (36, 108), (37, 108), (33, 109), (34, 109), (40, 109), (30, 110), (31, 110), (32, 110), (28, 111), (29, 111), (25, 112), (26, 112), (27, 112), (39, 112), (22, 113), (23, 113), (24, 113), (38, 114)]
