[(113, 3), (114, 3), (111, 4), (112, 4), (109, 5), (110, 5), (107, 6), (108, 6), (104, 7), (105, 7), (106, 7), (102, 8), (103, 8), (100, 9), (101, 9), (98, 10), (99, 10), (95, 11), (96, 11), (97, 11), (94, 13), (93, 15), (92, 17), (91, 19), (90, 22), (114, 23), (89, 24), (113, 25), (88, 26), (112, 27), (87, 28), (112, 28), (110, 29), (111, 29), (108, 30), (109, 30), (86, 31), (105, 31), (106, 31), (107, 31), (103, 32), (104, 32), (85, 33), (101, 33), (102, 33), (99, 34), (100, 34), (84, 35), (96, 35), (97, 35), (98, 35), (84, 36), (94, 36), (95, 36), (85, 37), (92, 37), (93, 37), (86, 38), (90, 38), (91, 38), (87, 39), (88, 39), (89, 39)]
[(114, 23), (113, 25), (112, 27), (112, 28), (113, 29), (114, 30)]
[(114, 33), (113, 35), (112, 37), (111, 39), (110, 42), (109, 44), (108, 46), (107, 48), (106, 51), (105, 53), (104, 55), (104, 56), (114, 56), (105, 57), (112, 57), (113, 57), (106, 58), (110, 58), (111, 58), (107, 59), (108, 59), (109, 59)]
[(64, 16), (62, 17), (63, 17), (65, 17), (60, 18), (61, 18), (66, 18), (57, 19), (58, 19), (59, 19), (67, 19), (55, 20), (56, 20), (53, 21), (54, 21), (66, 21), (51, 22), (52, 22), (48, 23), (49, 23), (50, 23), (65, 23), (46, 24), (47, 24), (44, 25), (45, 25), (64, 25), (42, 26), (43, 26), (39, 27), (40, 27), (41, 27), (63, 27), (38, 29), (62, 30), (37, 31), (61, 32), (36, 33), (60, 34), (35, 35), (59, 36), (34, 38), (58, 39), (33, 40), (57, 41), (32, 42), (56, 43), (31, 44), (56, 44), (54, 45), (55, 45), (52, 46), (53, 46), (30, 47), (49, 47), (50, 47), (51, 47), (47, 48), (48, 48), (29, 49), (45, 49), (46, 49), (43, 50), (44, 50), (28, 51), (40, 51), (41, 51), (42, 51), (28, 52), (38, 52), (39, 52), (29, 53), (36, 53), (37, 53), (30, 54), (34, 54), (35, 54), (31, 55), (32, 55), (33, 55)]
[(92, 8), (90, 9), (91, 9), (93, 9), (88, 10), (89, 10), (94, 10), (85, 11), (86, 11), (87, 11), (95, 11), (83, 12), (84, 12), (81, 13), (82, 13), (94, 13), (79, 14), (80, 14), (76, 15), (77, 15), (78, 15), (93, 15), (74, 16), (75, 16), (72, 17), (73, 17), (92, 17), (70, 18), (71, 18), (67, 19), (68, 19), (69, 19), (91, 19), (66, 21), (90, 22), (65, 23), (89, 24), (64, 25), (88, 26), (63, 27), (87, 28), (62, 30), (86, 31), (61, 32), (85, 33), (60, 34), (84, 35), (59, 36), (84, 36), (82, 37), (83, 37), (80, 38), (81, 38), (58, 39), (77, 39), (78, 39), (79, 39), (75, 40), (76, 40), (57, 41), (73, 41), (74, 41), (71, 42), (72, 42), (56, 43), (68, 43), (69, 43), (70, 43), (56, 44), (66, 44), (67, 44), (57, 45), (64, 45), (65, 45), (58, 46), (62, 46), (63, 46), (59, 47), (60, 47), (61, 47)]
[(84, 36), (82, 37), (83, 37), (85, 37), (80, 38), (81, 38), (86, 38), (77, 39), (78, 39), (79, 39), (87, 39), (75, 40), (76, 40), (73, 41), (74, 41), (86, 41), (71, 42), (72, 42), (68, 43), (69, 43), (70, 43), (85, 43), (66, 44), (67, 44), (64, 45), (65, 45), (84, 45), (62, 46), (63, 46), (59, 47), (60, 47), (61, 47), (83, 47), (58, 49), (82, 50), (57, 51), (81, 52), (56, 53), (80, 54), (55, 55), (79, 56), (54, 58), (78, 59), (53, 60), (77, 61), (52, 62), (76, 63), (51, 64), (76, 64), (74, 65), (75, 65), (72, 66), (73, 66), (50, 67), (69, 67), (70, 67), (71, 67), (67, 68), (68, 68), (49, 69), (65, 69), (66, 69), (63, 70), (64, 70), (48, 71), (60, 71), (61, 71), (62, 71), (48, 72), (58, 72), (59, 72), (49, 73), (56, 73), (57, 73), (50, 74), (54, 74), (55, 74), (51, 75), (52, 75), (53, 75)]
[(112, 28), (110, 29), (111, 29), (113, 29), (108, 30), (109, 30), (114, 30), (105, 31), (106, 31), (107, 31), (103, 32), (104, 32), (101, 33), (102, 33), (114, 33), (99, 34), (100, 34), (96, 35), (97, 35), (98, 35), (113, 35), (94, 36), (95, 36), (92, 37), (93, 37), (112, 37), (90, 38), (91, 38), (87, 39), (88, 39), (89, 39), (111, 39), (86, 41), (110, 42), (85, 43), (109, 44), (84, 45), (108, 46), (83, 47), (107, 48), (82, 50), (106, 51), (81, 52), (105, 53), (80, 54), (104, 55), (79, 56), (104, 56), (102, 57), (103, 57), (100, 58), (101, 58), (78, 59), (97, 59), (98, 59), (99, 59), (95, 60), (96, 60), (77, 61), (93, 61), (94, 61), (91, 62), (92, 62), (76, 63), (88, 63), (89, 63), (90, 63), (76, 64), (86, 64), (87, 64), (77, 65), (84, 65), (85, 65), (78, 66), (82, 66), (83, 66), (79, 67), (80, 67), (81, 67)]
[(104, 56), (102, 57), (103, 57), (105, 57), (100, 58), (101, 58), (106, 58), (97, 59), (98, 59), (99, 59), (107, 59), (95, 60), (96, 60), (93, 61), (94, 61), (106, 61), (91, 62), (92, 62), (88, 63), (89, 63), (90, 63), (105, 63), (86, 64), (87, 64), (84, 65), (85, 65), (104, 65), (82, 66), (83, 66), (79, 67), (80, 67), (81, 67), (103, 67), (78, 69), (102, 70), (77, 71), (101, 72), (76, 73), (100, 74), (75, 75), (99, 76), (74, 78), (98, 79), (73, 80), (97, 81), (72, 82), (96, 83), (71, 84), (96, 84), (94, 85), (95, 85), (92, 86), (93, 86), (70, 87), (89, 87), (90, 87), (91, 87), (87, 88), (88, 88), (69, 89), (85, 89), (86, 89), (83, 90), (84, 90), (68, 91), (80, 91), (81, 91), (82, 91), (68, 92), (78, 92), (79, 92), (69, 93), (76, 93), (77, 93), (70, 94), (74, 94), (75, 94), (71, 95), (72, 95), (73, 95)]
[(114, 56), (112, 57), (113, 57), (110, 58), (111, 58), (107, 59), (108, 59), (109, 59), (106, 61), (105, 63), (104, 65), (103, 67), (102, 70), (101, 72), (100, 74), (99, 76), (98, 79), (97, 81), (113, 81), (114, 81), (111, 82), (112, 82), (96, 83), (108, 83), (109, 83), (110, 83), (96, 84), (106, 84), (107, 84), (97, 85), (104, 85), (105, 85), (98, 86), (102, 86), (103, 86), (99, 87), (100, 87), (101, 87)]
[(113, 81), (114, 81), (111, 82), (112, 82), (108, 83), (109, 83), (110, 83), (106, 84), (107, 84), (104, 85), (105, 85), (102, 86), (103, 86), (99, 87), (100, 87), (101, 87), (98, 89), (97, 91), (96, 93), (95, 95), (94, 98), (93, 100), (92, 102), (91, 104), (114, 105), (112, 106), (113, 106), (90, 107), (109, 107), (110, 107), (111, 107), (107, 108), (108, 108), (89, 109), (105, 109), (106, 109), (103, 110), (104, 110), (88, 111), (100, 111), (101, 111), (102, 111), (88, 112), (98, 112), (99, 112), (89, 113), (96, 113), (97, 113), (90, 114), (94, 114), (95, 114)]
[(28, 52), (26, 53), (27, 53), (29, 53), (24, 54), (25, 54), (30, 54), (21, 55), (22, 55), (23, 55), (31, 55), (19, 56), (20, 56), (17, 57), (18, 57), (30, 57), (15, 58), (16, 58), (12, 59), (13, 59), (14, 59), (29, 59), (10, 60), (11, 60), (8, 61), (9, 61), (28, 61), (6, 62), (7, 62), (3, 63), (4, 63), (5, 63), (27, 63), (2, 65), (26, 66), (1, 67), (25, 68), (0, 69), (24, 70), (23, 72), (22, 75), (21, 77), (20, 79), (20, 80), (18, 81), (19, 81), (16, 82), (17, 82), (13, 83), (14, 83), (15, 83), (11, 84), (12, 84), (9, 85), (10, 85), (7, 86), (8, 86), (4, 87), (5, 87), (6, 87), (2, 88), (3, 88), (0, 89), (1, 89)]
[(56, 44), (54, 45), (55, 45), (57, 45), (52, 46), (53, 46), (58, 46), (49, 47), (50, 47), (51, 47), (59, 47), (47, 48), (48, 48), (45, 49), (46, 49), (58, 49), (43, 50), (44, 50), (40, 51), (41, 51), (42, 51), (57, 51), (38, 52), (39, 52), (36, 53), (37, 53), (56, 53), (34, 54), (35, 54), (31, 55), (32, 55), (33, 55), (55, 55), (30, 57), (54, 58), (29, 59), (53, 60), (28, 61), (52, 62), (27, 63), (51, 64), (26, 66), (50, 67), (25, 68), (49, 69), (24, 70), (48, 71), (23, 72), (48, 72), (46, 73), (47, 73), (44, 74), (45, 74), (22, 75), (41, 75), (42, 75), (43, 75), (39, 76), (40, 76), (21, 77), (37, 77), (38, 77), (35, 78), (36, 78), (20, 79), (32, 79), (33, 79), (34, 79), (20, 80), (30, 80), (31, 80), (21, 81), (28, 81), (29, 81), (22, 82), (26, 82), (27, 82), (23, 83), (24, 83), (25, 83)]
[(48, 72), (46, 73), (47, 73), (49, 73), (44, 74), (45, 74), (50, 74), (41, 75), (42, 75), (43, 75), (51, 75), (39, 76), (40, 76), (37, 77), (38, 77), (50, 77), (35, 78), (36, 78), (32, 79), (33, 79), (34, 79), (49, 79), (30, 80), (31, 80), (28, 81), (29, 81), (48, 81), (26, 82), (27, 82), (23, 83), (24, 83), (25, 83), (47, 83), (22, 85), (46, 86), (21, 87), (45, 88), (20, 89), (44, 90), (19, 91), (43, 92), (18, 94), (42, 95), (17, 96), (41, 97), (16, 98), (40, 99), (15, 100), (40, 100), (38, 101), (39, 101), (36, 102), (37, 102), (14, 103), (33, 103), (34, 103), (35, 103), (31, 104), (32, 104), (13, 105), (29, 105), (30, 105), (27, 106), (28, 106), (12, 107), (24, 107), (25, 107), (26, 107), (12, 108), (22, 108), (23, 108), (13, 109), (20, 109), (21, 109), (14, 110), (18, 110), (19, 110), (15, 111), (16, 111), (17, 111)]
[(76, 64), (74, 65), (75, 65), (77, 65), (72, 66), (73, 66), (78, 66), (69, 67), (70, 67), (71, 67), (79, 67), (67, 68), (68, 68), (65, 69), (66, 69), (78, 69), (63, 70), (64, 70), (60, 71), (61, 71), (62, 71), (77, 71), (58, 72), (59, 72), (56, 73), (57, 73), (76, 73), (54, 74), (55, 74), (51, 75), (52, 75), (53, 75), (75, 75), (50, 77), (74, 78), (49, 79), (73, 80), (48, 81), (72, 82), (47, 83), (71, 84), (46, 86), (70, 87), (45, 88), (69, 89), (44, 90), (68, 91), (43, 92), (68, 92), (66, 93), (67, 93), (64, 94), (65, 94), (42, 95), (61, 95), (62, 95), (63, 95), (59, 96), (60, 96), (41, 97), (57, 97), (58, 97), (55, 98), (56, 98), (40, 99), (52, 99), (53, 99), (54, 99), (40, 100), (50, 100), (51, 100), (41, 101), (48, 101), (49, 101), (42, 102), (46, 102), (47, 102), (43, 103), (44, 103), (45, 103)]
[(68, 92), (66, 93), (67, 93), (69, 93), (64, 94), (65, 94), (70, 94), (61, 95), (62, 95), (63, 95), (71, 95), (59, 96), (60, 96), (57, 97), (58, 97), (70, 97), (55, 98), (56, 98), (52, 99), (53, 99), (54, 99), (69, 99), (50, 100), (51, 100), (48, 101), (49, 101), (68, 101), (46, 102), (47, 102), (43, 103), (44, 103), (45, 103), (67, 103), (42, 105), (66, 106), (41, 107), (65, 108), (40, 109), (64, 110), (39, 111), (63, 112), (38, 114)]
[(96, 84), (94, 85), (95, 85), (97, 85), (92, 86), (93, 86), (98, 86), (89, 87), (90, 87), (91, 87), (99, 87), (87, 88), (88, 88), (85, 89), (86, 89), (98, 89), (83, 90), (84, 90), (80, 91), (81, 91), (82, 91), (97, 91), (78, 92), (79, 92), (76, 93), (77, 93), (96, 93), (74, 94), (75, 94), (71, 95), (72, 95), (73, 95), (95, 95), (70, 97), (94, 98), (69, 99), (93, 100), (68, 101), (92, 102), (67, 103), (91, 104), (66, 106), (90, 107), (65, 108), (89, 109), (64, 110), (88, 111), (63, 112), (88, 112), (86, 113), (87, 113), (84, 114), (85, 114)]
[(88, 112), (86, 113), (87, 113), (89, 113), (84, 114), (85, 114), (90, 114)]
[(114, 105), (112, 106), (113, 106), (109, 107), (110, 107), (111, 107), (107, 108), (108, 108), (105, 109), (106, 109), (103, 110), (104, 110), (100, 111), (101, 111), (102, 111), (98, 112), (99, 112), (96, 113), (97, 113), (94, 114), (95, 114)]
[(20, 80), (18, 81), (19, 81), (21, 81), (16, 82), (17, 82), (22, 82), (13, 83), (14, 83), (15, 83), (23, 83), (11, 84), (12, 84), (9, 85), (10, 85), (22, 85), (7, 86), (8, 86), (4, 87), (5, 87), (6, 87), (21, 87), (2, 88), (3, 88), (0, 89), (1, 89), (20, 89), (19, 91), (18, 94), (17, 96), (16, 98), (15, 100), (14, 103), (13, 105), (12, 107), (12, 108), (10, 109), (11, 109), (8, 110), (9, 110), (5, 111), (6, 111), (7, 111), (3, 112), (4, 112), (1, 113), (2, 113), (0, 114)]
[(12, 108), (10, 109), (11, 109), (13, 109), (8, 110), (9, 110), (14, 110), (5, 111), (6, 111), (7, 111), (15, 111), (3, 112), (4, 112), (1, 113), (2, 113), (14, 113), (0, 114)]
[(40, 100), (38, 101), (39, 101), (41, 101), (36, 102), (37, 102), (42, 102), (33, 103), (34, 103), (35, 103), (43, 103), (31, 104), (32, 104), (29, 105), (30, 105), (42, 105), (27, 106), (28, 106), (24, 107), (25, 107), (26, 107), (41, 107), (22, 108), (23, 108), (20, 109), (21, 109), (40, 109), (18, 110), (19, 110), (15, 111), (16, 111), (17, 111), (39, 111), (14, 113), (38, 114)]
