[(113, 8), (110, 9), (111, 9), (112, 9), (114, 9), (106, 10), (107, 10), (108, 10), (109, 10), (103, 11), (104, 11), (105, 11), (100, 12), (101, 12), (102, 12), (113, 12), (97, 13), (98, 13), (99, 13), (93, 14), (94, 14), (95, 14), (96, 14), (112, 15), (92, 17), (111, 18), (91, 20), (110, 22), (90, 23), (109, 25), (89, 27), (108, 28), (108, 29), (88, 30), (105, 30), (106, 30), (107, 30), (101, 31), (102, 31), (103, 31), (104, 31), (98, 32), (99, 32), (100, 32), (87, 33), (95, 33), (96, 33), (97, 33), (87, 34), (92, 34), (93, 34), (94, 34), (88, 35), (89, 35), (90, 35), (91, 35)]
[(114, 9), (113, 12), (112, 15), (111, 18), (110, 22), (109, 25), (108, 28), (108, 29), (113, 29), (114, 29), (109, 30), (110, 30), (111, 30), (112, 30)]
[(113, 29), (114, 29), (109, 30), (110, 30), (111, 30), (112, 30), (108, 33), (107, 36), (106, 39), (105, 43), (104, 46), (114, 48), (103, 49), (111, 49), (112, 49), (113, 49), (103, 50), (108, 50), (109, 50), (110, 50), (104, 51), (105, 51), (106, 51), (107, 51)]
[(71, 18), (68, 19), (69, 19), (70, 19), (72, 19), (64, 20), (65, 20), (66, 20), (67, 20), (61, 21), (62, 21), (63, 21), (58, 22), (59, 22), (60, 22), (71, 22), (55, 23), (56, 23), (57, 23), (51, 24), (52, 24), (53, 24), (54, 24), (70, 25), (50, 27), (69, 28), (49, 30), (68, 32), (48, 33), (67, 35), (47, 37), (66, 38), (66, 39), (46, 40), (63, 40), (64, 40), (65, 40), (59, 41), (60, 41), (61, 41), (62, 41), (56, 42), (57, 42), (58, 42), (45, 43), (53, 43), (54, 43), (55, 43), (45, 44), (50, 44), (51, 44), (52, 44), (46, 45), (47, 45), (48, 45), (49, 45)]
[(92, 13), (89, 14), (90, 14), (91, 14), (93, 14), (85, 15), (86, 15), (87, 15), (88, 15), (82, 16), (83, 16), (84, 16), (79, 17), (80, 17), (81, 17), (92, 17), (76, 18), (77, 18), (78, 18), (72, 19), (73, 19), (74, 19), (75, 19), (91, 20), (71, 22), (90, 23), (70, 25), (89, 27), (69, 28), (88, 30), (68, 32), (87, 33), (87, 34), (67, 35), (84, 35), (85, 35), (86, 35), (80, 36), (81, 36), (82, 36), (83, 36), (77, 37), (78, 37), (79, 37), (66, 38), (74, 38), (75, 38), (76, 38), (66, 39), (71, 39), (72, 39), (73, 39), (67, 40), (68, 40), (69, 40), (70, 40)]
[(87, 34), (84, 35), (85, 35), (86, 35), (88, 35), (80, 36), (81, 36), (82, 36), (83, 36), (77, 37), (78, 37), (79, 37), (74, 38), (75, 38), (76, 38), (87, 38), (71, 39), (72, 39), (73, 39), (67, 40), (68, 40), (69, 40), (70, 40), (86, 41), (66, 43), (85, 44), (65, 46), (84, 48), (64, 49), (83, 51), (63, 53), (82, 54), (82, 55), (62, 56), (79, 56), (80, 56), (81, 56), (75, 57), (76, 57), (77, 57), (78, 57), (72, 58), (73, 58), (74, 58), (61, 59), (69, 59), (70, 59), (71, 59), (61, 60), (66, 60), (67, 60), (68, 60), (62, 61), (63, 61), (64, 61), (65, 61)]
[(108, 29), (105, 30), (106, 30), (107, 30), (109, 30), (101, 31), (102, 31), (103, 31), (104, 31), (98, 32), (99, 32), (100, 32), (95, 33), (96, 33), (97, 33), (108, 33), (92, 34), (93, 34), (94, 34), (88, 35), (89, 35), (90, 35), (91, 35), (107, 36), (87, 38), (106, 39), (86, 41), (105, 43), (85, 44), (104, 46), (84, 48), (103, 49), (103, 50), (83, 51), (100, 51), (101, 51), (102, 51), (96, 52), (97, 52), (98, 52), (99, 52), (93, 53), (94, 53), (95, 53), (82, 54), (90, 54), (91, 54), (92, 54), (82, 55), (87, 55), (88, 55), (89, 55), (83, 56), (84, 56), (85, 56), (86, 56)]
[(103, 50), (100, 51), (101, 51), (102, 51), (104, 51), (96, 52), (97, 52), (98, 52), (99, 52), (93, 53), (94, 53), (95, 53), (90, 54), (91, 54), (92, 54), (103, 54), (87, 55), (88, 55), (89, 55), (83, 56), (84, 56), (85, 56), (86, 56), (102, 57), (82, 59), (101, 60), (81, 62), (100, 64), (80, 65), (99, 67), (79, 69), (98, 70), (98, 71), (78, 72), (95, 72), (96, 72), (97, 72), (91, 73), (92, 73), (93, 73), (94, 73), (88, 74), (89, 74), (90, 74), (77, 75), (85, 75), (86, 75), (87, 75), (77, 76), (82, 76), (83, 76), (84, 76), (78, 77), (79, 77), (80, 77), (81, 77)]
[(114, 48), (111, 49), (112, 49), (113, 49), (108, 50), (109, 50), (110, 50), (104, 51), (105, 51), (106, 51), (107, 51), (103, 54), (102, 57), (101, 60), (100, 64), (99, 67), (112, 68), (113, 68), (114, 68), (109, 69), (110, 69), (111, 69), (98, 70), (106, 70), (107, 70), (108, 70), (98, 71), (103, 71), (104, 71), (105, 71), (99, 72), (100, 72), (101, 72), (102, 72)]
[(112, 68), (113, 68), (114, 68), (109, 69), (110, 69), (111, 69), (106, 70), (107, 70), (108, 70), (103, 71), (104, 71), (105, 71), (99, 72), (100, 72), (101, 72), (102, 72), (98, 75), (97, 78), (96, 81), (95, 85), (114, 86), (114, 87), (94, 88), (111, 88), (112, 88), (113, 88), (107, 89), (108, 89), (109, 89), (110, 89), (104, 90), (105, 90), (106, 90), (93, 91), (101, 91), (102, 91), (103, 91), (93, 92), (98, 92), (99, 92), (100, 92), (94, 93), (95, 93), (96, 93), (97, 93)]
[(114, 86), (114, 87)]
[(45, 44), (42, 45), (43, 45), (44, 45), (46, 45), (38, 46), (39, 46), (40, 46), (41, 46), (35, 47), (36, 47), (37, 47), (32, 48), (33, 48), (34, 48), (45, 48), (29, 49), (30, 49), (31, 49), (25, 50), (26, 50), (27, 50), (28, 50), (44, 51), (24, 53), (43, 54), (23, 56), (42, 58), (22, 59), (41, 61), (21, 63), (40, 64), (40, 65), (20, 66), (37, 66), (38, 66), (39, 66), (33, 67), (34, 67), (35, 67), (36, 67), (30, 68), (31, 68), (32, 68), (19, 69), (27, 69), (28, 69), (29, 69), (19, 70), (24, 70), (25, 70), (26, 70), (20, 71), (21, 71), (22, 71), (23, 71)]
[(66, 39), (63, 40), (64, 40), (65, 40), (67, 40), (59, 41), (60, 41), (61, 41), (62, 41), (56, 42), (57, 42), (58, 42), (53, 43), (54, 43), (55, 43), (66, 43), (50, 44), (51, 44), (52, 44), (46, 45), (47, 45), (48, 45), (49, 45), (65, 46), (45, 48), (64, 49), (44, 51), (63, 53), (43, 54), (62, 56), (42, 58), (61, 59), (61, 60), (41, 61), (58, 61), (59, 61), (60, 61), (54, 62), (55, 62), (56, 62), (57, 62), (51, 63), (52, 63), (53, 63), (40, 64), (48, 64), (49, 64), (50, 64), (40, 65), (45, 65), (46, 65), (47, 65), (41, 66), (42, 66), (43, 66), (44, 66)]
[(61, 60), (58, 61), (59, 61), (60, 61), (62, 61), (54, 62), (55, 62), (56, 62), (57, 62), (51, 63), (52, 63), (53, 63), (48, 64), (49, 64), (50, 64), (61, 64), (45, 65), (46, 65), (47, 65), (41, 66), (42, 66), (43, 66), (44, 66), (60, 67), (40, 69), (59, 70), (39, 72), (58, 74), (38, 75), (57, 77), (37, 79), (56, 80), (56, 81), (36, 82), (53, 82), (54, 82), (55, 82), (49, 83), (50, 83), (51, 83), (52, 83), (46, 84), (47, 84), (48, 84), (35, 85), (43, 85), (44, 85), (45, 85), (35, 86), (40, 86), (41, 86), (42, 86), (36, 87), (37, 87), (38, 87), (39, 87)]
[(82, 55), (79, 56), (80, 56), (81, 56), (83, 56), (75, 57), (76, 57), (77, 57), (78, 57), (72, 58), (73, 58), (74, 58), (69, 59), (70, 59), (71, 59), (82, 59), (66, 60), (67, 60), (68, 60), (62, 61), (63, 61), (64, 61), (65, 61), (81, 62), (61, 64), (80, 65), (60, 67), (79, 69), (59, 70), (78, 72), (58, 74), (77, 75), (77, 76), (57, 77), (74, 77), (75, 77), (76, 77), (70, 78), (71, 78), (72, 78), (73, 78), (67, 79), (68, 79), (69, 79), (56, 80), (64, 80), (65, 80), (66, 80), (56, 81), (61, 81), (62, 81), (63, 81), (57, 82), (58, 82), (59, 82), (60, 82)]
[(77, 76), (74, 77), (75, 77), (76, 77), (78, 77), (70, 78), (71, 78), (72, 78), (73, 78), (67, 79), (68, 79), (69, 79), (64, 80), (65, 80), (66, 80), (77, 80), (61, 81), (62, 81), (63, 81), (57, 82), (58, 82), (59, 82), (60, 82), (76, 83), (56, 85), (75, 86), (55, 88), (74, 90), (54, 91), (73, 93), (53, 95), (72, 96), (72, 97), (52, 98), (69, 98), (70, 98), (71, 98), (65, 99), (66, 99), (67, 99), (68, 99), (62, 100), (63, 100), (64, 100), (51, 101), (59, 101), (60, 101), (61, 101), (51, 102), (56, 102), (57, 102), (58, 102), (52, 103), (53, 103), (54, 103), (55, 103)]
[(98, 71), (95, 72), (96, 72), (97, 72), (99, 72), (91, 73), (92, 73), (93, 73), (94, 73), (88, 74), (89, 74), (90, 74), (85, 75), (86, 75), (87, 75), (98, 75), (82, 76), (83, 76), (84, 76), (78, 77), (79, 77), (80, 77), (81, 77), (97, 78), (77, 80), (96, 81), (76, 83), (95, 85), (75, 86), (94, 88), (74, 90), (93, 91), (93, 92), (73, 93), (90, 93), (91, 93), (92, 93), (86, 94), (87, 94), (88, 94), (89, 94), (83, 95), (84, 95), (85, 95), (72, 96), (80, 96), (81, 96), (82, 96), (72, 97), (77, 97), (78, 97), (79, 97), (73, 98), (74, 98), (75, 98), (76, 98)]
[(93, 92), (90, 93), (91, 93), (92, 93), (94, 93), (86, 94), (87, 94), (88, 94), (89, 94), (83, 95), (84, 95), (85, 95), (80, 96), (81, 96), (82, 96), (93, 96), (77, 97), (78, 97), (79, 97), (73, 98), (74, 98), (75, 98), (76, 98), (92, 99), (72, 101), (91, 102), (71, 104), (90, 106), (70, 107), (89, 109), (69, 111), (88, 112), (88, 113), (68, 114), (85, 114), (86, 114), (87, 114)]
[(114, 87), (111, 88), (112, 88), (113, 88), (107, 89), (108, 89), (109, 89), (110, 89), (104, 90), (105, 90), (106, 90), (101, 91), (102, 91), (103, 91), (114, 91), (98, 92), (99, 92), (100, 92), (94, 93), (95, 93), (96, 93), (97, 93), (113, 94), (93, 96), (112, 97), (92, 99), (111, 101), (91, 102), (110, 104), (90, 106), (109, 107), (109, 108), (89, 109), (106, 109), (107, 109), (108, 109), (102, 110), (103, 110), (104, 110), (105, 110), (99, 111), (100, 111), (101, 111), (88, 112), (96, 112), (97, 112), (98, 112), (88, 113), (93, 113), (94, 113), (95, 113), (89, 114), (90, 114), (91, 114), (92, 114)]
[(40, 65), (37, 66), (38, 66), (39, 66), (41, 66), (33, 67), (34, 67), (35, 67), (36, 67), (30, 68), (31, 68), (32, 68), (27, 69), (28, 69), (29, 69), (40, 69), (24, 70), (25, 70), (26, 70), (20, 71), (21, 71), (22, 71), (23, 71), (39, 72), (19, 74), (38, 75), (18, 77), (37, 79), (17, 80), (36, 82), (16, 84), (35, 85), (35, 86), (15, 87), (32, 87), (33, 87), (34, 87), (28, 88), (29, 88), (30, 88), (31, 88), (25, 89), (26, 89), (27, 89), (14, 90), (22, 90), (23, 90), (24, 90), (14, 91), (19, 91), (20, 91), (21, 91), (15, 92), (16, 92), (17, 92), (18, 92)]
[(35, 86), (32, 87), (33, 87), (34, 87), (36, 87), (28, 88), (29, 88), (30, 88), (31, 88), (25, 89), (26, 89), (27, 89), (22, 90), (23, 90), (24, 90), (35, 90), (19, 91), (20, 91), (21, 91), (15, 92), (16, 92), (17, 92), (18, 92), (34, 93), (14, 95), (33, 96), (13, 98), (32, 100), (12, 101), (31, 103), (11, 105), (30, 106), (30, 107), (10, 108), (27, 108), (28, 108), (29, 108), (23, 109), (24, 109), (25, 109), (26, 109), (20, 110), (21, 110), (22, 110), (9, 111), (17, 111), (18, 111), (19, 111), (9, 112), (14, 112), (15, 112), (16, 112), (10, 113), (11, 113), (12, 113), (13, 113)]
[(56, 81), (53, 82), (54, 82), (55, 82), (57, 82), (49, 83), (50, 83), (51, 83), (52, 83), (46, 84), (47, 84), (48, 84), (43, 85), (44, 85), (45, 85), (56, 85), (40, 86), (41, 86), (42, 86), (36, 87), (37, 87), (38, 87), (39, 87), (55, 88), (35, 90), (54, 91), (34, 93), (53, 95), (33, 96), (52, 98), (32, 100), (51, 101), (51, 102), (31, 103), (48, 103), (49, 103), (50, 103), (44, 104), (45, 104), (46, 104), (47, 104), (41, 105), (42, 105), (43, 105), (30, 106), (38, 106), (39, 106), (40, 106), (30, 107), (35, 107), (36, 107), (37, 107), (31, 108), (32, 108), (33, 108), (34, 108)]
[(51, 102), (48, 103), (49, 103), (50, 103), (52, 103), (44, 104), (45, 104), (46, 104), (47, 104), (41, 105), (42, 105), (43, 105), (38, 106), (39, 106), (40, 106), (51, 106), (35, 107), (36, 107), (37, 107), (31, 108), (32, 108), (33, 108), (34, 108), (50, 109), (30, 111), (49, 112), (29, 114)]
[(72, 97), (69, 98), (70, 98), (71, 98), (73, 98), (65, 99), (66, 99), (67, 99), (68, 99), (62, 100), (63, 100), (64, 100), (59, 101), (60, 101), (61, 101), (72, 101), (56, 102), (57, 102), (58, 102), (52, 103), (53, 103), (54, 103), (55, 103), (71, 104), (51, 106), (70, 107), (50, 109), (69, 111), (49, 112), (68, 114)]
[(88, 113), (85, 114), (86, 114), (87, 114), (89, 114)]
[(30, 107), (27, 108), (28, 108), (29, 108), (31, 108), (23, 109), (24, 109), (25, 109), (26, 109), (20, 110), (21, 110), (22, 110), (17, 111), (18, 111), (19, 111), (30, 111), (14, 112), (15, 112), (16, 112), (10, 113), (11, 113), (12, 113), (13, 113), (29, 114)]
