[(79, 10), (80, 10), (81, 10), (77, 11), (78, 11), (82, 11), (74, 12), (75, 12), (76, 12), (71, 13), (72, 13), (73, 13), (81, 13), (69, 14), (70, 14), (66, 15), (67, 15), (68, 15), (63, 16), (64, 16), (65, 16), (80, 16), (62, 18), (79, 18), (61, 21), (78, 21), (60, 23), (77, 24), (59, 26), (76, 26), (58, 29), (74, 29), (75, 29), (76, 29), (72, 30), (73, 30), (57, 31), (69, 31), (70, 31), (71, 31), (66, 32), (67, 32), (68, 32), (64, 33), (65, 33), (56, 34), (57, 34), (61, 34), (62, 34), (63, 34), (58, 35), (59, 35), (60, 35)]
[(98, 5), (99, 5), (100, 5), (96, 6), (97, 6), (101, 6), (93, 7), (94, 7), (95, 7), (90, 8), (91, 8), (92, 8), (100, 8), (88, 9), (89, 9), (85, 10), (86, 10), (87, 10), (82, 11), (83, 11), (84, 11), (99, 11), (81, 13), (98, 13), (80, 16), (97, 16), (79, 18), (96, 19), (78, 21), (95, 21), (77, 24), (93, 24), (94, 24), (95, 24), (91, 25), (92, 25), (76, 26), (88, 26), (89, 26), (90, 26), (85, 27), (86, 27), (87, 27), (83, 28), (84, 28), (75, 29), (76, 29), (80, 29), (81, 29), (82, 29), (77, 30), (78, 30), (79, 30)]
[(93, 24), (94, 24), (95, 24), (91, 25), (92, 25), (96, 25), (88, 26), (89, 26), (90, 26), (85, 27), (86, 27), (87, 27), (95, 27), (83, 28), (84, 28), (80, 29), (81, 29), (82, 29), (77, 30), (78, 30), (79, 30), (94, 30), (76, 32), (93, 32), (75, 35), (92, 35), (74, 37), (91, 38), (73, 40), (90, 40), (72, 43), (88, 43), (89, 43), (90, 43), (86, 44), (87, 44), (71, 45), (83, 45), (84, 45), (85, 45), (80, 46), (81, 46), (82, 46), (78, 47), (79, 47), (70, 48), (71, 48), (75, 48), (76, 48), (77, 48), (72, 49), (73, 49), (74, 49)]
[(112, 19), (113, 19), (114, 19), (110, 20), (111, 20), (107, 21), (108, 21), (109, 21), (104, 22), (105, 22), (106, 22), (114, 22), (102, 23), (103, 23), (99, 24), (100, 24), (101, 24), (96, 25), (97, 25), (98, 25), (113, 25), (95, 27), (112, 27), (94, 30), (111, 30), (93, 32), (110, 33), (92, 35), (109, 35), (91, 38), (107, 38), (108, 38), (109, 38), (105, 39), (106, 39), (90, 40), (102, 40), (103, 40), (104, 40), (99, 41), (100, 41), (101, 41), (97, 42), (98, 42), (89, 43), (90, 43), (94, 43), (95, 43), (96, 43), (91, 44), (92, 44), (93, 44)]
[(107, 38), (108, 38), (109, 38), (105, 39), (106, 39), (110, 39), (102, 40), (103, 40), (104, 40), (99, 41), (100, 41), (101, 41), (109, 41), (97, 42), (98, 42), (94, 43), (95, 43), (96, 43), (91, 44), (92, 44), (93, 44), (108, 44), (90, 46), (107, 46), (89, 49), (106, 49), (88, 51), (105, 52), (87, 54), (104, 54), (86, 57), (102, 57), (103, 57), (104, 57), (100, 58), (101, 58), (85, 59), (97, 59), (98, 59), (99, 59), (94, 60), (95, 60), (96, 60), (92, 61), (93, 61), (84, 62), (85, 62), (89, 62), (90, 62), (91, 62), (86, 63), (87, 63), (88, 63)]
[(113, 38), (114, 38), (110, 39), (111, 39), (112, 39), (109, 41), (108, 44), (107, 46), (106, 49), (105, 52), (104, 54), (113, 55), (114, 55), (111, 56), (112, 56), (103, 57), (104, 57), (108, 57), (109, 57), (110, 57), (105, 58), (106, 58), (107, 58)]
[(113, 55), (114, 55), (111, 56), (112, 56), (108, 57), (109, 57), (110, 57), (105, 58), (106, 58), (107, 58), (104, 60), (103, 63), (102, 65), (101, 68), (100, 71), (114, 72), (99, 73), (111, 73), (112, 73), (113, 73), (108, 74), (109, 74), (110, 74), (106, 75), (107, 75), (98, 76), (99, 76), (103, 76), (104, 76), (105, 76), (100, 77), (101, 77), (102, 77)]
[(114, 85), (113, 87), (112, 90), (113, 90), (114, 91)]
[(41, 20), (42, 20), (43, 20), (39, 21), (40, 21), (44, 21), (36, 22), (37, 22), (38, 22), (33, 23), (34, 23), (35, 23), (43, 23), (31, 24), (32, 24), (28, 25), (29, 25), (30, 25), (25, 26), (26, 26), (27, 26), (42, 26), (24, 28), (41, 28), (23, 31), (40, 31), (22, 33), (39, 34), (21, 36), (38, 36), (20, 39), (36, 39), (37, 39), (38, 39), (34, 40), (35, 40), (19, 41), (31, 41), (32, 41), (33, 41), (28, 42), (29, 42), (30, 42), (26, 43), (27, 43), (18, 44), (19, 44), (23, 44), (24, 44), (25, 44), (20, 45), (21, 45), (22, 45)]
[(60, 15), (61, 15), (62, 15), (58, 16), (59, 16), (63, 16), (55, 17), (56, 17), (57, 17), (52, 18), (53, 18), (54, 18), (62, 18), (50, 19), (51, 19), (47, 20), (48, 20), (49, 20), (44, 21), (45, 21), (46, 21), (61, 21), (43, 23), (60, 23), (42, 26), (59, 26), (41, 28), (58, 29), (40, 31), (57, 31), (39, 34), (55, 34), (56, 34), (57, 34), (53, 35), (54, 35), (38, 36), (50, 36), (51, 36), (52, 36), (47, 37), (48, 37), (49, 37), (45, 38), (46, 38), (37, 39), (38, 39), (42, 39), (43, 39), (44, 39), (39, 40), (40, 40), (41, 40)]
[(55, 34), (56, 34), (57, 34), (53, 35), (54, 35), (58, 35), (50, 36), (51, 36), (52, 36), (47, 37), (48, 37), (49, 37), (57, 37), (45, 38), (46, 38), (42, 39), (43, 39), (44, 39), (39, 40), (40, 40), (41, 40), (56, 40), (38, 42), (55, 42), (37, 45), (54, 45), (36, 47), (53, 48), (35, 50), (52, 50), (34, 53), (50, 53), (51, 53), (52, 53), (48, 54), (49, 54), (33, 55), (45, 55), (46, 55), (47, 55), (42, 56), (43, 56), (44, 56), (40, 57), (41, 57), (32, 58), (33, 58), (37, 58), (38, 58), (39, 58), (34, 59), (35, 59), (36, 59)]
[(74, 29), (75, 29), (76, 29), (72, 30), (73, 30), (77, 30), (69, 31), (70, 31), (71, 31), (66, 32), (67, 32), (68, 32), (76, 32), (64, 33), (65, 33), (61, 34), (62, 34), (63, 34), (58, 35), (59, 35), (60, 35), (75, 35), (57, 37), (74, 37), (56, 40), (73, 40), (55, 42), (72, 43), (54, 45), (71, 45), (53, 48), (69, 48), (70, 48), (71, 48), (67, 49), (68, 49), (52, 50), (64, 50), (65, 50), (66, 50), (61, 51), (62, 51), (63, 51), (59, 52), (60, 52), (51, 53), (52, 53), (56, 53), (57, 53), (58, 53), (53, 54), (54, 54), (55, 54)]
[(69, 48), (70, 48), (71, 48), (67, 49), (68, 49), (72, 49), (64, 50), (65, 50), (66, 50), (61, 51), (62, 51), (63, 51), (71, 51), (59, 52), (60, 52), (56, 53), (57, 53), (58, 53), (53, 54), (54, 54), (55, 54), (70, 54), (52, 56), (69, 56), (51, 59), (68, 59), (50, 61), (67, 62), (49, 64), (66, 64), (48, 67), (64, 67), (65, 67), (66, 67), (62, 68), (63, 68), (47, 69), (59, 69), (60, 69), (61, 69), (56, 70), (57, 70), (58, 70), (54, 71), (55, 71), (46, 72), (47, 72), (51, 72), (52, 72), (53, 72), (48, 73), (49, 73), (50, 73)]
[(88, 43), (89, 43), (90, 43), (86, 44), (87, 44), (91, 44), (83, 45), (84, 45), (85, 45), (80, 46), (81, 46), (82, 46), (90, 46), (78, 47), (79, 47), (75, 48), (76, 48), (77, 48), (72, 49), (73, 49), (74, 49), (89, 49), (71, 51), (88, 51), (70, 54), (87, 54), (69, 56), (86, 57), (68, 59), (85, 59), (67, 62), (83, 62), (84, 62), (85, 62), (81, 63), (82, 63), (66, 64), (78, 64), (79, 64), (80, 64), (75, 65), (76, 65), (77, 65), (73, 66), (74, 66), (65, 67), (66, 67), (70, 67), (71, 67), (72, 67), (67, 68), (68, 68), (69, 68)]
[(83, 62), (84, 62), (85, 62), (81, 63), (82, 63), (86, 63), (78, 64), (79, 64), (80, 64), (75, 65), (76, 65), (77, 65), (85, 65), (73, 66), (74, 66), (70, 67), (71, 67), (72, 67), (67, 68), (68, 68), (69, 68), (84, 68), (66, 70), (83, 70), (65, 73), (82, 73), (64, 75), (81, 76), (63, 78), (80, 78), (62, 81), (78, 81), (79, 81), (80, 81), (76, 82), (77, 82), (61, 83), (73, 83), (74, 83), (75, 83), (70, 84), (71, 84), (72, 84), (68, 85), (69, 85), (60, 86), (61, 86), (65, 86), (66, 86), (67, 86), (62, 87), (63, 87), (64, 87)]
[(102, 57), (103, 57), (104, 57), (100, 58), (101, 58), (105, 58), (97, 59), (98, 59), (99, 59), (94, 60), (95, 60), (96, 60), (104, 60), (92, 61), (93, 61), (89, 62), (90, 62), (91, 62), (86, 63), (87, 63), (88, 63), (103, 63), (85, 65), (102, 65), (84, 68), (101, 68), (83, 70), (100, 71), (82, 73), (99, 73), (81, 76), (97, 76), (98, 76), (99, 76), (95, 77), (96, 77), (80, 78), (92, 78), (93, 78), (94, 78), (89, 79), (90, 79), (91, 79), (87, 80), (88, 80), (79, 81), (80, 81), (84, 81), (85, 81), (86, 81), (81, 82), (82, 82), (83, 82)]
[(97, 76), (98, 76), (99, 76), (95, 77), (96, 77), (100, 77), (92, 78), (93, 78), (94, 78), (89, 79), (90, 79), (91, 79), (99, 79), (87, 80), (88, 80), (84, 81), (85, 81), (86, 81), (81, 82), (82, 82), (83, 82), (98, 82), (80, 84), (97, 84), (79, 87), (96, 87), (78, 89), (95, 90), (77, 92), (94, 92), (76, 95), (92, 95), (93, 95), (94, 95), (90, 96), (91, 96), (75, 97), (87, 97), (88, 97), (89, 97), (84, 98), (85, 98), (86, 98), (82, 99), (83, 99), (74, 100), (75, 100), (79, 100), (80, 100), (81, 100), (76, 101), (77, 101), (78, 101)]
[(114, 72), (111, 73), (112, 73), (113, 73), (108, 74), (109, 74), (110, 74), (106, 75), (107, 75), (103, 76), (104, 76), (105, 76), (100, 77), (101, 77), (102, 77), (99, 79), (98, 82), (97, 84), (114, 85), (96, 87), (113, 87), (95, 90), (111, 90), (112, 90), (113, 90), (109, 91), (110, 91), (94, 92), (106, 92), (107, 92), (108, 92), (103, 93), (104, 93), (105, 93), (101, 94), (102, 94), (93, 95), (94, 95), (98, 95), (99, 95), (100, 95), (95, 96), (96, 96), (97, 96)]
[(111, 90), (112, 90), (113, 90), (109, 91), (110, 91), (114, 91), (106, 92), (107, 92), (108, 92), (103, 93), (104, 93), (105, 93), (113, 93), (101, 94), (102, 94), (98, 95), (99, 95), (100, 95), (95, 96), (96, 96), (97, 96), (112, 96), (94, 98), (111, 98), (93, 101), (110, 101), (92, 103), (109, 104), (91, 106), (108, 106), (90, 109), (106, 109), (107, 109), (108, 109), (104, 110), (105, 110), (89, 111), (101, 111), (102, 111), (103, 111), (98, 112), (99, 112), (100, 112), (96, 113), (97, 113), (88, 114), (89, 114), (93, 114), (94, 114), (95, 114)]
[(114, 91), (113, 93), (112, 96), (111, 98), (110, 101), (109, 104), (108, 106), (107, 109), (108, 109), (112, 109), (113, 109), (114, 109), (109, 110), (110, 110), (111, 110)]
[(112, 109), (113, 109), (114, 109), (109, 110), (110, 110), (111, 110), (108, 112)]
[(17, 44), (18, 44), (19, 44), (15, 45), (16, 45), (20, 45), (12, 46), (13, 46), (14, 46), (9, 47), (10, 47), (11, 47), (19, 47), (7, 48), (8, 48), (4, 49), (5, 49), (6, 49), (1, 50), (2, 50), (3, 50), (18, 50), (0, 52), (17, 52), (16, 55), (15, 58), (14, 60), (12, 63), (13, 63), (14, 63), (10, 64), (11, 64), (7, 65), (8, 65), (9, 65), (4, 66), (5, 66), (6, 66), (2, 67), (3, 67), (0, 68), (1, 68)]
[(36, 39), (37, 39), (38, 39), (34, 40), (35, 40), (39, 40), (31, 41), (32, 41), (33, 41), (28, 42), (29, 42), (30, 42), (38, 42), (26, 43), (27, 43), (23, 44), (24, 44), (25, 44), (20, 45), (21, 45), (22, 45), (37, 45), (19, 47), (36, 47), (18, 50), (35, 50), (17, 52), (34, 53), (16, 55), (33, 55), (15, 58), (31, 58), (32, 58), (33, 58), (29, 59), (30, 59), (14, 60), (26, 60), (27, 60), (28, 60), (23, 61), (24, 61), (25, 61), (21, 62), (22, 62), (13, 63), (14, 63), (18, 63), (19, 63), (20, 63), (15, 64), (16, 64), (17, 64)]
[(31, 58), (32, 58), (33, 58), (29, 59), (30, 59), (34, 59), (26, 60), (27, 60), (28, 60), (23, 61), (24, 61), (25, 61), (33, 61), (21, 62), (22, 62), (18, 63), (19, 63), (20, 63), (15, 64), (16, 64), (17, 64), (32, 64), (14, 66), (31, 66), (13, 69), (30, 69), (12, 71), (29, 72), (11, 74), (28, 74), (10, 77), (26, 77), (27, 77), (28, 77), (24, 78), (25, 78), (9, 79), (21, 79), (22, 79), (23, 79), (18, 80), (19, 80), (20, 80), (16, 81), (17, 81), (8, 82), (9, 82), (13, 82), (14, 82), (15, 82), (10, 83), (11, 83), (12, 83)]
[(50, 53), (51, 53), (52, 53), (48, 54), (49, 54), (53, 54), (45, 55), (46, 55), (47, 55), (42, 56), (43, 56), (44, 56), (52, 56), (40, 57), (41, 57), (37, 58), (38, 58), (39, 58), (34, 59), (35, 59), (36, 59), (51, 59), (33, 61), (50, 61), (32, 64), (49, 64), (31, 66), (48, 67), (30, 69), (47, 69), (29, 72), (45, 72), (46, 72), (47, 72), (43, 73), (44, 73), (28, 74), (40, 74), (41, 74), (42, 74), (37, 75), (38, 75), (39, 75), (35, 76), (36, 76), (27, 77), (28, 77), (32, 77), (33, 77), (34, 77), (29, 78), (30, 78), (31, 78)]
[(45, 72), (46, 72), (47, 72), (43, 73), (44, 73), (48, 73), (40, 74), (41, 74), (42, 74), (37, 75), (38, 75), (39, 75), (47, 75), (35, 76), (36, 76), (32, 77), (33, 77), (34, 77), (29, 78), (30, 78), (31, 78), (46, 78), (28, 80), (45, 80), (27, 83), (44, 83), (26, 85), (43, 86), (25, 88), (42, 88), (24, 91), (40, 91), (41, 91), (42, 91), (38, 92), (39, 92), (23, 93), (35, 93), (36, 93), (37, 93), (32, 94), (33, 94), (34, 94), (30, 95), (31, 95), (22, 96), (23, 96), (27, 96), (28, 96), (29, 96), (24, 97), (25, 97), (26, 97)]
[(64, 67), (65, 67), (66, 67), (62, 68), (63, 68), (67, 68), (59, 69), (60, 69), (61, 69), (56, 70), (57, 70), (58, 70), (66, 70), (54, 71), (55, 71), (51, 72), (52, 72), (53, 72), (48, 73), (49, 73), (50, 73), (65, 73), (47, 75), (64, 75), (46, 78), (63, 78), (45, 80), (62, 81), (44, 83), (61, 83), (43, 86), (59, 86), (60, 86), (61, 86), (57, 87), (58, 87), (42, 88), (54, 88), (55, 88), (56, 88), (51, 89), (52, 89), (53, 89), (49, 90), (50, 90), (41, 91), (42, 91), (46, 91), (47, 91), (48, 91), (43, 92), (44, 92), (45, 92)]
[(59, 86), (60, 86), (61, 86), (57, 87), (58, 87), (62, 87), (54, 88), (55, 88), (56, 88), (51, 89), (52, 89), (53, 89), (61, 89), (49, 90), (50, 90), (46, 91), (47, 91), (48, 91), (43, 92), (44, 92), (45, 92), (60, 92), (42, 94), (59, 94), (41, 97), (58, 97), (40, 99), (57, 100), (39, 102), (56, 102), (38, 105), (54, 105), (55, 105), (56, 105), (52, 106), (53, 106), (37, 107), (49, 107), (50, 107), (51, 107), (46, 108), (47, 108), (48, 108), (44, 109), (45, 109), (36, 110), (37, 110), (41, 110), (42, 110), (43, 110), (38, 111), (39, 111), (40, 111)]
[(78, 81), (79, 81), (80, 81), (76, 82), (77, 82), (81, 82), (73, 83), (74, 83), (75, 83), (70, 84), (71, 84), (72, 84), (80, 84), (68, 85), (69, 85), (65, 86), (66, 86), (67, 86), (62, 87), (63, 87), (64, 87), (79, 87), (61, 89), (78, 89), (60, 92), (77, 92), (59, 94), (76, 95), (58, 97), (75, 97), (57, 100), (73, 100), (74, 100), (75, 100), (71, 101), (72, 101), (56, 102), (68, 102), (69, 102), (70, 102), (65, 103), (66, 103), (67, 103), (63, 104), (64, 104), (55, 105), (56, 105), (60, 105), (61, 105), (62, 105), (57, 106), (58, 106), (59, 106)]
[(73, 100), (74, 100), (75, 100), (71, 101), (72, 101), (76, 101), (68, 102), (69, 102), (70, 102), (65, 103), (66, 103), (67, 103), (75, 103), (63, 104), (64, 104), (60, 105), (61, 105), (62, 105), (57, 106), (58, 106), (59, 106), (74, 106), (56, 108), (73, 108), (55, 111), (72, 111), (54, 113), (71, 114)]
[(92, 95), (93, 95), (94, 95), (90, 96), (91, 96), (95, 96), (87, 97), (88, 97), (89, 97), (84, 98), (85, 98), (86, 98), (94, 98), (82, 99), (83, 99), (79, 100), (80, 100), (81, 100), (76, 101), (77, 101), (78, 101), (93, 101), (75, 103), (92, 103), (74, 106), (91, 106), (73, 108), (90, 109), (72, 111), (89, 111), (71, 114), (87, 114), (88, 114), (89, 114)]
[(87, 114), (88, 114), (89, 114)]
[(106, 109), (107, 109), (108, 109), (104, 110), (105, 110), (109, 110), (101, 111), (102, 111), (103, 111), (98, 112), (99, 112), (100, 112), (108, 112), (96, 113), (97, 113), (93, 114), (94, 114), (95, 114)]
[(12, 63), (13, 63), (14, 63), (10, 64), (11, 64), (15, 64), (7, 65), (8, 65), (9, 65), (4, 66), (5, 66), (6, 66), (14, 66), (2, 67), (3, 67), (0, 68), (1, 68), (13, 69), (12, 71), (11, 74), (10, 77), (9, 79), (7, 82), (8, 82), (9, 82), (5, 83), (6, 83), (2, 84), (3, 84), (4, 84), (0, 85), (1, 85)]
[(7, 82), (8, 82), (9, 82), (5, 83), (6, 83), (10, 83), (2, 84), (3, 84), (4, 84), (0, 85), (1, 85), (9, 85), (8, 88), (7, 90), (6, 93), (5, 96), (4, 98), (2, 101), (3, 101), (4, 101), (0, 102), (1, 102)]
[(26, 77), (27, 77), (28, 77), (24, 78), (25, 78), (29, 78), (21, 79), (22, 79), (23, 79), (18, 80), (19, 80), (20, 80), (28, 80), (16, 81), (17, 81), (13, 82), (14, 82), (15, 82), (10, 83), (11, 83), (12, 83), (27, 83), (9, 85), (26, 85), (8, 88), (25, 88), (7, 90), (24, 91), (6, 93), (23, 93), (5, 96), (21, 96), (22, 96), (23, 96), (19, 97), (20, 97), (4, 98), (16, 98), (17, 98), (18, 98), (13, 99), (14, 99), (15, 99), (11, 100), (12, 100), (3, 101), (4, 101), (8, 101), (9, 101), (10, 101), (5, 102), (6, 102), (7, 102)]
[(21, 96), (22, 96), (23, 96), (19, 97), (20, 97), (24, 97), (16, 98), (17, 98), (18, 98), (13, 99), (14, 99), (15, 99), (23, 99), (11, 100), (12, 100), (8, 101), (9, 101), (10, 101), (5, 102), (6, 102), (7, 102), (22, 102), (4, 104), (21, 104), (3, 107), (20, 107), (2, 109), (19, 110), (1, 112), (18, 112)]
[(40, 91), (41, 91), (42, 91), (38, 92), (39, 92), (43, 92), (35, 93), (36, 93), (37, 93), (32, 94), (33, 94), (34, 94), (42, 94), (30, 95), (31, 95), (27, 96), (28, 96), (29, 96), (24, 97), (25, 97), (26, 97), (41, 97), (23, 99), (40, 99), (22, 102), (39, 102), (21, 104), (38, 105), (20, 107), (37, 107), (19, 110), (35, 110), (36, 110), (37, 110), (33, 111), (34, 111), (18, 112), (30, 112), (31, 112), (32, 112), (27, 113), (28, 113), (29, 113), (25, 114), (26, 114)]
[(35, 110), (36, 110), (37, 110), (33, 111), (34, 111), (38, 111), (30, 112), (31, 112), (32, 112), (27, 113), (28, 113), (29, 113), (37, 113), (25, 114), (26, 114)]
[(54, 105), (55, 105), (56, 105), (52, 106), (53, 106), (57, 106), (49, 107), (50, 107), (51, 107), (46, 108), (47, 108), (48, 108), (56, 108), (44, 109), (45, 109), (41, 110), (42, 110), (43, 110), (38, 111), (39, 111), (40, 111), (55, 111), (37, 113), (54, 113)]
[(2, 101), (3, 101), (4, 101), (0, 102), (1, 102), (5, 102), (4, 104), (3, 107), (2, 109), (1, 112)]
