[(113, 28), (114, 28), (109, 29), (110, 29), (111, 29), (112, 29), (106, 30), (107, 30), (108, 30), (102, 31), (103, 31), (104, 31), (105, 31), (101, 34), (100, 37), (99, 41), (98, 44), (97, 47), (98, 47), (99, 48), (100, 49), (101, 50), (102, 51), (111, 51), (112, 51), (113, 51), (114, 51), (103, 52), (108, 52), (109, 52), (110, 52), (104, 53), (105, 53), (106, 53), (107, 53)]
[(72, 23), (73, 23), (74, 23), (69, 24), (70, 24), (71, 24), (75, 24), (65, 25), (66, 25), (67, 25), (68, 25), (76, 25), (62, 26), (63, 26), (64, 26), (77, 26), (58, 27), (59, 27), (60, 27), (61, 27), (78, 27), (79, 28), (80, 29), (57, 30), (79, 32), (56, 33), (78, 35), (55, 37), (77, 39), (54, 40), (76, 42), (53, 43), (54, 43), (55, 44), (56, 45), (74, 45), (75, 45), (76, 45), (57, 46), (71, 46), (72, 46), (73, 46), (58, 47), (67, 47), (68, 47), (69, 47), (70, 47), (59, 48), (64, 48), (65, 48), (66, 48), (60, 49), (61, 49), (62, 49), (63, 49)]
[(94, 25), (95, 25), (96, 25), (91, 26), (92, 26), (93, 26), (97, 26), (87, 27), (88, 27), (89, 27), (90, 27), (98, 27), (84, 28), (85, 28), (86, 28), (99, 28), (80, 29), (81, 29), (82, 29), (83, 29), (100, 29), (101, 30), (102, 31), (79, 32), (101, 34), (78, 35), (100, 37), (77, 39), (99, 41), (76, 42), (98, 44), (75, 45), (76, 45), (77, 46), (78, 47), (96, 47), (97, 47), (98, 47), (79, 48), (93, 48), (94, 48), (95, 48), (80, 49), (89, 49), (90, 49), (91, 49), (92, 49), (81, 50), (86, 50), (87, 50), (88, 50), (82, 51), (83, 51), (84, 51), (85, 51)]
[(96, 47), (97, 47), (98, 47), (93, 48), (94, 48), (95, 48), (99, 48), (89, 49), (90, 49), (91, 49), (92, 49), (100, 49), (86, 50), (87, 50), (88, 50), (101, 50), (82, 51), (83, 51), (84, 51), (85, 51), (102, 51), (103, 52), (104, 53), (81, 54), (103, 56), (80, 57), (102, 59), (79, 61), (101, 63), (78, 64), (100, 66), (77, 67), (78, 67), (79, 68), (80, 69), (98, 69), (99, 69), (100, 69), (81, 70), (95, 70), (96, 70), (97, 70), (82, 71), (91, 71), (92, 71), (93, 71), (94, 71), (83, 72), (88, 72), (89, 72), (90, 72), (84, 73), (85, 73), (86, 73), (87, 73)]
[(111, 51), (112, 51), (113, 51), (114, 51), (108, 52), (109, 52), (110, 52), (104, 53), (105, 53), (106, 53), (107, 53), (103, 56), (102, 59), (101, 63), (100, 66), (99, 69), (100, 69), (101, 70), (102, 71), (103, 72), (104, 73), (113, 73), (114, 73), (105, 74), (110, 74), (111, 74), (112, 74), (106, 75), (107, 75), (108, 75), (109, 75)]
[(113, 73), (114, 73), (110, 74), (111, 74), (112, 74), (106, 75), (107, 75), (108, 75), (109, 75), (105, 78), (104, 81), (103, 85), (102, 88), (101, 91), (102, 91), (103, 92), (104, 93), (105, 94), (106, 95), (107, 96), (112, 96), (113, 96), (114, 96), (108, 97), (109, 97), (110, 97), (111, 97)]
[(52, 43), (53, 43), (54, 43), (49, 44), (50, 44), (51, 44), (55, 44), (45, 45), (46, 45), (47, 45), (48, 45), (56, 45), (42, 46), (43, 46), (44, 46), (57, 46), (38, 47), (39, 47), (40, 47), (41, 47), (58, 47), (59, 48), (60, 49), (37, 50), (59, 52), (36, 53), (58, 55), (35, 57), (57, 59), (34, 60), (56, 62), (33, 63), (34, 63), (35, 64), (36, 65), (54, 65), (55, 65), (56, 65), (37, 66), (51, 66), (52, 66), (53, 66), (38, 67), (47, 67), (48, 67), (49, 67), (50, 67), (39, 68), (44, 68), (45, 68), (46, 68), (40, 69), (41, 69), (42, 69), (43, 69)]
[(74, 45), (75, 45), (76, 45), (71, 46), (72, 46), (73, 46), (77, 46), (67, 47), (68, 47), (69, 47), (70, 47), (78, 47), (64, 48), (65, 48), (66, 48), (79, 48), (60, 49), (61, 49), (62, 49), (63, 49), (80, 49), (81, 50), (82, 51), (59, 52), (81, 54), (58, 55), (80, 57), (57, 59), (79, 61), (56, 62), (78, 64), (55, 65), (56, 65), (57, 66), (58, 67), (76, 67), (77, 67), (78, 67), (59, 68), (73, 68), (74, 68), (75, 68), (60, 69), (69, 69), (70, 69), (71, 69), (72, 69), (61, 70), (66, 70), (67, 70), (68, 70), (62, 71), (63, 71), (64, 71), (65, 71)]
[(76, 67), (77, 67), (78, 67), (73, 68), (74, 68), (75, 68), (79, 68), (69, 69), (70, 69), (71, 69), (72, 69), (80, 69), (66, 70), (67, 70), (68, 70), (81, 70), (62, 71), (63, 71), (64, 71), (65, 71), (82, 71), (83, 72), (84, 73), (61, 74), (83, 76), (60, 77), (82, 79), (59, 81), (81, 83), (58, 84), (80, 86), (57, 87), (58, 87), (59, 88), (60, 89), (78, 89), (79, 89), (80, 89), (61, 90), (75, 90), (76, 90), (77, 90), (62, 91), (71, 91), (72, 91), (73, 91), (74, 91), (63, 92), (68, 92), (69, 92), (70, 92), (64, 93), (65, 93), (66, 93), (67, 93)]
[(98, 69), (99, 69), (100, 69), (95, 70), (96, 70), (97, 70), (101, 70), (91, 71), (92, 71), (93, 71), (94, 71), (102, 71), (88, 72), (89, 72), (90, 72), (103, 72), (84, 73), (85, 73), (86, 73), (87, 73), (104, 73), (105, 74), (106, 75), (83, 76), (105, 78), (82, 79), (104, 81), (81, 83), (103, 85), (80, 86), (102, 88), (79, 89), (80, 89), (81, 90), (82, 91), (100, 91), (101, 91), (102, 91), (83, 92), (97, 92), (98, 92), (99, 92), (84, 93), (93, 93), (94, 93), (95, 93), (96, 93), (85, 94), (90, 94), (91, 94), (92, 94), (86, 95), (87, 95), (88, 95), (89, 95)]
[(100, 91), (101, 91), (102, 91), (97, 92), (98, 92), (99, 92), (103, 92), (93, 93), (94, 93), (95, 93), (96, 93), (104, 93), (90, 94), (91, 94), (92, 94), (105, 94), (86, 95), (87, 95), (88, 95), (89, 95), (106, 95), (107, 96), (108, 97), (85, 98), (107, 100), (84, 101), (106, 103), (83, 105), (105, 107), (82, 108), (104, 110), (81, 111), (82, 111), (83, 112), (84, 113), (102, 113), (103, 113), (104, 113), (85, 114), (99, 114), (100, 114), (101, 114)]
[(112, 96), (113, 96), (114, 96), (108, 97), (109, 97), (110, 97), (111, 97), (107, 100), (106, 103), (105, 107), (104, 110), (103, 113), (104, 113), (105, 114)]
[(54, 65), (55, 65), (56, 65), (51, 66), (52, 66), (53, 66), (57, 66), (47, 67), (48, 67), (49, 67), (50, 67), (58, 67), (44, 68), (45, 68), (46, 68), (59, 68), (40, 69), (41, 69), (42, 69), (43, 69), (60, 69), (61, 70), (62, 71), (39, 72), (61, 74), (38, 75), (60, 77), (37, 79), (59, 81), (36, 82), (58, 84), (35, 85), (36, 85), (37, 86), (38, 87), (56, 87), (57, 87), (58, 87), (39, 88), (53, 88), (54, 88), (55, 88), (40, 89), (49, 89), (50, 89), (51, 89), (52, 89), (41, 90), (46, 90), (47, 90), (48, 90), (42, 91), (43, 91), (44, 91), (45, 91)]
[(56, 87), (57, 87), (58, 87), (53, 88), (54, 88), (55, 88), (59, 88), (49, 89), (50, 89), (51, 89), (52, 89), (60, 89), (46, 90), (47, 90), (48, 90), (61, 90), (42, 91), (43, 91), (44, 91), (45, 91), (62, 91), (63, 92), (64, 93), (41, 94), (63, 96), (40, 97), (62, 99), (39, 101), (61, 103), (38, 104), (60, 106), (37, 107), (38, 107), (39, 108), (40, 109), (58, 109), (59, 109), (60, 109), (41, 110), (55, 110), (56, 110), (57, 110), (42, 111), (51, 111), (52, 111), (53, 111), (54, 111), (43, 112), (48, 112), (49, 112), (50, 112), (44, 113), (45, 113), (46, 113), (47, 113)]
[(78, 89), (79, 89), (80, 89), (75, 90), (76, 90), (77, 90), (81, 90), (71, 91), (72, 91), (73, 91), (74, 91), (82, 91), (68, 92), (69, 92), (70, 92), (83, 92), (64, 93), (65, 93), (66, 93), (67, 93), (84, 93), (85, 94), (86, 95), (63, 96), (85, 98), (62, 99), (84, 101), (61, 103), (83, 105), (60, 106), (82, 108), (59, 109), (60, 109), (61, 110), (62, 111), (80, 111), (81, 111), (82, 111), (63, 112), (77, 112), (78, 112), (79, 112), (64, 113), (73, 113), (74, 113), (75, 113), (76, 113), (65, 114), (70, 114), (71, 114), (72, 114)]
[(80, 111), (81, 111), (82, 111), (77, 112), (78, 112), (79, 112), (83, 112), (73, 113), (74, 113), (75, 113), (76, 113), (84, 113), (70, 114), (71, 114), (72, 114), (85, 114)]
[(102, 113), (103, 113), (104, 113), (99, 114), (100, 114), (101, 114), (105, 114)]
[(58, 109), (59, 109), (60, 109), (55, 110), (56, 110), (57, 110), (61, 110), (51, 111), (52, 111), (53, 111), (54, 111), (62, 111), (48, 112), (49, 112), (50, 112), (63, 112), (44, 113), (45, 113), (46, 113), (47, 113), (64, 113), (65, 114)]
