[(102, 7), (99, 8), (100, 8), (101, 8), (103, 8), (97, 9), (98, 9), (104, 9), (94, 10), (95, 10), (96, 10), (105, 10), (92, 11), (93, 11), (106, 11), (89, 12), (90, 12), (91, 12), (107, 12), (86, 13), (87, 13), (88, 13), (106, 14), (85, 15), (105, 17), (84, 18), (104, 19), (83, 20), (103, 22), (82, 23), (102, 24), (81, 25), (101, 27), (80, 28), (101, 28), (80, 29), (98, 29), (99, 29), (100, 29), (81, 30), (96, 30), (97, 30), (82, 31), (93, 31), (94, 31), (95, 31), (83, 32), (91, 32), (92, 32), (84, 33), (88, 33), (89, 33), (90, 33), (85, 34), (86, 34), (87, 34)]
[(113, 10), (114, 10), (110, 11), (111, 11), (112, 11), (107, 12), (108, 12), (109, 12), (106, 14), (105, 17), (104, 19), (103, 22), (102, 24), (101, 27), (101, 28), (102, 29), (103, 30), (114, 30), (104, 31), (112, 31), (113, 31), (105, 32), (109, 32), (110, 32), (111, 32), (106, 33), (107, 33), (108, 33)]
[(114, 30), (112, 31), (113, 31), (109, 32), (110, 32), (111, 32), (106, 33), (107, 33), (108, 33), (105, 35), (104, 38), (103, 40), (102, 43), (101, 45), (100, 48), (100, 49), (101, 50), (102, 51), (113, 51), (114, 51), (103, 52), (111, 52), (112, 52), (104, 53), (108, 53), (109, 53), (110, 53), (105, 54), (106, 54), (107, 54)]
[(60, 9), (57, 10), (58, 10), (59, 10), (61, 10), (55, 11), (56, 11), (62, 11), (52, 12), (53, 12), (54, 12), (63, 12), (50, 13), (51, 13), (64, 13), (47, 14), (48, 14), (49, 14), (65, 14), (44, 15), (45, 15), (46, 15), (64, 16), (43, 17), (63, 19), (42, 20), (62, 21), (41, 22), (61, 24), (40, 25), (60, 26), (39, 27), (59, 29), (38, 30), (59, 30), (38, 31), (56, 31), (57, 31), (58, 31), (39, 32), (54, 32), (55, 32), (40, 33), (51, 33), (52, 33), (53, 33), (41, 34), (49, 34), (50, 34), (42, 35), (46, 35), (47, 35), (48, 35), (43, 36), (44, 36), (45, 36)]
[(81, 8), (78, 9), (79, 9), (80, 9), (82, 9), (76, 10), (77, 10), (83, 10), (73, 11), (74, 11), (75, 11), (84, 11), (71, 12), (72, 12), (85, 12), (68, 13), (69, 13), (70, 13), (86, 13), (65, 14), (66, 14), (67, 14), (85, 15), (64, 16), (84, 18), (63, 19), (83, 20), (62, 21), (82, 23), (61, 24), (81, 25), (60, 26), (80, 28), (59, 29), (80, 29), (59, 30), (77, 30), (78, 30), (79, 30), (60, 31), (75, 31), (76, 31), (61, 32), (72, 32), (73, 32), (74, 32), (62, 33), (70, 33), (71, 33), (63, 34), (67, 34), (68, 34), (69, 34), (64, 35), (65, 35), (66, 35)]
[(80, 29), (77, 30), (78, 30), (79, 30), (81, 30), (75, 31), (76, 31), (82, 31), (72, 32), (73, 32), (74, 32), (83, 32), (70, 33), (71, 33), (84, 33), (67, 34), (68, 34), (69, 34), (85, 34), (64, 35), (65, 35), (66, 35), (84, 36), (63, 37), (83, 39), (62, 40), (82, 41), (61, 42), (81, 44), (60, 45), (80, 46), (59, 47), (79, 49), (58, 50), (79, 50), (58, 51), (76, 51), (77, 51), (78, 51), (59, 52), (74, 52), (75, 52), (60, 53), (71, 53), (72, 53), (73, 53), (61, 54), (69, 54), (70, 54), (62, 55), (66, 55), (67, 55), (68, 55), (63, 56), (64, 56), (65, 56)]
[(101, 28), (98, 29), (99, 29), (100, 29), (102, 29), (96, 30), (97, 30), (103, 30), (93, 31), (94, 31), (95, 31), (104, 31), (91, 32), (92, 32), (105, 32), (88, 33), (89, 33), (90, 33), (106, 33), (85, 34), (86, 34), (87, 34), (105, 35), (84, 36), (104, 38), (83, 39), (103, 40), (82, 41), (102, 43), (81, 44), (101, 45), (80, 46), (100, 48), (79, 49), (100, 49), (79, 50), (97, 50), (98, 50), (99, 50), (80, 51), (95, 51), (96, 51), (81, 52), (92, 52), (93, 52), (94, 52), (82, 53), (90, 53), (91, 53), (83, 54), (87, 54), (88, 54), (89, 54), (84, 55), (85, 55), (86, 55)]
[(100, 49), (97, 50), (98, 50), (99, 50), (101, 50), (95, 51), (96, 51), (102, 51), (92, 52), (93, 52), (94, 52), (103, 52), (90, 53), (91, 53), (104, 53), (87, 54), (88, 54), (89, 54), (105, 54), (84, 55), (85, 55), (86, 55), (104, 56), (83, 57), (103, 59), (82, 60), (102, 61), (81, 62), (101, 64), (80, 65), (100, 66), (79, 67), (99, 69), (78, 70), (99, 70), (78, 71), (96, 71), (97, 71), (98, 71), (79, 72), (94, 72), (95, 72), (80, 73), (91, 73), (92, 73), (93, 73), (81, 74), (89, 74), (90, 74), (82, 75), (86, 75), (87, 75), (88, 75), (83, 76), (84, 76), (85, 76)]
[(113, 51), (114, 51), (111, 52), (112, 52), (108, 53), (109, 53), (110, 53), (105, 54), (106, 54), (107, 54), (104, 56), (103, 59), (102, 61), (101, 64), (100, 66), (99, 69), (99, 70), (100, 71), (101, 72), (112, 72), (113, 72), (114, 72), (102, 73), (110, 73), (111, 73), (103, 74), (107, 74), (108, 74), (109, 74), (104, 75), (105, 75), (106, 75)]
[(112, 72), (113, 72), (114, 72), (110, 73), (111, 73), (107, 74), (108, 74), (109, 74), (104, 75), (105, 75), (106, 75), (103, 77), (102, 80), (101, 82), (100, 85), (99, 87), (98, 90), (98, 91), (99, 92), (114, 92), (100, 93), (111, 93), (112, 93), (113, 93), (101, 94), (109, 94), (110, 94), (102, 95), (106, 95), (107, 95), (108, 95), (103, 96), (104, 96), (105, 96)]
[(38, 31), (35, 32), (36, 32), (37, 32), (39, 32), (33, 33), (34, 33), (40, 33), (30, 34), (31, 34), (32, 34), (41, 34), (28, 35), (29, 35), (42, 35), (25, 36), (26, 36), (27, 36), (43, 36), (22, 37), (23, 37), (24, 37), (42, 38), (21, 39), (41, 41), (20, 42), (40, 43), (19, 44), (39, 46), (18, 47), (38, 48), (17, 49), (37, 51), (16, 52), (37, 52), (16, 53), (34, 53), (35, 53), (36, 53), (17, 54), (32, 54), (33, 54), (18, 55), (29, 55), (30, 55), (31, 55), (19, 56), (27, 56), (28, 56), (20, 57), (24, 57), (25, 57), (26, 57), (21, 58), (22, 58), (23, 58)]
[(59, 30), (56, 31), (57, 31), (58, 31), (60, 31), (54, 32), (55, 32), (61, 32), (51, 33), (52, 33), (53, 33), (62, 33), (49, 34), (50, 34), (63, 34), (46, 35), (47, 35), (48, 35), (64, 35), (43, 36), (44, 36), (45, 36), (63, 37), (42, 38), (62, 40), (41, 41), (61, 42), (40, 43), (60, 45), (39, 46), (59, 47), (38, 48), (58, 50), (37, 51), (58, 51), (37, 52), (55, 52), (56, 52), (57, 52), (38, 53), (53, 53), (54, 53), (39, 54), (50, 54), (51, 54), (52, 54), (40, 55), (48, 55), (49, 55), (41, 56), (45, 56), (46, 56), (47, 56), (42, 57), (43, 57), (44, 57)]
[(58, 51), (55, 52), (56, 52), (57, 52), (59, 52), (53, 53), (54, 53), (60, 53), (50, 54), (51, 54), (52, 54), (61, 54), (48, 55), (49, 55), (62, 55), (45, 56), (46, 56), (47, 56), (63, 56), (42, 57), (43, 57), (44, 57), (62, 58), (41, 59), (61, 61), (40, 62), (60, 63), (39, 64), (59, 66), (38, 67), (58, 68), (37, 69), (57, 71), (36, 72), (57, 72), (36, 73), (54, 73), (55, 73), (56, 73), (37, 74), (52, 74), (53, 74), (38, 75), (49, 75), (50, 75), (51, 75), (39, 76), (47, 76), (48, 76), (40, 77), (44, 77), (45, 77), (46, 77), (41, 78), (42, 78), (43, 78)]
[(79, 50), (76, 51), (77, 51), (78, 51), (80, 51), (74, 52), (75, 52), (81, 52), (71, 53), (72, 53), (73, 53), (82, 53), (69, 54), (70, 54), (83, 54), (66, 55), (67, 55), (68, 55), (84, 55), (63, 56), (64, 56), (65, 56), (83, 57), (62, 58), (82, 60), (61, 61), (81, 62), (60, 63), (80, 65), (59, 66), (79, 67), (58, 68), (78, 70), (57, 71), (78, 71), (57, 72), (75, 72), (76, 72), (77, 72), (58, 73), (73, 73), (74, 73), (59, 74), (70, 74), (71, 74), (72, 74), (60, 75), (68, 75), (69, 75), (61, 76), (65, 76), (66, 76), (67, 76), (62, 77), (63, 77), (64, 77)]
[(78, 71), (75, 72), (76, 72), (77, 72), (79, 72), (73, 73), (74, 73), (80, 73), (70, 74), (71, 74), (72, 74), (81, 74), (68, 75), (69, 75), (82, 75), (65, 76), (66, 76), (67, 76), (83, 76), (62, 77), (63, 77), (64, 77), (82, 78), (61, 79), (81, 81), (60, 82), (80, 83), (59, 84), (79, 86), (58, 87), (78, 88), (57, 89), (77, 91), (56, 92), (77, 92), (56, 93), (74, 93), (75, 93), (76, 93), (57, 94), (72, 94), (73, 94), (58, 95), (69, 95), (70, 95), (71, 95), (59, 96), (67, 96), (68, 96), (60, 97), (64, 97), (65, 97), (66, 97), (61, 98), (62, 98), (63, 98)]
[(99, 70), (96, 71), (97, 71), (98, 71), (100, 71), (94, 72), (95, 72), (101, 72), (91, 73), (92, 73), (93, 73), (102, 73), (89, 74), (90, 74), (103, 74), (86, 75), (87, 75), (88, 75), (104, 75), (83, 76), (84, 76), (85, 76), (103, 77), (82, 78), (102, 80), (81, 81), (101, 82), (80, 83), (100, 85), (79, 86), (99, 87), (78, 88), (98, 90), (77, 91), (98, 91), (77, 92), (95, 92), (96, 92), (97, 92), (78, 93), (93, 93), (94, 93), (79, 94), (90, 94), (91, 94), (92, 94), (80, 95), (88, 95), (89, 95), (81, 96), (85, 96), (86, 96), (87, 96), (82, 97), (83, 97), (84, 97)]
[(98, 91), (95, 92), (96, 92), (97, 92), (99, 92), (93, 93), (94, 93), (100, 93), (90, 94), (91, 94), (92, 94), (101, 94), (88, 95), (89, 95), (102, 95), (85, 96), (86, 96), (87, 96), (103, 96), (82, 97), (83, 97), (84, 97), (102, 98), (81, 99), (101, 101), (80, 102), (100, 103), (79, 104), (99, 106), (78, 107), (98, 108), (77, 109), (97, 111), (76, 112), (97, 112), (76, 113), (94, 113), (95, 113), (96, 113), (77, 114), (92, 114), (93, 114)]
[(114, 92), (111, 93), (112, 93), (113, 93), (109, 94), (110, 94), (106, 95), (107, 95), (108, 95), (103, 96), (104, 96), (105, 96), (102, 98), (101, 101), (100, 103), (99, 106), (98, 108), (97, 111), (97, 112), (98, 113), (113, 113), (114, 113), (99, 114), (110, 114), (111, 114), (112, 114)]
[(37, 52), (34, 53), (35, 53), (36, 53), (38, 53), (32, 54), (33, 54), (39, 54), (29, 55), (30, 55), (31, 55), (40, 55), (27, 56), (28, 56), (41, 56), (24, 57), (25, 57), (26, 57), (42, 57), (21, 58), (22, 58), (23, 58), (41, 59), (20, 60), (40, 62), (19, 63), (39, 64), (18, 65), (38, 67), (17, 68), (37, 69), (16, 70), (36, 72), (15, 73), (36, 73), (15, 74), (33, 74), (34, 74), (35, 74), (16, 75), (31, 75), (32, 75), (17, 76), (28, 76), (29, 76), (30, 76), (18, 77), (26, 77), (27, 77), (19, 78), (23, 78), (24, 78), (25, 78), (20, 79), (21, 79), (22, 79)]
[(36, 73), (33, 74), (34, 74), (35, 74), (37, 74), (31, 75), (32, 75), (38, 75), (28, 76), (29, 76), (30, 76), (39, 76), (26, 77), (27, 77), (40, 77), (23, 78), (24, 78), (25, 78), (41, 78), (20, 79), (21, 79), (22, 79), (40, 80), (19, 81), (39, 83), (18, 84), (38, 85), (17, 86), (37, 88), (16, 89), (36, 90), (15, 91), (35, 93), (14, 94), (35, 94), (14, 95), (32, 95), (33, 95), (34, 95), (15, 96), (30, 96), (31, 96), (16, 97), (27, 97), (28, 97), (29, 97), (17, 98), (25, 98), (26, 98), (18, 99), (22, 99), (23, 99), (24, 99), (19, 100), (20, 100), (21, 100)]
[(57, 72), (54, 73), (55, 73), (56, 73), (58, 73), (52, 74), (53, 74), (59, 74), (49, 75), (50, 75), (51, 75), (60, 75), (47, 76), (48, 76), (61, 76), (44, 77), (45, 77), (46, 77), (62, 77), (41, 78), (42, 78), (43, 78), (61, 79), (40, 80), (60, 82), (39, 83), (59, 84), (38, 85), (58, 87), (37, 88), (57, 89), (36, 90), (56, 92), (35, 93), (56, 93), (35, 94), (53, 94), (54, 94), (55, 94), (36, 95), (51, 95), (52, 95), (37, 96), (48, 96), (49, 96), (50, 96), (38, 97), (46, 97), (47, 97), (39, 98), (43, 98), (44, 98), (45, 98), (40, 99), (41, 99), (42, 99)]
[(56, 93), (53, 94), (54, 94), (55, 94), (57, 94), (51, 95), (52, 95), (58, 95), (48, 96), (49, 96), (50, 96), (59, 96), (46, 97), (47, 97), (60, 97), (43, 98), (44, 98), (45, 98), (61, 98), (40, 99), (41, 99), (42, 99), (60, 100), (39, 101), (59, 103), (38, 104), (58, 105), (37, 106), (57, 108), (36, 109), (56, 110), (35, 111), (55, 113), (34, 114), (55, 114)]
[(77, 92), (74, 93), (75, 93), (76, 93), (78, 93), (72, 94), (73, 94), (79, 94), (69, 95), (70, 95), (71, 95), (80, 95), (67, 96), (68, 96), (81, 96), (64, 97), (65, 97), (66, 97), (82, 97), (61, 98), (62, 98), (63, 98), (81, 99), (60, 100), (80, 102), (59, 103), (79, 104), (58, 105), (78, 107), (57, 108), (77, 109), (56, 110), (76, 112), (55, 113), (76, 113), (55, 114), (73, 114), (74, 114), (75, 114)]
[(76, 113), (73, 114), (74, 114), (75, 114), (77, 114)]
[(97, 112), (94, 113), (95, 113), (96, 113), (98, 113), (92, 114), (93, 114), (99, 114)]
[(35, 94), (32, 95), (33, 95), (34, 95), (36, 95), (30, 96), (31, 96), (37, 96), (27, 97), (28, 97), (29, 97), (38, 97), (25, 98), (26, 98), (39, 98), (22, 99), (23, 99), (24, 99), (40, 99), (19, 100), (20, 100), (21, 100), (39, 101), (18, 102), (38, 104), (17, 105), (37, 106), (16, 107), (36, 109), (15, 110), (35, 111), (14, 112), (34, 114)]
[(55, 114)]
