[(113, 17), (114, 17), (111, 18), (112, 18), (108, 19), (109, 19), (110, 19), (105, 20), (106, 20), (107, 20), (103, 21), (104, 21), (100, 22), (101, 22), (102, 22), (97, 23), (98, 23), (99, 23), (96, 25), (95, 28), (94, 31), (93, 33), (92, 36), (91, 39), (90, 41), (91, 41), (113, 41), (114, 41), (92, 42), (111, 42), (112, 42), (93, 43), (108, 43), (109, 43), (110, 43), (94, 44), (105, 44), (106, 44), (107, 44), (95, 45), (103, 45), (104, 45), (96, 46), (100, 46), (101, 46), (102, 46), (97, 47), (98, 47), (99, 47)]
[(114, 41)]
[(114, 65)]
[(65, 17), (66, 17), (67, 17), (63, 18), (64, 18), (68, 18), (60, 19), (61, 19), (62, 19), (69, 19), (57, 20), (58, 20), (59, 20), (70, 20), (55, 21), (56, 21), (71, 21), (52, 22), (53, 22), (54, 22), (72, 22), (49, 23), (50, 23), (51, 23), (73, 23), (48, 25), (72, 25), (47, 28), (71, 28), (46, 31), (70, 31), (45, 33), (69, 33), (44, 36), (68, 36), (43, 39), (67, 39), (42, 41), (43, 41), (65, 41), (66, 41), (67, 41), (44, 42), (63, 42), (64, 42), (45, 43), (60, 43), (61, 43), (62, 43), (46, 44), (57, 44), (58, 44), (59, 44), (47, 45), (55, 45), (56, 45), (48, 46), (52, 46), (53, 46), (54, 46), (49, 47), (50, 47), (51, 47)]
[(89, 17), (90, 17), (91, 17), (87, 18), (88, 18), (92, 18), (84, 19), (85, 19), (86, 19), (93, 19), (81, 20), (82, 20), (83, 20), (94, 20), (79, 21), (80, 21), (95, 21), (76, 22), (77, 22), (78, 22), (96, 22), (73, 23), (74, 23), (75, 23), (97, 23), (72, 25), (96, 25), (71, 28), (95, 28), (70, 31), (94, 31), (69, 33), (93, 33), (68, 36), (92, 36), (67, 39), (91, 39), (66, 41), (67, 41), (89, 41), (90, 41), (91, 41), (68, 42), (87, 42), (88, 42), (69, 43), (84, 43), (85, 43), (86, 43), (70, 44), (81, 44), (82, 44), (83, 44), (71, 45), (79, 45), (80, 45), (72, 46), (76, 46), (77, 46), (78, 46), (73, 47), (74, 47), (75, 47)]
[(89, 41), (90, 41), (91, 41), (87, 42), (88, 42), (92, 42), (84, 43), (85, 43), (86, 43), (93, 43), (81, 44), (82, 44), (83, 44), (94, 44), (79, 45), (80, 45), (95, 45), (76, 46), (77, 46), (78, 46), (96, 46), (73, 47), (74, 47), (75, 47), (97, 47), (72, 49), (96, 49), (71, 52), (95, 52), (70, 55), (94, 55), (69, 57), (93, 57), (68, 60), (92, 60), (67, 63), (91, 63), (66, 65), (67, 65), (89, 65), (90, 65), (91, 65), (68, 66), (87, 66), (88, 66), (69, 67), (84, 67), (85, 67), (86, 67), (70, 68), (81, 68), (82, 68), (83, 68), (71, 69), (79, 69), (80, 69), (72, 70), (76, 70), (77, 70), (78, 70), (73, 71), (74, 71), (75, 71)]
[(113, 41), (114, 41), (111, 42), (112, 42), (108, 43), (109, 43), (110, 43), (105, 44), (106, 44), (107, 44), (103, 45), (104, 45), (100, 46), (101, 46), (102, 46), (97, 47), (98, 47), (99, 47), (96, 49), (95, 52), (94, 55), (93, 57), (92, 60), (91, 63), (90, 65), (91, 65), (113, 65), (114, 65), (92, 66), (111, 66), (112, 66), (93, 67), (108, 67), (109, 67), (110, 67), (94, 68), (105, 68), (106, 68), (107, 68), (95, 69), (103, 69), (104, 69), (96, 70), (100, 70), (101, 70), (102, 70), (97, 71), (98, 71), (99, 71)]
[(113, 65), (114, 65), (111, 66), (112, 66), (108, 67), (109, 67), (110, 67), (105, 68), (106, 68), (107, 68), (103, 69), (104, 69), (100, 70), (101, 70), (102, 70), (97, 71), (98, 71), (99, 71), (96, 73), (95, 76), (94, 79), (93, 81), (92, 84), (91, 87), (90, 89), (91, 89), (113, 89), (114, 89), (92, 90), (111, 90), (112, 90), (93, 91), (108, 91), (109, 91), (110, 91), (94, 92), (105, 92), (106, 92), (107, 92), (95, 93), (103, 93), (104, 93), (96, 94), (100, 94), (101, 94), (102, 94), (97, 95), (98, 95), (99, 95)]
[(114, 89)]
[(41, 41), (42, 41), (43, 41), (39, 42), (40, 42), (44, 42), (36, 43), (37, 43), (38, 43), (45, 43), (33, 44), (34, 44), (35, 44), (46, 44), (31, 45), (32, 45), (47, 45), (28, 46), (29, 46), (30, 46), (48, 46), (25, 47), (26, 47), (27, 47), (49, 47), (24, 49), (48, 49), (23, 52), (47, 52), (22, 55), (46, 55), (21, 57), (45, 57), (20, 60), (44, 60), (19, 63), (43, 63), (18, 65), (19, 65), (41, 65), (42, 65), (43, 65), (20, 66), (39, 66), (40, 66), (21, 67), (36, 67), (37, 67), (38, 67), (22, 68), (33, 68), (34, 68), (35, 68), (23, 69), (31, 69), (32, 69), (24, 70), (28, 70), (29, 70), (30, 70), (25, 71), (26, 71), (27, 71)]
[(65, 41), (66, 41), (67, 41), (63, 42), (64, 42), (68, 42), (60, 43), (61, 43), (62, 43), (69, 43), (57, 44), (58, 44), (59, 44), (70, 44), (55, 45), (56, 45), (71, 45), (52, 46), (53, 46), (54, 46), (72, 46), (49, 47), (50, 47), (51, 47), (73, 47), (48, 49), (72, 49), (47, 52), (71, 52), (46, 55), (70, 55), (45, 57), (69, 57), (44, 60), (68, 60), (43, 63), (67, 63), (42, 65), (43, 65), (65, 65), (66, 65), (67, 65), (44, 66), (63, 66), (64, 66), (45, 67), (60, 67), (61, 67), (62, 67), (46, 68), (57, 68), (58, 68), (59, 68), (47, 69), (55, 69), (56, 69), (48, 70), (52, 70), (53, 70), (54, 70), (49, 71), (50, 71), (51, 71)]
[(65, 65), (66, 65), (67, 65), (63, 66), (64, 66), (68, 66), (60, 67), (61, 67), (62, 67), (69, 67), (57, 68), (58, 68), (59, 68), (70, 68), (55, 69), (56, 69), (71, 69), (52, 70), (53, 70), (54, 70), (72, 70), (49, 71), (50, 71), (51, 71), (73, 71), (48, 73), (72, 73), (47, 76), (71, 76), (46, 79), (70, 79), (45, 81), (69, 81), (44, 84), (68, 84), (43, 87), (67, 87), (42, 89), (43, 89), (65, 89), (66, 89), (67, 89), (44, 90), (63, 90), (64, 90), (45, 91), (60, 91), (61, 91), (62, 91), (46, 92), (57, 92), (58, 92), (59, 92), (47, 93), (55, 93), (56, 93), (48, 94), (52, 94), (53, 94), (54, 94), (49, 95), (50, 95), (51, 95)]
[(89, 65), (90, 65), (91, 65), (87, 66), (88, 66), (92, 66), (84, 67), (85, 67), (86, 67), (93, 67), (81, 68), (82, 68), (83, 68), (94, 68), (79, 69), (80, 69), (95, 69), (76, 70), (77, 70), (78, 70), (96, 70), (73, 71), (74, 71), (75, 71), (97, 71), (72, 73), (96, 73), (71, 76), (95, 76), (70, 79), (94, 79), (69, 81), (93, 81), (68, 84), (92, 84), (67, 87), (91, 87), (66, 89), (67, 89), (89, 89), (90, 89), (91, 89), (68, 90), (87, 90), (88, 90), (69, 91), (84, 91), (85, 91), (86, 91), (70, 92), (81, 92), (82, 92), (83, 92), (71, 93), (79, 93), (80, 93), (72, 94), (76, 94), (77, 94), (78, 94), (73, 95), (74, 95), (75, 95)]
[(89, 89), (90, 89), (91, 89), (87, 90), (88, 90), (92, 90), (84, 91), (85, 91), (86, 91), (93, 91), (81, 92), (82, 92), (83, 92), (94, 92), (79, 93), (80, 93), (95, 93), (76, 94), (77, 94), (78, 94), (96, 94), (73, 95), (74, 95), (75, 95), (97, 95), (72, 97), (96, 97), (71, 100), (95, 100), (70, 103), (94, 103), (69, 105), (93, 105), (68, 108), (92, 108), (67, 111), (91, 111), (66, 113), (67, 113), (89, 113), (90, 113), (91, 113), (68, 114), (87, 114), (88, 114)]
[(113, 89), (114, 89), (111, 90), (112, 90), (108, 91), (109, 91), (110, 91), (105, 92), (106, 92), (107, 92), (103, 93), (104, 93), (100, 94), (101, 94), (102, 94), (97, 95), (98, 95), (99, 95), (96, 97), (95, 100), (94, 103), (93, 105), (92, 108), (91, 111), (90, 113), (91, 113), (113, 113), (114, 113), (92, 114), (111, 114), (112, 114)]
[(41, 65), (42, 65), (43, 65), (39, 66), (40, 66), (44, 66), (36, 67), (37, 67), (38, 67), (45, 67), (33, 68), (34, 68), (35, 68), (46, 68), (31, 69), (32, 69), (47, 69), (28, 70), (29, 70), (30, 70), (48, 70), (25, 71), (26, 71), (27, 71), (49, 71), (24, 73), (48, 73), (23, 76), (47, 76), (22, 79), (46, 79), (21, 81), (45, 81), (20, 84), (44, 84), (19, 87), (43, 87), (18, 89), (19, 89), (41, 89), (42, 89), (43, 89), (20, 90), (39, 90), (40, 90), (21, 91), (36, 91), (37, 91), (38, 91), (22, 92), (33, 92), (34, 92), (35, 92), (23, 93), (31, 93), (32, 93), (24, 94), (28, 94), (29, 94), (30, 94), (25, 95), (26, 95), (27, 95)]
[(41, 89), (42, 89), (43, 89), (39, 90), (40, 90), (44, 90), (36, 91), (37, 91), (38, 91), (45, 91), (33, 92), (34, 92), (35, 92), (46, 92), (31, 93), (32, 93), (47, 93), (28, 94), (29, 94), (30, 94), (48, 94), (25, 95), (26, 95), (27, 95), (49, 95), (24, 97), (48, 97), (23, 100), (47, 100), (22, 103), (46, 103), (21, 105), (45, 105), (20, 108), (44, 108), (19, 111), (43, 111), (18, 113), (19, 113), (41, 113), (42, 113), (43, 113), (20, 114), (39, 114), (40, 114)]
[(65, 89), (66, 89), (67, 89), (63, 90), (64, 90), (68, 90), (60, 91), (61, 91), (62, 91), (69, 91), (57, 92), (58, 92), (59, 92), (70, 92), (55, 93), (56, 93), (71, 93), (52, 94), (53, 94), (54, 94), (72, 94), (49, 95), (50, 95), (51, 95), (73, 95), (48, 97), (72, 97), (47, 100), (71, 100), (46, 103), (70, 103), (45, 105), (69, 105), (44, 108), (68, 108), (43, 111), (67, 111), (42, 113), (43, 113), (65, 113), (66, 113), (67, 113), (44, 114), (63, 114), (64, 114)]
[(65, 113), (66, 113), (67, 113), (63, 114), (64, 114), (68, 114)]
[(89, 113), (90, 113), (91, 113), (87, 114), (88, 114), (92, 114)]
[(41, 113), (42, 113), (43, 113), (39, 114), (40, 114), (44, 114)]
