[(114, 38), (113, 40), (112, 42), (111, 44), (110, 46), (109, 48), (108, 50), (107, 52), (106, 55), (105, 57), (104, 59), (103, 61), (102, 63), (102, 64), (103, 65), (104, 66), (105, 67), (106, 68), (107, 69), (108, 70), (109, 71), (110, 72), (111, 73), (112, 74), (113, 75), (114, 76)]
[(57, 19), (55, 20), (56, 20), (58, 20), (53, 21), (54, 21), (59, 21), (51, 22), (52, 22), (60, 22), (49, 23), (50, 23), (61, 23), (46, 24), (47, 24), (48, 24), (62, 24), (44, 25), (45, 25), (63, 25), (42, 26), (43, 26), (64, 26), (40, 27), (41, 27), (65, 27), (38, 28), (39, 28), (66, 28), (36, 29), (37, 29), (67, 29), (34, 30), (35, 30), (68, 30), (32, 31), (33, 31), (69, 31), (30, 32), (31, 32), (70, 32), (28, 33), (29, 33), (71, 33), (25, 34), (26, 34), (27, 34), (70, 35), (24, 36), (69, 37), (23, 38), (68, 39), (22, 40), (67, 41), (21, 42), (66, 43), (20, 44), (65, 45), (19, 46), (64, 47), (18, 48), (63, 49), (17, 50), (62, 51), (16, 52), (61, 53), (15, 54), (60, 56), (14, 57), (59, 58), (13, 59), (58, 60), (12, 61), (57, 62), (11, 63), (56, 64), (10, 65), (56, 65), (10, 66), (54, 66), (55, 66), (11, 67), (52, 67), (53, 67), (12, 68), (50, 68), (51, 68), (13, 69), (48, 69), (49, 69), (14, 70), (45, 70), (46, 70), (47, 70), (15, 71), (43, 71), (44, 71), (16, 72), (41, 72), (42, 72), (17, 73), (39, 73), (40, 73), (18, 74), (37, 74), (38, 74), (19, 75), (35, 75), (36, 75), (20, 76), (33, 76), (34, 76), (21, 77), (31, 77), (32, 77), (22, 78), (29, 78), (30, 78), (23, 79), (27, 79), (28, 79), (24, 80), (25, 80), (26, 80)]
[(103, 18), (101, 19), (102, 19), (104, 19), (99, 20), (100, 20), (105, 20), (97, 21), (98, 21), (106, 21), (95, 22), (96, 22), (107, 22), (92, 23), (93, 23), (94, 23), (108, 23), (90, 24), (91, 24), (109, 24), (88, 25), (89, 25), (110, 25), (86, 26), (87, 26), (111, 26), (84, 27), (85, 27), (112, 27), (82, 28), (83, 28), (113, 28), (80, 29), (81, 29), (114, 29), (78, 30), (79, 30), (76, 31), (77, 31), (74, 32), (75, 32), (71, 33), (72, 33), (73, 33), (70, 35), (69, 37), (114, 38), (68, 39), (113, 40), (67, 41), (112, 42), (66, 43), (111, 44), (65, 45), (110, 46), (64, 47), (109, 48), (63, 49), (108, 50), (62, 51), (107, 52), (61, 53), (106, 55), (60, 56), (105, 57), (59, 58), (104, 59), (58, 60), (103, 61), (57, 62), (102, 63), (56, 64), (102, 64), (56, 65), (100, 65), (101, 65), (57, 66), (98, 66), (99, 66), (58, 67), (96, 67), (97, 67), (59, 68), (94, 68), (95, 68), (60, 69), (91, 69), (92, 69), (93, 69), (61, 70), (89, 70), (90, 70), (62, 71), (87, 71), (88, 71), (63, 72), (85, 72), (86, 72), (64, 73), (83, 73), (84, 73), (65, 74), (81, 74), (82, 74), (66, 75), (79, 75), (80, 75), (67, 76), (77, 76), (78, 76), (68, 77), (75, 77), (76, 77), (69, 78), (73, 78), (74, 78), (70, 79), (71, 79), (72, 79)]
[(102, 64), (100, 65), (101, 65), (103, 65), (98, 66), (99, 66), (104, 66), (96, 67), (97, 67), (105, 67), (94, 68), (95, 68), (106, 68), (91, 69), (92, 69), (93, 69), (107, 69), (89, 70), (90, 70), (108, 70), (87, 71), (88, 71), (109, 71), (85, 72), (86, 72), (110, 72), (83, 73), (84, 73), (111, 73), (81, 74), (82, 74), (112, 74), (79, 75), (80, 75), (113, 75), (77, 76), (78, 76), (114, 76), (75, 77), (76, 77), (73, 78), (74, 78), (70, 79), (71, 79), (72, 79), (69, 81), (114, 82), (68, 83), (113, 84), (67, 85), (112, 86), (66, 87), (111, 88), (65, 89), (110, 90), (64, 91), (109, 92), (63, 93), (108, 94), (62, 95), (107, 96), (61, 97), (106, 98), (60, 99), (105, 101), (59, 102), (104, 103), (58, 104), (103, 105), (57, 106), (102, 107), (56, 108), (101, 109), (55, 110), (101, 110), (55, 111), (99, 111), (100, 111), (56, 112), (97, 112), (98, 112), (57, 113), (95, 113), (96, 113), (58, 114), (93, 114), (94, 114)]
[(114, 82), (113, 84), (112, 86), (111, 88), (110, 90), (109, 92), (108, 94), (107, 96), (106, 98), (105, 101), (104, 103), (103, 105), (102, 107), (101, 109), (101, 110), (102, 111), (103, 112), (104, 113), (105, 114)]
[(10, 66), (8, 67), (9, 67), (11, 67), (6, 68), (7, 68), (12, 68), (4, 69), (5, 69), (13, 69), (2, 70), (3, 70), (14, 70), (0, 71), (1, 71), (15, 71), (16, 72), (17, 73), (18, 74), (19, 75), (20, 76), (21, 77), (22, 78), (23, 79), (24, 80), (23, 82), (22, 84), (21, 86), (20, 88), (19, 90), (18, 92), (17, 94), (16, 96), (15, 98), (14, 100), (13, 103), (12, 105), (11, 107), (10, 109), (9, 111), (9, 112), (7, 113), (8, 113), (5, 114), (6, 114)]
[(56, 65), (54, 66), (55, 66), (57, 66), (52, 67), (53, 67), (58, 67), (50, 68), (51, 68), (59, 68), (48, 69), (49, 69), (60, 69), (45, 70), (46, 70), (47, 70), (61, 70), (43, 71), (44, 71), (62, 71), (41, 72), (42, 72), (63, 72), (39, 73), (40, 73), (64, 73), (37, 74), (38, 74), (65, 74), (35, 75), (36, 75), (66, 75), (33, 76), (34, 76), (67, 76), (31, 77), (32, 77), (68, 77), (29, 78), (30, 78), (69, 78), (27, 79), (28, 79), (70, 79), (24, 80), (25, 80), (26, 80), (69, 81), (23, 82), (68, 83), (22, 84), (67, 85), (21, 86), (66, 87), (20, 88), (65, 89), (19, 90), (64, 91), (18, 92), (63, 93), (17, 94), (62, 95), (16, 96), (61, 97), (15, 98), (60, 99), (14, 100), (59, 102), (13, 103), (58, 104), (12, 105), (57, 106), (11, 107), (56, 108), (10, 109), (55, 110), (9, 111), (55, 111), (9, 112), (53, 112), (54, 112), (10, 113), (51, 113), (52, 113), (11, 114), (49, 114), (50, 114)]
[(55, 111), (53, 112), (54, 112), (56, 112), (51, 113), (52, 113), (57, 113), (49, 114), (50, 114), (58, 114)]
[(101, 110), (99, 111), (100, 111), (102, 111), (97, 112), (98, 112), (103, 112), (95, 113), (96, 113), (104, 113), (93, 114), (94, 114), (105, 114)]
[(9, 112), (7, 113), (8, 113), (10, 113), (5, 114), (6, 114), (11, 114)]
