[(100, 17), (101, 17), (98, 18), (99, 18), (102, 18), (95, 19), (96, 19), (97, 19), (103, 19), (92, 20), (93, 20), (94, 20), (104, 20), (90, 21), (91, 21), (105, 21), (87, 22), (88, 22), (89, 22), (106, 22), (84, 23), (85, 23), (86, 23), (105, 24), (83, 25), (104, 27), (82, 28), (103, 29), (81, 30), (102, 32), (80, 33), (101, 35), (79, 36), (100, 37), (78, 38), (99, 39), (100, 39), (78, 40), (97, 40), (98, 40), (79, 41), (94, 41), (95, 41), (96, 41), (80, 42), (91, 42), (92, 42), (93, 42), (81, 43), (89, 43), (90, 43), (82, 44), (86, 44), (87, 44), (88, 44), (83, 45), (84, 45), (85, 45)]
[(114, 19), (112, 20), (113, 20), (109, 21), (110, 21), (111, 21), (106, 22), (107, 22), (108, 22), (105, 24), (104, 27), (103, 29), (102, 32), (101, 35), (100, 37), (100, 39), (101, 40), (102, 41), (113, 41), (114, 41), (103, 42), (111, 42), (112, 42), (104, 43), (108, 43), (109, 43), (110, 43), (105, 44), (106, 44), (107, 44)]
[(113, 41), (114, 41), (111, 42), (112, 42), (108, 43), (109, 43), (110, 43), (105, 44), (106, 44), (107, 44), (104, 46), (103, 49), (102, 51), (101, 54), (100, 57), (99, 59), (99, 61), (100, 62), (101, 63), (112, 63), (113, 63), (114, 63), (102, 64), (110, 64), (111, 64), (103, 65), (107, 65), (108, 65), (109, 65), (104, 66), (105, 66), (106, 66)]
[(56, 19), (57, 19), (54, 20), (55, 20), (58, 20), (51, 21), (52, 21), (53, 21), (59, 21), (48, 22), (49, 22), (50, 22), (60, 22), (46, 23), (47, 23), (61, 23), (43, 24), (44, 24), (45, 24), (62, 24), (40, 25), (41, 25), (42, 25), (61, 26), (39, 27), (60, 29), (38, 30), (59, 31), (37, 32), (58, 34), (36, 35), (57, 37), (35, 38), (56, 39), (34, 40), (55, 41), (56, 41), (34, 42), (53, 42), (54, 42), (35, 43), (50, 43), (51, 43), (52, 43), (36, 44), (47, 44), (48, 44), (49, 44), (37, 45), (45, 45), (46, 45), (38, 46), (42, 46), (43, 46), (44, 46), (39, 47), (40, 47), (41, 47)]
[(78, 18), (79, 18), (76, 19), (77, 19), (80, 19), (73, 20), (74, 20), (75, 20), (81, 20), (70, 21), (71, 21), (72, 21), (82, 21), (68, 22), (69, 22), (83, 22), (65, 23), (66, 23), (67, 23), (84, 23), (62, 24), (63, 24), (64, 24), (83, 25), (61, 26), (82, 28), (60, 29), (81, 30), (59, 31), (80, 33), (58, 34), (79, 36), (57, 37), (78, 38), (56, 39), (77, 40), (78, 40), (56, 41), (75, 41), (76, 41), (57, 42), (72, 42), (73, 42), (74, 42), (58, 43), (69, 43), (70, 43), (71, 43), (59, 44), (67, 44), (68, 44), (60, 45), (64, 45), (65, 45), (66, 45), (61, 46), (62, 46), (63, 46)]
[(77, 40), (78, 40), (75, 41), (76, 41), (79, 41), (72, 42), (73, 42), (74, 42), (80, 42), (69, 43), (70, 43), (71, 43), (81, 43), (67, 44), (68, 44), (82, 44), (64, 45), (65, 45), (66, 45), (83, 45), (61, 46), (62, 46), (63, 46), (82, 47), (60, 48), (81, 50), (59, 51), (80, 52), (58, 53), (79, 55), (57, 56), (78, 58), (56, 59), (77, 60), (55, 61), (76, 62), (77, 62), (55, 63), (74, 63), (75, 63), (56, 64), (71, 64), (72, 64), (73, 64), (57, 65), (68, 65), (69, 65), (70, 65), (58, 66), (66, 66), (67, 66), (59, 67), (63, 67), (64, 67), (65, 67), (60, 68), (61, 68), (62, 68)]
[(99, 39), (100, 39), (97, 40), (98, 40), (101, 40), (94, 41), (95, 41), (96, 41), (102, 41), (91, 42), (92, 42), (93, 42), (103, 42), (89, 43), (90, 43), (104, 43), (86, 44), (87, 44), (88, 44), (105, 44), (83, 45), (84, 45), (85, 45), (104, 46), (82, 47), (103, 49), (81, 50), (102, 51), (80, 52), (101, 54), (79, 55), (100, 57), (78, 58), (99, 59), (77, 60), (98, 61), (99, 61), (77, 62), (96, 62), (97, 62), (78, 63), (93, 63), (94, 63), (95, 63), (79, 64), (90, 64), (91, 64), (92, 64), (80, 65), (88, 65), (89, 65), (81, 66), (85, 66), (86, 66), (87, 66), (82, 67), (83, 67), (84, 67)]
[(98, 61), (99, 61), (96, 62), (97, 62), (100, 62), (93, 63), (94, 63), (95, 63), (101, 63), (90, 64), (91, 64), (92, 64), (102, 64), (88, 65), (89, 65), (103, 65), (85, 66), (86, 66), (87, 66), (104, 66), (82, 67), (83, 67), (84, 67), (103, 68), (81, 69), (102, 71), (80, 72), (101, 73), (79, 74), (100, 76), (78, 77), (99, 79), (77, 80), (98, 81), (76, 82), (97, 83), (98, 83), (76, 84), (95, 84), (96, 84), (77, 85), (92, 85), (93, 85), (94, 85), (78, 86), (89, 86), (90, 86), (91, 86), (79, 87), (87, 87), (88, 87), (80, 88), (84, 88), (85, 88), (86, 88), (81, 89), (82, 89), (83, 89)]
[(112, 63), (113, 63), (114, 63), (110, 64), (111, 64), (107, 65), (108, 65), (109, 65), (104, 66), (105, 66), (106, 66), (103, 68), (102, 71), (101, 73), (100, 76), (99, 79), (98, 81), (98, 83), (99, 84), (114, 84), (100, 85), (111, 85), (112, 85), (113, 85), (101, 86), (109, 86), (110, 86), (102, 87), (106, 87), (107, 87), (108, 87), (103, 88), (104, 88), (105, 88)]
[(114, 84), (111, 85), (112, 85), (113, 85), (109, 86), (110, 86), (106, 87), (107, 87), (108, 87), (103, 88), (104, 88), (105, 88), (102, 90), (101, 93), (100, 95), (99, 98), (98, 101), (97, 103), (97, 105), (98, 106), (113, 106), (114, 106), (99, 107), (110, 107), (111, 107), (112, 107), (100, 108), (108, 108), (109, 108), (101, 109), (105, 109), (106, 109), (107, 109), (102, 110), (103, 110), (104, 110)]
[(33, 42), (34, 42), (31, 43), (32, 43), (35, 43), (28, 44), (29, 44), (30, 44), (36, 44), (25, 45), (26, 45), (27, 45), (37, 45), (23, 46), (24, 46), (38, 46), (20, 47), (21, 47), (22, 47), (39, 47), (17, 48), (18, 48), (19, 48), (38, 49), (16, 50), (37, 52), (15, 53), (36, 54), (14, 55), (35, 57), (13, 58), (34, 60), (12, 61), (33, 62), (11, 63), (32, 64), (33, 64), (11, 65), (30, 65), (31, 65), (12, 66), (27, 66), (28, 66), (29, 66), (13, 67), (24, 67), (25, 67), (26, 67), (14, 68), (22, 68), (23, 68), (15, 69), (19, 69), (20, 69), (21, 69), (16, 70), (17, 70), (18, 70)]
[(55, 41), (56, 41), (53, 42), (54, 42), (57, 42), (50, 43), (51, 43), (52, 43), (58, 43), (47, 44), (48, 44), (49, 44), (59, 44), (45, 45), (46, 45), (60, 45), (42, 46), (43, 46), (44, 46), (61, 46), (39, 47), (40, 47), (41, 47), (60, 48), (38, 49), (59, 51), (37, 52), (58, 53), (36, 54), (57, 56), (35, 57), (56, 59), (34, 60), (55, 61), (33, 62), (54, 63), (55, 63), (33, 64), (52, 64), (53, 64), (34, 65), (49, 65), (50, 65), (51, 65), (35, 66), (46, 66), (47, 66), (48, 66), (36, 67), (44, 67), (45, 67), (37, 68), (41, 68), (42, 68), (43, 68), (38, 69), (39, 69), (40, 69)]
[(54, 63), (55, 63), (52, 64), (53, 64), (56, 64), (49, 65), (50, 65), (51, 65), (57, 65), (46, 66), (47, 66), (48, 66), (58, 66), (44, 67), (45, 67), (59, 67), (41, 68), (42, 68), (43, 68), (60, 68), (38, 69), (39, 69), (40, 69), (59, 70), (37, 71), (58, 73), (36, 74), (57, 75), (35, 76), (56, 78), (34, 79), (55, 81), (33, 82), (54, 83), (32, 84), (53, 85), (54, 85), (32, 86), (51, 86), (52, 86), (33, 87), (48, 87), (49, 87), (50, 87), (34, 88), (45, 88), (46, 88), (47, 88), (35, 89), (43, 89), (44, 89), (36, 90), (40, 90), (41, 90), (42, 90), (37, 91), (38, 91), (39, 91)]
[(76, 62), (77, 62), (74, 63), (75, 63), (78, 63), (71, 64), (72, 64), (73, 64), (79, 64), (68, 65), (69, 65), (70, 65), (80, 65), (66, 66), (67, 66), (81, 66), (63, 67), (64, 67), (65, 67), (82, 67), (60, 68), (61, 68), (62, 68), (81, 69), (59, 70), (80, 72), (58, 73), (79, 74), (57, 75), (78, 77), (56, 78), (77, 80), (55, 81), (76, 82), (54, 83), (75, 84), (76, 84), (54, 85), (73, 85), (74, 85), (55, 86), (70, 86), (71, 86), (72, 86), (56, 87), (67, 87), (68, 87), (69, 87), (57, 88), (65, 88), (66, 88), (58, 89), (62, 89), (63, 89), (64, 89), (59, 90), (60, 90), (61, 90)]
[(75, 84), (76, 84), (73, 85), (74, 85), (77, 85), (70, 86), (71, 86), (72, 86), (78, 86), (67, 87), (68, 87), (69, 87), (79, 87), (65, 88), (66, 88), (80, 88), (62, 89), (63, 89), (64, 89), (81, 89), (59, 90), (60, 90), (61, 90), (80, 91), (58, 92), (79, 94), (57, 95), (78, 96), (56, 97), (77, 99), (55, 100), (76, 102), (54, 103), (75, 104), (53, 105), (74, 106), (75, 106), (53, 107), (72, 107), (73, 107), (54, 108), (69, 108), (70, 108), (71, 108), (55, 109), (66, 109), (67, 109), (68, 109), (56, 110), (64, 110), (65, 110), (57, 111), (61, 111), (62, 111), (63, 111), (58, 112), (59, 112), (60, 112)]
[(97, 83), (98, 83), (95, 84), (96, 84), (99, 84), (92, 85), (93, 85), (94, 85), (100, 85), (89, 86), (90, 86), (91, 86), (101, 86), (87, 87), (88, 87), (102, 87), (84, 88), (85, 88), (86, 88), (103, 88), (81, 89), (82, 89), (83, 89), (102, 90), (80, 91), (101, 93), (79, 94), (100, 95), (78, 96), (99, 98), (77, 99), (98, 101), (76, 102), (97, 103), (75, 104), (96, 105), (97, 105), (75, 106), (94, 106), (95, 106), (76, 107), (91, 107), (92, 107), (93, 107), (77, 108), (88, 108), (89, 108), (90, 108), (78, 109), (86, 109), (87, 109), (79, 110), (83, 110), (84, 110), (85, 110), (80, 111), (81, 111), (82, 111)]
[(96, 105), (97, 105), (94, 106), (95, 106), (98, 106), (91, 107), (92, 107), (93, 107), (99, 107), (88, 108), (89, 108), (90, 108), (100, 108), (86, 109), (87, 109), (101, 109), (83, 110), (84, 110), (85, 110), (102, 110), (80, 111), (81, 111), (82, 111), (101, 112), (79, 113)]
[(113, 106), (114, 106), (110, 107), (111, 107), (112, 107), (108, 108), (109, 108), (105, 109), (106, 109), (107, 109), (102, 110), (103, 110), (104, 110), (101, 112)]
[(32, 64), (33, 64), (30, 65), (31, 65), (34, 65), (27, 66), (28, 66), (29, 66), (35, 66), (24, 67), (25, 67), (26, 67), (36, 67), (22, 68), (23, 68), (37, 68), (19, 69), (20, 69), (21, 69), (38, 69), (16, 70), (17, 70), (18, 70), (37, 71), (15, 72), (36, 74), (14, 75), (35, 76), (13, 77), (34, 79), (12, 80), (33, 82), (11, 83), (32, 84), (10, 85), (31, 86), (32, 86), (10, 87), (29, 87), (30, 87), (11, 88), (26, 88), (27, 88), (28, 88), (12, 89), (23, 89), (24, 89), (25, 89), (13, 90), (21, 90), (22, 90), (14, 91), (18, 91), (19, 91), (20, 91), (15, 92), (16, 92), (17, 92)]
[(31, 86), (32, 86), (29, 87), (30, 87), (33, 87), (26, 88), (27, 88), (28, 88), (34, 88), (23, 89), (24, 89), (25, 89), (35, 89), (21, 90), (22, 90), (36, 90), (18, 91), (19, 91), (20, 91), (37, 91), (15, 92), (16, 92), (17, 92), (36, 93), (14, 94), (35, 96), (13, 97), (34, 98), (12, 99), (33, 101), (11, 102), (32, 104), (10, 105), (31, 106), (9, 107), (30, 108), (31, 108), (9, 109), (28, 109), (29, 109), (10, 110), (25, 110), (26, 110), (27, 110), (11, 111), (22, 111), (23, 111), (24, 111), (12, 112), (20, 112), (21, 112), (13, 113), (17, 113), (18, 113), (19, 113), (14, 114), (15, 114), (16, 114)]
[(53, 85), (54, 85), (51, 86), (52, 86), (55, 86), (48, 87), (49, 87), (50, 87), (56, 87), (45, 88), (46, 88), (47, 88), (57, 88), (43, 89), (44, 89), (58, 89), (40, 90), (41, 90), (42, 90), (59, 90), (37, 91), (38, 91), (39, 91), (58, 92), (36, 93), (57, 95), (35, 96), (56, 97), (34, 98), (55, 100), (33, 101), (54, 103), (32, 104), (53, 105), (31, 106), (52, 107), (53, 107), (31, 108), (50, 108), (51, 108), (32, 109), (47, 109), (48, 109), (49, 109), (33, 110), (44, 110), (45, 110), (46, 110), (34, 111), (42, 111), (43, 111), (35, 112), (39, 112), (40, 112), (41, 112), (36, 113), (37, 113), (38, 113)]
[(52, 107), (53, 107), (50, 108), (51, 108), (54, 108), (47, 109), (48, 109), (49, 109), (55, 109), (44, 110), (45, 110), (46, 110), (56, 110), (42, 111), (43, 111), (57, 111), (39, 112), (40, 112), (41, 112), (58, 112), (36, 113), (37, 113), (38, 113), (57, 114)]
[(74, 106), (75, 106), (72, 107), (73, 107), (76, 107), (69, 108), (70, 108), (71, 108), (77, 108), (66, 109), (67, 109), (68, 109), (78, 109), (64, 110), (65, 110), (79, 110), (61, 111), (62, 111), (63, 111), (80, 111), (58, 112), (59, 112), (60, 112), (79, 113), (57, 114)]
[(30, 108), (31, 108), (28, 109), (29, 109), (32, 109), (25, 110), (26, 110), (27, 110), (33, 110), (22, 111), (23, 111), (24, 111), (34, 111), (20, 112), (21, 112), (35, 112), (17, 113), (18, 113), (19, 113), (36, 113), (14, 114), (15, 114), (16, 114)]
