[(99, 5), (96, 6), (97, 6), (98, 6), (100, 6), (92, 7), (93, 7), (94, 7), (95, 7), (89, 8), (90, 8), (91, 8), (86, 9), (87, 9), (88, 9), (99, 9), (83, 10), (84, 10), (85, 10), (79, 11), (80, 11), (81, 11), (82, 11), (98, 12), (78, 14), (97, 15), (77, 17), (96, 19), (76, 20), (95, 22), (75, 24), (94, 25), (94, 26), (74, 27), (91, 27), (92, 27), (93, 27), (87, 28), (88, 28), (89, 28), (90, 28), (84, 29), (85, 29), (86, 29), (73, 30), (81, 30), (82, 30), (83, 30), (73, 31), (78, 31), (79, 31), (80, 31), (74, 32), (75, 32), (76, 32), (77, 32)]
[(113, 2), (114, 2), (110, 3), (111, 3), (112, 3), (107, 4), (108, 4), (109, 4), (104, 5), (105, 5), (106, 5), (100, 6), (101, 6), (102, 6), (103, 6), (99, 9), (98, 12), (97, 15), (96, 19), (95, 22), (112, 22), (113, 22), (114, 22), (108, 23), (109, 23), (110, 23), (111, 23), (105, 24), (106, 24), (107, 24), (94, 25), (102, 25), (103, 25), (104, 25), (94, 26), (99, 26), (100, 26), (101, 26), (95, 27), (96, 27), (97, 27), (98, 27)]
[(112, 22), (113, 22), (114, 22), (108, 23), (109, 23), (110, 23), (111, 23), (105, 24), (106, 24), (107, 24), (102, 25), (103, 25), (104, 25), (99, 26), (100, 26), (101, 26), (95, 27), (96, 27), (97, 27), (98, 27), (114, 28), (94, 30), (113, 31), (93, 33), (112, 35), (92, 36), (111, 38), (91, 40), (110, 41), (110, 42), (90, 43), (107, 43), (108, 43), (109, 43), (103, 44), (104, 44), (105, 44), (106, 44), (100, 45), (101, 45), (102, 45), (89, 46), (97, 46), (98, 46), (99, 46), (89, 47), (94, 47), (95, 47), (96, 47), (90, 48), (91, 48), (92, 48), (93, 48)]
[(114, 28), (113, 31), (112, 35), (111, 38), (110, 41), (110, 42), (111, 43), (112, 43), (113, 43), (114, 43)]
[(111, 43), (112, 43), (113, 43), (114, 43), (110, 46), (109, 49), (108, 52), (107, 56), (106, 59), (105, 62), (113, 62), (114, 62), (105, 63), (110, 63), (111, 63), (112, 63), (106, 64), (107, 64), (108, 64), (109, 64)]
[(57, 15), (54, 16), (55, 16), (56, 16), (58, 16), (50, 17), (51, 17), (52, 17), (53, 17), (47, 18), (48, 18), (49, 18), (44, 19), (45, 19), (46, 19), (57, 19), (41, 20), (42, 20), (43, 20), (37, 21), (38, 21), (39, 21), (40, 21), (56, 22), (36, 24), (55, 25), (35, 27), (54, 29), (34, 30), (53, 32), (33, 34), (52, 35), (52, 36), (32, 37), (49, 37), (50, 37), (51, 37), (45, 38), (46, 38), (47, 38), (48, 38), (42, 39), (43, 39), (44, 39), (31, 40), (39, 40), (40, 40), (41, 40), (31, 41), (36, 41), (37, 41), (38, 41), (32, 42), (33, 42), (34, 42), (35, 42)]
[(78, 10), (75, 11), (76, 11), (77, 11), (79, 11), (71, 12), (72, 12), (73, 12), (74, 12), (68, 13), (69, 13), (70, 13), (65, 14), (66, 14), (67, 14), (78, 14), (62, 15), (63, 15), (64, 15), (58, 16), (59, 16), (60, 16), (61, 16), (77, 17), (57, 19), (76, 20), (56, 22), (75, 24), (55, 25), (74, 27), (54, 29), (73, 30), (73, 31), (53, 32), (70, 32), (71, 32), (72, 32), (66, 33), (67, 33), (68, 33), (69, 33), (63, 34), (64, 34), (65, 34), (52, 35), (60, 35), (61, 35), (62, 35), (52, 36), (57, 36), (58, 36), (59, 36), (53, 37), (54, 37), (55, 37), (56, 37)]
[(73, 31), (70, 32), (71, 32), (72, 32), (74, 32), (66, 33), (67, 33), (68, 33), (69, 33), (63, 34), (64, 34), (65, 34), (60, 35), (61, 35), (62, 35), (73, 35), (57, 36), (58, 36), (59, 36), (53, 37), (54, 37), (55, 37), (56, 37), (72, 38), (52, 40), (71, 41), (51, 43), (70, 45), (50, 46), (69, 48), (49, 50), (68, 51), (68, 52), (48, 53), (65, 53), (66, 53), (67, 53), (61, 54), (62, 54), (63, 54), (64, 54), (58, 55), (59, 55), (60, 55), (47, 56), (55, 56), (56, 56), (57, 56), (47, 57), (52, 57), (53, 57), (54, 57), (48, 58), (49, 58), (50, 58), (51, 58)]
[(94, 26), (91, 27), (92, 27), (93, 27), (95, 27), (87, 28), (88, 28), (89, 28), (90, 28), (84, 29), (85, 29), (86, 29), (81, 30), (82, 30), (83, 30), (94, 30), (78, 31), (79, 31), (80, 31), (74, 32), (75, 32), (76, 32), (77, 32), (93, 33), (73, 35), (92, 36), (72, 38), (91, 40), (71, 41), (90, 43), (70, 45), (89, 46), (89, 47), (69, 48), (86, 48), (87, 48), (88, 48), (82, 49), (83, 49), (84, 49), (85, 49), (79, 50), (80, 50), (81, 50), (68, 51), (76, 51), (77, 51), (78, 51), (68, 52), (73, 52), (74, 52), (75, 52), (69, 53), (70, 53), (71, 53), (72, 53)]
[(89, 47), (86, 48), (87, 48), (88, 48), (90, 48), (82, 49), (83, 49), (84, 49), (85, 49), (79, 50), (80, 50), (81, 50), (76, 51), (77, 51), (78, 51), (89, 51), (73, 52), (74, 52), (75, 52), (69, 53), (70, 53), (71, 53), (72, 53), (88, 54), (68, 56), (87, 57), (67, 59), (86, 61), (66, 62), (85, 64), (65, 66), (84, 67), (84, 68), (64, 69), (81, 69), (82, 69), (83, 69), (77, 70), (78, 70), (79, 70), (80, 70), (74, 71), (75, 71), (76, 71), (63, 72), (71, 72), (72, 72), (73, 72), (63, 73), (68, 73), (69, 73), (70, 73), (64, 74), (65, 74), (66, 74), (67, 74)]
[(110, 42), (107, 43), (108, 43), (109, 43), (111, 43), (103, 44), (104, 44), (105, 44), (106, 44), (100, 45), (101, 45), (102, 45), (97, 46), (98, 46), (99, 46), (110, 46), (94, 47), (95, 47), (96, 47), (90, 48), (91, 48), (92, 48), (93, 48), (109, 49), (89, 51), (108, 52), (88, 54), (107, 56), (87, 57), (106, 59), (86, 61), (105, 62), (105, 63), (85, 64), (102, 64), (103, 64), (104, 64), (98, 65), (99, 65), (100, 65), (101, 65), (95, 66), (96, 66), (97, 66), (84, 67), (92, 67), (93, 67), (94, 67), (84, 68), (89, 68), (90, 68), (91, 68), (85, 69), (86, 69), (87, 69), (88, 69)]
[(105, 63), (102, 64), (103, 64), (104, 64), (106, 64), (98, 65), (99, 65), (100, 65), (101, 65), (95, 66), (96, 66), (97, 66), (92, 67), (93, 67), (94, 67), (105, 67), (89, 68), (90, 68), (91, 68), (85, 69), (86, 69), (87, 69), (88, 69), (104, 70), (84, 72), (103, 73), (83, 75), (102, 77), (82, 78), (101, 80), (81, 82), (100, 83), (100, 84), (80, 85), (97, 85), (98, 85), (99, 85), (93, 86), (94, 86), (95, 86), (96, 86), (90, 87), (91, 87), (92, 87), (79, 88), (87, 88), (88, 88), (89, 88), (79, 89), (84, 89), (85, 89), (86, 89), (80, 90), (81, 90), (82, 90), (83, 90)]
[(113, 62), (114, 62), (110, 63), (111, 63), (112, 63), (106, 64), (107, 64), (108, 64), (109, 64), (105, 67), (104, 70), (103, 73), (102, 77), (101, 80), (114, 81), (111, 82), (112, 82), (113, 82), (100, 83), (108, 83), (109, 83), (110, 83), (100, 84), (105, 84), (106, 84), (107, 84), (101, 85), (102, 85), (103, 85), (104, 85)]
[(114, 81), (111, 82), (112, 82), (113, 82), (108, 83), (109, 83), (110, 83), (105, 84), (106, 84), (107, 84), (101, 85), (102, 85), (103, 85), (104, 85), (100, 88), (99, 91), (98, 94), (97, 98), (96, 101), (113, 101), (114, 101), (109, 102), (110, 102), (111, 102), (112, 102), (106, 103), (107, 103), (108, 103), (95, 104), (103, 104), (104, 104), (105, 104), (95, 105), (100, 105), (101, 105), (102, 105), (96, 106), (97, 106), (98, 106), (99, 106)]
[(31, 41), (28, 42), (29, 42), (30, 42), (32, 42), (24, 43), (25, 43), (26, 43), (27, 43), (21, 44), (22, 44), (23, 44), (18, 45), (19, 45), (20, 45), (31, 45), (15, 46), (16, 46), (17, 46), (11, 47), (12, 47), (13, 47), (14, 47), (30, 48), (10, 50), (29, 51), (9, 53), (28, 55), (8, 56), (27, 58), (7, 60), (26, 61), (26, 62), (6, 63), (23, 63), (24, 63), (25, 63), (19, 64), (20, 64), (21, 64), (22, 64), (16, 65), (17, 65), (18, 65), (5, 66), (13, 66), (14, 66), (15, 66), (5, 67), (10, 67), (11, 67), (12, 67), (6, 68), (7, 68), (8, 68), (9, 68)]
[(52, 36), (49, 37), (50, 37), (51, 37), (53, 37), (45, 38), (46, 38), (47, 38), (48, 38), (42, 39), (43, 39), (44, 39), (39, 40), (40, 40), (41, 40), (52, 40), (36, 41), (37, 41), (38, 41), (32, 42), (33, 42), (34, 42), (35, 42), (51, 43), (31, 45), (50, 46), (30, 48), (49, 50), (29, 51), (48, 53), (28, 55), (47, 56), (47, 57), (27, 58), (44, 58), (45, 58), (46, 58), (40, 59), (41, 59), (42, 59), (43, 59), (37, 60), (38, 60), (39, 60), (26, 61), (34, 61), (35, 61), (36, 61), (26, 62), (31, 62), (32, 62), (33, 62), (27, 63), (28, 63), (29, 63), (30, 63)]
[(47, 57), (44, 58), (45, 58), (46, 58), (48, 58), (40, 59), (41, 59), (42, 59), (43, 59), (37, 60), (38, 60), (39, 60), (34, 61), (35, 61), (36, 61), (47, 61), (31, 62), (32, 62), (33, 62), (27, 63), (28, 63), (29, 63), (30, 63), (46, 64), (26, 66), (45, 67), (25, 69), (44, 71), (24, 72), (43, 74), (23, 76), (42, 77), (42, 78), (22, 79), (39, 79), (40, 79), (41, 79), (35, 80), (36, 80), (37, 80), (38, 80), (32, 81), (33, 81), (34, 81), (21, 82), (29, 82), (30, 82), (31, 82), (21, 83), (26, 83), (27, 83), (28, 83), (22, 84), (23, 84), (24, 84), (25, 84)]
[(68, 52), (65, 53), (66, 53), (67, 53), (69, 53), (61, 54), (62, 54), (63, 54), (64, 54), (58, 55), (59, 55), (60, 55), (55, 56), (56, 56), (57, 56), (68, 56), (52, 57), (53, 57), (54, 57), (48, 58), (49, 58), (50, 58), (51, 58), (67, 59), (47, 61), (66, 62), (46, 64), (65, 66), (45, 67), (64, 69), (44, 71), (63, 72), (63, 73), (43, 74), (60, 74), (61, 74), (62, 74), (56, 75), (57, 75), (58, 75), (59, 75), (53, 76), (54, 76), (55, 76), (42, 77), (50, 77), (51, 77), (52, 77), (42, 78), (47, 78), (48, 78), (49, 78), (43, 79), (44, 79), (45, 79), (46, 79)]
[(63, 73), (60, 74), (61, 74), (62, 74), (64, 74), (56, 75), (57, 75), (58, 75), (59, 75), (53, 76), (54, 76), (55, 76), (50, 77), (51, 77), (52, 77), (63, 77), (47, 78), (48, 78), (49, 78), (43, 79), (44, 79), (45, 79), (46, 79), (62, 80), (42, 82), (61, 83), (41, 85), (60, 87), (40, 88), (59, 90), (39, 92), (58, 93), (58, 94), (38, 95), (55, 95), (56, 95), (57, 95), (51, 96), (52, 96), (53, 96), (54, 96), (48, 97), (49, 97), (50, 97), (37, 98), (45, 98), (46, 98), (47, 98), (37, 99), (42, 99), (43, 99), (44, 99), (38, 100), (39, 100), (40, 100), (41, 100)]
[(84, 68), (81, 69), (82, 69), (83, 69), (85, 69), (77, 70), (78, 70), (79, 70), (80, 70), (74, 71), (75, 71), (76, 71), (71, 72), (72, 72), (73, 72), (84, 72), (68, 73), (69, 73), (70, 73), (64, 74), (65, 74), (66, 74), (67, 74), (83, 75), (63, 77), (82, 78), (62, 80), (81, 82), (61, 83), (80, 85), (60, 87), (79, 88), (79, 89), (59, 90), (76, 90), (77, 90), (78, 90), (72, 91), (73, 91), (74, 91), (75, 91), (69, 92), (70, 92), (71, 92), (58, 93), (66, 93), (67, 93), (68, 93), (58, 94), (63, 94), (64, 94), (65, 94), (59, 95), (60, 95), (61, 95), (62, 95)]
[(79, 89), (76, 90), (77, 90), (78, 90), (80, 90), (72, 91), (73, 91), (74, 91), (75, 91), (69, 92), (70, 92), (71, 92), (66, 93), (67, 93), (68, 93), (79, 93), (63, 94), (64, 94), (65, 94), (59, 95), (60, 95), (61, 95), (62, 95), (78, 96), (58, 98), (77, 99), (57, 101), (76, 103), (56, 104), (75, 106), (55, 108), (74, 109), (74, 110), (54, 111), (71, 111), (72, 111), (73, 111), (67, 112), (68, 112), (69, 112), (70, 112), (64, 113), (65, 113), (66, 113), (53, 114), (61, 114), (62, 114), (63, 114)]
[(100, 84), (97, 85), (98, 85), (99, 85), (101, 85), (93, 86), (94, 86), (95, 86), (96, 86), (90, 87), (91, 87), (92, 87), (87, 88), (88, 88), (89, 88), (100, 88), (84, 89), (85, 89), (86, 89), (80, 90), (81, 90), (82, 90), (83, 90), (99, 91), (79, 93), (98, 94), (78, 96), (97, 98), (77, 99), (96, 101), (76, 103), (95, 104), (95, 105), (75, 106), (92, 106), (93, 106), (94, 106), (88, 107), (89, 107), (90, 107), (91, 107), (85, 108), (86, 108), (87, 108), (74, 109), (82, 109), (83, 109), (84, 109), (74, 110), (79, 110), (80, 110), (81, 110), (75, 111), (76, 111), (77, 111), (78, 111)]
[(95, 105), (92, 106), (93, 106), (94, 106), (96, 106), (88, 107), (89, 107), (90, 107), (91, 107), (85, 108), (86, 108), (87, 108), (82, 109), (83, 109), (84, 109), (95, 109), (79, 110), (80, 110), (81, 110), (75, 111), (76, 111), (77, 111), (78, 111), (94, 112), (74, 114)]
[(113, 101), (114, 101), (109, 102), (110, 102), (111, 102), (112, 102), (106, 103), (107, 103), (108, 103), (103, 104), (104, 104), (105, 104), (100, 105), (101, 105), (102, 105), (96, 106), (97, 106), (98, 106), (99, 106), (95, 109), (114, 110), (94, 112), (113, 114)]
[(26, 62), (23, 63), (24, 63), (25, 63), (27, 63), (19, 64), (20, 64), (21, 64), (22, 64), (16, 65), (17, 65), (18, 65), (13, 66), (14, 66), (15, 66), (26, 66), (10, 67), (11, 67), (12, 67), (6, 68), (7, 68), (8, 68), (9, 68), (25, 69), (5, 71), (24, 72), (4, 74), (23, 76), (3, 77), (22, 79), (2, 81), (21, 82), (21, 83), (1, 84), (18, 84), (19, 84), (20, 84), (14, 85), (15, 85), (16, 85), (17, 85), (11, 86), (12, 86), (13, 86), (0, 87), (8, 87), (9, 87), (10, 87), (0, 88), (5, 88), (6, 88), (7, 88), (1, 89), (2, 89), (3, 89), (4, 89)]
[(21, 83), (18, 84), (19, 84), (20, 84), (22, 84), (14, 85), (15, 85), (16, 85), (17, 85), (11, 86), (12, 86), (13, 86), (8, 87), (9, 87), (10, 87), (21, 87), (5, 88), (6, 88), (7, 88), (1, 89), (2, 89), (3, 89), (4, 89), (20, 90), (0, 92), (19, 93), (18, 97), (17, 100), (16, 103), (16, 104), (13, 105), (14, 105), (15, 105), (9, 106), (10, 106), (11, 106), (12, 106), (6, 107), (7, 107), (8, 107), (3, 108), (4, 108), (5, 108), (0, 109), (1, 109), (2, 109)]
[(42, 78), (39, 79), (40, 79), (41, 79), (43, 79), (35, 80), (36, 80), (37, 80), (38, 80), (32, 81), (33, 81), (34, 81), (29, 82), (30, 82), (31, 82), (42, 82), (26, 83), (27, 83), (28, 83), (22, 84), (23, 84), (24, 84), (25, 84), (41, 85), (21, 87), (40, 88), (20, 90), (39, 92), (19, 93), (38, 95), (18, 97), (37, 98), (37, 99), (17, 100), (34, 100), (35, 100), (36, 100), (30, 101), (31, 101), (32, 101), (33, 101), (27, 102), (28, 102), (29, 102), (16, 103), (24, 103), (25, 103), (26, 103), (16, 104), (21, 104), (22, 104), (23, 104), (17, 105), (18, 105), (19, 105), (20, 105)]
[(37, 99), (34, 100), (35, 100), (36, 100), (38, 100), (30, 101), (31, 101), (32, 101), (33, 101), (27, 102), (28, 102), (29, 102), (24, 103), (25, 103), (26, 103), (37, 103), (21, 104), (22, 104), (23, 104), (17, 105), (18, 105), (19, 105), (20, 105), (36, 106), (16, 108), (35, 109), (15, 111), (34, 113), (14, 114)]
[(58, 94), (55, 95), (56, 95), (57, 95), (59, 95), (51, 96), (52, 96), (53, 96), (54, 96), (48, 97), (49, 97), (50, 97), (45, 98), (46, 98), (47, 98), (58, 98), (42, 99), (43, 99), (44, 99), (38, 100), (39, 100), (40, 100), (41, 100), (57, 101), (37, 103), (56, 104), (36, 106), (55, 108), (35, 109), (54, 111), (34, 113), (53, 114)]
[(74, 110), (71, 111), (72, 111), (73, 111), (75, 111), (67, 112), (68, 112), (69, 112), (70, 112), (64, 113), (65, 113), (66, 113), (61, 114), (62, 114), (63, 114), (74, 114)]
[(16, 104), (13, 105), (14, 105), (15, 105), (17, 105), (9, 106), (10, 106), (11, 106), (12, 106), (6, 107), (7, 107), (8, 107), (3, 108), (4, 108), (5, 108), (16, 108), (0, 109), (1, 109), (2, 109), (15, 111), (14, 114)]
