[(113, 25), (114, 25), (111, 26), (112, 26), (109, 27), (110, 27), (106, 28), (107, 28), (108, 28), (104, 29), (105, 29), (102, 30), (103, 30), (100, 31), (101, 31), (97, 32), (98, 32), (99, 32), (96, 34), (95, 36), (94, 38), (93, 40), (92, 43), (91, 45), (90, 47), (114, 48), (89, 49), (114, 49), (112, 50), (113, 50), (110, 51), (111, 51), (88, 52), (107, 52), (108, 52), (109, 52), (105, 53), (106, 53), (87, 54), (103, 54), (104, 54), (101, 55), (102, 55), (86, 56), (98, 56), (99, 56), (100, 56), (86, 57), (96, 57), (97, 57), (87, 58), (94, 58), (95, 58), (88, 59), (92, 59), (93, 59), (89, 60), (90, 60), (91, 60)]
[(114, 48), (114, 49)]
[(114, 58), (113, 60), (112, 63), (111, 65), (110, 67), (109, 69), (108, 72), (107, 74), (106, 76), (106, 77), (107, 78), (114, 78), (108, 79), (112, 79), (113, 79), (109, 80), (110, 80), (111, 80)]
[(66, 37), (64, 38), (65, 38), (67, 38), (62, 39), (63, 39), (68, 39), (59, 40), (60, 40), (61, 40), (69, 40), (57, 41), (58, 41), (55, 42), (56, 42), (68, 42), (53, 43), (54, 43), (50, 44), (51, 44), (52, 44), (67, 44), (48, 45), (49, 45), (46, 46), (47, 46), (66, 46), (44, 47), (45, 47), (41, 48), (42, 48), (43, 48), (65, 48), (40, 50), (64, 51), (39, 52), (63, 53), (38, 54), (62, 55), (37, 56), (61, 57), (36, 59), (60, 60), (35, 61), (59, 62), (34, 63), (58, 64), (33, 65), (58, 65), (56, 66), (57, 66), (54, 67), (55, 67), (32, 68), (51, 68), (52, 68), (53, 68), (49, 69), (50, 69), (31, 70), (47, 70), (48, 70), (45, 71), (46, 71), (30, 72), (42, 72), (43, 72), (44, 72), (30, 73), (40, 73), (41, 73), (31, 74), (38, 74), (39, 74), (32, 75), (36, 75), (37, 75), (33, 76), (34, 76), (35, 76)]
[(94, 29), (92, 30), (93, 30), (95, 30), (90, 31), (91, 31), (96, 31), (87, 32), (88, 32), (89, 32), (97, 32), (85, 33), (86, 33), (83, 34), (84, 34), (96, 34), (81, 35), (82, 35), (78, 36), (79, 36), (80, 36), (95, 36), (76, 37), (77, 37), (74, 38), (75, 38), (94, 38), (72, 39), (73, 39), (69, 40), (70, 40), (71, 40), (93, 40), (68, 42), (92, 43), (67, 44), (91, 45), (66, 46), (90, 47), (65, 48), (89, 49), (64, 51), (88, 52), (63, 53), (87, 54), (62, 55), (86, 56), (61, 57), (86, 57), (84, 58), (85, 58), (82, 59), (83, 59), (60, 60), (79, 60), (80, 60), (81, 60), (77, 61), (78, 61), (59, 62), (75, 62), (76, 62), (73, 63), (74, 63), (58, 64), (70, 64), (71, 64), (72, 64), (58, 65), (68, 65), (69, 65), (59, 66), (66, 66), (67, 66), (60, 67), (64, 67), (65, 67), (61, 68), (62, 68), (63, 68)]
[(86, 57), (84, 58), (85, 58), (87, 58), (82, 59), (83, 59), (88, 59), (79, 60), (80, 60), (81, 60), (89, 60), (77, 61), (78, 61), (75, 62), (76, 62), (88, 62), (73, 63), (74, 63), (70, 64), (71, 64), (72, 64), (87, 64), (68, 65), (69, 65), (66, 66), (67, 66), (86, 66), (64, 67), (65, 67), (61, 68), (62, 68), (63, 68), (85, 68), (60, 70), (84, 71), (59, 72), (83, 73), (58, 74), (82, 75), (57, 76), (81, 77), (56, 79), (80, 80), (55, 81), (79, 82), (54, 83), (78, 84), (53, 85), (78, 85), (76, 86), (77, 86), (74, 87), (75, 87), (52, 88), (71, 88), (72, 88), (73, 88), (69, 89), (70, 89), (51, 90), (67, 90), (68, 90), (65, 91), (66, 91), (50, 92), (62, 92), (63, 92), (64, 92), (50, 93), (60, 93), (61, 93), (51, 94), (58, 94), (59, 94), (52, 95), (56, 95), (57, 95), (53, 96), (54, 96), (55, 96)]
[(114, 49), (112, 50), (113, 50), (110, 51), (111, 51), (107, 52), (108, 52), (109, 52), (105, 53), (106, 53), (103, 54), (104, 54), (101, 55), (102, 55), (98, 56), (99, 56), (100, 56), (96, 57), (97, 57), (94, 58), (95, 58), (114, 58), (92, 59), (93, 59), (89, 60), (90, 60), (91, 60), (113, 60), (88, 62), (112, 63), (87, 64), (111, 65), (86, 66), (110, 67), (85, 68), (109, 69), (84, 71), (108, 72), (83, 73), (107, 74), (82, 75), (106, 76), (81, 77), (106, 77), (104, 78), (105, 78), (102, 79), (103, 79), (80, 80), (99, 80), (100, 80), (101, 80), (97, 81), (98, 81), (79, 82), (95, 82), (96, 82), (93, 83), (94, 83), (78, 84), (90, 84), (91, 84), (92, 84), (78, 85), (88, 85), (89, 85), (79, 86), (86, 86), (87, 86), (80, 87), (84, 87), (85, 87), (81, 88), (82, 88), (83, 88)]
[(106, 77), (104, 78), (105, 78), (107, 78), (102, 79), (103, 79), (108, 79), (99, 80), (100, 80), (101, 80), (109, 80), (97, 81), (98, 81), (95, 82), (96, 82), (108, 82), (93, 83), (94, 83), (90, 84), (91, 84), (92, 84), (107, 84), (88, 85), (89, 85), (86, 86), (87, 86), (106, 86), (84, 87), (85, 87), (81, 88), (82, 88), (83, 88), (105, 88), (80, 90), (104, 91), (79, 92), (103, 93), (78, 94), (102, 95), (77, 96), (101, 97), (76, 99), (100, 100), (75, 101), (99, 102), (74, 103), (98, 104), (73, 105), (98, 105), (96, 106), (97, 106), (94, 107), (95, 107), (72, 108), (91, 108), (92, 108), (93, 108), (89, 109), (90, 109), (71, 110), (87, 110), (88, 110), (85, 111), (86, 111), (70, 112), (82, 112), (83, 112), (84, 112), (70, 113), (80, 113), (81, 113), (71, 114), (78, 114), (79, 114)]
[(114, 78), (112, 79), (113, 79), (109, 80), (110, 80), (111, 80), (108, 82), (107, 84), (106, 86), (105, 88), (104, 91), (103, 93), (102, 95), (101, 97), (100, 100), (99, 102), (113, 103), (114, 103), (98, 104), (110, 104), (111, 104), (112, 104), (98, 105), (108, 105), (109, 105), (99, 106), (106, 106), (107, 106), (100, 107), (104, 107), (105, 107), (101, 108), (102, 108), (103, 108)]
[(113, 103), (114, 103), (110, 104), (111, 104), (112, 104), (108, 105), (109, 105), (106, 106), (107, 106), (104, 107), (105, 107), (101, 108), (102, 108), (103, 108), (100, 110), (99, 112), (98, 114)]
[(30, 73), (28, 74), (29, 74), (31, 74), (26, 75), (27, 75), (32, 75), (23, 76), (24, 76), (25, 76), (33, 76), (21, 77), (22, 77), (19, 78), (20, 78), (32, 78), (17, 79), (18, 79), (14, 80), (15, 80), (16, 80), (31, 80), (12, 81), (13, 81), (10, 82), (11, 82), (30, 82), (8, 83), (9, 83), (5, 84), (6, 84), (7, 84), (29, 84), (4, 86), (28, 87), (3, 88), (27, 89), (2, 90), (26, 91), (1, 92), (25, 93), (0, 95), (24, 96), (23, 98), (22, 100), (22, 101), (20, 102), (21, 102), (18, 103), (19, 103), (15, 104), (16, 104), (17, 104), (13, 105), (14, 105), (11, 106), (12, 106), (9, 107), (10, 107), (6, 108), (7, 108), (8, 108), (4, 109), (5, 109), (2, 110), (3, 110), (0, 111), (1, 111)]
[(58, 65), (56, 66), (57, 66), (59, 66), (54, 67), (55, 67), (60, 67), (51, 68), (52, 68), (53, 68), (61, 68), (49, 69), (50, 69), (47, 70), (48, 70), (60, 70), (45, 71), (46, 71), (42, 72), (43, 72), (44, 72), (59, 72), (40, 73), (41, 73), (38, 74), (39, 74), (58, 74), (36, 75), (37, 75), (33, 76), (34, 76), (35, 76), (57, 76), (32, 78), (56, 79), (31, 80), (55, 81), (30, 82), (54, 83), (29, 84), (53, 85), (28, 87), (52, 88), (27, 89), (51, 90), (26, 91), (50, 92), (25, 93), (50, 93), (48, 94), (49, 94), (46, 95), (47, 95), (24, 96), (43, 96), (44, 96), (45, 96), (41, 97), (42, 97), (23, 98), (39, 98), (40, 98), (37, 99), (38, 99), (22, 100), (34, 100), (35, 100), (36, 100), (22, 101), (32, 101), (33, 101), (23, 102), (30, 102), (31, 102), (24, 103), (28, 103), (29, 103), (25, 104), (26, 104), (27, 104)]
[(50, 93), (48, 94), (49, 94), (51, 94), (46, 95), (47, 95), (52, 95), (43, 96), (44, 96), (45, 96), (53, 96), (41, 97), (42, 97), (39, 98), (40, 98), (52, 98), (37, 99), (38, 99), (34, 100), (35, 100), (36, 100), (51, 100), (32, 101), (33, 101), (30, 102), (31, 102), (50, 102), (28, 103), (29, 103), (25, 104), (26, 104), (27, 104), (49, 104), (24, 106), (48, 107), (23, 108), (47, 109), (22, 110), (46, 111), (21, 112), (45, 113)]
[(78, 85), (76, 86), (77, 86), (79, 86), (74, 87), (75, 87), (80, 87), (71, 88), (72, 88), (73, 88), (81, 88), (69, 89), (70, 89), (67, 90), (68, 90), (80, 90), (65, 91), (66, 91), (62, 92), (63, 92), (64, 92), (79, 92), (60, 93), (61, 93), (58, 94), (59, 94), (78, 94), (56, 95), (57, 95), (53, 96), (54, 96), (55, 96), (77, 96), (52, 98), (76, 99), (51, 100), (75, 101), (50, 102), (74, 103), (49, 104), (73, 105), (48, 107), (72, 108), (47, 109), (71, 110), (46, 111), (70, 112), (45, 113), (70, 113), (68, 114), (69, 114)]
[(70, 113), (68, 114), (69, 114), (71, 114)]
[(98, 105), (96, 106), (97, 106), (99, 106), (94, 107), (95, 107), (100, 107), (91, 108), (92, 108), (93, 108), (101, 108), (89, 109), (90, 109), (87, 110), (88, 110), (100, 110), (85, 111), (86, 111), (82, 112), (83, 112), (84, 112), (99, 112), (80, 113), (81, 113), (78, 114), (79, 114), (98, 114)]
[(22, 101), (20, 102), (21, 102), (23, 102), (18, 103), (19, 103), (24, 103), (15, 104), (16, 104), (17, 104), (25, 104), (13, 105), (14, 105), (11, 106), (12, 106), (24, 106), (9, 107), (10, 107), (6, 108), (7, 108), (8, 108), (23, 108), (4, 109), (5, 109), (2, 110), (3, 110), (22, 110), (0, 111), (1, 111), (21, 112)]
