[(109, 30), (110, 30), (106, 31), (107, 31), (108, 31), (111, 31), (103, 32), (104, 32), (105, 32), (100, 33), (101, 33), (102, 33), (97, 34), (98, 34), (99, 34), (110, 34), (94, 35), (95, 35), (96, 35), (90, 36), (91, 36), (92, 36), (93, 36), (109, 37), (89, 39), (108, 40), (88, 42), (107, 43), (87, 45), (106, 46), (86, 48), (105, 49), (85, 51), (104, 51), (105, 51), (101, 52), (102, 52), (103, 52), (98, 53), (99, 53), (100, 53), (84, 54), (95, 54), (96, 54), (97, 54), (92, 55), (93, 55), (94, 55), (84, 56), (89, 56), (90, 56), (91, 56), (85, 57), (86, 57), (87, 57), (88, 57)]
[(111, 31), (112, 31), (113, 31), (114, 31), (110, 34), (109, 37), (108, 40), (107, 43), (106, 46), (105, 49), (113, 50), (114, 50), (105, 51), (110, 51), (111, 51), (112, 51), (106, 52), (107, 52), (108, 52), (109, 52)]
[(113, 50), (114, 50), (110, 51), (111, 51), (112, 51), (106, 52), (107, 52), (108, 52), (109, 52), (105, 55), (104, 58), (103, 61), (102, 64), (101, 67), (114, 69), (100, 70), (111, 70), (112, 70), (113, 70), (108, 71), (109, 71), (110, 71), (100, 72), (105, 72), (106, 72), (107, 72), (101, 73), (102, 73), (103, 73), (104, 73)]
[(67, 40), (68, 40), (64, 41), (65, 41), (66, 41), (69, 41), (61, 42), (62, 42), (63, 42), (58, 43), (59, 43), (60, 43), (55, 44), (56, 44), (57, 44), (68, 44), (52, 45), (53, 45), (54, 45), (48, 46), (49, 46), (50, 46), (51, 46), (67, 47), (47, 49), (66, 50), (46, 52), (65, 53), (45, 55), (64, 56), (44, 58), (63, 59), (43, 61), (62, 61), (63, 61), (59, 62), (60, 62), (61, 62), (56, 63), (57, 63), (58, 63), (42, 64), (53, 64), (54, 64), (55, 64), (50, 65), (51, 65), (52, 65), (42, 66), (47, 66), (48, 66), (49, 66), (43, 67), (44, 67), (45, 67), (46, 67)]
[(88, 35), (89, 35), (85, 36), (86, 36), (87, 36), (90, 36), (82, 37), (83, 37), (84, 37), (79, 38), (80, 38), (81, 38), (76, 39), (77, 39), (78, 39), (89, 39), (73, 40), (74, 40), (75, 40), (69, 41), (70, 41), (71, 41), (72, 41), (88, 42), (68, 44), (87, 45), (67, 47), (86, 48), (66, 50), (85, 51), (65, 53), (84, 54), (64, 56), (83, 56), (84, 56), (80, 57), (81, 57), (82, 57), (77, 58), (78, 58), (79, 58), (63, 59), (74, 59), (75, 59), (76, 59), (71, 60), (72, 60), (73, 60), (63, 61), (68, 61), (69, 61), (70, 61), (64, 62), (65, 62), (66, 62), (67, 62)]
[(83, 56), (84, 56), (80, 57), (81, 57), (82, 57), (85, 57), (77, 58), (78, 58), (79, 58), (74, 59), (75, 59), (76, 59), (71, 60), (72, 60), (73, 60), (84, 60), (68, 61), (69, 61), (70, 61), (64, 62), (65, 62), (66, 62), (67, 62), (83, 63), (63, 65), (82, 66), (62, 68), (81, 69), (61, 71), (80, 72), (60, 74), (79, 75), (59, 77), (78, 77), (79, 77), (75, 78), (76, 78), (77, 78), (72, 79), (73, 79), (74, 79), (58, 80), (69, 80), (70, 80), (71, 80), (66, 81), (67, 81), (68, 81), (58, 82), (63, 82), (64, 82), (65, 82), (59, 83), (60, 83), (61, 83), (62, 83)]
[(104, 51), (105, 51), (101, 52), (102, 52), (103, 52), (106, 52), (98, 53), (99, 53), (100, 53), (95, 54), (96, 54), (97, 54), (92, 55), (93, 55), (94, 55), (105, 55), (89, 56), (90, 56), (91, 56), (85, 57), (86, 57), (87, 57), (88, 57), (104, 58), (84, 60), (103, 61), (83, 63), (102, 64), (82, 66), (101, 67), (81, 69), (100, 70), (80, 72), (99, 72), (100, 72), (96, 73), (97, 73), (98, 73), (93, 74), (94, 74), (95, 74), (79, 75), (90, 75), (91, 75), (92, 75), (87, 76), (88, 76), (89, 76), (79, 77), (84, 77), (85, 77), (86, 77), (80, 78), (81, 78), (82, 78), (83, 78)]
[(99, 72), (100, 72), (96, 73), (97, 73), (98, 73), (101, 73), (93, 74), (94, 74), (95, 74), (90, 75), (91, 75), (92, 75), (87, 76), (88, 76), (89, 76), (100, 76), (84, 77), (85, 77), (86, 77), (80, 78), (81, 78), (82, 78), (83, 78), (99, 79), (79, 81), (98, 82), (78, 84), (97, 85), (77, 87), (96, 88), (76, 90), (95, 91), (75, 93), (94, 93), (95, 93), (91, 94), (92, 94), (93, 94), (88, 95), (89, 95), (90, 95), (74, 96), (85, 96), (86, 96), (87, 96), (82, 97), (83, 97), (84, 97), (74, 98), (79, 98), (80, 98), (81, 98), (75, 99), (76, 99), (77, 99), (78, 99)]
[(114, 69), (111, 70), (112, 70), (113, 70), (108, 71), (109, 71), (110, 71), (105, 72), (106, 72), (107, 72), (101, 73), (102, 73), (103, 73), (104, 73), (100, 76), (99, 79), (98, 82), (97, 85), (96, 88), (112, 89), (113, 89), (114, 89), (109, 90), (110, 90), (111, 90), (95, 91), (106, 91), (107, 91), (108, 91), (103, 92), (104, 92), (105, 92), (95, 93), (100, 93), (101, 93), (102, 93), (96, 94), (97, 94), (98, 94), (99, 94)]
[(112, 89), (113, 89), (114, 89), (109, 90), (110, 90), (111, 90), (106, 91), (107, 91), (108, 91), (103, 92), (104, 92), (105, 92), (100, 93), (101, 93), (102, 93), (96, 94), (97, 94), (98, 94), (99, 94), (95, 97), (114, 98), (94, 100), (113, 101), (93, 103), (112, 104), (92, 106), (111, 107), (91, 109), (110, 109), (111, 109), (107, 110), (108, 110), (109, 110), (104, 111), (105, 111), (106, 111), (90, 112), (101, 112), (102, 112), (103, 112), (98, 113), (99, 113), (100, 113), (90, 114), (95, 114), (96, 114), (97, 114)]
[(114, 98), (113, 101), (112, 104), (111, 107), (111, 109), (112, 110), (113, 110), (114, 110)]
[(112, 110), (113, 110), (114, 110), (111, 113)]
[(41, 66), (42, 66), (38, 67), (39, 67), (40, 67), (43, 67), (35, 68), (36, 68), (37, 68), (32, 69), (33, 69), (34, 69), (29, 70), (30, 70), (31, 70), (42, 70), (26, 71), (27, 71), (28, 71), (22, 72), (23, 72), (24, 72), (25, 72), (41, 73), (21, 75), (40, 76), (20, 78), (39, 79), (19, 81), (38, 82), (18, 84), (37, 85), (17, 87), (36, 87), (37, 87), (33, 88), (34, 88), (35, 88), (30, 89), (31, 89), (32, 89), (16, 90), (27, 90), (28, 90), (29, 90), (24, 91), (25, 91), (26, 91), (16, 92), (21, 92), (22, 92), (23, 92), (17, 93), (18, 93), (19, 93), (20, 93)]
[(62, 61), (63, 61), (59, 62), (60, 62), (61, 62), (64, 62), (56, 63), (57, 63), (58, 63), (53, 64), (54, 64), (55, 64), (50, 65), (51, 65), (52, 65), (63, 65), (47, 66), (48, 66), (49, 66), (43, 67), (44, 67), (45, 67), (46, 67), (62, 68), (42, 70), (61, 71), (41, 73), (60, 74), (40, 76), (59, 77), (39, 79), (58, 80), (38, 82), (57, 82), (58, 82), (54, 83), (55, 83), (56, 83), (51, 84), (52, 84), (53, 84), (37, 85), (48, 85), (49, 85), (50, 85), (45, 86), (46, 86), (47, 86), (37, 87), (42, 87), (43, 87), (44, 87), (38, 88), (39, 88), (40, 88), (41, 88)]
[(57, 82), (58, 82), (54, 83), (55, 83), (56, 83), (59, 83), (51, 84), (52, 84), (53, 84), (48, 85), (49, 85), (50, 85), (45, 86), (46, 86), (47, 86), (58, 86), (42, 87), (43, 87), (44, 87), (38, 88), (39, 88), (40, 88), (41, 88), (57, 89), (37, 91), (56, 92), (36, 94), (55, 95), (35, 97), (54, 98), (34, 100), (53, 101), (33, 103), (52, 103), (53, 103), (49, 104), (50, 104), (51, 104), (46, 105), (47, 105), (48, 105), (32, 106), (43, 106), (44, 106), (45, 106), (40, 107), (41, 107), (42, 107), (32, 108), (37, 108), (38, 108), (39, 108), (33, 109), (34, 109), (35, 109), (36, 109)]
[(78, 77), (79, 77), (75, 78), (76, 78), (77, 78), (80, 78), (72, 79), (73, 79), (74, 79), (69, 80), (70, 80), (71, 80), (66, 81), (67, 81), (68, 81), (79, 81), (63, 82), (64, 82), (65, 82), (59, 83), (60, 83), (61, 83), (62, 83), (78, 84), (58, 86), (77, 87), (57, 89), (76, 90), (56, 92), (75, 93), (55, 95), (74, 96), (54, 98), (73, 98), (74, 98), (70, 99), (71, 99), (72, 99), (67, 100), (68, 100), (69, 100), (53, 101), (64, 101), (65, 101), (66, 101), (61, 102), (62, 102), (63, 102), (53, 103), (58, 103), (59, 103), (60, 103), (54, 104), (55, 104), (56, 104), (57, 104)]
[(73, 98), (74, 98), (70, 99), (71, 99), (72, 99), (75, 99), (67, 100), (68, 100), (69, 100), (64, 101), (65, 101), (66, 101), (61, 102), (62, 102), (63, 102), (74, 102), (58, 103), (59, 103), (60, 103), (54, 104), (55, 104), (56, 104), (57, 104), (73, 105), (53, 107), (72, 108), (52, 110), (71, 111), (51, 113), (70, 114)]
[(94, 93), (95, 93), (91, 94), (92, 94), (93, 94), (96, 94), (88, 95), (89, 95), (90, 95), (85, 96), (86, 96), (87, 96), (82, 97), (83, 97), (84, 97), (95, 97), (79, 98), (80, 98), (81, 98), (75, 99), (76, 99), (77, 99), (78, 99), (94, 100), (74, 102), (93, 103), (73, 105), (92, 106), (72, 108), (91, 109), (71, 111), (90, 112), (70, 114), (89, 114), (90, 114)]
[(89, 114), (90, 114)]
[(110, 109), (111, 109), (107, 110), (108, 110), (109, 110), (112, 110), (104, 111), (105, 111), (106, 111), (101, 112), (102, 112), (103, 112), (98, 113), (99, 113), (100, 113), (111, 113), (95, 114), (96, 114), (97, 114)]
[(36, 87), (37, 87), (33, 88), (34, 88), (35, 88), (38, 88), (30, 89), (31, 89), (32, 89), (27, 90), (28, 90), (29, 90), (24, 91), (25, 91), (26, 91), (37, 91), (21, 92), (22, 92), (23, 92), (17, 93), (18, 93), (19, 93), (20, 93), (36, 94), (16, 96), (35, 97), (15, 99), (34, 100), (14, 102), (33, 103), (13, 105), (32, 106), (12, 108), (31, 108), (32, 108), (28, 109), (29, 109), (30, 109), (25, 110), (26, 110), (27, 110), (11, 111), (22, 111), (23, 111), (24, 111), (19, 112), (20, 112), (21, 112), (11, 113), (16, 113), (17, 113), (18, 113), (12, 114), (13, 114), (14, 114), (15, 114)]
[(31, 108), (32, 108), (28, 109), (29, 109), (30, 109), (33, 109), (25, 110), (26, 110), (27, 110), (22, 111), (23, 111), (24, 111), (19, 112), (20, 112), (21, 112), (32, 112), (16, 113), (17, 113), (18, 113), (12, 114), (13, 114), (14, 114), (15, 114)]
[(52, 103), (53, 103), (49, 104), (50, 104), (51, 104), (54, 104), (46, 105), (47, 105), (48, 105), (43, 106), (44, 106), (45, 106), (40, 107), (41, 107), (42, 107), (53, 107), (37, 108), (38, 108), (39, 108), (33, 109), (34, 109), (35, 109), (36, 109), (52, 110), (32, 112), (51, 113)]
