[(112, 15), (113, 15), (114, 15), (108, 16), (109, 16), (110, 16), (111, 16), (104, 17), (105, 17), (106, 17), (107, 17), (100, 18), (101, 18), (102, 18), (103, 18), (96, 19), (97, 19), (98, 19), (99, 19), (95, 23), (114, 24), (94, 27), (113, 28), (93, 31), (112, 32), (92, 35), (109, 35), (110, 35), (111, 35), (112, 35), (105, 36), (106, 36), (107, 36), (108, 36), (101, 37), (102, 37), (103, 37), (104, 37), (92, 38), (97, 38), (98, 38), (99, 38), (100, 38), (93, 39), (94, 39), (95, 39), (96, 39)]
[(114, 24), (113, 28), (112, 32), (112, 35), (113, 36), (114, 36)]
[(113, 36), (114, 36), (112, 40), (111, 44), (110, 48), (109, 52), (109, 55), (114, 55), (110, 56), (111, 56), (112, 56), (113, 56)]
[(72, 21), (73, 21), (74, 21), (75, 21), (68, 22), (69, 22), (70, 22), (71, 22), (76, 22), (64, 23), (65, 23), (66, 23), (67, 23), (60, 24), (61, 24), (62, 24), (63, 24), (56, 25), (57, 25), (58, 25), (59, 25), (75, 26), (55, 29), (74, 30), (54, 33), (73, 34), (53, 37), (72, 38), (52, 41), (69, 41), (70, 41), (71, 41), (72, 41), (65, 42), (66, 42), (67, 42), (68, 42), (61, 43), (62, 43), (63, 43), (64, 43), (52, 44), (57, 44), (58, 44), (59, 44), (60, 44), (53, 45), (54, 45), (55, 45), (56, 45)]
[(92, 18), (93, 18), (94, 18), (95, 18), (88, 19), (89, 19), (90, 19), (91, 19), (96, 19), (84, 20), (85, 20), (86, 20), (87, 20), (80, 21), (81, 21), (82, 21), (83, 21), (76, 22), (77, 22), (78, 22), (79, 22), (95, 23), (75, 26), (94, 27), (74, 30), (93, 31), (73, 34), (92, 35), (72, 38), (89, 38), (90, 38), (91, 38), (92, 38), (85, 39), (86, 39), (87, 39), (88, 39), (81, 40), (82, 40), (83, 40), (84, 40), (72, 41), (77, 41), (78, 41), (79, 41), (80, 41), (73, 42), (74, 42), (75, 42), (76, 42)]
[(89, 38), (90, 38), (91, 38), (92, 38), (85, 39), (86, 39), (87, 39), (88, 39), (93, 39), (81, 40), (82, 40), (83, 40), (84, 40), (77, 41), (78, 41), (79, 41), (80, 41), (73, 42), (74, 42), (75, 42), (76, 42), (92, 43), (72, 46), (91, 47), (71, 50), (90, 51), (70, 54), (89, 55), (69, 58), (86, 58), (87, 58), (88, 58), (89, 58), (82, 59), (83, 59), (84, 59), (85, 59), (78, 60), (79, 60), (80, 60), (81, 60), (69, 61), (74, 61), (75, 61), (76, 61), (77, 61), (70, 62), (71, 62), (72, 62), (73, 62)]
[(109, 35), (110, 35), (111, 35), (112, 35), (105, 36), (106, 36), (107, 36), (108, 36), (113, 36), (101, 37), (102, 37), (103, 37), (104, 37), (97, 38), (98, 38), (99, 38), (100, 38), (93, 39), (94, 39), (95, 39), (96, 39), (112, 40), (92, 43), (111, 44), (91, 47), (110, 48), (90, 51), (109, 52), (89, 55), (106, 55), (107, 55), (108, 55), (109, 55), (102, 56), (103, 56), (104, 56), (105, 56), (98, 57), (99, 57), (100, 57), (101, 57), (89, 58), (94, 58), (95, 58), (96, 58), (97, 58), (90, 59), (91, 59), (92, 59), (93, 59)]
[(106, 55), (107, 55), (108, 55), (109, 55), (102, 56), (103, 56), (104, 56), (105, 56), (110, 56), (98, 57), (99, 57), (100, 57), (101, 57), (94, 58), (95, 58), (96, 58), (97, 58), (90, 59), (91, 59), (92, 59), (93, 59), (109, 60), (89, 63), (108, 64), (88, 67), (107, 68), (87, 71), (106, 72), (86, 75), (103, 75), (104, 75), (105, 75), (106, 75), (99, 76), (100, 76), (101, 76), (102, 76), (95, 77), (96, 77), (97, 77), (98, 77), (86, 78), (91, 78), (92, 78), (93, 78), (94, 78), (87, 79), (88, 79), (89, 79), (90, 79)]
[(114, 55), (110, 56), (111, 56), (112, 56), (113, 56), (109, 60), (108, 64), (107, 68), (106, 72), (106, 75), (111, 75), (112, 75), (113, 75), (114, 75), (107, 76), (108, 76), (109, 76), (110, 76)]
[(111, 75), (112, 75), (113, 75), (114, 75), (107, 76), (108, 76), (109, 76), (110, 76), (106, 80), (105, 84), (104, 88), (103, 92), (112, 94), (113, 94), (114, 94), (103, 95), (108, 95), (109, 95), (110, 95), (111, 95), (104, 96), (105, 96), (106, 96), (107, 96)]
[(49, 44), (50, 44), (51, 44), (52, 44), (45, 45), (46, 45), (47, 45), (48, 45), (53, 45), (41, 46), (42, 46), (43, 46), (44, 46), (37, 47), (38, 47), (39, 47), (40, 47), (33, 48), (34, 48), (35, 48), (36, 48), (52, 49), (32, 52), (51, 53), (31, 56), (50, 57), (30, 60), (49, 61), (29, 64), (46, 64), (47, 64), (48, 64), (49, 64), (42, 65), (43, 65), (44, 65), (45, 65), (38, 66), (39, 66), (40, 66), (41, 66), (29, 67), (34, 67), (35, 67), (36, 67), (37, 67), (30, 68), (31, 68), (32, 68), (33, 68)]
[(69, 41), (70, 41), (71, 41), (72, 41), (65, 42), (66, 42), (67, 42), (68, 42), (73, 42), (61, 43), (62, 43), (63, 43), (64, 43), (57, 44), (58, 44), (59, 44), (60, 44), (53, 45), (54, 45), (55, 45), (56, 45), (72, 46), (52, 49), (71, 50), (51, 53), (70, 54), (50, 57), (69, 58), (49, 61), (66, 61), (67, 61), (68, 61), (69, 61), (62, 62), (63, 62), (64, 62), (65, 62), (58, 63), (59, 63), (60, 63), (61, 63), (49, 64), (54, 64), (55, 64), (56, 64), (57, 64), (50, 65), (51, 65), (52, 65), (53, 65)]
[(66, 61), (67, 61), (68, 61), (69, 61), (62, 62), (63, 62), (64, 62), (65, 62), (70, 62), (58, 63), (59, 63), (60, 63), (61, 63), (54, 64), (55, 64), (56, 64), (57, 64), (50, 65), (51, 65), (52, 65), (53, 65), (69, 66), (49, 69), (68, 70), (48, 73), (67, 74), (47, 77), (66, 78), (46, 81), (63, 81), (64, 81), (65, 81), (66, 81), (59, 82), (60, 82), (61, 82), (62, 82), (55, 83), (56, 83), (57, 83), (58, 83), (46, 84), (51, 84), (52, 84), (53, 84), (54, 84), (47, 85), (48, 85), (49, 85), (50, 85)]
[(86, 58), (87, 58), (88, 58), (89, 58), (82, 59), (83, 59), (84, 59), (85, 59), (90, 59), (78, 60), (79, 60), (80, 60), (81, 60), (74, 61), (75, 61), (76, 61), (77, 61), (70, 62), (71, 62), (72, 62), (73, 62), (89, 63), (69, 66), (88, 67), (68, 70), (87, 71), (67, 74), (86, 75), (66, 78), (83, 78), (84, 78), (85, 78), (86, 78), (79, 79), (80, 79), (81, 79), (82, 79), (75, 80), (76, 80), (77, 80), (78, 80), (66, 81), (71, 81), (72, 81), (73, 81), (74, 81), (67, 82), (68, 82), (69, 82), (70, 82)]
[(83, 78), (84, 78), (85, 78), (86, 78), (79, 79), (80, 79), (81, 79), (82, 79), (87, 79), (75, 80), (76, 80), (77, 80), (78, 80), (71, 81), (72, 81), (73, 81), (74, 81), (67, 82), (68, 82), (69, 82), (70, 82), (86, 83), (66, 86), (85, 87), (65, 90), (84, 91), (64, 94), (83, 95), (63, 98), (80, 98), (81, 98), (82, 98), (83, 98), (76, 99), (77, 99), (78, 99), (79, 99), (72, 100), (73, 100), (74, 100), (75, 100), (63, 101), (68, 101), (69, 101), (70, 101), (71, 101), (64, 102), (65, 102), (66, 102), (67, 102)]
[(103, 75), (104, 75), (105, 75), (106, 75), (99, 76), (100, 76), (101, 76), (102, 76), (107, 76), (95, 77), (96, 77), (97, 77), (98, 77), (91, 78), (92, 78), (93, 78), (94, 78), (87, 79), (88, 79), (89, 79), (90, 79), (106, 80), (86, 83), (105, 84), (85, 87), (104, 88), (84, 91), (103, 92), (83, 95), (100, 95), (101, 95), (102, 95), (103, 95), (96, 96), (97, 96), (98, 96), (99, 96), (92, 97), (93, 97), (94, 97), (95, 97), (83, 98), (88, 98), (89, 98), (90, 98), (91, 98), (84, 99), (85, 99), (86, 99), (87, 99)]
[(100, 95), (101, 95), (102, 95), (103, 95), (96, 96), (97, 96), (98, 96), (99, 96), (104, 96), (92, 97), (93, 97), (94, 97), (95, 97), (88, 98), (89, 98), (90, 98), (91, 98), (84, 99), (85, 99), (86, 99), (87, 99), (103, 100), (83, 103), (102, 104), (82, 107), (101, 108), (81, 111), (100, 112)]
[(112, 94), (113, 94), (114, 94), (108, 95), (109, 95), (110, 95), (111, 95), (104, 96), (105, 96), (106, 96), (107, 96), (103, 100), (102, 104), (101, 108), (100, 112), (113, 113), (114, 113), (109, 114), (110, 114), (111, 114), (112, 114)]
[(46, 64), (47, 64), (48, 64), (49, 64), (42, 65), (43, 65), (44, 65), (45, 65), (50, 65), (38, 66), (39, 66), (40, 66), (41, 66), (34, 67), (35, 67), (36, 67), (37, 67), (30, 68), (31, 68), (32, 68), (33, 68), (49, 69), (29, 72), (48, 73), (28, 76), (47, 77), (27, 80), (46, 81), (26, 84), (43, 84), (44, 84), (45, 84), (46, 84), (39, 85), (40, 85), (41, 85), (42, 85), (35, 86), (36, 86), (37, 86), (38, 86), (26, 87), (31, 87), (32, 87), (33, 87), (34, 87), (27, 88), (28, 88), (29, 88), (30, 88)]
[(43, 84), (44, 84), (45, 84), (46, 84), (39, 85), (40, 85), (41, 85), (42, 85), (47, 85), (35, 86), (36, 86), (37, 86), (38, 86), (31, 87), (32, 87), (33, 87), (34, 87), (27, 88), (28, 88), (29, 88), (30, 88), (46, 89), (26, 92), (45, 93), (25, 96), (44, 97), (24, 100), (43, 101), (23, 104), (40, 104), (41, 104), (42, 104), (43, 104), (36, 105), (37, 105), (38, 105), (39, 105), (32, 106), (33, 106), (34, 106), (35, 106), (23, 107), (28, 107), (29, 107), (30, 107), (31, 107), (24, 108), (25, 108), (26, 108), (27, 108)]
[(63, 81), (64, 81), (65, 81), (66, 81), (59, 82), (60, 82), (61, 82), (62, 82), (67, 82), (55, 83), (56, 83), (57, 83), (58, 83), (51, 84), (52, 84), (53, 84), (54, 84), (47, 85), (48, 85), (49, 85), (50, 85), (66, 86), (46, 89), (65, 90), (45, 93), (64, 94), (44, 97), (63, 98), (43, 101), (60, 101), (61, 101), (62, 101), (63, 101), (56, 102), (57, 102), (58, 102), (59, 102), (52, 103), (53, 103), (54, 103), (55, 103), (43, 104), (48, 104), (49, 104), (50, 104), (51, 104), (44, 105), (45, 105), (46, 105), (47, 105)]
[(60, 101), (61, 101), (62, 101), (63, 101), (56, 102), (57, 102), (58, 102), (59, 102), (64, 102), (52, 103), (53, 103), (54, 103), (55, 103), (48, 104), (49, 104), (50, 104), (51, 104), (44, 105), (45, 105), (46, 105), (47, 105), (63, 106), (43, 109), (62, 110), (42, 113), (61, 114)]
[(80, 98), (81, 98), (82, 98), (83, 98), (76, 99), (77, 99), (78, 99), (79, 99), (84, 99), (72, 100), (73, 100), (74, 100), (75, 100), (68, 101), (69, 101), (70, 101), (71, 101), (64, 102), (65, 102), (66, 102), (67, 102), (83, 103), (63, 106), (82, 107), (62, 110), (81, 111), (61, 114)]
[(40, 104), (41, 104), (42, 104), (43, 104), (36, 105), (37, 105), (38, 105), (39, 105), (44, 105), (32, 106), (33, 106), (34, 106), (35, 106), (28, 107), (29, 107), (30, 107), (31, 107), (24, 108), (25, 108), (26, 108), (27, 108), (43, 109), (23, 112), (42, 113)]
