[(110, 28), (111, 28), (112, 28), (106, 29), (107, 29), (108, 29), (109, 29), (113, 29), (102, 30), (103, 30), (104, 30), (105, 30), (114, 30), (98, 31), (99, 31), (100, 31), (101, 31), (94, 32), (95, 32), (96, 32), (97, 32), (93, 35), (92, 39), (114, 39), (91, 43), (113, 43), (90, 47), (112, 47), (90, 50), (110, 50), (111, 50), (112, 50), (91, 51), (106, 51), (107, 51), (108, 51), (109, 51), (92, 52), (102, 52), (103, 52), (104, 52), (105, 52), (93, 53), (98, 53), (99, 53), (100, 53), (101, 53), (94, 54), (95, 54), (96, 54), (97, 54)]
[(114, 39), (113, 43), (112, 47), (112, 50), (113, 51), (114, 52)]
[(114, 61), (113, 65), (112, 69), (112, 72), (113, 73), (114, 74)]
[(66, 28), (67, 28), (68, 28), (62, 29), (63, 29), (64, 29), (65, 29), (69, 29), (58, 30), (59, 30), (60, 30), (61, 30), (70, 30), (54, 31), (55, 31), (56, 31), (57, 31), (71, 31), (50, 32), (51, 32), (52, 32), (53, 32), (72, 32), (49, 35), (71, 35), (48, 39), (70, 39), (47, 43), (69, 43), (46, 47), (68, 47), (46, 50), (66, 50), (67, 50), (68, 50), (47, 51), (62, 51), (63, 51), (64, 51), (65, 51), (48, 52), (58, 52), (59, 52), (60, 52), (61, 52), (49, 53), (54, 53), (55, 53), (56, 53), (57, 53), (50, 54), (51, 54), (52, 54), (53, 54)]
[(88, 28), (89, 28), (90, 28), (84, 29), (85, 29), (86, 29), (87, 29), (91, 29), (80, 30), (81, 30), (82, 30), (83, 30), (92, 30), (76, 31), (77, 31), (78, 31), (79, 31), (93, 31), (72, 32), (73, 32), (74, 32), (75, 32), (94, 32), (71, 35), (93, 35), (70, 39), (92, 39), (69, 43), (91, 43), (68, 47), (90, 47), (68, 50), (88, 50), (89, 50), (90, 50), (69, 51), (84, 51), (85, 51), (86, 51), (87, 51), (70, 52), (80, 52), (81, 52), (82, 52), (83, 52), (71, 53), (76, 53), (77, 53), (78, 53), (79, 53), (72, 54), (73, 54), (74, 54), (75, 54)]
[(88, 50), (89, 50), (90, 50), (84, 51), (85, 51), (86, 51), (87, 51), (91, 51), (80, 52), (81, 52), (82, 52), (83, 52), (92, 52), (76, 53), (77, 53), (78, 53), (79, 53), (93, 53), (72, 54), (73, 54), (74, 54), (75, 54), (94, 54), (71, 57), (93, 57), (70, 61), (92, 61), (69, 65), (91, 65), (68, 69), (90, 69), (68, 72), (88, 72), (89, 72), (90, 72), (69, 73), (84, 73), (85, 73), (86, 73), (87, 73), (70, 74), (80, 74), (81, 74), (82, 74), (83, 74), (71, 75), (76, 75), (77, 75), (78, 75), (79, 75), (72, 76), (73, 76), (74, 76), (75, 76)]
[(110, 50), (111, 50), (112, 50), (106, 51), (107, 51), (108, 51), (109, 51), (113, 51), (102, 52), (103, 52), (104, 52), (105, 52), (114, 52), (98, 53), (99, 53), (100, 53), (101, 53), (94, 54), (95, 54), (96, 54), (97, 54), (93, 57), (92, 61), (114, 61), (91, 65), (113, 65), (90, 69), (112, 69), (90, 72), (110, 72), (111, 72), (112, 72), (91, 73), (106, 73), (107, 73), (108, 73), (109, 73), (92, 74), (102, 74), (103, 74), (104, 74), (105, 74), (93, 75), (98, 75), (99, 75), (100, 75), (101, 75), (94, 76), (95, 76), (96, 76), (97, 76)]
[(110, 72), (111, 72), (112, 72), (106, 73), (107, 73), (108, 73), (109, 73), (113, 73), (102, 74), (103, 74), (104, 74), (105, 74), (114, 74), (98, 75), (99, 75), (100, 75), (101, 75), (94, 76), (95, 76), (96, 76), (97, 76), (93, 79), (92, 83), (114, 83), (91, 87), (113, 87), (90, 91), (112, 91), (90, 94), (110, 94), (111, 94), (112, 94), (91, 95), (106, 95), (107, 95), (108, 95), (109, 95), (92, 96), (102, 96), (103, 96), (104, 96), (105, 96), (93, 97), (98, 97), (99, 97), (100, 97), (101, 97), (94, 98), (95, 98), (96, 98), (97, 98)]
[(114, 83), (113, 87), (112, 91), (112, 94), (113, 95), (114, 96)]
[(44, 50), (45, 50), (46, 50), (40, 51), (41, 51), (42, 51), (43, 51), (47, 51), (36, 52), (37, 52), (38, 52), (39, 52), (48, 52), (32, 53), (33, 53), (34, 53), (35, 53), (49, 53), (28, 54), (29, 54), (30, 54), (31, 54), (50, 54), (27, 57), (49, 57), (26, 61), (48, 61), (25, 65), (47, 65), (24, 69), (46, 69), (24, 72), (44, 72), (45, 72), (46, 72), (25, 73), (40, 73), (41, 73), (42, 73), (43, 73), (26, 74), (36, 74), (37, 74), (38, 74), (39, 74), (27, 75), (32, 75), (33, 75), (34, 75), (35, 75), (28, 76), (29, 76), (30, 76), (31, 76)]
[(66, 50), (67, 50), (68, 50), (62, 51), (63, 51), (64, 51), (65, 51), (69, 51), (58, 52), (59, 52), (60, 52), (61, 52), (70, 52), (54, 53), (55, 53), (56, 53), (57, 53), (71, 53), (50, 54), (51, 54), (52, 54), (53, 54), (72, 54), (49, 57), (71, 57), (48, 61), (70, 61), (47, 65), (69, 65), (46, 69), (68, 69), (46, 72), (66, 72), (67, 72), (68, 72), (47, 73), (62, 73), (63, 73), (64, 73), (65, 73), (48, 74), (58, 74), (59, 74), (60, 74), (61, 74), (49, 75), (54, 75), (55, 75), (56, 75), (57, 75), (50, 76), (51, 76), (52, 76), (53, 76)]
[(66, 72), (67, 72), (68, 72), (62, 73), (63, 73), (64, 73), (65, 73), (69, 73), (58, 74), (59, 74), (60, 74), (61, 74), (70, 74), (54, 75), (55, 75), (56, 75), (57, 75), (71, 75), (50, 76), (51, 76), (52, 76), (53, 76), (72, 76), (49, 79), (71, 79), (48, 83), (70, 83), (47, 87), (69, 87), (46, 91), (68, 91), (46, 94), (66, 94), (67, 94), (68, 94), (47, 95), (62, 95), (63, 95), (64, 95), (65, 95), (48, 96), (58, 96), (59, 96), (60, 96), (61, 96), (49, 97), (54, 97), (55, 97), (56, 97), (57, 97), (50, 98), (51, 98), (52, 98), (53, 98)]
[(88, 72), (89, 72), (90, 72), (84, 73), (85, 73), (86, 73), (87, 73), (91, 73), (80, 74), (81, 74), (82, 74), (83, 74), (92, 74), (76, 75), (77, 75), (78, 75), (79, 75), (93, 75), (72, 76), (73, 76), (74, 76), (75, 76), (94, 76), (71, 79), (93, 79), (70, 83), (92, 83), (69, 87), (91, 87), (68, 91), (90, 91), (68, 94), (88, 94), (89, 94), (90, 94), (69, 95), (84, 95), (85, 95), (86, 95), (87, 95), (70, 96), (80, 96), (81, 96), (82, 96), (83, 96), (71, 97), (76, 97), (77, 97), (78, 97), (79, 97), (72, 98), (73, 98), (74, 98), (75, 98)]
[(88, 94), (89, 94), (90, 94), (84, 95), (85, 95), (86, 95), (87, 95), (91, 95), (80, 96), (81, 96), (82, 96), (83, 96), (92, 96), (76, 97), (77, 97), (78, 97), (79, 97), (93, 97), (72, 98), (73, 98), (74, 98), (75, 98), (94, 98), (71, 101), (93, 101), (70, 105), (92, 105), (69, 109), (91, 109), (68, 113), (90, 113)]
[(110, 94), (111, 94), (112, 94), (106, 95), (107, 95), (108, 95), (109, 95), (113, 95), (102, 96), (103, 96), (104, 96), (105, 96), (114, 96), (98, 97), (99, 97), (100, 97), (101, 97), (94, 98), (95, 98), (96, 98), (97, 98), (93, 101), (92, 105), (114, 105), (91, 109), (113, 109), (90, 113), (112, 113)]
[(44, 72), (45, 72), (46, 72), (40, 73), (41, 73), (42, 73), (43, 73), (47, 73), (36, 74), (37, 74), (38, 74), (39, 74), (48, 74), (32, 75), (33, 75), (34, 75), (35, 75), (49, 75), (28, 76), (29, 76), (30, 76), (31, 76), (50, 76), (27, 79), (49, 79), (26, 83), (48, 83), (25, 87), (47, 87), (24, 91), (46, 91), (24, 94), (44, 94), (45, 94), (46, 94), (25, 95), (40, 95), (41, 95), (42, 95), (43, 95), (26, 96), (36, 96), (37, 96), (38, 96), (39, 96), (27, 97), (32, 97), (33, 97), (34, 97), (35, 97), (28, 98), (29, 98), (30, 98), (31, 98)]
[(44, 94), (45, 94), (46, 94), (40, 95), (41, 95), (42, 95), (43, 95), (47, 95), (36, 96), (37, 96), (38, 96), (39, 96), (48, 96), (32, 97), (33, 97), (34, 97), (35, 97), (49, 97), (28, 98), (29, 98), (30, 98), (31, 98), (50, 98), (27, 101), (49, 101), (26, 105), (48, 105), (25, 109), (47, 109), (24, 113), (46, 113)]
[(66, 94), (67, 94), (68, 94), (62, 95), (63, 95), (64, 95), (65, 95), (69, 95), (58, 96), (59, 96), (60, 96), (61, 96), (70, 96), (54, 97), (55, 97), (56, 97), (57, 97), (71, 97), (50, 98), (51, 98), (52, 98), (53, 98), (72, 98), (49, 101), (71, 101), (48, 105), (70, 105), (47, 109), (69, 109), (46, 113), (68, 113)]
