[(89, 9), (87, 10), (88, 10), (90, 10), (85, 11), (86, 11), (91, 11), (83, 12), (84, 12), (80, 13), (81, 13), (82, 13), (90, 13), (78, 14), (79, 14), (76, 15), (77, 15), (89, 15), (74, 16), (75, 16), (71, 17), (72, 17), (73, 17), (88, 17), (70, 19), (87, 19), (69, 21), (86, 22), (68, 23), (85, 24), (67, 25), (84, 26), (66, 28), (83, 28), (83, 29), (65, 30), (81, 30), (82, 30), (79, 31), (80, 31), (64, 32), (77, 32), (78, 32), (74, 33), (75, 33), (76, 33), (63, 34), (72, 34), (73, 34), (63, 35), (70, 35), (71, 35), (64, 36), (68, 36), (69, 36), (65, 37), (66, 37), (67, 37)]
[(109, 3), (107, 4), (108, 4), (110, 4), (105, 5), (106, 5), (111, 5), (103, 6), (104, 6), (100, 7), (101, 7), (102, 7), (110, 7), (98, 8), (99, 8), (96, 9), (97, 9), (109, 9), (94, 10), (95, 10), (91, 11), (92, 11), (93, 11), (108, 11), (90, 13), (107, 13), (89, 15), (106, 16), (88, 17), (105, 18), (87, 19), (104, 20), (86, 22), (103, 22), (103, 23), (85, 24), (101, 24), (102, 24), (99, 25), (100, 25), (84, 26), (97, 26), (98, 26), (94, 27), (95, 27), (96, 27), (83, 28), (92, 28), (93, 28), (83, 29), (90, 29), (91, 29), (84, 30), (88, 30), (89, 30), (85, 31), (86, 31), (87, 31)]
[(103, 23), (101, 24), (102, 24), (104, 24), (99, 25), (100, 25), (105, 25), (97, 26), (98, 26), (94, 27), (95, 27), (96, 27), (104, 27), (92, 28), (93, 28), (90, 29), (91, 29), (103, 29), (88, 30), (89, 30), (85, 31), (86, 31), (87, 31), (102, 31), (84, 33), (101, 33), (83, 35), (100, 36), (82, 37), (99, 38), (81, 39), (98, 40), (80, 42), (97, 42), (97, 43), (79, 44), (95, 44), (96, 44), (93, 45), (94, 45), (78, 46), (91, 46), (92, 46), (88, 47), (89, 47), (90, 47), (77, 48), (86, 48), (87, 48), (77, 49), (84, 49), (85, 49), (78, 50), (82, 50), (83, 50), (79, 51), (80, 51), (81, 51)]
[(114, 21), (112, 22), (113, 22), (110, 23), (111, 23), (108, 24), (109, 24), (105, 25), (106, 25), (107, 25), (104, 27), (103, 29), (102, 31), (101, 33), (100, 36), (99, 38), (113, 39), (114, 39), (98, 40), (111, 40), (112, 40), (108, 41), (109, 41), (110, 41), (97, 42), (106, 42), (107, 42), (97, 43), (104, 43), (105, 43), (98, 44), (102, 44), (103, 44), (99, 45), (100, 45), (101, 45)]
[(113, 39), (114, 39), (111, 40), (112, 40), (108, 41), (109, 41), (110, 41), (106, 42), (107, 42), (104, 43), (105, 43), (102, 44), (103, 44), (99, 45), (100, 45), (101, 45), (98, 47), (97, 49), (114, 50), (96, 51), (113, 52), (95, 53), (112, 54), (94, 56), (111, 56), (111, 57), (93, 58), (109, 58), (110, 58), (107, 59), (108, 59), (92, 60), (105, 60), (106, 60), (102, 61), (103, 61), (104, 61), (91, 62), (100, 62), (101, 62), (91, 63), (98, 63), (99, 63), (92, 64), (96, 64), (97, 64), (93, 65), (94, 65), (95, 65)]
[(114, 50), (113, 52), (112, 54), (111, 56), (111, 57), (112, 58), (113, 59), (114, 59)]
[(113, 59), (114, 59), (112, 61), (111, 63), (110, 65), (109, 67), (108, 70), (107, 72), (106, 74), (105, 76), (114, 76), (105, 77), (112, 77), (113, 77), (106, 78), (110, 78), (111, 78), (107, 79), (108, 79), (109, 79)]
[(49, 21), (47, 22), (48, 22), (50, 22), (45, 23), (46, 23), (51, 23), (43, 24), (44, 24), (40, 25), (41, 25), (42, 25), (50, 25), (38, 26), (39, 26), (36, 27), (37, 27), (49, 27), (34, 28), (35, 28), (31, 29), (32, 29), (33, 29), (48, 29), (30, 31), (47, 31), (29, 33), (46, 34), (28, 35), (45, 36), (27, 37), (44, 38), (26, 40), (43, 40), (43, 41), (25, 42), (41, 42), (42, 42), (39, 43), (40, 43), (24, 44), (37, 44), (38, 44), (34, 45), (35, 45), (36, 45), (23, 46), (32, 46), (33, 46), (23, 47), (30, 47), (31, 47), (24, 48), (28, 48), (29, 48), (25, 49), (26, 49), (27, 49)]
[(69, 15), (67, 16), (68, 16), (70, 16), (65, 17), (66, 17), (71, 17), (63, 18), (64, 18), (60, 19), (61, 19), (62, 19), (70, 19), (58, 20), (59, 20), (56, 21), (57, 21), (69, 21), (54, 22), (55, 22), (51, 23), (52, 23), (53, 23), (68, 23), (50, 25), (67, 25), (49, 27), (66, 28), (48, 29), (65, 30), (47, 31), (64, 32), (46, 34), (63, 34), (63, 35), (45, 36), (61, 36), (62, 36), (59, 37), (60, 37), (44, 38), (57, 38), (58, 38), (54, 39), (55, 39), (56, 39), (43, 40), (52, 40), (53, 40), (43, 41), (50, 41), (51, 41), (44, 42), (48, 42), (49, 42), (45, 43), (46, 43), (47, 43)]
[(63, 35), (61, 36), (62, 36), (64, 36), (59, 37), (60, 37), (65, 37), (57, 38), (58, 38), (54, 39), (55, 39), (56, 39), (64, 39), (52, 40), (53, 40), (50, 41), (51, 41), (63, 41), (48, 42), (49, 42), (45, 43), (46, 43), (47, 43), (62, 43), (44, 45), (61, 45), (43, 47), (60, 48), (42, 49), (59, 50), (41, 51), (58, 52), (40, 54), (57, 54), (57, 55), (39, 56), (55, 56), (56, 56), (53, 57), (54, 57), (38, 58), (51, 58), (52, 58), (48, 59), (49, 59), (50, 59), (37, 60), (46, 60), (47, 60), (37, 61), (44, 61), (45, 61), (38, 62), (42, 62), (43, 62), (39, 63), (40, 63), (41, 63)]
[(83, 29), (81, 30), (82, 30), (84, 30), (79, 31), (80, 31), (85, 31), (77, 32), (78, 32), (74, 33), (75, 33), (76, 33), (84, 33), (72, 34), (73, 34), (70, 35), (71, 35), (83, 35), (68, 36), (69, 36), (65, 37), (66, 37), (67, 37), (82, 37), (64, 39), (81, 39), (63, 41), (80, 42), (62, 43), (79, 44), (61, 45), (78, 46), (60, 48), (77, 48), (77, 49), (59, 50), (75, 50), (76, 50), (73, 51), (74, 51), (58, 52), (71, 52), (72, 52), (68, 53), (69, 53), (70, 53), (57, 54), (66, 54), (67, 54), (57, 55), (64, 55), (65, 55), (58, 56), (62, 56), (63, 56), (59, 57), (60, 57), (61, 57)]
[(77, 49), (75, 50), (76, 50), (78, 50), (73, 51), (74, 51), (79, 51), (71, 52), (72, 52), (68, 53), (69, 53), (70, 53), (78, 53), (66, 54), (67, 54), (64, 55), (65, 55), (77, 55), (62, 56), (63, 56), (59, 57), (60, 57), (61, 57), (76, 57), (58, 59), (75, 59), (57, 61), (74, 62), (56, 63), (73, 64), (55, 65), (72, 66), (54, 68), (71, 68), (71, 69), (53, 70), (69, 70), (70, 70), (67, 71), (68, 71), (52, 72), (65, 72), (66, 72), (62, 73), (63, 73), (64, 73), (51, 74), (60, 74), (61, 74), (51, 75), (58, 75), (59, 75), (52, 76), (56, 76), (57, 76), (53, 77), (54, 77), (55, 77)]
[(97, 43), (95, 44), (96, 44), (98, 44), (93, 45), (94, 45), (99, 45), (91, 46), (92, 46), (88, 47), (89, 47), (90, 47), (98, 47), (86, 48), (87, 48), (84, 49), (85, 49), (97, 49), (82, 50), (83, 50), (79, 51), (80, 51), (81, 51), (96, 51), (78, 53), (95, 53), (77, 55), (94, 56), (76, 57), (93, 58), (75, 59), (92, 60), (74, 62), (91, 62), (91, 63), (73, 64), (89, 64), (90, 64), (87, 65), (88, 65), (72, 66), (85, 66), (86, 66), (82, 67), (83, 67), (84, 67), (71, 68), (80, 68), (81, 68), (71, 69), (78, 69), (79, 69), (72, 70), (76, 70), (77, 70), (73, 71), (74, 71), (75, 71)]
[(91, 63), (89, 64), (90, 64), (92, 64), (87, 65), (88, 65), (93, 65), (85, 66), (86, 66), (82, 67), (83, 67), (84, 67), (92, 67), (80, 68), (81, 68), (78, 69), (79, 69), (91, 69), (76, 70), (77, 70), (73, 71), (74, 71), (75, 71), (90, 71), (72, 73), (89, 73), (71, 75), (88, 76), (70, 77), (87, 78), (69, 79), (86, 80), (68, 82), (85, 82), (85, 83), (67, 84), (83, 84), (84, 84), (81, 85), (82, 85), (66, 86), (79, 86), (80, 86), (76, 87), (77, 87), (78, 87), (65, 88), (74, 88), (75, 88), (65, 89), (72, 89), (73, 89), (66, 90), (70, 90), (71, 90), (67, 91), (68, 91), (69, 91)]
[(111, 57), (109, 58), (110, 58), (112, 58), (107, 59), (108, 59), (113, 59), (105, 60), (106, 60), (102, 61), (103, 61), (104, 61), (112, 61), (100, 62), (101, 62), (98, 63), (99, 63), (111, 63), (96, 64), (97, 64), (93, 65), (94, 65), (95, 65), (110, 65), (92, 67), (109, 67), (91, 69), (108, 70), (90, 71), (107, 72), (89, 73), (106, 74), (88, 76), (105, 76), (105, 77), (87, 78), (103, 78), (104, 78), (101, 79), (102, 79), (86, 80), (99, 80), (100, 80), (96, 81), (97, 81), (98, 81), (85, 82), (94, 82), (95, 82), (85, 83), (92, 83), (93, 83), (86, 84), (90, 84), (91, 84), (87, 85), (88, 85), (89, 85)]
[(105, 77), (103, 78), (104, 78), (106, 78), (101, 79), (102, 79), (107, 79), (99, 80), (100, 80), (96, 81), (97, 81), (98, 81), (106, 81), (94, 82), (95, 82), (92, 83), (93, 83), (105, 83), (90, 84), (91, 84), (87, 85), (88, 85), (89, 85), (104, 85), (86, 87), (103, 87), (85, 89), (102, 90), (84, 91), (101, 92), (83, 93), (100, 94), (82, 96), (99, 96), (99, 97), (81, 98), (97, 98), (98, 98), (95, 99), (96, 99), (80, 100), (93, 100), (94, 100), (90, 101), (91, 101), (92, 101), (79, 102), (88, 102), (89, 102), (79, 103), (86, 103), (87, 103), (80, 104), (84, 104), (85, 104), (81, 105), (82, 105), (83, 105)]
[(114, 76), (112, 77), (113, 77), (110, 78), (111, 78), (107, 79), (108, 79), (109, 79), (106, 81), (105, 83), (104, 85), (103, 87), (102, 90), (101, 92), (100, 94), (113, 94), (114, 94), (110, 95), (111, 95), (112, 95), (99, 96), (108, 96), (109, 96), (99, 97), (106, 97), (107, 97), (100, 98), (104, 98), (105, 98), (101, 99), (102, 99), (103, 99)]
[(113, 94), (114, 94), (110, 95), (111, 95), (112, 95), (108, 96), (109, 96), (106, 97), (107, 97), (104, 98), (105, 98), (101, 99), (102, 99), (103, 99), (100, 101), (99, 103), (98, 105), (97, 107), (114, 108), (96, 110), (113, 110), (113, 111), (95, 112), (111, 112), (112, 112), (109, 113), (110, 113), (94, 114), (107, 114), (108, 114)]
[(114, 108), (113, 110), (113, 111), (114, 112)]
[(23, 47), (21, 48), (22, 48), (24, 48), (19, 49), (20, 49), (25, 49), (17, 50), (18, 50), (14, 51), (15, 51), (16, 51), (24, 51), (12, 52), (13, 52), (10, 53), (11, 53), (23, 53), (8, 54), (9, 54), (5, 55), (6, 55), (7, 55), (22, 55), (4, 57), (21, 57), (3, 59), (20, 60), (2, 61), (19, 62), (1, 63), (18, 64), (0, 66), (17, 66), (17, 67), (15, 68), (16, 68), (13, 69), (14, 69), (11, 70), (12, 70), (8, 71), (9, 71), (10, 71), (6, 72), (7, 72), (4, 73), (5, 73), (2, 74), (3, 74), (0, 75), (1, 75)]
[(43, 41), (41, 42), (42, 42), (44, 42), (39, 43), (40, 43), (45, 43), (37, 44), (38, 44), (34, 45), (35, 45), (36, 45), (44, 45), (32, 46), (33, 46), (30, 47), (31, 47), (43, 47), (28, 48), (29, 48), (25, 49), (26, 49), (27, 49), (42, 49), (24, 51), (41, 51), (23, 53), (40, 54), (22, 55), (39, 56), (21, 57), (38, 58), (20, 60), (37, 60), (37, 61), (19, 62), (35, 62), (36, 62), (33, 63), (34, 63), (18, 64), (31, 64), (32, 64), (28, 65), (29, 65), (30, 65), (17, 66), (26, 66), (27, 66), (17, 67), (24, 67), (25, 67), (18, 68), (22, 68), (23, 68), (19, 69), (20, 69), (21, 69)]
[(37, 61), (35, 62), (36, 62), (38, 62), (33, 63), (34, 63), (39, 63), (31, 64), (32, 64), (28, 65), (29, 65), (30, 65), (38, 65), (26, 66), (27, 66), (24, 67), (25, 67), (37, 67), (22, 68), (23, 68), (19, 69), (20, 69), (21, 69), (36, 69), (18, 71), (35, 71), (17, 73), (34, 74), (16, 75), (33, 76), (15, 77), (32, 78), (14, 80), (31, 80), (31, 81), (13, 82), (29, 82), (30, 82), (27, 83), (28, 83), (12, 84), (25, 84), (26, 84), (22, 85), (23, 85), (24, 85), (11, 86), (20, 86), (21, 86), (11, 87), (18, 87), (19, 87), (12, 88), (16, 88), (17, 88), (13, 89), (14, 89), (15, 89)]
[(57, 55), (55, 56), (56, 56), (58, 56), (53, 57), (54, 57), (59, 57), (51, 58), (52, 58), (48, 59), (49, 59), (50, 59), (58, 59), (46, 60), (47, 60), (44, 61), (45, 61), (57, 61), (42, 62), (43, 62), (39, 63), (40, 63), (41, 63), (56, 63), (38, 65), (55, 65), (37, 67), (54, 68), (36, 69), (53, 70), (35, 71), (52, 72), (34, 74), (51, 74), (51, 75), (33, 76), (49, 76), (50, 76), (47, 77), (48, 77), (32, 78), (45, 78), (46, 78), (42, 79), (43, 79), (44, 79), (31, 80), (40, 80), (41, 80), (31, 81), (38, 81), (39, 81), (32, 82), (36, 82), (37, 82), (33, 83), (34, 83), (35, 83)]
[(51, 75), (49, 76), (50, 76), (52, 76), (47, 77), (48, 77), (53, 77), (45, 78), (46, 78), (42, 79), (43, 79), (44, 79), (52, 79), (40, 80), (41, 80), (38, 81), (39, 81), (51, 81), (36, 82), (37, 82), (33, 83), (34, 83), (35, 83), (50, 83), (32, 85), (49, 85), (31, 87), (48, 88), (30, 89), (47, 90), (29, 91), (46, 92), (28, 94), (45, 94), (45, 95), (27, 96), (43, 96), (44, 96), (41, 97), (42, 97), (26, 98), (39, 98), (40, 98), (36, 99), (37, 99), (38, 99), (25, 100), (34, 100), (35, 100), (25, 101), (32, 101), (33, 101), (26, 102), (30, 102), (31, 102), (27, 103), (28, 103), (29, 103)]
[(71, 69), (69, 70), (70, 70), (72, 70), (67, 71), (68, 71), (73, 71), (65, 72), (66, 72), (62, 73), (63, 73), (64, 73), (72, 73), (60, 74), (61, 74), (58, 75), (59, 75), (71, 75), (56, 76), (57, 76), (53, 77), (54, 77), (55, 77), (70, 77), (52, 79), (69, 79), (51, 81), (68, 82), (50, 83), (67, 84), (49, 85), (66, 86), (48, 88), (65, 88), (65, 89), (47, 90), (63, 90), (64, 90), (61, 91), (62, 91), (46, 92), (59, 92), (60, 92), (56, 93), (57, 93), (58, 93), (45, 94), (54, 94), (55, 94), (45, 95), (52, 95), (53, 95), (46, 96), (50, 96), (51, 96), (47, 97), (48, 97), (49, 97)]
[(65, 89), (63, 90), (64, 90), (66, 90), (61, 91), (62, 91), (67, 91), (59, 92), (60, 92), (56, 93), (57, 93), (58, 93), (66, 93), (54, 94), (55, 94), (52, 95), (53, 95), (65, 95), (50, 96), (51, 96), (47, 97), (48, 97), (49, 97), (64, 97), (46, 99), (63, 99), (45, 101), (62, 102), (44, 103), (61, 104), (43, 105), (60, 106), (42, 108), (59, 108), (59, 109), (41, 110), (57, 110), (58, 110), (55, 111), (56, 111), (40, 112), (53, 112), (54, 112), (50, 113), (51, 113), (52, 113), (39, 114), (48, 114), (49, 114)]
[(85, 83), (83, 84), (84, 84), (86, 84), (81, 85), (82, 85), (87, 85), (79, 86), (80, 86), (76, 87), (77, 87), (78, 87), (86, 87), (74, 88), (75, 88), (72, 89), (73, 89), (85, 89), (70, 90), (71, 90), (67, 91), (68, 91), (69, 91), (84, 91), (66, 93), (83, 93), (65, 95), (82, 96), (64, 97), (81, 98), (63, 99), (80, 100), (62, 102), (79, 102), (79, 103), (61, 104), (77, 104), (78, 104), (75, 105), (76, 105), (60, 106), (73, 106), (74, 106), (70, 107), (71, 107), (72, 107), (59, 108), (68, 108), (69, 108), (59, 109), (66, 109), (67, 109), (60, 110), (64, 110), (65, 110), (61, 111), (62, 111), (63, 111)]
[(79, 103), (77, 104), (78, 104), (80, 104), (75, 105), (76, 105), (81, 105), (73, 106), (74, 106), (70, 107), (71, 107), (72, 107), (80, 107), (68, 108), (69, 108), (66, 109), (67, 109), (79, 109), (64, 110), (65, 110), (61, 111), (62, 111), (63, 111), (78, 111), (60, 113), (77, 113)]
[(99, 97), (97, 98), (98, 98), (100, 98), (95, 99), (96, 99), (101, 99), (93, 100), (94, 100), (90, 101), (91, 101), (92, 101), (100, 101), (88, 102), (89, 102), (86, 103), (87, 103), (99, 103), (84, 104), (85, 104), (81, 105), (82, 105), (83, 105), (98, 105), (80, 107), (97, 107), (79, 109), (96, 110), (78, 111), (95, 112), (77, 113), (94, 114)]
[(113, 111), (111, 112), (112, 112), (114, 112), (109, 113), (110, 113), (107, 114), (108, 114)]
[(17, 67), (15, 68), (16, 68), (18, 68), (13, 69), (14, 69), (19, 69), (11, 70), (12, 70), (8, 71), (9, 71), (10, 71), (18, 71), (6, 72), (7, 72), (4, 73), (5, 73), (17, 73), (2, 74), (3, 74), (0, 75), (1, 75), (16, 75), (15, 77), (14, 80), (13, 82), (12, 84), (11, 86), (11, 87), (9, 88), (10, 88), (7, 89), (8, 89), (5, 90), (6, 90), (2, 91), (3, 91), (4, 91), (0, 92), (1, 92)]
[(11, 87), (9, 88), (10, 88), (12, 88), (7, 89), (8, 89), (13, 89), (5, 90), (6, 90), (2, 91), (3, 91), (4, 91), (12, 91), (0, 92), (1, 92), (11, 93), (10, 95), (9, 97), (8, 100), (7, 102), (6, 104), (5, 106), (5, 107), (3, 108), (4, 108), (1, 109), (2, 109), (0, 110)]
[(31, 81), (29, 82), (30, 82), (32, 82), (27, 83), (28, 83), (33, 83), (25, 84), (26, 84), (22, 85), (23, 85), (24, 85), (32, 85), (20, 86), (21, 86), (18, 87), (19, 87), (31, 87), (16, 88), (17, 88), (13, 89), (14, 89), (15, 89), (30, 89), (12, 91), (29, 91), (11, 93), (28, 94), (10, 95), (27, 96), (9, 97), (26, 98), (8, 100), (25, 100), (25, 101), (7, 102), (23, 102), (24, 102), (21, 103), (22, 103), (6, 104), (19, 104), (20, 104), (16, 105), (17, 105), (18, 105), (5, 106), (14, 106), (15, 106), (5, 107), (12, 107), (13, 107), (6, 108), (10, 108), (11, 108), (7, 109), (8, 109), (9, 109)]
[(25, 101), (23, 102), (24, 102), (26, 102), (21, 103), (22, 103), (27, 103), (19, 104), (20, 104), (16, 105), (17, 105), (18, 105), (26, 105), (14, 106), (15, 106), (12, 107), (13, 107), (25, 107), (10, 108), (11, 108), (7, 109), (8, 109), (9, 109), (24, 109), (6, 111), (23, 111), (5, 113), (22, 114)]
[(45, 95), (43, 96), (44, 96), (46, 96), (41, 97), (42, 97), (47, 97), (39, 98), (40, 98), (36, 99), (37, 99), (38, 99), (46, 99), (34, 100), (35, 100), (32, 101), (33, 101), (45, 101), (30, 102), (31, 102), (27, 103), (28, 103), (29, 103), (44, 103), (26, 105), (43, 105), (25, 107), (42, 108), (24, 109), (41, 110), (23, 111), (40, 112), (22, 114), (39, 114)]
[(59, 109), (57, 110), (58, 110), (60, 110), (55, 111), (56, 111), (61, 111), (53, 112), (54, 112), (50, 113), (51, 113), (52, 113), (60, 113), (48, 114), (49, 114)]
[(5, 107), (3, 108), (4, 108), (6, 108), (1, 109), (2, 109), (7, 109), (0, 110), (6, 111), (5, 113)]
