[(113, 18), (109, 19), (110, 19), (111, 19), (112, 19), (114, 19), (105, 20), (106, 20), (107, 20), (108, 20), (101, 21), (102, 21), (103, 21), (104, 21), (97, 22), (98, 22), (99, 22), (100, 22), (96, 25), (95, 29), (94, 33), (114, 33), (93, 37), (113, 37), (93, 38), (113, 38), (94, 39), (109, 39), (110, 39), (111, 39), (112, 39), (95, 40), (105, 40), (106, 40), (107, 40), (108, 40), (96, 41), (101, 41), (102, 41), (103, 41), (104, 41), (97, 42), (98, 42), (99, 42), (100, 42)]
[(114, 33), (113, 37), (113, 38), (114, 39)]
[(114, 53), (113, 57), (113, 58), (114, 59)]
[(73, 18), (69, 19), (70, 19), (71, 19), (72, 19), (74, 19), (65, 20), (66, 20), (67, 20), (68, 20), (75, 20), (61, 21), (62, 21), (63, 21), (64, 21), (76, 21), (57, 22), (58, 22), (59, 22), (60, 22), (77, 22), (56, 25), (76, 25), (55, 29), (75, 29), (54, 33), (74, 33), (53, 37), (73, 37), (53, 38), (73, 38), (54, 39), (69, 39), (70, 39), (71, 39), (72, 39), (55, 40), (65, 40), (66, 40), (67, 40), (68, 40), (56, 41), (61, 41), (62, 41), (63, 41), (64, 41), (57, 42), (58, 42), (59, 42), (60, 42)]
[(93, 18), (89, 19), (90, 19), (91, 19), (92, 19), (94, 19), (85, 20), (86, 20), (87, 20), (88, 20), (95, 20), (81, 21), (82, 21), (83, 21), (84, 21), (96, 21), (77, 22), (78, 22), (79, 22), (80, 22), (97, 22), (76, 25), (96, 25), (75, 29), (95, 29), (74, 33), (94, 33), (73, 37), (93, 37), (73, 38), (93, 38), (74, 39), (89, 39), (90, 39), (91, 39), (92, 39), (75, 40), (85, 40), (86, 40), (87, 40), (88, 40), (76, 41), (81, 41), (82, 41), (83, 41), (84, 41), (77, 42), (78, 42), (79, 42), (80, 42)]
[(93, 38), (89, 39), (90, 39), (91, 39), (92, 39), (94, 39), (85, 40), (86, 40), (87, 40), (88, 40), (95, 40), (81, 41), (82, 41), (83, 41), (84, 41), (96, 41), (77, 42), (78, 42), (79, 42), (80, 42), (97, 42), (76, 45), (96, 45), (75, 49), (95, 49), (74, 53), (94, 53), (73, 57), (93, 57), (73, 58), (93, 58), (74, 59), (89, 59), (90, 59), (91, 59), (92, 59), (75, 60), (85, 60), (86, 60), (87, 60), (88, 60), (76, 61), (81, 61), (82, 61), (83, 61), (84, 61), (77, 62), (78, 62), (79, 62), (80, 62)]
[(113, 38), (109, 39), (110, 39), (111, 39), (112, 39), (114, 39), (105, 40), (106, 40), (107, 40), (108, 40), (101, 41), (102, 41), (103, 41), (104, 41), (97, 42), (98, 42), (99, 42), (100, 42), (96, 45), (95, 49), (94, 53), (114, 53), (93, 57), (113, 57), (93, 58), (113, 58), (94, 59), (109, 59), (110, 59), (111, 59), (112, 59), (95, 60), (105, 60), (106, 60), (107, 60), (108, 60), (96, 61), (101, 61), (102, 61), (103, 61), (104, 61), (97, 62), (98, 62), (99, 62), (100, 62)]
[(113, 58), (109, 59), (110, 59), (111, 59), (112, 59), (114, 59), (105, 60), (106, 60), (107, 60), (108, 60), (101, 61), (102, 61), (103, 61), (104, 61), (97, 62), (98, 62), (99, 62), (100, 62), (96, 65), (95, 69), (94, 73), (114, 73), (93, 77), (113, 77), (93, 78), (113, 78), (94, 79), (109, 79), (110, 79), (111, 79), (112, 79), (95, 80), (105, 80), (106, 80), (107, 80), (108, 80), (96, 81), (101, 81), (102, 81), (103, 81), (104, 81), (97, 82), (98, 82), (99, 82), (100, 82)]
[(114, 73), (113, 77), (113, 78), (114, 79)]
[(53, 38), (49, 39), (50, 39), (51, 39), (52, 39), (54, 39), (45, 40), (46, 40), (47, 40), (48, 40), (55, 40), (41, 41), (42, 41), (43, 41), (44, 41), (56, 41), (37, 42), (38, 42), (39, 42), (40, 42), (57, 42), (36, 45), (56, 45), (35, 49), (55, 49), (34, 53), (54, 53), (33, 57), (53, 57), (33, 58), (53, 58), (34, 59), (49, 59), (50, 59), (51, 59), (52, 59), (35, 60), (45, 60), (46, 60), (47, 60), (48, 60), (36, 61), (41, 61), (42, 61), (43, 61), (44, 61), (37, 62), (38, 62), (39, 62), (40, 62)]
[(73, 38), (69, 39), (70, 39), (71, 39), (72, 39), (74, 39), (65, 40), (66, 40), (67, 40), (68, 40), (75, 40), (61, 41), (62, 41), (63, 41), (64, 41), (76, 41), (57, 42), (58, 42), (59, 42), (60, 42), (77, 42), (56, 45), (76, 45), (55, 49), (75, 49), (54, 53), (74, 53), (53, 57), (73, 57), (53, 58), (73, 58), (54, 59), (69, 59), (70, 59), (71, 59), (72, 59), (55, 60), (65, 60), (66, 60), (67, 60), (68, 60), (56, 61), (61, 61), (62, 61), (63, 61), (64, 61), (57, 62), (58, 62), (59, 62), (60, 62)]
[(73, 58), (69, 59), (70, 59), (71, 59), (72, 59), (74, 59), (65, 60), (66, 60), (67, 60), (68, 60), (75, 60), (61, 61), (62, 61), (63, 61), (64, 61), (76, 61), (57, 62), (58, 62), (59, 62), (60, 62), (77, 62), (56, 65), (76, 65), (55, 69), (75, 69), (54, 73), (74, 73), (53, 77), (73, 77), (53, 78), (73, 78), (54, 79), (69, 79), (70, 79), (71, 79), (72, 79), (55, 80), (65, 80), (66, 80), (67, 80), (68, 80), (56, 81), (61, 81), (62, 81), (63, 81), (64, 81), (57, 82), (58, 82), (59, 82), (60, 82)]
[(93, 58), (89, 59), (90, 59), (91, 59), (92, 59), (94, 59), (85, 60), (86, 60), (87, 60), (88, 60), (95, 60), (81, 61), (82, 61), (83, 61), (84, 61), (96, 61), (77, 62), (78, 62), (79, 62), (80, 62), (97, 62), (76, 65), (96, 65), (75, 69), (95, 69), (74, 73), (94, 73), (73, 77), (93, 77), (73, 78), (93, 78), (74, 79), (89, 79), (90, 79), (91, 79), (92, 79), (75, 80), (85, 80), (86, 80), (87, 80), (88, 80), (76, 81), (81, 81), (82, 81), (83, 81), (84, 81), (77, 82), (78, 82), (79, 82), (80, 82)]
[(93, 78), (89, 79), (90, 79), (91, 79), (92, 79), (94, 79), (85, 80), (86, 80), (87, 80), (88, 80), (95, 80), (81, 81), (82, 81), (83, 81), (84, 81), (96, 81), (77, 82), (78, 82), (79, 82), (80, 82), (97, 82), (76, 85), (96, 85), (75, 89), (95, 89), (74, 93), (94, 93), (73, 97), (93, 97), (73, 98), (93, 98), (74, 99), (89, 99), (90, 99), (91, 99), (92, 99), (75, 100), (85, 100), (86, 100), (87, 100), (88, 100), (76, 101), (81, 101), (82, 101), (83, 101), (84, 101), (77, 102), (78, 102), (79, 102), (80, 102)]
[(113, 78), (109, 79), (110, 79), (111, 79), (112, 79), (114, 79), (105, 80), (106, 80), (107, 80), (108, 80), (101, 81), (102, 81), (103, 81), (104, 81), (97, 82), (98, 82), (99, 82), (100, 82), (96, 85), (95, 89), (94, 93), (114, 93), (93, 97), (113, 97), (93, 98), (113, 98), (94, 99), (109, 99), (110, 99), (111, 99), (112, 99), (95, 100), (105, 100), (106, 100), (107, 100), (108, 100), (96, 101), (101, 101), (102, 101), (103, 101), (104, 101), (97, 102), (98, 102), (99, 102), (100, 102)]
[(53, 58), (49, 59), (50, 59), (51, 59), (52, 59), (54, 59), (45, 60), (46, 60), (47, 60), (48, 60), (55, 60), (41, 61), (42, 61), (43, 61), (44, 61), (56, 61), (37, 62), (38, 62), (39, 62), (40, 62), (57, 62), (36, 65), (56, 65), (35, 69), (55, 69), (34, 73), (54, 73), (33, 77), (53, 77), (33, 78), (53, 78), (34, 79), (49, 79), (50, 79), (51, 79), (52, 79), (35, 80), (45, 80), (46, 80), (47, 80), (48, 80), (36, 81), (41, 81), (42, 81), (43, 81), (44, 81), (37, 82), (38, 82), (39, 82), (40, 82)]
[(53, 78), (49, 79), (50, 79), (51, 79), (52, 79), (54, 79), (45, 80), (46, 80), (47, 80), (48, 80), (55, 80), (41, 81), (42, 81), (43, 81), (44, 81), (56, 81), (37, 82), (38, 82), (39, 82), (40, 82), (57, 82), (36, 85), (56, 85), (35, 89), (55, 89), (34, 93), (54, 93), (33, 97), (53, 97), (33, 98), (53, 98), (34, 99), (49, 99), (50, 99), (51, 99), (52, 99), (35, 100), (45, 100), (46, 100), (47, 100), (48, 100), (36, 101), (41, 101), (42, 101), (43, 101), (44, 101), (37, 102), (38, 102), (39, 102), (40, 102)]
[(73, 78), (69, 79), (70, 79), (71, 79), (72, 79), (74, 79), (65, 80), (66, 80), (67, 80), (68, 80), (75, 80), (61, 81), (62, 81), (63, 81), (64, 81), (76, 81), (57, 82), (58, 82), (59, 82), (60, 82), (77, 82), (56, 85), (76, 85), (55, 89), (75, 89), (54, 93), (74, 93), (53, 97), (73, 97), (53, 98), (73, 98), (54, 99), (69, 99), (70, 99), (71, 99), (72, 99), (55, 100), (65, 100), (66, 100), (67, 100), (68, 100), (56, 101), (61, 101), (62, 101), (63, 101), (64, 101), (57, 102), (58, 102), (59, 102), (60, 102)]
[(73, 98), (69, 99), (70, 99), (71, 99), (72, 99), (74, 99), (65, 100), (66, 100), (67, 100), (68, 100), (75, 100), (61, 101), (62, 101), (63, 101), (64, 101), (76, 101), (57, 102), (58, 102), (59, 102), (60, 102), (77, 102), (56, 105), (76, 105), (55, 109), (75, 109), (54, 113), (74, 113)]
[(93, 98), (89, 99), (90, 99), (91, 99), (92, 99), (94, 99), (85, 100), (86, 100), (87, 100), (88, 100), (95, 100), (81, 101), (82, 101), (83, 101), (84, 101), (96, 101), (77, 102), (78, 102), (79, 102), (80, 102), (97, 102), (76, 105), (96, 105), (75, 109), (95, 109), (74, 113), (94, 113)]
[(53, 98), (49, 99), (50, 99), (51, 99), (52, 99), (54, 99), (45, 100), (46, 100), (47, 100), (48, 100), (55, 100), (41, 101), (42, 101), (43, 101), (44, 101), (56, 101), (37, 102), (38, 102), (39, 102), (40, 102), (57, 102), (36, 105), (56, 105), (35, 109), (55, 109), (34, 113), (54, 113)]
