[(90, 30), (91, 30), (92, 30), (86, 31), (87, 31), (88, 31), (89, 31), (93, 31), (83, 32), (84, 32), (85, 32), (94, 32), (79, 33), (80, 33), (81, 33), (82, 33), (95, 33), (75, 34), (76, 34), (77, 34), (78, 34), (94, 36), (74, 37), (93, 40), (73, 41), (92, 43), (72, 44), (91, 47), (71, 48), (89, 50), (90, 50), (91, 50), (71, 51), (85, 51), (86, 51), (87, 51), (88, 51), (72, 52), (82, 52), (83, 52), (84, 52), (73, 53), (78, 53), (79, 53), (80, 53), (81, 53), (74, 54), (75, 54), (76, 54), (77, 54)]
[(110, 29), (111, 29), (112, 29), (106, 30), (107, 30), (108, 30), (109, 30), (113, 30), (103, 31), (104, 31), (105, 31), (114, 31), (99, 32), (100, 32), (101, 32), (102, 32), (95, 33), (96, 33), (97, 33), (98, 33), (114, 35), (94, 36), (113, 39), (93, 40), (112, 42), (92, 43), (111, 46), (91, 47), (109, 49), (110, 49), (111, 49), (91, 50), (105, 50), (106, 50), (107, 50), (108, 50), (92, 51), (102, 51), (103, 51), (104, 51), (93, 52), (98, 52), (99, 52), (100, 52), (101, 52), (94, 53), (95, 53), (96, 53), (97, 53)]
[(109, 49), (110, 49), (111, 49), (105, 50), (106, 50), (107, 50), (108, 50), (112, 50), (102, 51), (103, 51), (104, 51), (113, 51), (98, 52), (99, 52), (100, 52), (101, 52), (114, 52), (94, 53), (95, 53), (96, 53), (97, 53), (113, 55), (93, 56), (112, 59), (92, 60), (111, 62), (91, 63), (110, 66), (90, 67), (108, 69), (109, 69), (110, 69), (90, 70), (104, 70), (105, 70), (106, 70), (107, 70), (91, 71), (101, 71), (102, 71), (103, 71), (92, 72), (97, 72), (98, 72), (99, 72), (100, 72), (93, 73), (94, 73), (95, 73), (96, 73)]
[(114, 52), (113, 55), (112, 59), (111, 62), (110, 66), (110, 69), (111, 70), (112, 71), (113, 72), (114, 72)]
[(113, 72), (114, 72), (112, 75), (111, 79), (110, 82), (109, 86), (109, 89), (110, 90), (111, 91), (112, 92), (113, 92), (114, 92)]
[(50, 32), (51, 32), (52, 32), (46, 33), (47, 33), (48, 33), (49, 33), (53, 33), (43, 34), (44, 34), (45, 34), (54, 34), (39, 35), (40, 35), (41, 35), (42, 35), (55, 35), (35, 36), (36, 36), (37, 36), (38, 36), (54, 38), (34, 39), (53, 42), (33, 43), (52, 45), (32, 46), (51, 49), (31, 50), (49, 52), (50, 52), (51, 52), (31, 53), (45, 53), (46, 53), (47, 53), (48, 53), (32, 54), (42, 54), (43, 54), (44, 54), (33, 55), (38, 55), (39, 55), (40, 55), (41, 55), (34, 56), (35, 56), (36, 56), (37, 56)]
[(70, 31), (71, 31), (72, 31), (66, 32), (67, 32), (68, 32), (69, 32), (73, 32), (63, 33), (64, 33), (65, 33), (74, 33), (59, 34), (60, 34), (61, 34), (62, 34), (75, 34), (55, 35), (56, 35), (57, 35), (58, 35), (74, 37), (54, 38), (73, 41), (53, 42), (72, 44), (52, 45), (71, 48), (51, 49), (69, 51), (70, 51), (71, 51), (51, 52), (65, 52), (66, 52), (67, 52), (68, 52), (52, 53), (62, 53), (63, 53), (64, 53), (53, 54), (58, 54), (59, 54), (60, 54), (61, 54), (54, 55), (55, 55), (56, 55), (57, 55)]
[(69, 51), (70, 51), (71, 51), (65, 52), (66, 52), (67, 52), (68, 52), (72, 52), (62, 53), (63, 53), (64, 53), (73, 53), (58, 54), (59, 54), (60, 54), (61, 54), (74, 54), (54, 55), (55, 55), (56, 55), (57, 55), (73, 57), (53, 58), (72, 61), (52, 62), (71, 64), (51, 65), (70, 68), (50, 69), (68, 71), (69, 71), (70, 71), (50, 72), (64, 72), (65, 72), (66, 72), (67, 72), (51, 73), (61, 73), (62, 73), (63, 73), (52, 74), (57, 74), (58, 74), (59, 74), (60, 74), (53, 75), (54, 75), (55, 75), (56, 75)]
[(89, 50), (90, 50), (91, 50), (85, 51), (86, 51), (87, 51), (88, 51), (92, 51), (82, 52), (83, 52), (84, 52), (93, 52), (78, 53), (79, 53), (80, 53), (81, 53), (94, 53), (74, 54), (75, 54), (76, 54), (77, 54), (93, 56), (73, 57), (92, 60), (72, 61), (91, 63), (71, 64), (90, 67), (70, 68), (88, 70), (89, 70), (90, 70), (70, 71), (84, 71), (85, 71), (86, 71), (87, 71), (71, 72), (81, 72), (82, 72), (83, 72), (72, 73), (77, 73), (78, 73), (79, 73), (80, 73), (73, 74), (74, 74), (75, 74), (76, 74)]
[(88, 70), (89, 70), (90, 70), (84, 71), (85, 71), (86, 71), (87, 71), (91, 71), (81, 72), (82, 72), (83, 72), (92, 72), (77, 73), (78, 73), (79, 73), (80, 73), (93, 73), (73, 74), (74, 74), (75, 74), (76, 74), (92, 76), (72, 77), (91, 80), (71, 81), (90, 83), (70, 84), (89, 87), (69, 88), (87, 90), (88, 90), (89, 90), (69, 91), (83, 91), (84, 91), (85, 91), (86, 91), (70, 92), (80, 92), (81, 92), (82, 92), (71, 93), (76, 93), (77, 93), (78, 93), (79, 93), (72, 94), (73, 94), (74, 94), (75, 94)]
[(108, 69), (109, 69), (110, 69), (104, 70), (105, 70), (106, 70), (107, 70), (111, 70), (101, 71), (102, 71), (103, 71), (112, 71), (97, 72), (98, 72), (99, 72), (100, 72), (113, 72), (93, 73), (94, 73), (95, 73), (96, 73), (112, 75), (92, 76), (111, 79), (91, 80), (110, 82), (90, 83), (109, 86), (89, 87), (107, 89), (108, 89), (109, 89), (89, 90), (103, 90), (104, 90), (105, 90), (106, 90), (90, 91), (100, 91), (101, 91), (102, 91), (91, 92), (96, 92), (97, 92), (98, 92), (99, 92), (92, 93), (93, 93), (94, 93), (95, 93)]
[(107, 89), (108, 89), (109, 89), (103, 90), (104, 90), (105, 90), (106, 90), (110, 90), (100, 91), (101, 91), (102, 91), (111, 91), (96, 92), (97, 92), (98, 92), (99, 92), (112, 92), (92, 93), (93, 93), (94, 93), (95, 93), (111, 95), (91, 96), (110, 99), (90, 100), (109, 102), (89, 103), (108, 106), (88, 107), (106, 109), (107, 109), (108, 109), (88, 110), (102, 110), (103, 110), (104, 110), (105, 110), (89, 111), (99, 111), (100, 111), (101, 111), (90, 112), (95, 112), (96, 112), (97, 112), (98, 112), (91, 113), (92, 113), (93, 113), (94, 113)]
[(112, 92), (113, 92), (114, 92), (111, 95), (110, 99), (109, 102), (108, 106), (108, 109), (109, 110), (110, 111), (111, 112), (112, 112), (113, 112), (114, 112)]
[(111, 112), (112, 112), (113, 112), (114, 112)]
[(29, 53), (30, 53), (31, 53), (25, 54), (26, 54), (27, 54), (28, 54), (32, 54), (22, 55), (23, 55), (24, 55), (33, 55), (18, 56), (19, 56), (20, 56), (21, 56), (34, 56), (14, 57), (15, 57), (16, 57), (17, 57), (33, 59), (13, 60), (32, 63), (12, 64), (31, 66), (11, 67), (30, 70), (10, 71), (28, 73), (29, 73), (30, 73), (10, 74), (24, 74), (25, 74), (26, 74), (27, 74), (11, 75), (21, 75), (22, 75), (23, 75), (12, 76), (17, 76), (18, 76), (19, 76), (20, 76), (13, 77), (14, 77), (15, 77), (16, 77)]
[(49, 52), (50, 52), (51, 52), (45, 53), (46, 53), (47, 53), (48, 53), (52, 53), (42, 54), (43, 54), (44, 54), (53, 54), (38, 55), (39, 55), (40, 55), (41, 55), (54, 55), (34, 56), (35, 56), (36, 56), (37, 56), (53, 58), (33, 59), (52, 62), (32, 63), (51, 65), (31, 66), (50, 69), (30, 70), (48, 72), (49, 72), (50, 72), (30, 73), (44, 73), (45, 73), (46, 73), (47, 73), (31, 74), (41, 74), (42, 74), (43, 74), (32, 75), (37, 75), (38, 75), (39, 75), (40, 75), (33, 76), (34, 76), (35, 76), (36, 76)]
[(48, 72), (49, 72), (50, 72), (44, 73), (45, 73), (46, 73), (47, 73), (51, 73), (41, 74), (42, 74), (43, 74), (52, 74), (37, 75), (38, 75), (39, 75), (40, 75), (53, 75), (33, 76), (34, 76), (35, 76), (36, 76), (52, 78), (32, 79), (51, 82), (31, 83), (50, 85), (30, 86), (49, 89), (29, 90), (47, 92), (48, 92), (49, 92), (29, 93), (43, 93), (44, 93), (45, 93), (46, 93), (30, 94), (40, 94), (41, 94), (42, 94), (31, 95), (36, 95), (37, 95), (38, 95), (39, 95), (32, 96), (33, 96), (34, 96), (35, 96)]
[(68, 71), (69, 71), (70, 71), (64, 72), (65, 72), (66, 72), (67, 72), (71, 72), (61, 73), (62, 73), (63, 73), (72, 73), (57, 74), (58, 74), (59, 74), (60, 74), (73, 74), (53, 75), (54, 75), (55, 75), (56, 75), (72, 77), (52, 78), (71, 81), (51, 82), (70, 84), (50, 85), (69, 88), (49, 89), (67, 91), (68, 91), (69, 91), (49, 92), (63, 92), (64, 92), (65, 92), (66, 92), (50, 93), (60, 93), (61, 93), (62, 93), (51, 94), (56, 94), (57, 94), (58, 94), (59, 94), (52, 95), (53, 95), (54, 95), (55, 95)]
[(67, 91), (68, 91), (69, 91), (63, 92), (64, 92), (65, 92), (66, 92), (70, 92), (60, 93), (61, 93), (62, 93), (71, 93), (56, 94), (57, 94), (58, 94), (59, 94), (72, 94), (52, 95), (53, 95), (54, 95), (55, 95), (71, 97), (51, 98), (70, 101), (50, 102), (69, 104), (49, 105), (68, 108), (48, 109), (66, 111), (67, 111), (68, 111), (48, 112), (62, 112), (63, 112), (64, 112), (65, 112), (49, 113), (59, 113), (60, 113), (61, 113), (50, 114), (55, 114), (56, 114), (57, 114), (58, 114)]
[(87, 90), (88, 90), (89, 90), (83, 91), (84, 91), (85, 91), (86, 91), (90, 91), (80, 92), (81, 92), (82, 92), (91, 92), (76, 93), (77, 93), (78, 93), (79, 93), (92, 93), (72, 94), (73, 94), (74, 94), (75, 94), (91, 96), (71, 97), (90, 100), (70, 101), (89, 103), (69, 104), (88, 107), (68, 108), (86, 110), (87, 110), (88, 110), (68, 111), (82, 111), (83, 111), (84, 111), (85, 111), (69, 112), (79, 112), (80, 112), (81, 112), (70, 113), (75, 113), (76, 113), (77, 113), (78, 113), (71, 114), (72, 114), (73, 114), (74, 114)]
[(86, 110), (87, 110), (88, 110), (82, 111), (83, 111), (84, 111), (85, 111), (89, 111), (79, 112), (80, 112), (81, 112), (90, 112), (75, 113), (76, 113), (77, 113), (78, 113), (91, 113), (71, 114), (72, 114), (73, 114), (74, 114)]
[(106, 109), (107, 109), (108, 109), (102, 110), (103, 110), (104, 110), (105, 110), (109, 110), (99, 111), (100, 111), (101, 111), (110, 111), (95, 112), (96, 112), (97, 112), (98, 112), (111, 112), (91, 113), (92, 113), (93, 113), (94, 113)]
[(28, 73), (29, 73), (30, 73), (24, 74), (25, 74), (26, 74), (27, 74), (31, 74), (21, 75), (22, 75), (23, 75), (32, 75), (17, 76), (18, 76), (19, 76), (20, 76), (33, 76), (13, 77), (14, 77), (15, 77), (16, 77), (32, 79), (12, 80), (31, 83), (11, 84), (30, 86), (10, 87), (29, 90), (9, 91), (27, 93), (28, 93), (29, 93), (9, 94), (23, 94), (24, 94), (25, 94), (26, 94), (10, 95), (20, 95), (21, 95), (22, 95), (11, 96), (16, 96), (17, 96), (18, 96), (19, 96), (12, 97), (13, 97), (14, 97), (15, 97)]
[(27, 93), (28, 93), (29, 93), (23, 94), (24, 94), (25, 94), (26, 94), (30, 94), (20, 95), (21, 95), (22, 95), (31, 95), (16, 96), (17, 96), (18, 96), (19, 96), (32, 96), (12, 97), (13, 97), (14, 97), (15, 97), (31, 99), (11, 100), (30, 103), (10, 104), (29, 106), (9, 107), (28, 110), (8, 111), (26, 113), (27, 113), (28, 113), (8, 114), (22, 114), (23, 114), (24, 114), (25, 114)]
[(47, 92), (48, 92), (49, 92), (43, 93), (44, 93), (45, 93), (46, 93), (50, 93), (40, 94), (41, 94), (42, 94), (51, 94), (36, 95), (37, 95), (38, 95), (39, 95), (52, 95), (32, 96), (33, 96), (34, 96), (35, 96), (51, 98), (31, 99), (50, 102), (30, 103), (49, 105), (29, 106), (48, 109), (28, 110), (46, 112), (47, 112), (48, 112), (28, 113), (42, 113), (43, 113), (44, 113), (45, 113), (29, 114), (39, 114), (40, 114), (41, 114)]
[(46, 112), (47, 112), (48, 112), (42, 113), (43, 113), (44, 113), (45, 113), (49, 113), (39, 114), (40, 114), (41, 114), (50, 114)]
[(66, 111), (67, 111), (68, 111), (62, 112), (63, 112), (64, 112), (65, 112), (69, 112), (59, 113), (60, 113), (61, 113), (70, 113), (55, 114), (56, 114), (57, 114), (58, 114), (71, 114)]
[(26, 113), (27, 113), (28, 113), (22, 114), (23, 114), (24, 114), (25, 114), (29, 114)]
