[(89, 8), (90, 8), (87, 9), (88, 9), (91, 9), (85, 10), (86, 10), (92, 10), (83, 11), (84, 11), (93, 11), (81, 12), (82, 12), (79, 13), (80, 13), (92, 13), (77, 14), (78, 14), (75, 15), (76, 15), (91, 15), (73, 16), (74, 16), (71, 17), (72, 17), (90, 17), (68, 18), (69, 18), (70, 18), (89, 19), (67, 20), (88, 21), (66, 22), (87, 23), (65, 24), (86, 25), (64, 26), (85, 27), (63, 28), (84, 29), (62, 30), (83, 31), (61, 32), (82, 33), (83, 33), (60, 34), (80, 34), (81, 34), (78, 35), (79, 35), (59, 36), (76, 36), (77, 36), (74, 37), (75, 37), (58, 38), (72, 38), (73, 38), (70, 39), (71, 39), (57, 40), (58, 40), (68, 40), (69, 40), (59, 41), (66, 41), (67, 41), (60, 42), (64, 42), (65, 42), (61, 43), (62, 43), (63, 43)]
[(114, 1), (112, 2), (113, 2), (110, 3), (111, 3), (108, 4), (109, 4), (106, 5), (107, 5), (104, 6), (105, 6), (102, 7), (103, 7), (100, 8), (101, 8), (98, 9), (99, 9), (96, 10), (97, 10), (93, 11), (94, 11), (95, 11), (114, 12), (92, 13), (113, 14), (91, 15), (112, 16), (90, 17), (111, 18), (89, 19), (110, 20), (88, 21), (109, 22), (87, 23), (108, 24), (86, 25), (107, 26), (108, 26), (85, 27), (105, 27), (106, 27), (103, 28), (104, 28), (84, 29), (101, 29), (102, 29), (99, 30), (100, 30), (83, 31), (97, 31), (98, 31), (95, 32), (96, 32), (82, 33), (83, 33), (93, 33), (94, 33), (84, 34), (91, 34), (92, 34), (85, 35), (89, 35), (90, 35), (86, 36), (87, 36), (88, 36)]
[(107, 26), (108, 26), (105, 27), (106, 27), (109, 27), (103, 28), (104, 28), (110, 28), (101, 29), (102, 29), (111, 29), (99, 30), (100, 30), (97, 31), (98, 31), (110, 31), (95, 32), (96, 32), (93, 33), (94, 33), (109, 33), (91, 34), (92, 34), (89, 35), (90, 35), (108, 35), (86, 36), (87, 36), (88, 36), (107, 37), (85, 38), (106, 39), (84, 40), (105, 41), (83, 42), (104, 43), (82, 44), (103, 45), (81, 46), (102, 47), (80, 48), (101, 49), (79, 50), (100, 51), (101, 51), (78, 52), (98, 52), (99, 52), (96, 53), (97, 53), (77, 54), (94, 54), (95, 54), (92, 55), (93, 55), (76, 56), (90, 56), (91, 56), (88, 57), (89, 57), (75, 58), (76, 58), (86, 58), (87, 58), (77, 59), (84, 59), (85, 59), (78, 60), (82, 60), (83, 60), (79, 61), (80, 61), (81, 61)]
[(114, 28), (111, 29), (112, 29), (113, 29), (110, 31), (109, 33), (108, 35), (107, 37), (106, 39), (105, 41), (104, 43), (103, 45), (102, 47), (101, 49), (113, 50), (114, 50), (100, 51), (101, 51), (111, 51), (112, 51), (102, 52), (109, 52), (110, 52), (103, 53), (107, 53), (108, 53), (104, 54), (105, 54), (106, 54)]
[(113, 50), (114, 50), (111, 51), (112, 51), (109, 52), (110, 52), (107, 53), (108, 53), (104, 54), (105, 54), (106, 54), (103, 56), (102, 58), (101, 60), (100, 62), (99, 64), (98, 66), (97, 68), (96, 70), (114, 71), (95, 72), (112, 72), (113, 72), (110, 73), (111, 73), (94, 74), (108, 74), (109, 74), (106, 75), (107, 75), (93, 76), (94, 76), (104, 76), (105, 76), (95, 77), (102, 77), (103, 77), (96, 78), (100, 78), (101, 78), (97, 79), (98, 79), (99, 79)]
[(114, 88), (113, 90), (112, 92), (111, 94), (112, 94), (113, 95), (114, 96)]
[(39, 22), (40, 22), (37, 23), (38, 23), (41, 23), (35, 24), (36, 24), (42, 24), (33, 25), (34, 25), (43, 25), (31, 26), (32, 26), (29, 27), (30, 27), (42, 27), (27, 28), (28, 28), (25, 29), (26, 29), (41, 29), (23, 30), (24, 30), (21, 31), (22, 31), (40, 31), (18, 32), (19, 32), (20, 32), (39, 33), (17, 34), (38, 35), (16, 36), (37, 37), (15, 38), (36, 39), (14, 40), (35, 41), (13, 42), (34, 43), (12, 44), (33, 45), (11, 46), (32, 47), (33, 47), (10, 48), (30, 48), (31, 48), (28, 49), (29, 49), (9, 50), (26, 50), (27, 50), (24, 51), (25, 51), (8, 52), (22, 52), (23, 52), (20, 53), (21, 53), (7, 54), (8, 54), (18, 54), (19, 54), (9, 55), (16, 55), (17, 55), (10, 56), (14, 56), (15, 56), (11, 57), (12, 57), (13, 57)]
[(64, 15), (65, 15), (62, 16), (63, 16), (66, 16), (60, 17), (61, 17), (67, 17), (58, 18), (59, 18), (68, 18), (56, 19), (57, 19), (54, 20), (55, 20), (67, 20), (52, 21), (53, 21), (50, 22), (51, 22), (66, 22), (48, 23), (49, 23), (46, 24), (47, 24), (65, 24), (43, 25), (44, 25), (45, 25), (64, 26), (42, 27), (63, 28), (41, 29), (62, 30), (40, 31), (61, 32), (39, 33), (60, 34), (38, 35), (59, 36), (37, 37), (58, 38), (36, 39), (57, 40), (58, 40), (35, 41), (55, 41), (56, 41), (53, 42), (54, 42), (34, 43), (51, 43), (52, 43), (49, 44), (50, 44), (33, 45), (47, 45), (48, 45), (45, 46), (46, 46), (32, 47), (33, 47), (43, 47), (44, 47), (34, 48), (41, 48), (42, 48), (35, 49), (39, 49), (40, 49), (36, 50), (37, 50), (38, 50)]
[(57, 40), (58, 40), (55, 41), (56, 41), (59, 41), (53, 42), (54, 42), (60, 42), (51, 43), (52, 43), (61, 43), (49, 44), (50, 44), (47, 45), (48, 45), (60, 45), (45, 46), (46, 46), (43, 47), (44, 47), (59, 47), (41, 48), (42, 48), (39, 49), (40, 49), (58, 49), (36, 50), (37, 50), (38, 50), (57, 51), (35, 52), (56, 53), (34, 54), (55, 55), (33, 56), (54, 57), (32, 58), (53, 59), (31, 60), (52, 61), (30, 62), (51, 63), (29, 64), (50, 65), (51, 65), (28, 66), (48, 66), (49, 66), (46, 67), (47, 67), (27, 68), (44, 68), (45, 68), (42, 69), (43, 69), (26, 70), (40, 70), (41, 70), (38, 71), (39, 71), (25, 72), (26, 72), (36, 72), (37, 72), (27, 73), (34, 73), (35, 73), (28, 74), (32, 74), (33, 74), (29, 75), (30, 75), (31, 75)]
[(82, 33), (83, 33), (80, 34), (81, 34), (84, 34), (78, 35), (79, 35), (85, 35), (76, 36), (77, 36), (86, 36), (74, 37), (75, 37), (72, 38), (73, 38), (85, 38), (70, 39), (71, 39), (68, 40), (69, 40), (84, 40), (66, 41), (67, 41), (64, 42), (65, 42), (83, 42), (61, 43), (62, 43), (63, 43), (82, 44), (60, 45), (81, 46), (59, 47), (80, 48), (58, 49), (79, 50), (57, 51), (78, 52), (56, 53), (77, 54), (55, 55), (76, 56), (54, 57), (75, 58), (76, 58), (53, 59), (73, 59), (74, 59), (71, 60), (72, 60), (52, 61), (69, 61), (70, 61), (67, 62), (68, 62), (51, 63), (65, 63), (66, 63), (63, 64), (64, 64), (50, 65), (51, 65), (61, 65), (62, 65), (52, 66), (59, 66), (60, 66), (53, 67), (57, 67), (58, 67), (54, 68), (55, 68), (56, 68)]
[(75, 58), (76, 58), (73, 59), (74, 59), (77, 59), (71, 60), (72, 60), (78, 60), (69, 61), (70, 61), (79, 61), (67, 62), (68, 62), (65, 63), (66, 63), (78, 63), (63, 64), (64, 64), (61, 65), (62, 65), (77, 65), (59, 66), (60, 66), (57, 67), (58, 67), (76, 67), (54, 68), (55, 68), (56, 68), (75, 69), (53, 70), (74, 71), (52, 72), (73, 73), (51, 74), (72, 75), (50, 76), (71, 77), (49, 78), (70, 79), (48, 80), (69, 81), (47, 82), (68, 83), (69, 83), (46, 84), (66, 84), (67, 84), (64, 85), (65, 85), (45, 86), (62, 86), (63, 86), (60, 87), (61, 87), (44, 88), (58, 88), (59, 88), (56, 89), (57, 89), (43, 90), (44, 90), (54, 90), (55, 90), (45, 91), (52, 91), (53, 91), (46, 92), (50, 92), (51, 92), (47, 93), (48, 93), (49, 93)]
[(100, 51), (101, 51), (98, 52), (99, 52), (102, 52), (96, 53), (97, 53), (103, 53), (94, 54), (95, 54), (104, 54), (92, 55), (93, 55), (90, 56), (91, 56), (103, 56), (88, 57), (89, 57), (86, 58), (87, 58), (102, 58), (84, 59), (85, 59), (82, 60), (83, 60), (101, 60), (79, 61), (80, 61), (81, 61), (100, 62), (78, 63), (99, 64), (77, 65), (98, 66), (76, 67), (97, 68), (75, 69), (96, 70), (74, 71), (95, 72), (73, 73), (94, 74), (72, 75), (93, 76), (94, 76), (71, 77), (91, 77), (92, 77), (89, 78), (90, 78), (70, 79), (87, 79), (88, 79), (85, 80), (86, 80), (69, 81), (83, 81), (84, 81), (81, 82), (82, 82), (68, 83), (69, 83), (79, 83), (80, 83), (70, 84), (77, 84), (78, 84), (71, 85), (75, 85), (76, 85), (72, 86), (73, 86), (74, 86)]
[(93, 76), (94, 76), (91, 77), (92, 77), (95, 77), (89, 78), (90, 78), (96, 78), (87, 79), (88, 79), (97, 79), (85, 80), (86, 80), (83, 81), (84, 81), (96, 81), (81, 82), (82, 82), (79, 83), (80, 83), (95, 83), (77, 84), (78, 84), (75, 85), (76, 85), (94, 85), (72, 86), (73, 86), (74, 86), (93, 87), (71, 88), (92, 89), (70, 90), (91, 91), (69, 92), (90, 93), (68, 94), (89, 95), (67, 96), (88, 97), (66, 98), (87, 99), (65, 100), (86, 101), (87, 101), (64, 102), (84, 102), (85, 102), (82, 103), (83, 103), (63, 104), (80, 104), (81, 104), (78, 105), (79, 105), (62, 106), (76, 106), (77, 106), (74, 107), (75, 107), (61, 108), (62, 108), (72, 108), (73, 108), (63, 109), (70, 109), (71, 109), (64, 110), (68, 110), (69, 110), (65, 111), (66, 111), (67, 111)]
[(114, 71), (112, 72), (113, 72), (110, 73), (111, 73), (108, 74), (109, 74), (106, 75), (107, 75), (104, 76), (105, 76), (102, 77), (103, 77), (100, 78), (101, 78), (97, 79), (98, 79), (99, 79), (96, 81), (95, 83), (94, 85), (93, 87), (114, 88), (92, 89), (113, 90), (91, 91), (112, 92), (90, 93), (111, 94), (112, 94), (89, 95), (109, 95), (110, 95), (107, 96), (108, 96), (88, 97), (105, 97), (106, 97), (103, 98), (104, 98), (87, 99), (101, 99), (102, 99), (99, 100), (100, 100), (86, 101), (87, 101), (97, 101), (98, 101), (88, 102), (95, 102), (96, 102), (89, 103), (93, 103), (94, 103), (90, 104), (91, 104), (92, 104)]
[(111, 94), (112, 94), (109, 95), (110, 95), (113, 95), (107, 96), (108, 96), (114, 96), (105, 97), (106, 97), (103, 98), (104, 98), (101, 99), (102, 99), (114, 99), (99, 100), (100, 100), (97, 101), (98, 101), (113, 101), (95, 102), (96, 102), (93, 103), (94, 103), (112, 103), (90, 104), (91, 104), (92, 104), (111, 105), (89, 106), (110, 107), (88, 108), (109, 109), (87, 110), (108, 111), (86, 112), (107, 113), (85, 114)]
[(114, 99), (113, 101), (112, 103), (111, 105), (110, 107), (109, 109), (108, 111), (107, 113)]
[(7, 54), (8, 54), (5, 55), (6, 55), (9, 55), (3, 56), (4, 56), (10, 56), (1, 57), (2, 57), (11, 57), (0, 58), (10, 59), (9, 61), (8, 63), (7, 65), (6, 67), (5, 69), (4, 71), (3, 73), (2, 75), (1, 77), (0, 79), (1, 79)]
[(32, 47), (33, 47), (30, 48), (31, 48), (34, 48), (28, 49), (29, 49), (35, 49), (26, 50), (27, 50), (36, 50), (24, 51), (25, 51), (22, 52), (23, 52), (35, 52), (20, 53), (21, 53), (18, 54), (19, 54), (34, 54), (16, 55), (17, 55), (14, 56), (15, 56), (33, 56), (11, 57), (12, 57), (13, 57), (32, 58), (10, 59), (31, 60), (9, 61), (30, 62), (8, 63), (29, 64), (7, 65), (28, 66), (6, 67), (27, 68), (5, 69), (26, 70), (4, 71), (25, 72), (26, 72), (3, 73), (23, 73), (24, 73), (21, 74), (22, 74), (2, 75), (19, 75), (20, 75), (17, 76), (18, 76), (1, 77), (15, 77), (16, 77), (13, 78), (14, 78), (0, 79), (1, 79), (11, 79), (12, 79), (2, 80), (9, 80), (10, 80), (3, 81), (7, 81), (8, 81), (4, 82), (5, 82), (6, 82)]
[(25, 72), (26, 72), (23, 73), (24, 73), (27, 73), (21, 74), (22, 74), (28, 74), (19, 75), (20, 75), (29, 75), (17, 76), (18, 76), (15, 77), (16, 77), (28, 77), (13, 78), (14, 78), (11, 79), (12, 79), (27, 79), (9, 80), (10, 80), (7, 81), (8, 81), (26, 81), (4, 82), (5, 82), (6, 82), (25, 83), (3, 84), (24, 85), (2, 86), (23, 87), (1, 88), (22, 89), (0, 90), (21, 91), (20, 93), (19, 95), (18, 97), (19, 97), (16, 98), (17, 98), (14, 99), (15, 99), (12, 100), (13, 100), (10, 101), (11, 101), (8, 102), (9, 102), (6, 103), (7, 103), (4, 104), (5, 104), (2, 105), (3, 105), (0, 106), (1, 106)]
[(50, 65), (51, 65), (48, 66), (49, 66), (52, 66), (46, 67), (47, 67), (53, 67), (44, 68), (45, 68), (54, 68), (42, 69), (43, 69), (40, 70), (41, 70), (53, 70), (38, 71), (39, 71), (36, 72), (37, 72), (52, 72), (34, 73), (35, 73), (32, 74), (33, 74), (51, 74), (29, 75), (30, 75), (31, 75), (50, 76), (28, 77), (49, 78), (27, 79), (48, 80), (26, 81), (47, 82), (25, 83), (46, 84), (24, 85), (45, 86), (23, 87), (44, 88), (22, 89), (43, 90), (44, 90), (21, 91), (41, 91), (42, 91), (39, 92), (40, 92), (20, 93), (37, 93), (38, 93), (35, 94), (36, 94), (19, 95), (33, 95), (34, 95), (31, 96), (32, 96), (18, 97), (19, 97), (29, 97), (30, 97), (20, 98), (27, 98), (28, 98), (21, 99), (25, 99), (26, 99), (22, 100), (23, 100), (24, 100)]
[(43, 90), (44, 90), (41, 91), (42, 91), (45, 91), (39, 92), (40, 92), (46, 92), (37, 93), (38, 93), (47, 93), (35, 94), (36, 94), (33, 95), (34, 95), (46, 95), (31, 96), (32, 96), (29, 97), (30, 97), (45, 97), (27, 98), (28, 98), (25, 99), (26, 99), (44, 99), (22, 100), (23, 100), (24, 100), (43, 101), (21, 102), (42, 103), (20, 104), (41, 105), (19, 106), (40, 107), (18, 108), (39, 109), (17, 110), (38, 111), (16, 112), (37, 113), (15, 114)]
[(68, 83), (69, 83), (66, 84), (67, 84), (70, 84), (64, 85), (65, 85), (71, 85), (62, 86), (63, 86), (72, 86), (60, 87), (61, 87), (58, 88), (59, 88), (71, 88), (56, 89), (57, 89), (54, 90), (55, 90), (70, 90), (52, 91), (53, 91), (50, 92), (51, 92), (69, 92), (47, 93), (48, 93), (49, 93), (68, 94), (46, 95), (67, 96), (45, 97), (66, 98), (44, 99), (65, 100), (43, 101), (64, 102), (42, 103), (63, 104), (41, 105), (62, 106), (40, 107), (61, 108), (62, 108), (39, 109), (59, 109), (60, 109), (57, 110), (58, 110), (38, 111), (55, 111), (56, 111), (53, 112), (54, 112), (37, 113), (51, 113), (52, 113), (49, 114), (50, 114)]
[(61, 108), (62, 108), (59, 109), (60, 109), (63, 109), (57, 110), (58, 110), (64, 110), (55, 111), (56, 111), (65, 111), (53, 112), (54, 112), (51, 113), (52, 113), (64, 113), (49, 114), (50, 114)]
[(86, 101), (87, 101), (84, 102), (85, 102), (88, 102), (82, 103), (83, 103), (89, 103), (80, 104), (81, 104), (90, 104), (78, 105), (79, 105), (76, 106), (77, 106), (89, 106), (74, 107), (75, 107), (72, 108), (73, 108), (88, 108), (70, 109), (71, 109), (68, 110), (69, 110), (87, 110), (65, 111), (66, 111), (67, 111), (86, 112), (64, 113), (85, 114)]
[(0, 79), (1, 79), (2, 80), (3, 81), (4, 82), (3, 84), (2, 86), (1, 88), (0, 90)]
[(18, 97), (19, 97), (16, 98), (17, 98), (20, 98), (14, 99), (15, 99), (21, 99), (12, 100), (13, 100), (22, 100), (10, 101), (11, 101), (8, 102), (9, 102), (21, 102), (6, 103), (7, 103), (4, 104), (5, 104), (20, 104), (2, 105), (3, 105), (0, 106), (1, 106), (19, 106), (18, 108), (17, 110), (16, 112), (15, 114)]
