[(70, 12), (71, 12), (72, 12), (68, 13), (69, 13), (73, 13), (65, 14), (66, 14), (67, 14), (62, 15), (63, 15), (64, 15), (72, 15), (60, 16), (61, 16), (57, 17), (58, 17), (59, 17), (54, 18), (55, 18), (56, 18), (71, 18), (53, 20), (70, 20), (52, 23), (69, 23), (51, 25), (68, 26), (50, 28), (67, 28), (49, 31), (65, 31), (66, 31), (67, 31), (63, 32), (64, 32), (48, 33), (60, 33), (61, 33), (62, 33), (57, 34), (58, 34), (59, 34), (55, 35), (56, 35), (47, 36), (48, 36), (52, 36), (53, 36), (54, 36), (49, 37), (50, 37), (51, 37)]
[(89, 7), (90, 7), (91, 7), (87, 8), (88, 8), (92, 8), (84, 9), (85, 9), (86, 9), (81, 10), (82, 10), (83, 10), (91, 10), (79, 11), (80, 11), (76, 12), (77, 12), (78, 12), (73, 13), (74, 13), (75, 13), (90, 13), (72, 15), (89, 15), (71, 18), (88, 18), (70, 20), (87, 21), (69, 23), (86, 23), (68, 26), (84, 26), (85, 26), (86, 26), (82, 27), (83, 27), (67, 28), (79, 28), (80, 28), (81, 28), (76, 29), (77, 29), (78, 29), (74, 30), (75, 30), (66, 31), (67, 31), (71, 31), (72, 31), (73, 31), (68, 32), (69, 32), (70, 32)]
[(84, 26), (85, 26), (86, 26), (82, 27), (83, 27), (87, 27), (79, 28), (80, 28), (81, 28), (76, 29), (77, 29), (78, 29), (86, 29), (74, 30), (75, 30), (71, 31), (72, 31), (73, 31), (68, 32), (69, 32), (70, 32), (85, 32), (67, 34), (84, 34), (66, 37), (83, 37), (65, 39), (82, 40), (64, 42), (81, 42), (63, 45), (79, 45), (80, 45), (81, 45), (77, 46), (78, 46), (62, 47), (74, 47), (75, 47), (76, 47), (71, 48), (72, 48), (73, 48), (69, 49), (70, 49), (61, 50), (62, 50), (66, 50), (67, 50), (68, 50), (63, 51), (64, 51), (65, 51)]
[(103, 21), (104, 21), (105, 21), (101, 22), (102, 22), (106, 22), (98, 23), (99, 23), (100, 23), (95, 24), (96, 24), (97, 24), (105, 24), (93, 25), (94, 25), (90, 26), (91, 26), (92, 26), (87, 27), (88, 27), (89, 27), (104, 27), (86, 29), (103, 29), (85, 32), (102, 32), (84, 34), (101, 35), (83, 37), (100, 37), (82, 40), (98, 40), (99, 40), (100, 40), (96, 41), (97, 41), (81, 42), (93, 42), (94, 42), (95, 42), (90, 43), (91, 43), (92, 43), (88, 44), (89, 44), (80, 45), (81, 45), (85, 45), (86, 45), (87, 45), (82, 46), (83, 46), (84, 46)]
[(98, 40), (99, 40), (100, 40), (96, 41), (97, 41), (101, 41), (93, 42), (94, 42), (95, 42), (90, 43), (91, 43), (92, 43), (100, 43), (88, 44), (89, 44), (85, 45), (86, 45), (87, 45), (82, 46), (83, 46), (84, 46), (99, 46), (81, 48), (98, 48), (80, 51), (97, 51), (79, 53), (96, 54), (78, 56), (95, 56), (77, 59), (93, 59), (94, 59), (95, 59), (91, 60), (92, 60), (76, 61), (88, 61), (89, 61), (90, 61), (85, 62), (86, 62), (87, 62), (83, 63), (84, 63), (75, 64), (76, 64), (80, 64), (81, 64), (82, 64), (77, 65), (78, 65), (79, 65)]
[(112, 37), (113, 37), (114, 37), (109, 38), (110, 38), (111, 38), (107, 39), (108, 39), (104, 40), (105, 40), (106, 40), (101, 41), (102, 41), (103, 41), (100, 43), (99, 46), (98, 48), (97, 51), (114, 51), (96, 54), (112, 54), (113, 54), (114, 54), (110, 55), (111, 55), (95, 56), (107, 56), (108, 56), (109, 56), (104, 57), (105, 57), (106, 57), (102, 58), (103, 58), (94, 59), (95, 59), (99, 59), (100, 59), (101, 59), (96, 60), (97, 60), (98, 60)]
[(112, 54), (113, 54), (114, 54), (110, 55), (111, 55), (107, 56), (108, 56), (109, 56), (104, 57), (105, 57), (106, 57), (114, 57), (102, 58), (103, 58), (99, 59), (100, 59), (101, 59), (96, 60), (97, 60), (98, 60), (113, 60), (95, 62), (112, 62), (94, 65), (111, 65), (93, 67), (110, 68), (92, 70), (109, 70), (91, 73), (107, 73), (108, 73), (109, 73), (105, 74), (106, 74), (90, 75), (102, 75), (103, 75), (104, 75), (99, 76), (100, 76), (101, 76), (97, 77), (98, 77), (89, 78), (90, 78), (94, 78), (95, 78), (96, 78), (91, 79), (92, 79), (93, 79)]
[(114, 57), (113, 60), (112, 62), (111, 65), (110, 68), (109, 70), (108, 73), (109, 73), (113, 73), (114, 73), (110, 74), (111, 74), (112, 74)]
[(113, 73), (114, 73), (110, 74), (111, 74), (112, 74), (109, 76), (108, 79), (107, 81), (106, 84), (105, 87), (104, 89), (113, 90), (114, 90), (111, 91), (112, 91), (103, 92), (104, 92), (108, 92), (109, 92), (110, 92), (105, 93), (106, 93), (107, 93)]
[(32, 22), (33, 22), (34, 22), (30, 23), (31, 23), (35, 23), (27, 24), (28, 24), (29, 24), (24, 25), (25, 25), (26, 25), (34, 25), (22, 26), (23, 26), (19, 27), (20, 27), (21, 27), (16, 28), (17, 28), (18, 28), (33, 28), (15, 30), (32, 30), (14, 33), (31, 33), (13, 35), (30, 36), (12, 38), (29, 38), (11, 41), (27, 41), (28, 41), (29, 41), (25, 42), (26, 42), (10, 43), (22, 43), (23, 43), (24, 43), (19, 44), (20, 44), (21, 44), (17, 45), (18, 45), (9, 46), (10, 46), (14, 46), (15, 46), (16, 46), (11, 47), (12, 47), (13, 47)]
[(51, 17), (52, 17), (53, 17), (49, 18), (50, 18), (54, 18), (46, 19), (47, 19), (48, 19), (43, 20), (44, 20), (45, 20), (53, 20), (41, 21), (42, 21), (38, 22), (39, 22), (40, 22), (35, 23), (36, 23), (37, 23), (52, 23), (34, 25), (51, 25), (33, 28), (50, 28), (32, 30), (49, 31), (31, 33), (48, 33), (30, 36), (46, 36), (47, 36), (48, 36), (44, 37), (45, 37), (29, 38), (41, 38), (42, 38), (43, 38), (38, 39), (39, 39), (40, 39), (36, 40), (37, 40), (28, 41), (29, 41), (33, 41), (34, 41), (35, 41), (30, 42), (31, 42), (32, 42)]
[(46, 36), (47, 36), (48, 36), (44, 37), (45, 37), (49, 37), (41, 38), (42, 38), (43, 38), (38, 39), (39, 39), (40, 39), (48, 39), (36, 40), (37, 40), (33, 41), (34, 41), (35, 41), (30, 42), (31, 42), (32, 42), (47, 42), (29, 44), (46, 44), (28, 47), (45, 47), (27, 49), (44, 50), (26, 52), (43, 52), (25, 55), (41, 55), (42, 55), (43, 55), (39, 56), (40, 56), (24, 57), (36, 57), (37, 57), (38, 57), (33, 58), (34, 58), (35, 58), (31, 59), (32, 59), (23, 60), (24, 60), (28, 60), (29, 60), (30, 60), (25, 61), (26, 61), (27, 61)]
[(65, 31), (66, 31), (67, 31), (63, 32), (64, 32), (68, 32), (60, 33), (61, 33), (62, 33), (57, 34), (58, 34), (59, 34), (67, 34), (55, 35), (56, 35), (52, 36), (53, 36), (54, 36), (49, 37), (50, 37), (51, 37), (66, 37), (48, 39), (65, 39), (47, 42), (64, 42), (46, 44), (63, 45), (45, 47), (62, 47), (44, 50), (60, 50), (61, 50), (62, 50), (58, 51), (59, 51), (43, 52), (55, 52), (56, 52), (57, 52), (52, 53), (53, 53), (54, 53), (50, 54), (51, 54), (42, 55), (43, 55), (47, 55), (48, 55), (49, 55), (44, 56), (45, 56), (46, 56)]
[(60, 50), (61, 50), (62, 50), (58, 51), (59, 51), (63, 51), (55, 52), (56, 52), (57, 52), (52, 53), (53, 53), (54, 53), (62, 53), (50, 54), (51, 54), (47, 55), (48, 55), (49, 55), (44, 56), (45, 56), (46, 56), (61, 56), (43, 58), (60, 58), (42, 61), (59, 61), (41, 63), (58, 64), (40, 66), (57, 66), (39, 69), (55, 69), (56, 69), (57, 69), (53, 70), (54, 70), (38, 71), (50, 71), (51, 71), (52, 71), (47, 72), (48, 72), (49, 72), (45, 73), (46, 73), (37, 74), (38, 74), (42, 74), (43, 74), (44, 74), (39, 75), (40, 75), (41, 75)]
[(79, 45), (80, 45), (81, 45), (77, 46), (78, 46), (82, 46), (74, 47), (75, 47), (76, 47), (71, 48), (72, 48), (73, 48), (81, 48), (69, 49), (70, 49), (66, 50), (67, 50), (68, 50), (63, 51), (64, 51), (65, 51), (80, 51), (62, 53), (79, 53), (61, 56), (78, 56), (60, 58), (77, 59), (59, 61), (76, 61), (58, 64), (74, 64), (75, 64), (76, 64), (72, 65), (73, 65), (57, 66), (69, 66), (70, 66), (71, 66), (66, 67), (67, 67), (68, 67), (64, 68), (65, 68), (56, 69), (57, 69), (61, 69), (62, 69), (63, 69), (58, 70), (59, 70), (60, 70)]
[(74, 64), (75, 64), (76, 64), (72, 65), (73, 65), (77, 65), (69, 66), (70, 66), (71, 66), (66, 67), (67, 67), (68, 67), (76, 67), (64, 68), (65, 68), (61, 69), (62, 69), (63, 69), (58, 70), (59, 70), (60, 70), (75, 70), (57, 72), (74, 72), (56, 75), (73, 75), (55, 77), (72, 78), (54, 80), (71, 80), (53, 83), (69, 83), (70, 83), (71, 83), (67, 84), (68, 84), (52, 85), (64, 85), (65, 85), (66, 85), (61, 86), (62, 86), (63, 86), (59, 87), (60, 87), (51, 88), (52, 88), (56, 88), (57, 88), (58, 88), (53, 89), (54, 89), (55, 89)]
[(93, 59), (94, 59), (95, 59), (91, 60), (92, 60), (96, 60), (88, 61), (89, 61), (90, 61), (85, 62), (86, 62), (87, 62), (95, 62), (83, 63), (84, 63), (80, 64), (81, 64), (82, 64), (77, 65), (78, 65), (79, 65), (94, 65), (76, 67), (93, 67), (75, 70), (92, 70), (74, 72), (91, 73), (73, 75), (90, 75), (72, 78), (88, 78), (89, 78), (90, 78), (86, 79), (87, 79), (71, 80), (83, 80), (84, 80), (85, 80), (80, 81), (81, 81), (82, 81), (78, 82), (79, 82), (70, 83), (71, 83), (75, 83), (76, 83), (77, 83), (72, 84), (73, 84), (74, 84)]
[(88, 78), (89, 78), (90, 78), (86, 79), (87, 79), (91, 79), (83, 80), (84, 80), (85, 80), (80, 81), (81, 81), (82, 81), (90, 81), (78, 82), (79, 82), (75, 83), (76, 83), (77, 83), (72, 84), (73, 84), (74, 84), (89, 84), (71, 86), (88, 86), (70, 89), (87, 89), (69, 91), (86, 92), (68, 94), (85, 94), (67, 97), (83, 97), (84, 97), (85, 97), (81, 98), (82, 98), (66, 99), (78, 99), (79, 99), (80, 99), (75, 100), (76, 100), (77, 100), (73, 101), (74, 101), (65, 102), (66, 102), (70, 102), (71, 102), (72, 102), (67, 103), (68, 103), (69, 103)]
[(107, 73), (108, 73), (109, 73), (105, 74), (106, 74), (110, 74), (102, 75), (103, 75), (104, 75), (99, 76), (100, 76), (101, 76), (109, 76), (97, 77), (98, 77), (94, 78), (95, 78), (96, 78), (91, 79), (92, 79), (93, 79), (108, 79), (90, 81), (107, 81), (89, 84), (106, 84), (88, 86), (105, 87), (87, 89), (104, 89), (86, 92), (102, 92), (103, 92), (104, 92), (100, 93), (101, 93), (85, 94), (97, 94), (98, 94), (99, 94), (94, 95), (95, 95), (96, 95), (92, 96), (93, 96), (84, 97), (85, 97), (89, 97), (90, 97), (91, 97), (86, 98), (87, 98), (88, 98)]
[(102, 92), (103, 92), (104, 92), (100, 93), (101, 93), (105, 93), (97, 94), (98, 94), (99, 94), (94, 95), (95, 95), (96, 95), (104, 95), (92, 96), (93, 96), (89, 97), (90, 97), (91, 97), (86, 98), (87, 98), (88, 98), (103, 98), (85, 100), (102, 100), (84, 103), (101, 103), (83, 105), (100, 106), (82, 108), (99, 108), (81, 111), (97, 111), (98, 111), (99, 111), (95, 112), (96, 112), (80, 113), (92, 113), (93, 113), (94, 113), (89, 114), (90, 114), (91, 114)]
[(113, 90), (114, 90), (111, 91), (112, 91), (108, 92), (109, 92), (110, 92), (105, 93), (106, 93), (107, 93), (104, 95), (103, 98), (102, 100), (101, 103), (100, 106), (114, 107), (99, 108), (111, 108), (112, 108), (113, 108), (108, 109), (109, 109), (110, 109), (106, 110), (107, 110), (98, 111), (99, 111), (103, 111), (104, 111), (105, 111), (100, 112), (101, 112), (102, 112)]
[(114, 107), (111, 108), (112, 108), (113, 108), (108, 109), (109, 109), (110, 109), (106, 110), (107, 110), (103, 111), (104, 111), (105, 111), (100, 112), (101, 112), (102, 112), (99, 114)]
[(8, 46), (9, 46), (10, 46), (6, 47), (7, 47), (11, 47), (3, 48), (4, 48), (5, 48), (0, 49), (1, 49), (2, 49), (10, 49), (9, 52), (8, 54), (7, 57), (6, 60), (5, 62), (3, 65), (4, 65), (5, 65), (1, 66), (2, 66), (0, 67)]
[(27, 41), (28, 41), (29, 41), (25, 42), (26, 42), (30, 42), (22, 43), (23, 43), (24, 43), (19, 44), (20, 44), (21, 44), (29, 44), (17, 45), (18, 45), (14, 46), (15, 46), (16, 46), (11, 47), (12, 47), (13, 47), (28, 47), (10, 49), (27, 49), (9, 52), (26, 52), (8, 54), (25, 55), (7, 57), (24, 57), (6, 60), (22, 60), (23, 60), (24, 60), (20, 61), (21, 61), (5, 62), (17, 62), (18, 62), (19, 62), (14, 63), (15, 63), (16, 63), (12, 64), (13, 64), (4, 65), (5, 65), (9, 65), (10, 65), (11, 65), (6, 66), (7, 66), (8, 66)]
[(22, 60), (23, 60), (24, 60), (20, 61), (21, 61), (25, 61), (17, 62), (18, 62), (19, 62), (14, 63), (15, 63), (16, 63), (24, 63), (12, 64), (13, 64), (9, 65), (10, 65), (11, 65), (6, 66), (7, 66), (8, 66), (23, 66), (5, 68), (22, 68), (4, 71), (21, 71), (3, 73), (20, 74), (2, 76), (19, 76), (1, 79), (17, 79), (18, 79), (19, 79), (15, 80), (16, 80), (0, 81), (12, 81), (13, 81), (14, 81), (9, 82), (10, 82), (11, 82), (7, 83), (8, 83), (0, 84), (4, 84), (5, 84), (6, 84), (1, 85), (2, 85), (3, 85)]
[(41, 55), (42, 55), (43, 55), (39, 56), (40, 56), (44, 56), (36, 57), (37, 57), (38, 57), (33, 58), (34, 58), (35, 58), (43, 58), (31, 59), (32, 59), (28, 60), (29, 60), (30, 60), (25, 61), (26, 61), (27, 61), (42, 61), (24, 63), (41, 63), (23, 66), (40, 66), (22, 68), (39, 69), (21, 71), (38, 71), (20, 74), (36, 74), (37, 74), (38, 74), (34, 75), (35, 75), (19, 76), (31, 76), (32, 76), (33, 76), (28, 77), (29, 77), (30, 77), (26, 78), (27, 78), (18, 79), (19, 79), (23, 79), (24, 79), (25, 79), (20, 80), (21, 80), (22, 80)]
[(36, 74), (37, 74), (38, 74), (34, 75), (35, 75), (39, 75), (31, 76), (32, 76), (33, 76), (28, 77), (29, 77), (30, 77), (38, 77), (26, 78), (27, 78), (23, 79), (24, 79), (25, 79), (20, 80), (21, 80), (22, 80), (37, 80), (19, 82), (36, 82), (18, 85), (35, 85), (17, 87), (34, 88), (16, 90), (33, 90), (15, 93), (31, 93), (32, 93), (33, 93), (29, 94), (30, 94), (14, 95), (26, 95), (27, 95), (28, 95), (23, 96), (24, 96), (25, 96), (21, 97), (22, 97), (13, 98), (14, 98), (18, 98), (19, 98), (20, 98), (15, 99), (16, 99), (17, 99)]
[(55, 69), (56, 69), (57, 69), (53, 70), (54, 70), (58, 70), (50, 71), (51, 71), (52, 71), (47, 72), (48, 72), (49, 72), (57, 72), (45, 73), (46, 73), (42, 74), (43, 74), (44, 74), (39, 75), (40, 75), (41, 75), (56, 75), (38, 77), (55, 77), (37, 80), (54, 80), (36, 82), (53, 83), (35, 85), (52, 85), (34, 88), (50, 88), (51, 88), (52, 88), (48, 89), (49, 89), (33, 90), (45, 90), (46, 90), (47, 90), (42, 91), (43, 91), (44, 91), (40, 92), (41, 92), (32, 93), (33, 93), (37, 93), (38, 93), (39, 93), (34, 94), (35, 94), (36, 94)]
[(50, 88), (51, 88), (52, 88), (48, 89), (49, 89), (53, 89), (45, 90), (46, 90), (47, 90), (42, 91), (43, 91), (44, 91), (52, 91), (40, 92), (41, 92), (37, 93), (38, 93), (39, 93), (34, 94), (35, 94), (36, 94), (51, 94), (33, 96), (50, 96), (32, 99), (49, 99), (31, 101), (48, 102), (30, 104), (47, 104), (29, 107), (45, 107), (46, 107), (47, 107), (43, 108), (44, 108), (28, 109), (40, 109), (41, 109), (42, 109), (37, 110), (38, 110), (39, 110), (35, 111), (36, 111), (27, 112), (28, 112), (32, 112), (33, 112), (34, 112), (29, 113), (30, 113), (31, 113)]
[(69, 83), (70, 83), (71, 83), (67, 84), (68, 84), (72, 84), (64, 85), (65, 85), (66, 85), (61, 86), (62, 86), (63, 86), (71, 86), (59, 87), (60, 87), (56, 88), (57, 88), (58, 88), (53, 89), (54, 89), (55, 89), (70, 89), (52, 91), (69, 91), (51, 94), (68, 94), (50, 96), (67, 97), (49, 99), (66, 99), (48, 102), (64, 102), (65, 102), (66, 102), (62, 103), (63, 103), (47, 104), (59, 104), (60, 104), (61, 104), (56, 105), (57, 105), (58, 105), (54, 106), (55, 106), (46, 107), (47, 107), (51, 107), (52, 107), (53, 107), (48, 108), (49, 108), (50, 108)]
[(64, 102), (65, 102), (66, 102), (62, 103), (63, 103), (67, 103), (59, 104), (60, 104), (61, 104), (56, 105), (57, 105), (58, 105), (66, 105), (54, 106), (55, 106), (51, 107), (52, 107), (53, 107), (48, 108), (49, 108), (50, 108), (65, 108), (47, 110), (64, 110), (46, 113), (63, 113)]
[(83, 97), (84, 97), (85, 97), (81, 98), (82, 98), (86, 98), (78, 99), (79, 99), (80, 99), (75, 100), (76, 100), (77, 100), (85, 100), (73, 101), (74, 101), (70, 102), (71, 102), (72, 102), (67, 103), (68, 103), (69, 103), (84, 103), (66, 105), (83, 105), (65, 108), (82, 108), (64, 110), (81, 111), (63, 113), (80, 113)]
[(97, 111), (98, 111), (99, 111), (95, 112), (96, 112), (100, 112), (92, 113), (93, 113), (94, 113), (89, 114), (90, 114), (91, 114), (99, 114)]
[(3, 65), (4, 65), (5, 65), (1, 66), (2, 66), (6, 66), (0, 67), (5, 68), (4, 71), (3, 73), (2, 76), (1, 79), (0, 81), (0, 84)]
[(0, 84), (1, 85), (0, 87)]
[(17, 79), (18, 79), (19, 79), (15, 80), (16, 80), (20, 80), (12, 81), (13, 81), (14, 81), (9, 82), (10, 82), (11, 82), (19, 82), (7, 83), (8, 83), (4, 84), (5, 84), (6, 84), (1, 85), (2, 85), (3, 85), (18, 85), (0, 87), (17, 87), (16, 90), (15, 93), (14, 95), (12, 98), (13, 98), (14, 98), (10, 99), (11, 99), (7, 100), (8, 100), (9, 100), (4, 101), (5, 101), (6, 101), (2, 102), (3, 102), (0, 103), (1, 103)]
[(12, 98), (13, 98), (14, 98), (10, 99), (11, 99), (15, 99), (7, 100), (8, 100), (9, 100), (4, 101), (5, 101), (6, 101), (14, 101), (2, 102), (3, 102), (0, 103), (1, 103), (13, 104), (12, 106), (11, 109), (10, 112), (9, 114)]
[(31, 93), (32, 93), (33, 93), (29, 94), (30, 94), (34, 94), (26, 95), (27, 95), (28, 95), (23, 96), (24, 96), (25, 96), (33, 96), (21, 97), (22, 97), (18, 98), (19, 98), (20, 98), (15, 99), (16, 99), (17, 99), (32, 99), (14, 101), (31, 101), (13, 104), (30, 104), (12, 106), (29, 107), (11, 109), (28, 109), (10, 112), (26, 112), (27, 112), (28, 112), (24, 113), (25, 113), (9, 114), (21, 114), (22, 114), (23, 114)]
[(26, 112), (27, 112), (28, 112), (24, 113), (25, 113), (29, 113), (21, 114), (22, 114), (23, 114)]
[(45, 107), (46, 107), (47, 107), (43, 108), (44, 108), (48, 108), (40, 109), (41, 109), (42, 109), (37, 110), (38, 110), (39, 110), (47, 110), (35, 111), (36, 111), (32, 112), (33, 112), (34, 112), (29, 113), (30, 113), (31, 113), (46, 113)]
