[(114, 49), (113, 51), (112, 54), (111, 56), (110, 58), (109, 60), (108, 62), (108, 63), (109, 64), (110, 65), (111, 66), (112, 67), (113, 68), (114, 69)]
[(63, 18), (61, 19), (62, 19), (64, 19), (59, 20), (60, 20), (65, 20), (57, 21), (58, 21), (66, 21), (55, 22), (56, 22), (67, 22), (52, 23), (53, 23), (54, 23), (68, 23), (50, 24), (51, 24), (69, 24), (48, 25), (49, 25), (70, 25), (46, 26), (47, 26), (71, 26), (44, 27), (45, 27), (72, 27), (42, 28), (43, 28), (73, 28), (40, 29), (41, 29), (74, 29), (38, 30), (39, 30), (75, 30), (36, 31), (37, 31), (76, 31), (34, 32), (35, 32), (77, 32), (31, 33), (32, 33), (33, 33), (76, 34), (30, 35), (75, 36), (29, 37), (74, 38), (28, 39), (73, 40), (27, 41), (72, 42), (26, 43), (71, 44), (25, 45), (70, 46), (24, 47), (69, 48), (23, 49), (68, 50), (22, 51), (67, 52), (21, 53), (66, 55), (20, 56), (65, 57), (19, 58), (64, 59), (18, 60), (63, 61), (17, 62), (62, 63), (16, 64), (62, 64), (16, 65), (60, 65), (61, 65), (17, 66), (58, 66), (59, 66), (18, 67), (56, 67), (57, 67), (19, 68), (54, 68), (55, 68), (20, 69), (51, 69), (52, 69), (53, 69), (21, 70), (49, 70), (50, 70), (22, 71), (47, 71), (48, 71), (23, 72), (45, 72), (46, 72), (24, 73), (43, 73), (44, 73), (25, 74), (41, 74), (42, 74), (26, 75), (39, 75), (40, 75), (27, 76), (37, 76), (38, 76), (28, 77), (35, 77), (36, 77), (29, 78), (33, 78), (34, 78), (30, 79), (31, 79), (32, 79)]
[(109, 17), (107, 18), (108, 18), (110, 18), (105, 19), (106, 19), (111, 19), (103, 20), (104, 20), (112, 20), (101, 21), (102, 21), (113, 21), (98, 22), (99, 22), (100, 22), (114, 22), (96, 23), (97, 23), (94, 24), (95, 24), (92, 25), (93, 25), (90, 26), (91, 26), (88, 27), (89, 27), (86, 28), (87, 28), (84, 29), (85, 29), (82, 30), (83, 30), (80, 31), (81, 31), (77, 32), (78, 32), (79, 32), (76, 34), (75, 36), (74, 38), (73, 40), (72, 42), (71, 44), (70, 46), (69, 48), (114, 49), (68, 50), (113, 51), (67, 52), (112, 54), (66, 55), (111, 56), (65, 57), (110, 58), (64, 59), (109, 60), (63, 61), (108, 62), (62, 63), (108, 63), (62, 64), (106, 64), (107, 64), (63, 65), (104, 65), (105, 65), (64, 66), (102, 66), (103, 66), (65, 67), (100, 67), (101, 67), (66, 68), (97, 68), (98, 68), (99, 68), (67, 69), (95, 69), (96, 69), (68, 70), (93, 70), (94, 70), (69, 71), (91, 71), (92, 71), (70, 72), (89, 72), (90, 72), (71, 73), (87, 73), (88, 73), (72, 74), (85, 74), (86, 74), (73, 75), (83, 75), (84, 75), (74, 76), (81, 76), (82, 76), (75, 77), (79, 77), (80, 77), (76, 78), (77, 78), (78, 78)]
[(108, 63), (106, 64), (107, 64), (109, 64), (104, 65), (105, 65), (110, 65), (102, 66), (103, 66), (111, 66), (100, 67), (101, 67), (112, 67), (97, 68), (98, 68), (99, 68), (113, 68), (95, 69), (96, 69), (114, 69), (93, 70), (94, 70), (91, 71), (92, 71), (89, 72), (90, 72), (87, 73), (88, 73), (85, 74), (86, 74), (83, 75), (84, 75), (81, 76), (82, 76), (79, 77), (80, 77), (76, 78), (77, 78), (78, 78), (75, 80), (74, 82), (73, 84), (72, 86), (71, 88), (70, 90), (69, 92), (114, 93), (68, 94), (113, 95), (67, 96), (112, 97), (66, 98), (111, 100), (65, 101), (110, 102), (64, 103), (109, 104), (63, 105), (108, 106), (62, 107), (107, 108), (61, 109), (107, 109), (61, 110), (105, 110), (106, 110), (62, 111), (103, 111), (104, 111), (63, 112), (101, 112), (102, 112), (64, 113), (99, 113), (100, 113), (65, 114), (96, 114), (97, 114), (98, 114)]
[(114, 93), (113, 95), (112, 97), (111, 100), (110, 102), (109, 104), (108, 106), (107, 108), (107, 109), (108, 110), (109, 111), (110, 112), (111, 113), (112, 114)]
[(16, 65), (14, 66), (15, 66), (17, 66), (12, 67), (13, 67), (18, 67), (10, 68), (11, 68), (19, 68), (8, 69), (9, 69), (20, 69), (5, 70), (6, 70), (7, 70), (21, 70), (3, 71), (4, 71), (22, 71), (1, 72), (2, 72), (23, 72), (0, 73), (24, 73), (25, 74), (26, 75), (27, 76), (28, 77), (29, 78), (30, 79), (29, 81), (28, 83), (27, 85), (26, 87), (25, 89), (24, 91), (23, 93), (22, 95), (21, 97), (20, 99), (19, 102), (18, 104), (17, 106), (16, 108), (15, 110), (15, 111), (13, 112), (14, 112), (11, 113), (12, 113), (9, 114), (10, 114)]
[(62, 64), (60, 65), (61, 65), (63, 65), (58, 66), (59, 66), (64, 66), (56, 67), (57, 67), (65, 67), (54, 68), (55, 68), (66, 68), (51, 69), (52, 69), (53, 69), (67, 69), (49, 70), (50, 70), (68, 70), (47, 71), (48, 71), (69, 71), (45, 72), (46, 72), (70, 72), (43, 73), (44, 73), (71, 73), (41, 74), (42, 74), (72, 74), (39, 75), (40, 75), (73, 75), (37, 76), (38, 76), (74, 76), (35, 77), (36, 77), (75, 77), (33, 78), (34, 78), (76, 78), (30, 79), (31, 79), (32, 79), (75, 80), (29, 81), (74, 82), (28, 83), (73, 84), (27, 85), (72, 86), (26, 87), (71, 88), (25, 89), (70, 90), (24, 91), (69, 92), (23, 93), (68, 94), (22, 95), (67, 96), (21, 97), (66, 98), (20, 99), (65, 101), (19, 102), (64, 103), (18, 104), (63, 105), (17, 106), (62, 107), (16, 108), (61, 109), (15, 110), (61, 110), (15, 111), (59, 111), (60, 111), (16, 112), (57, 112), (58, 112), (17, 113), (55, 113), (56, 113), (18, 114), (53, 114), (54, 114)]
[(61, 110), (59, 111), (60, 111), (62, 111), (57, 112), (58, 112), (63, 112), (55, 113), (56, 113), (64, 113), (53, 114), (54, 114), (65, 114)]
[(107, 109), (105, 110), (106, 110), (108, 110), (103, 111), (104, 111), (109, 111), (101, 112), (102, 112), (110, 112), (99, 113), (100, 113), (111, 113), (96, 114), (97, 114), (98, 114), (112, 114)]
[(15, 111), (13, 112), (14, 112), (16, 112), (11, 113), (12, 113), (17, 113), (9, 114), (10, 114), (18, 114)]
