[(92, 2), (93, 2), (90, 3), (91, 3), (94, 3), (87, 4), (88, 4), (89, 4), (95, 4), (84, 5), (85, 5), (86, 5), (82, 6), (83, 6), (94, 6), (79, 7), (80, 7), (81, 7), (77, 8), (78, 8), (74, 9), (75, 9), (76, 9), (93, 9), (71, 10), (72, 10), (73, 10), (92, 11), (70, 12), (91, 14), (69, 15), (90, 16), (68, 17), (89, 19), (67, 20), (66, 22), (88, 22), (87, 24), (65, 25), (86, 26), (87, 26), (84, 27), (85, 27), (64, 28), (81, 28), (82, 28), (83, 28), (78, 29), (79, 29), (80, 29), (63, 30), (76, 30), (77, 30), (73, 31), (74, 31), (75, 31), (63, 32), (71, 32), (72, 32), (64, 33), (68, 33), (69, 33), (70, 33), (65, 34), (66, 34), (67, 34)]
[(106, 0), (107, 0), (103, 1), (104, 1), (105, 1), (101, 2), (102, 2), (98, 3), (99, 3), (100, 3), (95, 4), (96, 4), (97, 4), (94, 6), (93, 9), (114, 10), (92, 11), (113, 13), (91, 14), (90, 16), (112, 16), (111, 18), (89, 19), (110, 20), (111, 20), (108, 21), (109, 21), (88, 22), (105, 22), (106, 22), (107, 22), (102, 23), (103, 23), (104, 23), (87, 24), (100, 24), (101, 24), (97, 25), (98, 25), (99, 25), (87, 26), (95, 26), (96, 26), (88, 27), (92, 27), (93, 27), (94, 27), (89, 28), (90, 28), (91, 28)]
[(110, 20), (111, 20), (108, 21), (109, 21), (112, 21), (105, 22), (106, 22), (107, 22), (113, 22), (102, 23), (103, 23), (104, 23), (100, 24), (101, 24), (112, 24), (97, 25), (98, 25), (99, 25), (95, 26), (96, 26), (92, 27), (93, 27), (94, 27), (111, 27), (89, 28), (90, 28), (91, 28), (110, 29), (88, 30), (109, 32), (87, 33), (108, 34), (86, 35), (107, 37), (85, 38), (84, 40), (106, 40), (105, 42), (83, 43), (104, 44), (105, 44), (102, 45), (103, 45), (82, 46), (99, 46), (100, 46), (101, 46), (96, 47), (97, 47), (98, 47), (81, 48), (94, 48), (95, 48), (91, 49), (92, 49), (93, 49), (81, 50), (89, 50), (90, 50), (82, 51), (86, 51), (87, 51), (88, 51), (83, 52), (84, 52), (85, 52)]
[(113, 22), (114, 22), (112, 24), (111, 27), (110, 29), (109, 32), (108, 34), (107, 37), (106, 40), (105, 42), (105, 44), (113, 44), (114, 44), (106, 45), (110, 45), (111, 45), (112, 45), (107, 46), (108, 46), (109, 46)]
[(113, 44), (114, 44), (110, 45), (111, 45), (112, 45), (107, 46), (108, 46), (109, 46), (106, 48), (105, 51), (104, 53), (103, 56), (102, 58), (101, 61), (100, 64), (114, 65), (99, 66), (112, 66), (113, 66), (109, 67), (110, 67), (111, 67), (99, 68), (107, 68), (108, 68), (100, 69), (104, 69), (105, 69), (106, 69), (101, 70), (102, 70), (103, 70)]
[(44, 14), (45, 14), (42, 15), (43, 15), (46, 15), (39, 16), (40, 16), (41, 16), (47, 16), (36, 17), (37, 17), (38, 17), (34, 18), (35, 18), (46, 18), (31, 19), (32, 19), (33, 19), (29, 20), (30, 20), (26, 21), (27, 21), (28, 21), (45, 21), (23, 22), (24, 22), (25, 22), (44, 23), (22, 24), (43, 26), (21, 27), (42, 28), (20, 29), (41, 31), (19, 32), (18, 34), (40, 34), (39, 36), (17, 37), (38, 38), (39, 38), (36, 39), (37, 39), (16, 40), (33, 40), (34, 40), (35, 40), (30, 41), (31, 41), (32, 41), (15, 42), (28, 42), (29, 42), (25, 43), (26, 43), (27, 43), (15, 44), (23, 44), (24, 44), (16, 45), (20, 45), (21, 45), (22, 45), (17, 46), (18, 46), (19, 46)]
[(68, 8), (69, 8), (66, 9), (67, 9), (70, 9), (63, 10), (64, 10), (65, 10), (71, 10), (60, 11), (61, 11), (62, 11), (58, 12), (59, 12), (70, 12), (55, 13), (56, 13), (57, 13), (53, 14), (54, 14), (50, 15), (51, 15), (52, 15), (69, 15), (47, 16), (48, 16), (49, 16), (68, 17), (46, 18), (67, 20), (45, 21), (66, 22), (44, 23), (65, 25), (43, 26), (42, 28), (64, 28), (63, 30), (41, 31), (62, 32), (63, 32), (60, 33), (61, 33), (40, 34), (57, 34), (58, 34), (59, 34), (54, 35), (55, 35), (56, 35), (39, 36), (52, 36), (53, 36), (49, 37), (50, 37), (51, 37), (39, 38), (47, 38), (48, 38), (40, 39), (44, 39), (45, 39), (46, 39), (41, 40), (42, 40), (43, 40)]
[(62, 32), (63, 32), (60, 33), (61, 33), (64, 33), (57, 34), (58, 34), (59, 34), (65, 34), (54, 35), (55, 35), (56, 35), (52, 36), (53, 36), (64, 36), (49, 37), (50, 37), (51, 37), (47, 38), (48, 38), (44, 39), (45, 39), (46, 39), (63, 39), (41, 40), (42, 40), (43, 40), (62, 41), (40, 42), (61, 44), (39, 45), (60, 46), (38, 47), (59, 49), (37, 50), (36, 52), (58, 52), (57, 54), (35, 55), (56, 56), (57, 56), (54, 57), (55, 57), (34, 58), (51, 58), (52, 58), (53, 58), (48, 59), (49, 59), (50, 59), (33, 60), (46, 60), (47, 60), (43, 61), (44, 61), (45, 61), (33, 62), (41, 62), (42, 62), (34, 63), (38, 63), (39, 63), (40, 63), (35, 64), (36, 64), (37, 64)]
[(86, 26), (87, 26), (84, 27), (85, 27), (88, 27), (81, 28), (82, 28), (83, 28), (89, 28), (78, 29), (79, 29), (80, 29), (76, 30), (77, 30), (88, 30), (73, 31), (74, 31), (75, 31), (71, 32), (72, 32), (68, 33), (69, 33), (70, 33), (87, 33), (65, 34), (66, 34), (67, 34), (86, 35), (64, 36), (85, 38), (63, 39), (84, 40), (62, 41), (83, 43), (61, 44), (60, 46), (82, 46), (81, 48), (59, 49), (80, 50), (81, 50), (78, 51), (79, 51), (58, 52), (75, 52), (76, 52), (77, 52), (72, 53), (73, 53), (74, 53), (57, 54), (70, 54), (71, 54), (67, 55), (68, 55), (69, 55), (57, 56), (65, 56), (66, 56), (58, 57), (62, 57), (63, 57), (64, 57), (59, 58), (60, 58), (61, 58)]
[(80, 50), (81, 50), (78, 51), (79, 51), (82, 51), (75, 52), (76, 52), (77, 52), (83, 52), (72, 53), (73, 53), (74, 53), (70, 54), (71, 54), (82, 54), (67, 55), (68, 55), (69, 55), (65, 56), (66, 56), (62, 57), (63, 57), (64, 57), (81, 57), (59, 58), (60, 58), (61, 58), (80, 59), (58, 60), (79, 62), (57, 63), (78, 64), (56, 65), (77, 67), (55, 68), (54, 70), (76, 70), (75, 72), (53, 73), (74, 74), (75, 74), (72, 75), (73, 75), (52, 76), (69, 76), (70, 76), (71, 76), (66, 77), (67, 77), (68, 77), (51, 78), (64, 78), (65, 78), (61, 79), (62, 79), (63, 79), (51, 80), (59, 80), (60, 80), (52, 81), (56, 81), (57, 81), (58, 81), (53, 82), (54, 82), (55, 82)]
[(104, 44), (105, 44), (102, 45), (103, 45), (106, 45), (99, 46), (100, 46), (101, 46), (107, 46), (96, 47), (97, 47), (98, 47), (94, 48), (95, 48), (106, 48), (91, 49), (92, 49), (93, 49), (89, 50), (90, 50), (86, 51), (87, 51), (88, 51), (105, 51), (83, 52), (84, 52), (85, 52), (104, 53), (82, 54), (103, 56), (81, 57), (102, 58), (80, 59), (101, 61), (79, 62), (78, 64), (100, 64), (99, 66), (77, 67), (98, 68), (99, 68), (96, 69), (97, 69), (76, 70), (93, 70), (94, 70), (95, 70), (90, 71), (91, 71), (92, 71), (75, 72), (88, 72), (89, 72), (85, 73), (86, 73), (87, 73), (75, 74), (83, 74), (84, 74), (76, 75), (80, 75), (81, 75), (82, 75), (77, 76), (78, 76), (79, 76)]
[(98, 68), (99, 68), (96, 69), (97, 69), (100, 69), (93, 70), (94, 70), (95, 70), (101, 70), (90, 71), (91, 71), (92, 71), (88, 72), (89, 72), (100, 72), (85, 73), (86, 73), (87, 73), (83, 74), (84, 74), (80, 75), (81, 75), (82, 75), (99, 75), (77, 76), (78, 76), (79, 76), (98, 77), (76, 78), (97, 80), (75, 81), (96, 82), (74, 83), (95, 85), (73, 86), (72, 88), (94, 88), (93, 90), (71, 91), (92, 92), (93, 92), (90, 93), (91, 93), (70, 94), (87, 94), (88, 94), (89, 94), (84, 95), (85, 95), (86, 95), (69, 96), (82, 96), (83, 96), (79, 97), (80, 97), (81, 97), (69, 98), (77, 98), (78, 98), (70, 99), (74, 99), (75, 99), (76, 99), (71, 100), (72, 100), (73, 100)]
[(114, 65), (112, 66), (113, 66), (109, 67), (110, 67), (111, 67), (107, 68), (108, 68), (104, 69), (105, 69), (106, 69), (101, 70), (102, 70), (103, 70), (100, 72), (99, 75), (98, 77), (97, 80), (96, 82), (95, 85), (114, 87), (94, 88), (111, 88), (112, 88), (113, 88), (108, 89), (109, 89), (110, 89), (93, 90), (106, 90), (107, 90), (103, 91), (104, 91), (105, 91), (93, 92), (101, 92), (102, 92), (94, 93), (98, 93), (99, 93), (100, 93), (95, 94), (96, 94), (97, 94)]
[(114, 87), (111, 88), (112, 88), (113, 88), (108, 89), (109, 89), (110, 89), (106, 90), (107, 90), (103, 91), (104, 91), (105, 91), (101, 92), (102, 92), (98, 93), (99, 93), (100, 93), (95, 94), (96, 94), (97, 94), (94, 96), (93, 99), (114, 100), (92, 101), (113, 103), (91, 104), (90, 106), (112, 106), (111, 108), (89, 109), (110, 110), (111, 110), (108, 111), (109, 111), (88, 112), (105, 112), (106, 112), (107, 112), (102, 113), (103, 113), (104, 113), (87, 114), (100, 114), (101, 114)]
[(114, 100), (113, 103), (112, 106), (111, 108), (111, 110), (112, 111), (113, 112), (114, 112)]
[(113, 112), (114, 112), (112, 114)]
[(14, 44), (15, 44), (12, 45), (13, 45), (16, 45), (9, 46), (10, 46), (11, 46), (17, 46), (6, 47), (7, 47), (8, 47), (4, 48), (5, 48), (16, 48), (1, 49), (2, 49), (3, 49), (0, 50), (15, 51), (14, 53), (13, 56), (12, 58), (11, 61), (10, 64), (9, 66), (8, 68), (9, 68), (6, 69), (7, 69), (3, 70), (4, 70), (5, 70), (0, 71), (1, 71), (2, 71)]
[(38, 38), (39, 38), (36, 39), (37, 39), (40, 39), (33, 40), (34, 40), (35, 40), (41, 40), (30, 41), (31, 41), (32, 41), (28, 42), (29, 42), (40, 42), (25, 43), (26, 43), (27, 43), (23, 44), (24, 44), (20, 45), (21, 45), (22, 45), (39, 45), (17, 46), (18, 46), (19, 46), (38, 47), (16, 48), (37, 50), (15, 51), (36, 52), (14, 53), (35, 55), (13, 56), (12, 58), (34, 58), (33, 60), (11, 61), (32, 62), (33, 62), (30, 63), (31, 63), (10, 64), (27, 64), (28, 64), (29, 64), (24, 65), (25, 65), (26, 65), (9, 66), (22, 66), (23, 66), (19, 67), (20, 67), (21, 67), (9, 68), (17, 68), (18, 68), (10, 69), (14, 69), (15, 69), (16, 69), (11, 70), (12, 70), (13, 70)]
[(32, 62), (33, 62), (30, 63), (31, 63), (34, 63), (27, 64), (28, 64), (29, 64), (35, 64), (24, 65), (25, 65), (26, 65), (22, 66), (23, 66), (34, 66), (19, 67), (20, 67), (21, 67), (17, 68), (18, 68), (14, 69), (15, 69), (16, 69), (33, 69), (11, 70), (12, 70), (13, 70), (32, 71), (10, 72), (31, 74), (9, 75), (30, 76), (8, 77), (29, 79), (7, 80), (6, 82), (28, 82), (27, 84), (5, 85), (26, 86), (27, 86), (24, 87), (25, 87), (4, 88), (21, 88), (22, 88), (23, 88), (18, 89), (19, 89), (20, 89), (3, 90), (16, 90), (17, 90), (13, 91), (14, 91), (15, 91), (3, 92), (11, 92), (12, 92), (4, 93), (8, 93), (9, 93), (10, 93), (5, 94), (6, 94), (7, 94)]
[(56, 56), (57, 56), (54, 57), (55, 57), (58, 57), (51, 58), (52, 58), (53, 58), (59, 58), (48, 59), (49, 59), (50, 59), (46, 60), (47, 60), (58, 60), (43, 61), (44, 61), (45, 61), (41, 62), (42, 62), (38, 63), (39, 63), (40, 63), (57, 63), (35, 64), (36, 64), (37, 64), (56, 65), (34, 66), (55, 68), (33, 69), (54, 70), (32, 71), (53, 73), (31, 74), (30, 76), (52, 76), (51, 78), (29, 79), (50, 80), (51, 80), (48, 81), (49, 81), (28, 82), (45, 82), (46, 82), (47, 82), (42, 83), (43, 83), (44, 83), (27, 84), (40, 84), (41, 84), (37, 85), (38, 85), (39, 85), (27, 86), (35, 86), (36, 86), (28, 87), (32, 87), (33, 87), (34, 87), (29, 88), (30, 88), (31, 88)]
[(50, 80), (51, 80), (48, 81), (49, 81), (52, 81), (45, 82), (46, 82), (47, 82), (53, 82), (42, 83), (43, 83), (44, 83), (40, 84), (41, 84), (52, 84), (37, 85), (38, 85), (39, 85), (35, 86), (36, 86), (32, 87), (33, 87), (34, 87), (51, 87), (29, 88), (30, 88), (31, 88), (50, 89), (28, 90), (49, 92), (27, 93), (48, 94), (26, 95), (47, 97), (25, 98), (24, 100), (46, 100), (45, 102), (23, 103), (44, 104), (45, 104), (42, 105), (43, 105), (22, 106), (39, 106), (40, 106), (41, 106), (36, 107), (37, 107), (38, 107), (21, 108), (34, 108), (35, 108), (31, 109), (32, 109), (33, 109), (21, 110), (29, 110), (30, 110), (22, 111), (26, 111), (27, 111), (28, 111), (23, 112), (24, 112), (25, 112)]
[(74, 74), (75, 74), (72, 75), (73, 75), (76, 75), (69, 76), (70, 76), (71, 76), (77, 76), (66, 77), (67, 77), (68, 77), (64, 78), (65, 78), (76, 78), (61, 79), (62, 79), (63, 79), (59, 80), (60, 80), (56, 81), (57, 81), (58, 81), (75, 81), (53, 82), (54, 82), (55, 82), (74, 83), (52, 84), (73, 86), (51, 87), (72, 88), (50, 89), (71, 91), (49, 92), (48, 94), (70, 94), (69, 96), (47, 97), (68, 98), (69, 98), (66, 99), (67, 99), (46, 100), (63, 100), (64, 100), (65, 100), (60, 101), (61, 101), (62, 101), (45, 102), (58, 102), (59, 102), (55, 103), (56, 103), (57, 103), (45, 104), (53, 104), (54, 104), (46, 105), (50, 105), (51, 105), (52, 105), (47, 106), (48, 106), (49, 106)]
[(68, 98), (69, 98), (66, 99), (67, 99), (70, 99), (63, 100), (64, 100), (65, 100), (71, 100), (60, 101), (61, 101), (62, 101), (58, 102), (59, 102), (70, 102), (55, 103), (56, 103), (57, 103), (53, 104), (54, 104), (50, 105), (51, 105), (52, 105), (69, 105), (47, 106), (48, 106), (49, 106), (68, 107), (46, 108), (67, 110), (45, 111), (66, 112), (44, 113)]
[(92, 92), (93, 92), (90, 93), (91, 93), (94, 93), (87, 94), (88, 94), (89, 94), (95, 94), (84, 95), (85, 95), (86, 95), (82, 96), (83, 96), (94, 96), (79, 97), (80, 97), (81, 97), (77, 98), (78, 98), (74, 99), (75, 99), (76, 99), (93, 99), (71, 100), (72, 100), (73, 100), (92, 101), (70, 102), (91, 104), (69, 105), (90, 106), (68, 107), (89, 109), (67, 110), (66, 112), (88, 112), (87, 114)]
[(110, 110), (111, 110), (108, 111), (109, 111), (112, 111), (105, 112), (106, 112), (107, 112), (113, 112), (102, 113), (103, 113), (104, 113), (100, 114), (101, 114), (112, 114)]
[(8, 68), (9, 68), (6, 69), (7, 69), (10, 69), (3, 70), (4, 70), (5, 70), (11, 70), (0, 71), (1, 71), (2, 71), (10, 72), (9, 75), (8, 77), (7, 80), (6, 82), (5, 85), (4, 88), (3, 90), (2, 92), (3, 92), (0, 93), (1, 93)]
[(2, 92), (3, 92), (0, 93), (1, 93), (4, 93), (5, 94), (4, 96), (3, 99), (2, 101), (1, 104), (0, 106)]
[(26, 86), (27, 86), (24, 87), (25, 87), (28, 87), (21, 88), (22, 88), (23, 88), (29, 88), (18, 89), (19, 89), (20, 89), (16, 90), (17, 90), (28, 90), (13, 91), (14, 91), (15, 91), (11, 92), (12, 92), (8, 93), (9, 93), (10, 93), (27, 93), (5, 94), (6, 94), (7, 94), (26, 95), (4, 96), (25, 98), (3, 99), (24, 100), (2, 101), (23, 103), (1, 104), (0, 106), (22, 106), (21, 108), (20, 110), (21, 110), (18, 111), (19, 111), (15, 112), (16, 112), (17, 112), (12, 113), (13, 113), (14, 113), (10, 114), (11, 114)]
[(20, 110), (21, 110), (18, 111), (19, 111), (22, 111), (15, 112), (16, 112), (17, 112), (23, 112), (12, 113), (13, 113), (14, 113), (10, 114), (11, 114), (22, 114)]
[(44, 104), (45, 104), (42, 105), (43, 105), (46, 105), (39, 106), (40, 106), (41, 106), (47, 106), (36, 107), (37, 107), (38, 107), (34, 108), (35, 108), (46, 108), (31, 109), (32, 109), (33, 109), (29, 110), (30, 110), (26, 111), (27, 111), (28, 111), (45, 111), (23, 112), (24, 112), (25, 112), (44, 113), (22, 114)]
