[(88, 38), (89, 38), (90, 38), (91, 38), (85, 39), (86, 39), (87, 39), (92, 39), (81, 40), (82, 40), (83, 40), (84, 40), (93, 40), (78, 41), (79, 41), (80, 41), (94, 41), (74, 42), (75, 42), (76, 42), (77, 42), (95, 42), (96, 43), (97, 44), (73, 45), (96, 47), (72, 48), (95, 50), (71, 52), (94, 54), (70, 55), (93, 57), (69, 59), (70, 59), (71, 60), (72, 61), (90, 61), (91, 61), (92, 61), (93, 61), (73, 62), (87, 62), (88, 62), (89, 62), (74, 63), (83, 63), (84, 63), (85, 63), (86, 63), (75, 64), (80, 64), (81, 64), (82, 64), (76, 65), (77, 65), (78, 65), (79, 65)]
[(111, 40), (112, 40), (113, 40), (114, 40), (108, 41), (109, 41), (110, 41), (104, 42), (105, 42), (106, 42), (107, 42), (101, 43), (102, 43), (103, 43), (97, 44), (98, 44), (99, 44), (100, 44), (96, 47), (95, 50), (94, 54), (93, 57), (92, 61), (93, 61), (94, 62), (95, 63), (113, 63), (114, 63), (96, 64), (110, 64), (111, 64), (112, 64), (97, 65), (106, 65), (107, 65), (108, 65), (109, 65), (98, 66), (103, 66), (104, 66), (105, 66), (99, 67), (100, 67), (101, 67), (102, 67)]
[(113, 63), (114, 63), (110, 64), (111, 64), (112, 64), (106, 65), (107, 65), (108, 65), (109, 65), (103, 66), (104, 66), (105, 66), (99, 67), (100, 67), (101, 67), (102, 67), (98, 70), (97, 73), (96, 77), (95, 80), (94, 84), (95, 84), (96, 85), (97, 86), (98, 87), (112, 87), (113, 87), (114, 87), (99, 88), (108, 88), (109, 88), (110, 88), (111, 88), (100, 89), (105, 89), (106, 89), (107, 89), (101, 90), (102, 90), (103, 90), (104, 90)]
[(42, 34), (43, 34), (44, 34), (45, 34), (39, 35), (40, 35), (41, 35), (46, 35), (35, 36), (36, 36), (37, 36), (38, 36), (47, 36), (32, 37), (33, 37), (34, 37), (48, 37), (28, 38), (29, 38), (30, 38), (31, 38), (49, 38), (50, 39), (51, 40), (27, 41), (50, 43), (26, 44), (49, 46), (25, 48), (48, 50), (24, 51), (47, 53), (23, 55), (24, 55), (25, 56), (26, 57), (44, 57), (45, 57), (46, 57), (47, 57), (27, 58), (41, 58), (42, 58), (43, 58), (28, 59), (37, 59), (38, 59), (39, 59), (40, 59), (29, 60), (34, 60), (35, 60), (36, 60), (30, 61), (31, 61), (32, 61), (33, 61)]
[(65, 36), (66, 36), (67, 36), (68, 36), (62, 37), (63, 37), (64, 37), (69, 37), (58, 38), (59, 38), (60, 38), (61, 38), (70, 38), (55, 39), (56, 39), (57, 39), (71, 39), (51, 40), (52, 40), (53, 40), (54, 40), (72, 40), (73, 41), (74, 42), (50, 43), (73, 45), (49, 46), (72, 48), (48, 50), (71, 52), (47, 53), (70, 55), (46, 57), (47, 57), (48, 58), (49, 59), (67, 59), (68, 59), (69, 59), (70, 59), (50, 60), (64, 60), (65, 60), (66, 60), (51, 61), (60, 61), (61, 61), (62, 61), (63, 61), (52, 62), (57, 62), (58, 62), (59, 62), (53, 63), (54, 63), (55, 63), (56, 63)]
[(67, 59), (68, 59), (69, 59), (70, 59), (64, 60), (65, 60), (66, 60), (71, 60), (60, 61), (61, 61), (62, 61), (63, 61), (72, 61), (57, 62), (58, 62), (59, 62), (73, 62), (53, 63), (54, 63), (55, 63), (56, 63), (74, 63), (75, 64), (76, 65), (52, 66), (75, 68), (51, 69), (74, 71), (50, 73), (73, 75), (49, 76), (72, 78), (48, 80), (49, 80), (50, 81), (51, 82), (69, 82), (70, 82), (71, 82), (72, 82), (52, 83), (66, 83), (67, 83), (68, 83), (53, 84), (62, 84), (63, 84), (64, 84), (65, 84), (54, 85), (59, 85), (60, 85), (61, 85), (55, 86), (56, 86), (57, 86), (58, 86)]
[(90, 61), (91, 61), (92, 61), (93, 61), (87, 62), (88, 62), (89, 62), (94, 62), (83, 63), (84, 63), (85, 63), (86, 63), (95, 63), (80, 64), (81, 64), (82, 64), (96, 64), (76, 65), (77, 65), (78, 65), (79, 65), (97, 65), (98, 66), (99, 67), (75, 68), (98, 70), (74, 71), (97, 73), (73, 75), (96, 77), (72, 78), (95, 80), (71, 82), (72, 82), (73, 83), (74, 84), (92, 84), (93, 84), (94, 84), (95, 84), (75, 85), (89, 85), (90, 85), (91, 85), (76, 86), (85, 86), (86, 86), (87, 86), (88, 86), (77, 87), (82, 87), (83, 87), (84, 87), (78, 88), (79, 88), (80, 88), (81, 88)]
[(92, 84), (93, 84), (94, 84), (95, 84), (89, 85), (90, 85), (91, 85), (96, 85), (85, 86), (86, 86), (87, 86), (88, 86), (97, 86), (82, 87), (83, 87), (84, 87), (98, 87), (78, 88), (79, 88), (80, 88), (81, 88), (99, 88), (100, 89), (101, 90), (77, 91), (100, 93), (76, 94), (99, 96), (75, 98), (98, 100), (74, 101), (97, 103), (73, 105), (74, 105), (75, 106), (76, 107), (94, 107), (95, 107), (96, 107), (97, 107), (77, 108), (91, 108), (92, 108), (93, 108), (78, 109), (87, 109), (88, 109), (89, 109), (90, 109), (79, 110), (84, 110), (85, 110), (86, 110), (80, 111), (81, 111), (82, 111), (83, 111)]
[(112, 87), (113, 87), (114, 87), (108, 88), (109, 88), (110, 88), (111, 88), (105, 89), (106, 89), (107, 89), (101, 90), (102, 90), (103, 90), (104, 90), (100, 93), (99, 96), (98, 100), (97, 103), (96, 107), (97, 107), (98, 108), (99, 109), (100, 110), (114, 110), (101, 111), (110, 111), (111, 111), (112, 111), (113, 111), (102, 112), (107, 112), (108, 112), (109, 112), (103, 113), (104, 113), (105, 113), (106, 113)]
[(114, 110), (110, 111), (111, 111), (112, 111), (113, 111), (107, 112), (108, 112), (109, 112), (103, 113), (104, 113), (105, 113), (106, 113)]
[(21, 55), (22, 55), (23, 55), (24, 55), (18, 56), (19, 56), (20, 56), (25, 56), (14, 57), (15, 57), (16, 57), (17, 57), (26, 57), (11, 58), (12, 58), (13, 58), (27, 58), (7, 59), (8, 59), (9, 59), (10, 59), (28, 59), (29, 60), (30, 61), (6, 62), (29, 64), (5, 65), (28, 67), (4, 69), (27, 71), (3, 72), (26, 74), (2, 76), (3, 76), (4, 77), (5, 78), (23, 78), (24, 78), (25, 78), (26, 78), (6, 79), (20, 79), (21, 79), (22, 79), (7, 80), (16, 80), (17, 80), (18, 80), (19, 80), (8, 81), (13, 81), (14, 81), (15, 81), (9, 82), (10, 82), (11, 82), (12, 82)]
[(44, 57), (45, 57), (46, 57), (47, 57), (41, 58), (42, 58), (43, 58), (48, 58), (37, 59), (38, 59), (39, 59), (40, 59), (49, 59), (34, 60), (35, 60), (36, 60), (50, 60), (30, 61), (31, 61), (32, 61), (33, 61), (51, 61), (52, 62), (53, 63), (29, 64), (52, 66), (28, 67), (51, 69), (27, 71), (50, 73), (26, 74), (49, 76), (25, 78), (26, 78), (27, 79), (28, 80), (46, 80), (47, 80), (48, 80), (49, 80), (29, 81), (43, 81), (44, 81), (45, 81), (30, 82), (39, 82), (40, 82), (41, 82), (42, 82), (31, 83), (36, 83), (37, 83), (38, 83), (32, 84), (33, 84), (34, 84), (35, 84)]
[(46, 80), (47, 80), (48, 80), (49, 80), (43, 81), (44, 81), (45, 81), (50, 81), (39, 82), (40, 82), (41, 82), (42, 82), (51, 82), (36, 83), (37, 83), (38, 83), (52, 83), (32, 84), (33, 84), (34, 84), (35, 84), (53, 84), (54, 85), (55, 86), (31, 87), (54, 89), (30, 90), (53, 92), (29, 94), (52, 96), (28, 97), (51, 99), (27, 101), (28, 101), (29, 102), (30, 103), (48, 103), (49, 103), (50, 103), (51, 103), (31, 104), (45, 104), (46, 104), (47, 104), (32, 105), (41, 105), (42, 105), (43, 105), (44, 105), (33, 106), (38, 106), (39, 106), (40, 106), (34, 107), (35, 107), (36, 107), (37, 107)]
[(69, 82), (70, 82), (71, 82), (72, 82), (66, 83), (67, 83), (68, 83), (73, 83), (62, 84), (63, 84), (64, 84), (65, 84), (74, 84), (59, 85), (60, 85), (61, 85), (75, 85), (55, 86), (56, 86), (57, 86), (58, 86), (76, 86), (77, 87), (78, 88), (54, 89), (77, 91), (53, 92), (76, 94), (52, 96), (75, 98), (51, 99), (74, 101), (50, 103), (51, 103), (52, 104), (53, 105), (71, 105), (72, 105), (73, 105), (74, 105), (54, 106), (68, 106), (69, 106), (70, 106), (55, 107), (64, 107), (65, 107), (66, 107), (67, 107), (56, 108), (61, 108), (62, 108), (63, 108), (57, 109), (58, 109), (59, 109), (60, 109)]
[(71, 105), (72, 105), (73, 105), (74, 105), (68, 106), (69, 106), (70, 106), (75, 106), (64, 107), (65, 107), (66, 107), (67, 107), (76, 107), (61, 108), (62, 108), (63, 108), (77, 108), (57, 109), (58, 109), (59, 109), (60, 109), (78, 109), (79, 110), (80, 111), (56, 112), (79, 114)]
[(94, 107), (95, 107), (96, 107), (97, 107), (91, 108), (92, 108), (93, 108), (98, 108), (87, 109), (88, 109), (89, 109), (90, 109), (99, 109), (84, 110), (85, 110), (86, 110), (100, 110), (80, 111), (81, 111), (82, 111), (83, 111), (101, 111), (102, 112), (103, 113), (79, 114)]
[(23, 78), (24, 78), (25, 78), (26, 78), (20, 79), (21, 79), (22, 79), (27, 79), (16, 80), (17, 80), (18, 80), (19, 80), (28, 80), (13, 81), (14, 81), (15, 81), (29, 81), (9, 82), (10, 82), (11, 82), (12, 82), (30, 82), (31, 83), (32, 84), (8, 85), (31, 87), (7, 88), (30, 90), (6, 92), (29, 94), (5, 95), (28, 97), (4, 99), (5, 99), (6, 100), (7, 101), (25, 101), (26, 101), (27, 101), (28, 101), (8, 102), (22, 102), (23, 102), (24, 102), (9, 103), (18, 103), (19, 103), (20, 103), (21, 103), (10, 104), (15, 104), (16, 104), (17, 104), (11, 105), (12, 105), (13, 105), (14, 105)]
[(25, 101), (26, 101), (27, 101), (28, 101), (22, 102), (23, 102), (24, 102), (29, 102), (18, 103), (19, 103), (20, 103), (21, 103), (30, 103), (15, 104), (16, 104), (17, 104), (31, 104), (11, 105), (12, 105), (13, 105), (14, 105), (32, 105), (33, 106), (34, 107), (10, 108), (33, 110), (9, 111), (32, 113)]
[(48, 103), (49, 103), (50, 103), (51, 103), (45, 104), (46, 104), (47, 104), (52, 104), (41, 105), (42, 105), (43, 105), (44, 105), (53, 105), (38, 106), (39, 106), (40, 106), (54, 106), (34, 107), (35, 107), (36, 107), (37, 107), (55, 107), (56, 108), (57, 109), (33, 110), (56, 112), (32, 113)]
