[(113, 51), (114, 51), (109, 52), (110, 52), (111, 52), (112, 52), (108, 55), (107, 58), (106, 62), (105, 65), (104, 68), (104, 69), (105, 70), (106, 71), (107, 72), (108, 73), (109, 74), (110, 75), (111, 76), (112, 76), (113, 76), (114, 76)]
[(78, 43), (75, 44), (76, 44), (77, 44), (79, 44), (72, 45), (73, 45), (74, 45), (80, 45), (68, 46), (69, 46), (70, 46), (71, 46), (81, 46), (65, 47), (66, 47), (67, 47), (82, 47), (61, 48), (62, 48), (63, 48), (64, 48), (83, 48), (84, 49), (85, 50), (60, 51), (84, 53), (59, 54), (83, 56), (58, 58), (82, 60), (57, 61), (81, 63), (56, 64), (56, 65), (57, 66), (80, 66), (58, 67), (80, 67), (59, 68), (77, 68), (78, 68), (79, 68), (60, 69), (74, 69), (75, 69), (76, 69), (61, 70), (70, 70), (71, 70), (72, 70), (73, 70), (62, 71), (67, 71), (68, 71), (69, 71), (63, 72), (64, 72), (65, 72), (66, 72)]
[(102, 45), (99, 46), (100, 46), (101, 46), (103, 46), (96, 47), (97, 47), (98, 47), (104, 47), (92, 48), (93, 48), (94, 48), (95, 48), (105, 48), (89, 49), (90, 49), (91, 49), (106, 49), (85, 50), (86, 50), (87, 50), (88, 50), (107, 50), (108, 51), (109, 52), (84, 53), (108, 55), (83, 56), (107, 58), (82, 60), (106, 62), (81, 63), (105, 65), (80, 66), (80, 67), (81, 68), (104, 68), (82, 69), (104, 69), (83, 70), (101, 70), (102, 70), (103, 70), (84, 71), (98, 71), (99, 71), (100, 71), (85, 72), (94, 72), (95, 72), (96, 72), (97, 72), (86, 73), (91, 73), (92, 73), (93, 73), (87, 74), (88, 74), (89, 74), (90, 74)]
[(104, 69), (101, 70), (102, 70), (103, 70), (105, 70), (98, 71), (99, 71), (100, 71), (106, 71), (94, 72), (95, 72), (96, 72), (97, 72), (107, 72), (91, 73), (92, 73), (93, 73), (108, 73), (87, 74), (88, 74), (89, 74), (90, 74), (109, 74), (110, 75), (111, 76), (86, 77), (110, 79), (85, 80), (109, 82), (84, 84), (108, 86), (83, 87), (107, 89), (82, 90), (82, 91), (83, 92), (106, 92), (84, 93), (106, 93), (85, 94), (103, 94), (104, 94), (105, 94), (86, 95), (100, 95), (101, 95), (102, 95), (87, 96), (96, 96), (97, 96), (98, 96), (99, 96), (88, 97), (93, 97), (94, 97), (95, 97), (89, 98), (90, 98), (91, 98), (92, 98)]
[(111, 76), (112, 76), (113, 76), (114, 76), (110, 79), (109, 82), (108, 86), (107, 89), (106, 92), (106, 93), (107, 94), (108, 95), (109, 96), (110, 97), (111, 98), (112, 99), (113, 100), (114, 100)]
[(113, 100), (114, 100), (112, 103), (111, 106), (110, 110), (109, 113)]
[(56, 65), (53, 66), (54, 66), (55, 66), (57, 66), (50, 67), (51, 67), (52, 67), (58, 67), (46, 68), (47, 68), (48, 68), (49, 68), (59, 68), (43, 69), (44, 69), (45, 69), (60, 69), (39, 70), (40, 70), (41, 70), (42, 70), (61, 70), (62, 71), (63, 72), (38, 73), (62, 75), (37, 76), (61, 78), (36, 80), (60, 82), (35, 83), (59, 85), (34, 86), (34, 87), (35, 88), (58, 88), (36, 89), (58, 89), (37, 90), (55, 90), (56, 90), (57, 90), (38, 91), (52, 91), (53, 91), (54, 91), (39, 92), (48, 92), (49, 92), (50, 92), (51, 92), (40, 93), (45, 93), (46, 93), (47, 93), (41, 94), (42, 94), (43, 94), (44, 94)]
[(80, 67), (77, 68), (78, 68), (79, 68), (81, 68), (74, 69), (75, 69), (76, 69), (82, 69), (70, 70), (71, 70), (72, 70), (73, 70), (83, 70), (67, 71), (68, 71), (69, 71), (84, 71), (63, 72), (64, 72), (65, 72), (66, 72), (85, 72), (86, 73), (87, 74), (62, 75), (86, 77), (61, 78), (85, 80), (60, 82), (84, 84), (59, 85), (83, 87), (58, 88), (58, 89), (59, 90), (82, 90), (60, 91), (82, 91), (61, 92), (79, 92), (80, 92), (81, 92), (62, 93), (76, 93), (77, 93), (78, 93), (63, 94), (72, 94), (73, 94), (74, 94), (75, 94), (64, 95), (69, 95), (70, 95), (71, 95), (65, 96), (66, 96), (67, 96), (68, 96)]
[(82, 91), (79, 92), (80, 92), (81, 92), (83, 92), (76, 93), (77, 93), (78, 93), (84, 93), (72, 94), (73, 94), (74, 94), (75, 94), (85, 94), (69, 95), (70, 95), (71, 95), (86, 95), (65, 96), (66, 96), (67, 96), (68, 96), (87, 96), (88, 97), (89, 98), (64, 99), (88, 101), (63, 102), (87, 104), (62, 106), (86, 108), (61, 109), (85, 111), (60, 112), (60, 113), (61, 114), (84, 114)]
[(106, 93), (103, 94), (104, 94), (105, 94), (107, 94), (100, 95), (101, 95), (102, 95), (108, 95), (96, 96), (97, 96), (98, 96), (99, 96), (109, 96), (93, 97), (94, 97), (95, 97), (110, 97), (89, 98), (90, 98), (91, 98), (92, 98), (111, 98), (112, 99), (113, 100), (88, 101), (112, 103), (87, 104), (111, 106), (86, 108), (110, 110), (85, 111), (109, 113), (84, 114)]
[(58, 89), (55, 90), (56, 90), (57, 90), (59, 90), (52, 91), (53, 91), (54, 91), (60, 91), (48, 92), (49, 92), (50, 92), (51, 92), (61, 92), (45, 93), (46, 93), (47, 93), (62, 93), (41, 94), (42, 94), (43, 94), (44, 94), (63, 94), (64, 95), (65, 96), (40, 97), (64, 99), (39, 100), (63, 102), (38, 104), (62, 106), (37, 107), (61, 109), (36, 110), (36, 111), (37, 112), (60, 112), (38, 113), (60, 113), (39, 114), (57, 114), (58, 114), (59, 114)]
[(60, 113), (57, 114), (58, 114), (59, 114), (61, 114)]
