[(89, 0), (90, 0), (105, 0), (87, 1), (88, 1), (85, 2), (86, 2), (104, 2), (82, 3), (83, 3), (84, 3), (103, 4), (81, 5), (102, 6), (80, 7), (101, 8), (79, 9), (100, 10), (78, 11), (99, 12), (77, 13), (98, 14), (76, 15), (97, 16), (75, 17), (96, 18), (97, 18), (74, 19), (94, 19), (95, 19), (92, 20), (93, 20), (73, 21), (90, 21), (91, 21), (88, 22), (89, 22), (72, 23), (86, 23), (87, 23), (84, 24), (85, 24), (71, 25), (72, 25), (82, 25), (83, 25), (73, 26), (80, 26), (81, 26), (74, 27), (78, 27), (79, 27), (75, 28), (76, 28), (77, 28)]
[(105, 0), (104, 2), (103, 4), (102, 6), (101, 8), (100, 10), (99, 12), (98, 14), (113, 15), (114, 15), (97, 16), (111, 16), (112, 16), (109, 17), (110, 17), (96, 18), (97, 18), (107, 18), (108, 18), (98, 19), (105, 19), (106, 19), (99, 20), (103, 20), (104, 20), (100, 21), (101, 21), (102, 21)]
[(113, 15), (114, 15), (111, 16), (112, 16), (109, 17), (110, 17), (107, 18), (108, 18), (105, 19), (106, 19), (103, 20), (104, 20), (100, 21), (101, 21), (102, 21), (99, 23), (98, 25), (97, 27), (96, 29), (95, 31), (94, 33), (93, 35), (114, 36), (92, 37), (112, 37), (113, 37), (110, 38), (111, 38), (91, 39), (108, 39), (109, 39), (106, 40), (107, 40), (90, 41), (104, 41), (105, 41), (102, 42), (103, 42), (89, 43), (90, 43), (100, 43), (101, 43), (91, 44), (98, 44), (99, 44), (92, 45), (96, 45), (97, 45), (93, 46), (94, 46), (95, 46)]
[(114, 36)]
[(114, 47), (113, 49), (112, 51), (111, 53), (110, 55), (109, 57), (108, 59), (107, 61), (108, 61), (109, 62), (110, 63), (114, 63), (111, 64), (112, 64), (113, 64)]
[(53, 7), (54, 7), (51, 8), (52, 8), (55, 8), (49, 9), (50, 9), (56, 9), (47, 10), (48, 10), (57, 10), (45, 11), (46, 11), (43, 12), (44, 12), (56, 12), (41, 13), (42, 13), (39, 14), (40, 14), (55, 14), (37, 15), (38, 15), (35, 16), (36, 16), (54, 16), (32, 17), (33, 17), (34, 17), (53, 18), (31, 19), (52, 20), (30, 21), (51, 22), (29, 23), (50, 24), (28, 25), (49, 26), (27, 27), (48, 28), (26, 29), (47, 30), (25, 31), (46, 32), (47, 32), (24, 33), (44, 33), (45, 33), (42, 34), (43, 34), (23, 35), (40, 35), (41, 35), (38, 36), (39, 36), (22, 37), (36, 37), (37, 37), (34, 38), (35, 38), (21, 39), (22, 39), (32, 39), (33, 39), (23, 40), (30, 40), (31, 40), (24, 41), (28, 41), (29, 41), (25, 42), (26, 42), (27, 42)]
[(78, 0), (79, 0), (76, 1), (77, 1), (80, 1), (74, 2), (75, 2), (81, 2), (72, 3), (73, 3), (82, 3), (70, 4), (71, 4), (68, 5), (69, 5), (81, 5), (66, 6), (67, 6), (64, 7), (65, 7), (80, 7), (62, 8), (63, 8), (60, 9), (61, 9), (79, 9), (57, 10), (58, 10), (59, 10), (78, 11), (56, 12), (77, 13), (55, 14), (76, 15), (54, 16), (75, 17), (53, 18), (74, 19), (52, 20), (73, 21), (51, 22), (72, 23), (50, 24), (71, 25), (72, 25), (49, 26), (69, 26), (70, 26), (67, 27), (68, 27), (48, 28), (65, 28), (66, 28), (63, 29), (64, 29), (47, 30), (61, 30), (62, 30), (59, 31), (60, 31), (46, 32), (47, 32), (57, 32), (58, 32), (48, 33), (55, 33), (56, 33), (49, 34), (53, 34), (54, 34), (50, 35), (51, 35), (52, 35)]
[(71, 25), (72, 25), (69, 26), (70, 26), (73, 26), (67, 27), (68, 27), (74, 27), (65, 28), (66, 28), (75, 28), (63, 29), (64, 29), (61, 30), (62, 30), (74, 30), (59, 31), (60, 31), (57, 32), (58, 32), (73, 32), (55, 33), (56, 33), (53, 34), (54, 34), (72, 34), (50, 35), (51, 35), (52, 35), (71, 36), (49, 37), (70, 38), (48, 39), (69, 40), (47, 41), (68, 42), (46, 43), (67, 44), (45, 45), (66, 46), (44, 47), (65, 48), (43, 49), (64, 50), (65, 50), (42, 51), (62, 51), (63, 51), (60, 52), (61, 52), (41, 53), (58, 53), (59, 53), (56, 54), (57, 54), (40, 55), (54, 55), (55, 55), (52, 56), (53, 56), (39, 57), (40, 57), (50, 57), (51, 57), (41, 58), (48, 58), (49, 58), (42, 59), (46, 59), (47, 59), (43, 60), (44, 60), (45, 60)]
[(96, 18), (97, 18), (94, 19), (95, 19), (98, 19), (92, 20), (93, 20), (99, 20), (90, 21), (91, 21), (100, 21), (88, 22), (89, 22), (86, 23), (87, 23), (99, 23), (84, 24), (85, 24), (82, 25), (83, 25), (98, 25), (80, 26), (81, 26), (78, 27), (79, 27), (97, 27), (75, 28), (76, 28), (77, 28), (96, 29), (74, 30), (95, 31), (73, 32), (94, 33), (72, 34), (93, 35), (71, 36), (92, 37), (70, 38), (91, 39), (69, 40), (90, 41), (68, 42), (89, 43), (90, 43), (67, 44), (87, 44), (88, 44), (85, 45), (86, 45), (66, 46), (83, 46), (84, 46), (81, 47), (82, 47), (65, 48), (79, 48), (80, 48), (77, 49), (78, 49), (64, 50), (65, 50), (75, 50), (76, 50), (66, 51), (73, 51), (74, 51), (67, 52), (71, 52), (72, 52), (68, 53), (69, 53), (70, 53)]
[(89, 43), (90, 43), (87, 44), (88, 44), (91, 44), (85, 45), (86, 45), (92, 45), (83, 46), (84, 46), (93, 46), (81, 47), (82, 47), (79, 48), (80, 48), (92, 48), (77, 49), (78, 49), (75, 50), (76, 50), (91, 50), (73, 51), (74, 51), (71, 52), (72, 52), (90, 52), (68, 53), (69, 53), (70, 53), (89, 54), (67, 55), (88, 56), (66, 57), (87, 58), (65, 59), (86, 60), (64, 61), (85, 62), (63, 63), (84, 64), (62, 65), (83, 66), (61, 67), (82, 68), (83, 68), (60, 69), (80, 69), (81, 69), (78, 70), (79, 70), (59, 71), (76, 71), (77, 71), (74, 72), (75, 72), (58, 73), (72, 73), (73, 73), (70, 74), (71, 74), (57, 75), (58, 75), (68, 75), (69, 75), (59, 76), (66, 76), (67, 76), (60, 77), (64, 77), (65, 77), (61, 78), (62, 78), (63, 78)]
[(114, 36), (112, 37), (113, 37), (110, 38), (111, 38), (108, 39), (109, 39), (106, 40), (107, 40), (104, 41), (105, 41), (102, 42), (103, 42), (100, 43), (101, 43), (98, 44), (99, 44), (96, 45), (97, 45), (93, 46), (94, 46), (95, 46), (114, 47), (92, 48), (113, 49), (91, 50), (112, 51), (90, 52), (111, 53), (89, 54), (110, 55), (88, 56), (109, 57), (87, 58), (108, 59), (86, 60), (107, 61), (108, 61), (85, 62), (105, 62), (106, 62), (103, 63), (104, 63), (84, 64), (101, 64), (102, 64), (99, 65), (100, 65), (83, 66), (97, 66), (98, 66), (95, 67), (96, 67), (82, 68), (83, 68), (93, 68), (94, 68), (84, 69), (91, 69), (92, 69), (85, 70), (89, 70), (90, 70), (86, 71), (87, 71), (88, 71)]
[(107, 61), (108, 61), (105, 62), (106, 62), (109, 62), (103, 63), (104, 63), (110, 63), (101, 64), (102, 64), (111, 64), (99, 65), (100, 65), (97, 66), (98, 66), (110, 66), (95, 67), (96, 67), (93, 68), (94, 68), (109, 68), (91, 69), (92, 69), (89, 70), (90, 70), (108, 70), (86, 71), (87, 71), (88, 71), (107, 72), (85, 73), (106, 74), (84, 75), (105, 76), (83, 77), (104, 78), (82, 79), (103, 80), (81, 81), (102, 82), (80, 83), (101, 84), (79, 85), (100, 86), (101, 86), (78, 87), (98, 87), (99, 87), (96, 88), (97, 88), (77, 89), (94, 89), (95, 89), (92, 90), (93, 90), (76, 91), (90, 91), (91, 91), (88, 92), (89, 92), (75, 93), (76, 93), (86, 93), (87, 93), (77, 94), (84, 94), (85, 94), (78, 95), (82, 95), (83, 95), (79, 96), (80, 96), (81, 96)]
[(114, 63), (111, 64), (112, 64), (113, 64), (110, 66), (109, 68), (108, 70), (107, 72), (106, 74), (105, 76), (104, 78), (103, 80), (102, 82), (101, 84), (113, 85), (114, 85), (100, 86), (101, 86), (111, 86), (112, 86), (102, 87), (109, 87), (110, 87), (103, 88), (107, 88), (108, 88), (104, 89), (105, 89), (106, 89)]
[(113, 85), (114, 85), (111, 86), (112, 86), (109, 87), (110, 87), (107, 88), (108, 88), (104, 89), (105, 89), (106, 89), (103, 91), (102, 93), (101, 95), (100, 97), (99, 99), (98, 101), (97, 103), (96, 105), (114, 106), (95, 107), (112, 107), (113, 107), (110, 108), (111, 108), (94, 109), (108, 109), (109, 109), (106, 110), (107, 110), (93, 111), (94, 111), (104, 111), (105, 111), (95, 112), (102, 112), (103, 112), (96, 113), (100, 113), (101, 113), (97, 114), (98, 114), (99, 114)]
[(21, 39), (22, 39), (19, 40), (20, 40), (23, 40), (17, 41), (18, 41), (24, 41), (15, 42), (16, 42), (25, 42), (13, 43), (14, 43), (11, 44), (12, 44), (24, 44), (9, 45), (10, 45), (7, 46), (8, 46), (23, 46), (5, 47), (6, 47), (3, 48), (4, 48), (22, 48), (0, 49), (1, 49), (2, 49), (21, 50), (20, 52), (19, 54), (18, 56), (17, 58), (16, 60), (15, 62), (14, 64), (15, 64), (12, 65), (13, 65), (10, 66), (11, 66), (8, 67), (9, 67), (6, 68), (7, 68), (4, 69), (5, 69), (2, 70), (3, 70), (0, 71), (1, 71)]
[(46, 32), (47, 32), (44, 33), (45, 33), (48, 33), (42, 34), (43, 34), (49, 34), (40, 35), (41, 35), (50, 35), (38, 36), (39, 36), (36, 37), (37, 37), (49, 37), (34, 38), (35, 38), (32, 39), (33, 39), (48, 39), (30, 40), (31, 40), (28, 41), (29, 41), (47, 41), (25, 42), (26, 42), (27, 42), (46, 43), (24, 44), (45, 45), (23, 46), (44, 47), (22, 48), (43, 49), (21, 50), (42, 51), (20, 52), (41, 53), (19, 54), (40, 55), (18, 56), (39, 57), (40, 57), (17, 58), (37, 58), (38, 58), (35, 59), (36, 59), (16, 60), (33, 60), (34, 60), (31, 61), (32, 61), (15, 62), (29, 62), (30, 62), (27, 63), (28, 63), (14, 64), (15, 64), (25, 64), (26, 64), (16, 65), (23, 65), (24, 65), (17, 66), (21, 66), (22, 66), (18, 67), (19, 67), (20, 67)]
[(39, 57), (40, 57), (37, 58), (38, 58), (41, 58), (35, 59), (36, 59), (42, 59), (33, 60), (34, 60), (43, 60), (31, 61), (32, 61), (29, 62), (30, 62), (42, 62), (27, 63), (28, 63), (25, 64), (26, 64), (41, 64), (23, 65), (24, 65), (21, 66), (22, 66), (40, 66), (18, 67), (19, 67), (20, 67), (39, 68), (17, 69), (38, 70), (16, 71), (37, 72), (15, 73), (36, 74), (14, 75), (35, 76), (13, 77), (34, 78), (12, 79), (33, 80), (11, 81), (32, 82), (33, 82), (10, 83), (30, 83), (31, 83), (28, 84), (29, 84), (9, 85), (26, 85), (27, 85), (24, 86), (25, 86), (8, 87), (22, 87), (23, 87), (20, 88), (21, 88), (7, 89), (8, 89), (18, 89), (19, 89), (9, 90), (16, 90), (17, 90), (10, 91), (14, 91), (15, 91), (11, 92), (12, 92), (13, 92)]
[(64, 50), (65, 50), (62, 51), (63, 51), (66, 51), (60, 52), (61, 52), (67, 52), (58, 53), (59, 53), (68, 53), (56, 54), (57, 54), (54, 55), (55, 55), (67, 55), (52, 56), (53, 56), (50, 57), (51, 57), (66, 57), (48, 58), (49, 58), (46, 59), (47, 59), (65, 59), (43, 60), (44, 60), (45, 60), (64, 61), (42, 62), (63, 63), (41, 64), (62, 65), (40, 66), (61, 67), (39, 68), (60, 69), (38, 70), (59, 71), (37, 72), (58, 73), (36, 74), (57, 75), (58, 75), (35, 76), (55, 76), (56, 76), (53, 77), (54, 77), (34, 78), (51, 78), (52, 78), (49, 79), (50, 79), (33, 80), (47, 80), (48, 80), (45, 81), (46, 81), (32, 82), (33, 82), (43, 82), (44, 82), (34, 83), (41, 83), (42, 83), (35, 84), (39, 84), (40, 84), (36, 85), (37, 85), (38, 85)]
[(57, 75), (58, 75), (55, 76), (56, 76), (59, 76), (53, 77), (54, 77), (60, 77), (51, 78), (52, 78), (61, 78), (49, 79), (50, 79), (47, 80), (48, 80), (60, 80), (45, 81), (46, 81), (43, 82), (44, 82), (59, 82), (41, 83), (42, 83), (39, 84), (40, 84), (58, 84), (36, 85), (37, 85), (38, 85), (57, 86), (35, 87), (56, 88), (34, 89), (55, 90), (33, 91), (54, 92), (32, 93), (53, 94), (31, 95), (52, 96), (30, 97), (51, 98), (29, 99), (50, 100), (51, 100), (28, 101), (48, 101), (49, 101), (46, 102), (47, 102), (27, 103), (44, 103), (45, 103), (42, 104), (43, 104), (26, 105), (40, 105), (41, 105), (38, 106), (39, 106), (25, 107), (26, 107), (36, 107), (37, 107), (27, 108), (34, 108), (35, 108), (28, 109), (32, 109), (33, 109), (29, 110), (30, 110), (31, 110)]
[(82, 68), (83, 68), (80, 69), (81, 69), (84, 69), (78, 70), (79, 70), (85, 70), (76, 71), (77, 71), (86, 71), (74, 72), (75, 72), (72, 73), (73, 73), (85, 73), (70, 74), (71, 74), (68, 75), (69, 75), (84, 75), (66, 76), (67, 76), (64, 77), (65, 77), (83, 77), (61, 78), (62, 78), (63, 78), (82, 79), (60, 80), (81, 81), (59, 82), (80, 83), (58, 84), (79, 85), (57, 86), (78, 87), (56, 88), (77, 89), (55, 90), (76, 91), (54, 92), (75, 93), (76, 93), (53, 94), (73, 94), (74, 94), (71, 95), (72, 95), (52, 96), (69, 96), (70, 96), (67, 97), (68, 97), (51, 98), (65, 98), (66, 98), (63, 99), (64, 99), (50, 100), (51, 100), (61, 100), (62, 100), (52, 101), (59, 101), (60, 101), (53, 102), (57, 102), (58, 102), (54, 103), (55, 103), (56, 103)]
[(75, 93), (76, 93), (73, 94), (74, 94), (77, 94), (71, 95), (72, 95), (78, 95), (69, 96), (70, 96), (79, 96), (67, 97), (68, 97), (65, 98), (66, 98), (78, 98), (63, 99), (64, 99), (61, 100), (62, 100), (77, 100), (59, 101), (60, 101), (57, 102), (58, 102), (76, 102), (54, 103), (55, 103), (56, 103), (75, 104), (53, 105), (74, 106), (52, 107), (73, 108), (51, 109), (72, 110), (50, 111), (71, 112), (49, 113), (70, 114)]
[(100, 86), (101, 86), (98, 87), (99, 87), (102, 87), (96, 88), (97, 88), (103, 88), (94, 89), (95, 89), (104, 89), (92, 90), (93, 90), (90, 91), (91, 91), (103, 91), (88, 92), (89, 92), (86, 93), (87, 93), (102, 93), (84, 94), (85, 94), (82, 95), (83, 95), (101, 95), (79, 96), (80, 96), (81, 96), (100, 97), (78, 98), (99, 99), (77, 100), (98, 101), (76, 102), (97, 103), (75, 104), (96, 105), (74, 106), (95, 107), (73, 108), (94, 109), (72, 110), (93, 111), (94, 111), (71, 112), (91, 112), (92, 112), (89, 113), (90, 113), (70, 114), (87, 114), (88, 114)]
[(93, 111), (94, 111), (91, 112), (92, 112), (95, 112), (89, 113), (90, 113), (96, 113), (87, 114), (88, 114), (97, 114)]
[(114, 106), (112, 107), (113, 107), (110, 108), (111, 108), (108, 109), (109, 109), (106, 110), (107, 110), (104, 111), (105, 111), (102, 112), (103, 112), (100, 113), (101, 113), (97, 114), (98, 114), (99, 114)]
[(14, 64), (15, 64), (12, 65), (13, 65), (16, 65), (10, 66), (11, 66), (17, 66), (8, 67), (9, 67), (18, 67), (6, 68), (7, 68), (4, 69), (5, 69), (17, 69), (2, 70), (3, 70), (0, 71), (1, 71), (16, 71), (15, 73), (14, 75), (13, 77), (12, 79), (11, 81), (10, 83), (9, 85), (8, 87), (7, 89), (8, 89), (5, 90), (6, 90), (3, 91), (4, 91), (1, 92), (2, 92), (0, 93)]
[(7, 89), (8, 89), (5, 90), (6, 90), (9, 90), (3, 91), (4, 91), (10, 91), (1, 92), (2, 92), (11, 92), (0, 93), (10, 94), (9, 96), (8, 98), (7, 100), (6, 102), (5, 104), (4, 106), (3, 108), (2, 110), (1, 112), (0, 114), (1, 114)]
[(32, 82), (33, 82), (30, 83), (31, 83), (34, 83), (28, 84), (29, 84), (35, 84), (26, 85), (27, 85), (36, 85), (24, 86), (25, 86), (22, 87), (23, 87), (35, 87), (20, 88), (21, 88), (18, 89), (19, 89), (34, 89), (16, 90), (17, 90), (14, 91), (15, 91), (33, 91), (11, 92), (12, 92), (13, 92), (32, 93), (10, 94), (31, 95), (9, 96), (30, 97), (8, 98), (29, 99), (7, 100), (28, 101), (6, 102), (27, 103), (5, 104), (26, 105), (4, 106), (25, 107), (26, 107), (3, 108), (23, 108), (24, 108), (21, 109), (22, 109), (2, 110), (19, 110), (20, 110), (17, 111), (18, 111), (1, 112), (15, 112), (16, 112), (13, 113), (14, 113), (0, 114), (1, 114), (11, 114), (12, 114)]
[(25, 107), (26, 107), (23, 108), (24, 108), (27, 108), (21, 109), (22, 109), (28, 109), (19, 110), (20, 110), (29, 110), (17, 111), (18, 111), (15, 112), (16, 112), (28, 112), (13, 113), (14, 113), (11, 114), (12, 114), (27, 114)]
[(50, 100), (51, 100), (48, 101), (49, 101), (52, 101), (46, 102), (47, 102), (53, 102), (44, 103), (45, 103), (54, 103), (42, 104), (43, 104), (40, 105), (41, 105), (53, 105), (38, 106), (39, 106), (36, 107), (37, 107), (52, 107), (34, 108), (35, 108), (32, 109), (33, 109), (51, 109), (29, 110), (30, 110), (31, 110), (50, 111), (28, 112), (49, 113), (27, 114)]
[(0, 114), (1, 114)]
