[(82, 0), (105, 1), (81, 3), (104, 4), (80, 5), (103, 6), (79, 7), (102, 8), (78, 9), (100, 11), (101, 11), (102, 11), (77, 12), (98, 12), (99, 12), (96, 13), (97, 13), (76, 14), (93, 14), (94, 14), (95, 14), (91, 15), (92, 15), (75, 16), (89, 16), (90, 16), (87, 17), (88, 17), (84, 18), (85, 18), (86, 18), (74, 19), (75, 19), (82, 19), (83, 19), (76, 20), (80, 20), (81, 20), (77, 21), (78, 21), (79, 21)]
[(105, 1), (104, 4), (103, 6), (102, 8), (114, 9), (111, 10), (112, 10), (113, 10), (101, 11), (102, 11), (109, 11), (110, 11), (103, 12), (107, 12), (108, 12), (104, 13), (105, 13), (106, 13)]
[(114, 9), (111, 10), (112, 10), (113, 10), (109, 11), (110, 11), (107, 12), (108, 12), (104, 13), (105, 13), (106, 13), (103, 15), (102, 17), (101, 19), (100, 22), (99, 24), (98, 26), (97, 28), (96, 31), (95, 33), (112, 33), (113, 33), (114, 33), (110, 34), (111, 34), (94, 35), (108, 35), (109, 35), (106, 36), (107, 36), (103, 37), (104, 37), (105, 37), (93, 38), (94, 38), (101, 38), (102, 38), (95, 39), (99, 39), (100, 39), (96, 40), (97, 40), (98, 40)]
[(114, 52), (113, 54), (112, 57), (113, 57), (114, 58)]
[(54, 0), (55, 0), (56, 0), (52, 1), (53, 1), (57, 1), (50, 2), (51, 2), (58, 2), (47, 3), (48, 3), (49, 3), (45, 4), (46, 4), (57, 4), (43, 5), (44, 5), (41, 6), (42, 6), (56, 6), (38, 7), (39, 7), (40, 7), (36, 8), (37, 8), (55, 8), (34, 9), (35, 9), (31, 10), (32, 10), (33, 10), (54, 11), (30, 12), (53, 13), (29, 14), (52, 15), (28, 16), (51, 17), (27, 19), (50, 20), (26, 21), (49, 22), (25, 23), (48, 24), (24, 25), (46, 27), (47, 27), (48, 27), (23, 28), (44, 28), (45, 28), (42, 29), (43, 29), (22, 30), (39, 30), (40, 30), (41, 30), (37, 31), (38, 31), (21, 32), (35, 32), (36, 32), (33, 33), (34, 33), (30, 34), (31, 34), (32, 34), (20, 35), (21, 35), (28, 35), (29, 35), (22, 36), (26, 36), (27, 36), (23, 37), (24, 37), (25, 37)]
[(63, 0), (64, 0), (82, 0), (61, 1), (62, 1), (58, 2), (59, 2), (60, 2), (81, 3), (57, 4), (80, 5), (56, 6), (79, 7), (55, 8), (78, 9), (54, 11), (77, 12), (53, 13), (76, 14), (52, 15), (75, 16), (51, 17), (73, 19), (74, 19), (75, 19), (50, 20), (71, 20), (72, 20), (69, 21), (70, 21), (49, 22), (66, 22), (67, 22), (68, 22), (64, 23), (65, 23), (48, 24), (62, 24), (63, 24), (60, 25), (61, 25), (57, 26), (58, 26), (59, 26), (47, 27), (48, 27), (55, 27), (56, 27), (49, 28), (53, 28), (54, 28), (50, 29), (51, 29), (52, 29)]
[(73, 19), (74, 19), (75, 19), (71, 20), (72, 20), (76, 20), (69, 21), (70, 21), (77, 21), (66, 22), (67, 22), (68, 22), (64, 23), (65, 23), (76, 23), (62, 24), (63, 24), (60, 25), (61, 25), (75, 25), (57, 26), (58, 26), (59, 26), (55, 27), (56, 27), (74, 27), (53, 28), (54, 28), (50, 29), (51, 29), (52, 29), (73, 30), (49, 31), (72, 32), (48, 33), (71, 34), (47, 35), (70, 36), (46, 38), (69, 39), (45, 40), (68, 41), (44, 42), (67, 43), (43, 44), (65, 46), (66, 46), (67, 46), (42, 47), (63, 47), (64, 47), (61, 48), (62, 48), (41, 49), (58, 49), (59, 49), (60, 49), (56, 50), (57, 50), (40, 51), (54, 51), (55, 51), (52, 52), (53, 52), (49, 53), (50, 53), (51, 53), (39, 54), (40, 54), (47, 54), (48, 54), (41, 55), (45, 55), (46, 55), (42, 56), (43, 56), (44, 56)]
[(100, 11), (101, 11), (102, 11), (98, 12), (99, 12), (103, 12), (96, 13), (97, 13), (104, 13), (93, 14), (94, 14), (95, 14), (91, 15), (92, 15), (103, 15), (89, 16), (90, 16), (87, 17), (88, 17), (102, 17), (84, 18), (85, 18), (86, 18), (82, 19), (83, 19), (101, 19), (80, 20), (81, 20), (77, 21), (78, 21), (79, 21), (100, 22), (76, 23), (99, 24), (75, 25), (98, 26), (74, 27), (97, 28), (73, 30), (96, 31), (72, 32), (95, 33), (71, 34), (94, 35), (70, 36), (92, 38), (93, 38), (94, 38), (69, 39), (90, 39), (91, 39), (88, 40), (89, 40), (68, 41), (85, 41), (86, 41), (87, 41), (83, 42), (84, 42), (67, 43), (81, 43), (82, 43), (79, 44), (80, 44), (76, 45), (77, 45), (78, 45), (66, 46), (67, 46), (74, 46), (75, 46), (68, 47), (72, 47), (73, 47), (69, 48), (70, 48), (71, 48)]
[(92, 38), (93, 38), (94, 38), (90, 39), (91, 39), (95, 39), (88, 40), (89, 40), (96, 40), (85, 41), (86, 41), (87, 41), (83, 42), (84, 42), (95, 42), (81, 43), (82, 43), (79, 44), (80, 44), (94, 44), (76, 45), (77, 45), (78, 45), (74, 46), (75, 46), (93, 46), (72, 47), (73, 47), (69, 48), (70, 48), (71, 48), (92, 49), (68, 50), (91, 51), (67, 52), (90, 53), (66, 54), (89, 55), (65, 57), (88, 58), (64, 59), (87, 60), (63, 61), (86, 62), (62, 63), (84, 65), (85, 65), (86, 65), (61, 66), (82, 66), (83, 66), (80, 67), (81, 67), (60, 68), (77, 68), (78, 68), (79, 68), (75, 69), (76, 69), (59, 70), (73, 70), (74, 70), (71, 71), (72, 71), (68, 72), (69, 72), (70, 72), (58, 73), (59, 73), (66, 73), (67, 73), (60, 74), (64, 74), (65, 74), (61, 75), (62, 75), (63, 75)]
[(112, 33), (113, 33), (114, 33), (110, 34), (111, 34), (108, 35), (109, 35), (106, 36), (107, 36), (103, 37), (104, 37), (105, 37), (101, 38), (102, 38), (99, 39), (100, 39), (96, 40), (97, 40), (98, 40), (95, 42), (94, 44), (93, 46), (92, 49), (91, 51), (114, 52), (90, 53), (113, 54), (89, 55), (111, 57), (112, 57), (113, 57), (88, 58), (109, 58), (110, 58), (107, 59), (108, 59), (87, 60), (104, 60), (105, 60), (106, 60), (102, 61), (103, 61), (86, 62), (100, 62), (101, 62), (98, 63), (99, 63), (95, 64), (96, 64), (97, 64), (85, 65), (86, 65), (93, 65), (94, 65), (87, 66), (91, 66), (92, 66), (88, 67), (89, 67), (90, 67)]
[(111, 57), (112, 57), (113, 57), (109, 58), (110, 58), (114, 58), (107, 59), (108, 59), (104, 60), (105, 60), (106, 60), (102, 61), (103, 61), (114, 61), (100, 62), (101, 62), (98, 63), (99, 63), (113, 63), (95, 64), (96, 64), (97, 64), (93, 65), (94, 65), (112, 65), (91, 66), (92, 66), (88, 67), (89, 67), (90, 67), (111, 68), (87, 69), (110, 70), (86, 71), (109, 72), (85, 73), (108, 74), (84, 76), (107, 77), (83, 78), (106, 79), (82, 80), (105, 81), (81, 82), (103, 84), (104, 84), (105, 84), (80, 85), (101, 85), (102, 85), (99, 86), (100, 86), (79, 87), (96, 87), (97, 87), (98, 87), (94, 88), (95, 88), (78, 89), (92, 89), (93, 89), (90, 90), (91, 90), (87, 91), (88, 91), (89, 91), (77, 92), (78, 92), (85, 92), (86, 92), (79, 93), (83, 93), (84, 93), (80, 94), (81, 94), (82, 94)]
[(114, 61), (113, 63), (112, 65), (111, 68), (110, 70), (109, 72), (108, 74), (107, 77), (106, 79), (105, 81), (114, 83), (104, 84), (105, 84), (112, 84), (113, 84), (106, 85), (110, 85), (111, 85), (107, 86), (108, 86), (109, 86)]
[(114, 83), (112, 84), (113, 84), (110, 85), (111, 85), (107, 86), (108, 86), (109, 86), (106, 88), (105, 90), (104, 92), (103, 95), (102, 97), (101, 99), (100, 101), (99, 104), (98, 106), (113, 107), (114, 107), (97, 108), (111, 108), (112, 108), (109, 109), (110, 109), (106, 110), (107, 110), (108, 110), (96, 111), (97, 111), (104, 111), (105, 111), (98, 112), (102, 112), (103, 112), (99, 113), (100, 113), (101, 113)]
[(19, 35), (20, 35), (21, 35), (17, 36), (18, 36), (22, 36), (15, 37), (16, 37), (23, 37), (12, 38), (13, 38), (14, 38), (10, 39), (11, 39), (22, 39), (8, 40), (9, 40), (6, 41), (7, 41), (21, 41), (3, 42), (4, 42), (5, 42), (1, 43), (2, 43), (20, 43), (0, 44), (19, 46), (18, 48), (17, 50), (16, 52), (15, 55), (14, 57), (13, 59), (11, 62), (12, 62), (13, 62), (9, 63), (10, 63), (7, 64), (8, 64), (4, 65), (5, 65), (6, 65), (2, 66), (3, 66), (0, 67), (1, 67)]
[(46, 27), (47, 27), (48, 27), (44, 28), (45, 28), (49, 28), (42, 29), (43, 29), (50, 29), (39, 30), (40, 30), (41, 30), (37, 31), (38, 31), (49, 31), (35, 32), (36, 32), (33, 33), (34, 33), (48, 33), (30, 34), (31, 34), (32, 34), (28, 35), (29, 35), (47, 35), (26, 36), (27, 36), (23, 37), (24, 37), (25, 37), (46, 38), (22, 39), (45, 40), (21, 41), (44, 42), (20, 43), (43, 44), (19, 46), (42, 47), (18, 48), (41, 49), (17, 50), (40, 51), (16, 52), (38, 54), (39, 54), (40, 54), (15, 55), (36, 55), (37, 55), (34, 56), (35, 56), (14, 57), (31, 57), (32, 57), (33, 57), (29, 58), (30, 58), (13, 59), (27, 59), (28, 59), (25, 60), (26, 60), (22, 61), (23, 61), (24, 61), (12, 62), (13, 62), (20, 62), (21, 62), (14, 63), (18, 63), (19, 63), (15, 64), (16, 64), (17, 64)]
[(38, 54), (39, 54), (40, 54), (36, 55), (37, 55), (41, 55), (34, 56), (35, 56), (42, 56), (31, 57), (32, 57), (33, 57), (29, 58), (30, 58), (41, 58), (27, 59), (28, 59), (25, 60), (26, 60), (40, 60), (22, 61), (23, 61), (24, 61), (20, 62), (21, 62), (39, 62), (18, 63), (19, 63), (15, 64), (16, 64), (17, 64), (38, 65), (14, 66), (37, 67), (13, 68), (36, 69), (12, 70), (35, 71), (11, 73), (34, 74), (10, 75), (33, 76), (9, 77), (32, 78), (8, 79), (30, 81), (31, 81), (32, 81), (7, 82), (28, 82), (29, 82), (26, 83), (27, 83), (6, 84), (23, 84), (24, 84), (25, 84), (21, 85), (22, 85), (5, 86), (19, 86), (20, 86), (17, 87), (18, 87), (14, 88), (15, 88), (16, 88), (4, 89), (5, 89), (12, 89), (13, 89), (6, 90), (10, 90), (11, 90), (7, 91), (8, 91), (9, 91)]
[(65, 46), (66, 46), (67, 46), (63, 47), (64, 47), (68, 47), (61, 48), (62, 48), (69, 48), (58, 49), (59, 49), (60, 49), (56, 50), (57, 50), (68, 50), (54, 51), (55, 51), (52, 52), (53, 52), (67, 52), (49, 53), (50, 53), (51, 53), (47, 54), (48, 54), (66, 54), (45, 55), (46, 55), (42, 56), (43, 56), (44, 56), (65, 57), (41, 58), (64, 59), (40, 60), (63, 61), (39, 62), (62, 63), (38, 65), (61, 66), (37, 67), (60, 68), (36, 69), (59, 70), (35, 71), (57, 73), (58, 73), (59, 73), (34, 74), (55, 74), (56, 74), (53, 75), (54, 75), (33, 76), (50, 76), (51, 76), (52, 76), (48, 77), (49, 77), (32, 78), (46, 78), (47, 78), (44, 79), (45, 79), (41, 80), (42, 80), (43, 80), (31, 81), (32, 81), (39, 81), (40, 81), (33, 82), (37, 82), (38, 82), (34, 83), (35, 83), (36, 83)]
[(57, 73), (58, 73), (59, 73), (55, 74), (56, 74), (60, 74), (53, 75), (54, 75), (61, 75), (50, 76), (51, 76), (52, 76), (48, 77), (49, 77), (60, 77), (46, 78), (47, 78), (44, 79), (45, 79), (59, 79), (41, 80), (42, 80), (43, 80), (39, 81), (40, 81), (58, 81), (37, 82), (38, 82), (34, 83), (35, 83), (36, 83), (57, 84), (33, 85), (56, 86), (32, 87), (55, 88), (31, 89), (54, 90), (30, 92), (53, 93), (29, 94), (52, 95), (28, 96), (51, 97), (27, 98), (49, 100), (50, 100), (51, 100), (26, 101), (47, 101), (48, 101), (45, 102), (46, 102), (25, 103), (42, 103), (43, 103), (44, 103), (40, 104), (41, 104), (24, 105), (38, 105), (39, 105), (36, 106), (37, 106), (33, 107), (34, 107), (35, 107), (23, 108), (24, 108), (31, 108), (32, 108), (25, 109), (29, 109), (30, 109), (26, 110), (27, 110), (28, 110)]
[(84, 65), (85, 65), (86, 65), (82, 66), (83, 66), (87, 66), (80, 67), (81, 67), (88, 67), (77, 68), (78, 68), (79, 68), (75, 69), (76, 69), (87, 69), (73, 70), (74, 70), (71, 71), (72, 71), (86, 71), (68, 72), (69, 72), (70, 72), (66, 73), (67, 73), (85, 73), (64, 74), (65, 74), (61, 75), (62, 75), (63, 75), (84, 76), (60, 77), (83, 78), (59, 79), (82, 80), (58, 81), (81, 82), (57, 84), (80, 85), (56, 86), (79, 87), (55, 88), (78, 89), (54, 90), (76, 92), (77, 92), (78, 92), (53, 93), (74, 93), (75, 93), (72, 94), (73, 94), (52, 95), (69, 95), (70, 95), (71, 95), (67, 96), (68, 96), (51, 97), (65, 97), (66, 97), (63, 98), (64, 98), (60, 99), (61, 99), (62, 99), (50, 100), (51, 100), (58, 100), (59, 100), (52, 101), (56, 101), (57, 101), (53, 102), (54, 102), (55, 102)]
[(76, 92), (77, 92), (78, 92), (74, 93), (75, 93), (79, 93), (72, 94), (73, 94), (80, 94), (69, 95), (70, 95), (71, 95), (67, 96), (68, 96), (79, 96), (65, 97), (66, 97), (63, 98), (64, 98), (78, 98), (60, 99), (61, 99), (62, 99), (58, 100), (59, 100), (77, 100), (56, 101), (57, 101), (53, 102), (54, 102), (55, 102), (76, 103), (52, 104), (75, 105), (51, 106), (74, 107), (50, 108), (73, 109), (49, 111), (72, 112), (48, 113), (71, 114)]
[(103, 84), (104, 84), (105, 84), (101, 85), (102, 85), (106, 85), (99, 86), (100, 86), (107, 86), (96, 87), (97, 87), (98, 87), (94, 88), (95, 88), (106, 88), (92, 89), (93, 89), (90, 90), (91, 90), (105, 90), (87, 91), (88, 91), (89, 91), (85, 92), (86, 92), (104, 92), (83, 93), (84, 93), (80, 94), (81, 94), (82, 94), (103, 95), (79, 96), (102, 97), (78, 98), (101, 99), (77, 100), (100, 101), (76, 103), (99, 104), (75, 105), (98, 106), (74, 107), (97, 108), (73, 109), (95, 111), (96, 111), (97, 111), (72, 112), (93, 112), (94, 112), (91, 113), (92, 113), (71, 114), (88, 114), (89, 114), (90, 114)]
[(95, 111), (96, 111), (97, 111), (93, 112), (94, 112), (98, 112), (91, 113), (92, 113), (99, 113), (88, 114), (89, 114), (90, 114)]
[(113, 107), (114, 107), (111, 108), (112, 108), (109, 109), (110, 109), (106, 110), (107, 110), (108, 110), (104, 111), (105, 111), (102, 112), (103, 112), (99, 113), (100, 113), (101, 113)]
[(11, 62), (12, 62), (13, 62), (9, 63), (10, 63), (14, 63), (7, 64), (8, 64), (15, 64), (4, 65), (5, 65), (6, 65), (2, 66), (3, 66), (14, 66), (0, 67), (1, 67), (13, 68), (12, 70), (11, 73), (10, 75), (9, 77), (8, 79), (7, 82), (6, 84), (5, 86), (3, 89), (4, 89), (5, 89), (1, 90), (2, 90), (0, 91)]
[(3, 89), (4, 89), (5, 89), (1, 90), (2, 90), (6, 90), (0, 91), (7, 91), (6, 93), (5, 95), (4, 97), (3, 100), (2, 102), (1, 104), (0, 106)]
[(30, 81), (31, 81), (32, 81), (28, 82), (29, 82), (33, 82), (26, 83), (27, 83), (34, 83), (23, 84), (24, 84), (25, 84), (21, 85), (22, 85), (33, 85), (19, 86), (20, 86), (17, 87), (18, 87), (32, 87), (14, 88), (15, 88), (16, 88), (12, 89), (13, 89), (31, 89), (10, 90), (11, 90), (7, 91), (8, 91), (9, 91), (30, 92), (6, 93), (29, 94), (5, 95), (28, 96), (4, 97), (27, 98), (3, 100), (26, 101), (2, 102), (25, 103), (1, 104), (24, 105), (0, 106), (22, 108), (23, 108), (24, 108), (20, 109), (21, 109), (18, 110), (19, 110), (15, 111), (16, 111), (17, 111), (13, 112), (14, 112), (11, 113), (12, 113), (9, 114), (10, 114)]
[(22, 108), (23, 108), (24, 108), (20, 109), (21, 109), (25, 109), (18, 110), (19, 110), (26, 110), (15, 111), (16, 111), (17, 111), (13, 112), (14, 112), (25, 112), (11, 113), (12, 113), (9, 114), (10, 114), (24, 114)]
[(49, 100), (50, 100), (51, 100), (47, 101), (48, 101), (52, 101), (45, 102), (46, 102), (53, 102), (42, 103), (43, 103), (44, 103), (40, 104), (41, 104), (52, 104), (38, 105), (39, 105), (36, 106), (37, 106), (51, 106), (33, 107), (34, 107), (35, 107), (31, 108), (32, 108), (50, 108), (29, 109), (30, 109), (26, 110), (27, 110), (28, 110), (49, 111), (25, 112), (48, 113), (24, 114)]
