[(104, 1), (103, 3), (102, 5), (101, 7), (114, 9), (100, 10), (112, 10), (113, 10), (110, 11), (111, 11), (99, 12), (108, 12), (109, 12), (106, 13), (107, 13), (98, 14), (104, 14), (105, 14), (98, 15), (102, 15), (103, 15), (99, 16), (100, 16), (101, 16)]
[(114, 24), (113, 26), (112, 28), (112, 29), (113, 30), (114, 30)]
[(84, 1), (82, 2), (83, 2), (85, 2), (80, 3), (81, 3), (77, 4), (78, 4), (79, 4), (84, 4), (75, 5), (76, 5), (73, 6), (74, 6), (83, 6), (71, 7), (72, 7), (69, 8), (70, 8), (82, 8), (67, 9), (68, 9), (65, 10), (66, 10), (81, 10), (62, 11), (63, 11), (64, 11), (80, 12), (61, 13), (79, 14), (60, 15), (78, 16), (59, 17), (58, 19), (77, 19), (57, 21), (76, 21), (56, 23), (75, 23), (75, 24), (55, 25), (73, 25), (74, 25), (71, 26), (72, 26), (68, 27), (69, 27), (70, 27), (54, 28), (66, 28), (67, 28), (64, 29), (65, 29), (53, 30), (62, 30), (63, 30), (60, 31), (61, 31), (52, 32), (58, 32), (59, 32), (52, 33), (56, 33), (57, 33), (53, 34), (54, 34), (55, 34)]
[(90, 0), (91, 0), (88, 1), (89, 1), (104, 1), (85, 2), (86, 2), (87, 2), (103, 3), (84, 4), (102, 5), (83, 6), (101, 7), (82, 8), (81, 10), (100, 10), (80, 12), (99, 12), (79, 14), (98, 14), (98, 15), (78, 16), (96, 16), (97, 16), (94, 17), (95, 17), (91, 18), (92, 18), (93, 18), (77, 19), (89, 19), (90, 19), (87, 20), (88, 20), (76, 21), (85, 21), (86, 21), (83, 22), (84, 22), (75, 23), (81, 23), (82, 23), (75, 24), (79, 24), (80, 24), (76, 25), (77, 25), (78, 25)]
[(98, 15), (96, 16), (97, 16), (99, 16), (94, 17), (95, 17), (91, 18), (92, 18), (93, 18), (98, 18), (89, 19), (90, 19), (87, 20), (88, 20), (97, 20), (85, 21), (86, 21), (83, 22), (84, 22), (96, 22), (81, 23), (82, 23), (79, 24), (80, 24), (95, 24), (76, 25), (77, 25), (78, 25), (94, 26), (75, 27), (93, 28), (74, 29), (92, 30), (73, 31), (72, 33), (91, 33), (71, 35), (90, 35), (70, 37), (89, 37), (89, 38), (69, 39), (87, 39), (88, 39), (85, 40), (86, 40), (82, 41), (83, 41), (84, 41), (68, 42), (80, 42), (81, 42), (78, 43), (79, 43), (67, 44), (76, 44), (77, 44), (74, 45), (75, 45), (66, 46), (72, 46), (73, 46), (66, 47), (70, 47), (71, 47), (67, 48), (68, 48), (69, 48)]
[(114, 9), (112, 10), (113, 10), (110, 11), (111, 11), (108, 12), (109, 12), (106, 13), (107, 13), (104, 14), (105, 14), (102, 15), (103, 15), (99, 16), (100, 16), (101, 16), (98, 18), (97, 20), (96, 22), (95, 24), (114, 24), (94, 26), (113, 26), (93, 28), (112, 28), (112, 29), (92, 30), (110, 30), (111, 30), (108, 31), (109, 31), (105, 32), (106, 32), (107, 32), (91, 33), (103, 33), (104, 33), (101, 34), (102, 34), (90, 35), (99, 35), (100, 35), (97, 36), (98, 36), (89, 37), (95, 37), (96, 37), (89, 38), (93, 38), (94, 38), (90, 39), (91, 39), (92, 39)]
[(112, 29), (110, 30), (111, 30), (113, 30), (108, 31), (109, 31), (105, 32), (106, 32), (107, 32), (112, 32), (103, 33), (104, 33), (101, 34), (102, 34), (111, 34), (99, 35), (100, 35), (97, 36), (98, 36), (110, 36), (95, 37), (96, 37), (93, 38), (94, 38), (109, 38), (90, 39), (91, 39), (92, 39), (108, 40), (89, 41), (107, 42), (88, 43), (106, 44), (87, 45), (86, 47), (105, 47), (85, 49), (104, 49), (84, 51), (103, 51), (103, 52), (83, 53), (101, 53), (102, 53), (99, 54), (100, 54), (96, 55), (97, 55), (98, 55), (82, 56), (94, 56), (95, 56), (92, 57), (93, 57), (81, 58), (90, 58), (91, 58), (88, 59), (89, 59), (80, 60), (86, 60), (87, 60), (80, 61), (84, 61), (85, 61), (81, 62), (82, 62), (83, 62)]
[(113, 30), (114, 30), (112, 32), (111, 34), (110, 36), (109, 38), (108, 40), (107, 42), (106, 44), (105, 47), (104, 49), (113, 49), (114, 49), (111, 50), (112, 50), (103, 51), (109, 51), (110, 51), (103, 52), (107, 52), (108, 52), (104, 53), (105, 53), (106, 53)]
[(113, 49), (114, 49), (111, 50), (112, 50), (109, 51), (110, 51), (107, 52), (108, 52), (104, 53), (105, 53), (106, 53), (103, 55), (102, 57), (101, 59), (100, 61), (99, 63), (98, 65), (97, 67), (113, 68), (114, 68), (110, 69), (111, 69), (112, 69), (96, 70), (108, 70), (109, 70), (106, 71), (107, 71), (95, 72), (104, 72), (105, 72), (102, 73), (103, 73), (94, 74), (100, 74), (101, 74), (94, 75), (98, 75), (99, 75), (95, 76), (96, 76), (97, 76)]
[(52, 33), (50, 34), (51, 34), (53, 34), (48, 35), (49, 35), (45, 36), (46, 36), (47, 36), (52, 36), (43, 37), (44, 37), (41, 38), (42, 38), (51, 38), (39, 39), (40, 39), (37, 40), (38, 40), (50, 40), (35, 41), (36, 41), (33, 42), (34, 42), (49, 42), (30, 43), (31, 43), (32, 43), (48, 44), (29, 45), (47, 46), (28, 47), (46, 48), (27, 49), (26, 51), (45, 51), (25, 53), (44, 53), (24, 55), (43, 55), (43, 56), (23, 57), (41, 57), (42, 57), (39, 58), (40, 58), (36, 59), (37, 59), (38, 59), (22, 60), (34, 60), (35, 60), (32, 61), (33, 61), (21, 62), (30, 62), (31, 62), (28, 63), (29, 63), (20, 64), (26, 64), (27, 64), (20, 65), (24, 65), (25, 65), (21, 66), (22, 66), (23, 66)]
[(75, 24), (73, 25), (74, 25), (76, 25), (71, 26), (72, 26), (68, 27), (69, 27), (70, 27), (75, 27), (66, 28), (67, 28), (64, 29), (65, 29), (74, 29), (62, 30), (63, 30), (60, 31), (61, 31), (73, 31), (58, 32), (59, 32), (56, 33), (57, 33), (72, 33), (53, 34), (54, 34), (55, 34), (71, 35), (52, 36), (70, 37), (51, 38), (69, 39), (50, 40), (49, 42), (68, 42), (48, 44), (67, 44), (47, 46), (66, 46), (66, 47), (46, 48), (64, 48), (65, 48), (62, 49), (63, 49), (59, 50), (60, 50), (61, 50), (45, 51), (57, 51), (58, 51), (55, 52), (56, 52), (44, 53), (53, 53), (54, 53), (51, 54), (52, 54), (43, 55), (49, 55), (50, 55), (43, 56), (47, 56), (48, 56), (44, 57), (45, 57), (46, 57)]
[(66, 47), (64, 48), (65, 48), (67, 48), (62, 49), (63, 49), (59, 50), (60, 50), (61, 50), (66, 50), (57, 51), (58, 51), (55, 52), (56, 52), (65, 52), (53, 53), (54, 53), (51, 54), (52, 54), (64, 54), (49, 55), (50, 55), (47, 56), (48, 56), (63, 56), (44, 57), (45, 57), (46, 57), (62, 58), (43, 59), (61, 60), (42, 61), (60, 62), (41, 63), (40, 65), (59, 65), (39, 67), (58, 67), (38, 69), (57, 69), (57, 70), (37, 71), (55, 71), (56, 71), (53, 72), (54, 72), (50, 73), (51, 73), (52, 73), (36, 74), (48, 74), (49, 74), (46, 75), (47, 75), (35, 76), (44, 76), (45, 76), (42, 77), (43, 77), (34, 78), (40, 78), (41, 78), (34, 79), (38, 79), (39, 79), (35, 80), (36, 80), (37, 80)]
[(89, 38), (87, 39), (88, 39), (90, 39), (85, 40), (86, 40), (82, 41), (83, 41), (84, 41), (89, 41), (80, 42), (81, 42), (78, 43), (79, 43), (88, 43), (76, 44), (77, 44), (74, 45), (75, 45), (87, 45), (72, 46), (73, 46), (70, 47), (71, 47), (86, 47), (67, 48), (68, 48), (69, 48), (85, 49), (66, 50), (84, 51), (65, 52), (83, 53), (64, 54), (63, 56), (82, 56), (62, 58), (81, 58), (61, 60), (80, 60), (80, 61), (60, 62), (78, 62), (79, 62), (76, 63), (77, 63), (73, 64), (74, 64), (75, 64), (59, 65), (71, 65), (72, 65), (69, 66), (70, 66), (58, 67), (67, 67), (68, 67), (65, 68), (66, 68), (57, 69), (63, 69), (64, 69), (57, 70), (61, 70), (62, 70), (58, 71), (59, 71), (60, 71)]
[(80, 61), (78, 62), (79, 62), (81, 62), (76, 63), (77, 63), (73, 64), (74, 64), (75, 64), (80, 64), (71, 65), (72, 65), (69, 66), (70, 66), (79, 66), (67, 67), (68, 67), (65, 68), (66, 68), (78, 68), (63, 69), (64, 69), (61, 70), (62, 70), (77, 70), (58, 71), (59, 71), (60, 71), (76, 72), (57, 73), (75, 74), (56, 75), (74, 76), (55, 77), (54, 79), (73, 79), (53, 81), (72, 81), (52, 83), (71, 83), (71, 84), (51, 85), (69, 85), (70, 85), (67, 86), (68, 86), (64, 87), (65, 87), (66, 87), (50, 88), (62, 88), (63, 88), (60, 89), (61, 89), (49, 90), (58, 90), (59, 90), (56, 91), (57, 91), (48, 92), (54, 92), (55, 92), (48, 93), (52, 93), (53, 93), (49, 94), (50, 94), (51, 94)]
[(103, 52), (101, 53), (102, 53), (104, 53), (99, 54), (100, 54), (96, 55), (97, 55), (98, 55), (103, 55), (94, 56), (95, 56), (92, 57), (93, 57), (102, 57), (90, 58), (91, 58), (88, 59), (89, 59), (101, 59), (86, 60), (87, 60), (84, 61), (85, 61), (100, 61), (81, 62), (82, 62), (83, 62), (99, 63), (80, 64), (98, 65), (79, 66), (97, 67), (78, 68), (77, 70), (96, 70), (76, 72), (95, 72), (75, 74), (94, 74), (94, 75), (74, 76), (92, 76), (93, 76), (90, 77), (91, 77), (87, 78), (88, 78), (89, 78), (73, 79), (85, 79), (86, 79), (83, 80), (84, 80), (72, 81), (81, 81), (82, 81), (79, 82), (80, 82), (71, 83), (77, 83), (78, 83), (71, 84), (75, 84), (76, 84), (72, 85), (73, 85), (74, 85)]
[(94, 75), (92, 76), (93, 76), (95, 76), (90, 77), (91, 77), (87, 78), (88, 78), (89, 78), (94, 78), (85, 79), (86, 79), (83, 80), (84, 80), (93, 80), (81, 81), (82, 81), (79, 82), (80, 82), (92, 82), (77, 83), (78, 83), (75, 84), (76, 84), (91, 84), (72, 85), (73, 85), (74, 85), (90, 86), (71, 87), (89, 88), (70, 89), (88, 90), (69, 91), (68, 93), (87, 93), (67, 95), (86, 95), (66, 97), (85, 97), (85, 98), (65, 99), (83, 99), (84, 99), (81, 100), (82, 100), (78, 101), (79, 101), (80, 101), (64, 102), (76, 102), (77, 102), (74, 103), (75, 103), (63, 104), (72, 104), (73, 104), (70, 105), (71, 105), (62, 106), (68, 106), (69, 106), (62, 107), (66, 107), (67, 107), (63, 108), (64, 108), (65, 108)]
[(113, 68), (114, 68), (110, 69), (111, 69), (112, 69), (108, 70), (109, 70), (106, 71), (107, 71), (104, 72), (105, 72), (102, 73), (103, 73), (100, 74), (101, 74), (98, 75), (99, 75), (114, 75), (95, 76), (96, 76), (97, 76), (113, 77), (94, 78), (112, 79), (93, 80), (111, 81), (92, 82), (91, 84), (110, 84), (90, 86), (109, 86), (89, 88), (108, 88), (108, 89), (88, 90), (106, 90), (107, 90), (104, 91), (105, 91), (101, 92), (102, 92), (103, 92), (87, 93), (99, 93), (100, 93), (97, 94), (98, 94), (86, 95), (95, 95), (96, 95), (93, 96), (94, 96), (85, 97), (91, 97), (92, 97), (85, 98), (89, 98), (90, 98), (86, 99), (87, 99), (88, 99)]
[(43, 56), (41, 57), (42, 57), (44, 57), (39, 58), (40, 58), (36, 59), (37, 59), (38, 59), (43, 59), (34, 60), (35, 60), (32, 61), (33, 61), (42, 61), (30, 62), (31, 62), (28, 63), (29, 63), (41, 63), (26, 64), (27, 64), (24, 65), (25, 65), (40, 65), (21, 66), (22, 66), (23, 66), (39, 67), (20, 68), (38, 69), (19, 70), (37, 71), (18, 72), (17, 74), (36, 74), (16, 76), (35, 76), (15, 78), (34, 78), (34, 79), (14, 80), (32, 80), (33, 80), (30, 81), (31, 81), (27, 82), (28, 82), (29, 82), (13, 83), (25, 83), (26, 83), (23, 84), (24, 84), (12, 85), (21, 85), (22, 85), (19, 86), (20, 86), (11, 87), (17, 87), (18, 87), (11, 88), (15, 88), (16, 88), (12, 89), (13, 89), (14, 89)]
[(34, 79), (32, 80), (33, 80), (35, 80), (30, 81), (31, 81), (27, 82), (28, 82), (29, 82), (34, 82), (25, 83), (26, 83), (23, 84), (24, 84), (33, 84), (21, 85), (22, 85), (19, 86), (20, 86), (32, 86), (17, 87), (18, 87), (15, 88), (16, 88), (31, 88), (12, 89), (13, 89), (14, 89), (30, 90), (11, 91), (29, 92), (10, 93), (28, 94), (9, 95), (8, 97), (27, 97), (7, 99), (26, 99), (6, 101), (25, 101), (25, 102), (5, 103), (23, 103), (24, 103), (21, 104), (22, 104), (18, 105), (19, 105), (20, 105), (4, 106), (16, 106), (17, 106), (14, 107), (15, 107), (3, 108), (12, 108), (13, 108), (10, 109), (11, 109), (2, 110), (8, 110), (9, 110), (2, 111), (6, 111), (7, 111), (3, 112), (4, 112), (5, 112)]
[(57, 70), (55, 71), (56, 71), (58, 71), (53, 72), (54, 72), (50, 73), (51, 73), (52, 73), (57, 73), (48, 74), (49, 74), (46, 75), (47, 75), (56, 75), (44, 76), (45, 76), (42, 77), (43, 77), (55, 77), (40, 78), (41, 78), (38, 79), (39, 79), (54, 79), (35, 80), (36, 80), (37, 80), (53, 81), (34, 82), (52, 83), (33, 84), (51, 85), (32, 86), (31, 88), (50, 88), (30, 90), (49, 90), (29, 92), (48, 92), (48, 93), (28, 94), (46, 94), (47, 94), (44, 95), (45, 95), (41, 96), (42, 96), (43, 96), (27, 97), (39, 97), (40, 97), (37, 98), (38, 98), (26, 99), (35, 99), (36, 99), (33, 100), (34, 100), (25, 101), (31, 101), (32, 101), (25, 102), (29, 102), (30, 102), (26, 103), (27, 103), (28, 103)]
[(48, 93), (46, 94), (47, 94), (49, 94), (44, 95), (45, 95), (41, 96), (42, 96), (43, 96), (48, 96), (39, 97), (40, 97), (37, 98), (38, 98), (47, 98), (35, 99), (36, 99), (33, 100), (34, 100), (46, 100), (31, 101), (32, 101), (29, 102), (30, 102), (45, 102), (26, 103), (27, 103), (28, 103), (44, 104), (25, 105), (43, 106), (24, 107), (42, 108), (23, 109), (22, 111), (41, 111), (21, 113), (40, 113)]
[(71, 84), (69, 85), (70, 85), (72, 85), (67, 86), (68, 86), (64, 87), (65, 87), (66, 87), (71, 87), (62, 88), (63, 88), (60, 89), (61, 89), (70, 89), (58, 90), (59, 90), (56, 91), (57, 91), (69, 91), (54, 92), (55, 92), (52, 93), (53, 93), (68, 93), (49, 94), (50, 94), (51, 94), (67, 95), (48, 96), (66, 97), (47, 98), (65, 99), (46, 100), (45, 102), (64, 102), (44, 104), (63, 104), (43, 106), (62, 106), (62, 107), (42, 108), (60, 108), (61, 108), (58, 109), (59, 109), (55, 110), (56, 110), (57, 110), (41, 111), (53, 111), (54, 111), (51, 112), (52, 112), (40, 113), (49, 113), (50, 113), (47, 114), (48, 114)]
[(62, 107), (60, 108), (61, 108), (63, 108), (58, 109), (59, 109), (55, 110), (56, 110), (57, 110), (62, 110), (53, 111), (54, 111), (51, 112), (52, 112), (61, 112), (49, 113), (50, 113), (47, 114), (48, 114), (60, 114)]
[(85, 98), (83, 99), (84, 99), (86, 99), (81, 100), (82, 100), (78, 101), (79, 101), (80, 101), (85, 101), (76, 102), (77, 102), (74, 103), (75, 103), (84, 103), (72, 104), (73, 104), (70, 105), (71, 105), (83, 105), (68, 106), (69, 106), (66, 107), (67, 107), (82, 107), (63, 108), (64, 108), (65, 108), (81, 109), (62, 110), (80, 111), (61, 112), (79, 113), (60, 114)]
[(25, 102), (23, 103), (24, 103), (26, 103), (21, 104), (22, 104), (18, 105), (19, 105), (20, 105), (25, 105), (16, 106), (17, 106), (14, 107), (15, 107), (24, 107), (12, 108), (13, 108), (10, 109), (11, 109), (23, 109), (8, 110), (9, 110), (6, 111), (7, 111), (22, 111), (3, 112), (4, 112), (5, 112), (21, 113), (2, 114)]
