[(114, 41), (113, 43), (112, 46), (111, 48), (110, 50), (109, 53), (108, 55), (107, 58), (106, 60), (105, 62), (104, 65), (105, 65), (106, 66), (107, 67), (108, 68), (109, 69), (110, 70), (111, 71), (112, 72), (113, 73), (114, 74)]
[(59, 21), (60, 21), (61, 21), (57, 22), (58, 22), (62, 22), (54, 23), (55, 23), (56, 23), (63, 23), (52, 24), (53, 24), (64, 24), (50, 25), (51, 25), (65, 25), (47, 26), (48, 26), (49, 26), (66, 26), (45, 27), (46, 27), (67, 27), (43, 28), (44, 28), (68, 28), (40, 29), (41, 29), (42, 29), (69, 29), (38, 30), (39, 30), (70, 30), (36, 31), (37, 31), (71, 31), (33, 32), (34, 32), (35, 32), (72, 32), (31, 33), (32, 33), (73, 33), (28, 34), (29, 34), (30, 34), (72, 35), (27, 36), (71, 37), (26, 38), (70, 40), (25, 41), (69, 42), (24, 43), (68, 44), (23, 45), (67, 47), (22, 48), (66, 49), (21, 50), (65, 51), (20, 52), (64, 54), (19, 55), (63, 56), (18, 57), (62, 59), (17, 60), (61, 61), (16, 62), (60, 63), (15, 64), (58, 66), (59, 66), (60, 66), (14, 67), (15, 67), (56, 67), (57, 67), (16, 68), (53, 68), (54, 68), (55, 68), (17, 69), (51, 69), (52, 69), (18, 70), (49, 70), (50, 70), (19, 71), (46, 71), (47, 71), (48, 71), (20, 72), (44, 72), (45, 72), (21, 73), (42, 73), (43, 73), (22, 74), (39, 74), (40, 74), (41, 74), (23, 75), (37, 75), (38, 75), (24, 76), (35, 76), (36, 76), (25, 77), (32, 77), (33, 77), (34, 77), (26, 78), (30, 78), (31, 78), (27, 79), (28, 79), (29, 79)]
[(104, 20), (105, 20), (106, 20), (102, 21), (103, 21), (107, 21), (99, 22), (100, 22), (101, 22), (108, 22), (97, 23), (98, 23), (109, 23), (95, 24), (96, 24), (110, 24), (92, 25), (93, 25), (94, 25), (111, 25), (90, 26), (91, 26), (112, 26), (88, 27), (89, 27), (113, 27), (85, 28), (86, 28), (87, 28), (114, 28), (83, 29), (84, 29), (81, 30), (82, 30), (78, 31), (79, 31), (80, 31), (76, 32), (77, 32), (73, 33), (74, 33), (75, 33), (72, 35), (71, 37), (70, 40), (114, 41), (69, 42), (113, 43), (68, 44), (112, 46), (67, 47), (111, 48), (66, 49), (110, 50), (65, 51), (109, 53), (64, 54), (108, 55), (63, 56), (107, 58), (62, 59), (106, 60), (61, 61), (105, 62), (60, 63), (103, 65), (104, 65), (105, 65), (59, 66), (60, 66), (101, 66), (102, 66), (61, 67), (98, 67), (99, 67), (100, 67), (62, 68), (96, 68), (97, 68), (63, 69), (94, 69), (95, 69), (64, 70), (91, 70), (92, 70), (93, 70), (65, 71), (89, 71), (90, 71), (66, 72), (87, 72), (88, 72), (67, 73), (84, 73), (85, 73), (86, 73), (68, 74), (82, 74), (83, 74), (69, 75), (80, 75), (81, 75), (70, 76), (77, 76), (78, 76), (79, 76), (71, 77), (75, 77), (76, 77), (72, 78), (73, 78), (74, 78)]
[(103, 65), (104, 65), (105, 65), (101, 66), (102, 66), (106, 66), (98, 67), (99, 67), (100, 67), (107, 67), (96, 68), (97, 68), (108, 68), (94, 69), (95, 69), (109, 69), (91, 70), (92, 70), (93, 70), (110, 70), (89, 71), (90, 71), (111, 71), (87, 72), (88, 72), (112, 72), (84, 73), (85, 73), (86, 73), (113, 73), (82, 74), (83, 74), (114, 74), (80, 75), (81, 75), (77, 76), (78, 76), (79, 76), (75, 77), (76, 77), (72, 78), (73, 78), (74, 78), (71, 80), (70, 82), (114, 84), (69, 85), (113, 86), (68, 87), (112, 88), (67, 89), (111, 91), (66, 92), (110, 93), (65, 94), (109, 95), (64, 96), (108, 98), (63, 99), (107, 100), (62, 101), (106, 103), (61, 104), (105, 105), (60, 106), (104, 107), (59, 108), (102, 110), (103, 110), (104, 110), (58, 111), (59, 111), (100, 111), (101, 111), (60, 112), (97, 112), (98, 112), (99, 112), (61, 113), (95, 113), (96, 113), (62, 114), (93, 114), (94, 114)]
[(114, 84), (113, 86), (112, 88), (111, 91), (110, 93), (109, 95), (108, 98), (107, 100), (106, 103), (105, 105), (104, 107), (103, 110), (104, 110), (105, 111), (106, 112), (107, 113), (108, 114)]
[(13, 67), (14, 67), (15, 67), (11, 68), (12, 68), (16, 68), (8, 69), (9, 69), (10, 69), (17, 69), (6, 70), (7, 70), (18, 70), (4, 71), (5, 71), (19, 71), (1, 72), (2, 72), (3, 72), (20, 72), (0, 73), (21, 73), (22, 74), (23, 75), (24, 76), (25, 77), (26, 78), (27, 79), (26, 81), (25, 83), (24, 86), (23, 88), (22, 90), (21, 93), (20, 95), (19, 97), (18, 100), (17, 102), (16, 105), (15, 107), (14, 109), (12, 112), (13, 112), (14, 112), (10, 113), (11, 113), (7, 114), (8, 114), (9, 114)]
[(58, 66), (59, 66), (60, 66), (56, 67), (57, 67), (61, 67), (53, 68), (54, 68), (55, 68), (62, 68), (51, 69), (52, 69), (63, 69), (49, 70), (50, 70), (64, 70), (46, 71), (47, 71), (48, 71), (65, 71), (44, 72), (45, 72), (66, 72), (42, 73), (43, 73), (67, 73), (39, 74), (40, 74), (41, 74), (68, 74), (37, 75), (38, 75), (69, 75), (35, 76), (36, 76), (70, 76), (32, 77), (33, 77), (34, 77), (71, 77), (30, 78), (31, 78), (72, 78), (27, 79), (28, 79), (29, 79), (71, 80), (26, 81), (70, 82), (25, 83), (69, 85), (24, 86), (68, 87), (23, 88), (67, 89), (22, 90), (66, 92), (21, 93), (65, 94), (20, 95), (64, 96), (19, 97), (63, 99), (18, 100), (62, 101), (17, 102), (61, 104), (16, 105), (60, 106), (15, 107), (59, 108), (14, 109), (57, 111), (58, 111), (59, 111), (13, 112), (14, 112), (55, 112), (56, 112), (15, 113), (52, 113), (53, 113), (54, 113), (16, 114), (50, 114), (51, 114)]
[(57, 111), (58, 111), (59, 111), (55, 112), (56, 112), (60, 112), (52, 113), (53, 113), (54, 113), (61, 113), (50, 114), (51, 114), (62, 114)]
[(102, 110), (103, 110), (104, 110), (100, 111), (101, 111), (105, 111), (97, 112), (98, 112), (99, 112), (106, 112), (95, 113), (96, 113), (107, 113), (93, 114), (94, 114), (108, 114)]
[(12, 112), (13, 112), (14, 112), (10, 113), (11, 113), (15, 113), (7, 114), (8, 114), (9, 114), (16, 114)]
