[(90, 3), (91, 3), (92, 3), (93, 3), (86, 4), (87, 4), (88, 4), (89, 4), (94, 4), (82, 5), (83, 5), (84, 5), (85, 5), (78, 6), (79, 6), (80, 6), (81, 6), (74, 7), (75, 7), (76, 7), (77, 7), (93, 8), (73, 11), (92, 12), (72, 15), (91, 16), (71, 19), (90, 20), (70, 23), (87, 23), (88, 23), (89, 23), (90, 23), (83, 24), (84, 24), (85, 24), (86, 24), (79, 25), (80, 25), (81, 25), (82, 25), (70, 26), (75, 26), (76, 26), (77, 26), (78, 26), (71, 27), (72, 27), (73, 27), (74, 27)]
[(110, 0), (111, 0), (112, 0), (113, 0), (106, 1), (107, 1), (108, 1), (109, 1), (114, 1), (102, 2), (103, 2), (104, 2), (105, 2), (98, 3), (99, 3), (100, 3), (101, 3), (94, 4), (95, 4), (96, 4), (97, 4), (113, 5), (93, 8), (112, 9), (92, 12), (111, 13), (91, 16), (110, 17), (90, 20), (107, 20), (108, 20), (109, 20), (110, 20), (103, 21), (104, 21), (105, 21), (106, 21), (99, 22), (100, 22), (101, 22), (102, 22), (90, 23), (95, 23), (96, 23), (97, 23), (98, 23), (91, 24), (92, 24), (93, 24), (94, 24)]
[(107, 20), (108, 20), (109, 20), (110, 20), (103, 21), (104, 21), (105, 21), (106, 21), (111, 21), (99, 22), (100, 22), (101, 22), (102, 22), (95, 23), (96, 23), (97, 23), (98, 23), (91, 24), (92, 24), (93, 24), (94, 24), (110, 25), (90, 28), (109, 29), (89, 32), (108, 33), (88, 36), (107, 37), (87, 40), (104, 40), (105, 40), (106, 40), (107, 40), (100, 41), (101, 41), (102, 41), (103, 41), (96, 42), (97, 42), (98, 42), (99, 42), (87, 43), (92, 43), (93, 43), (94, 43), (95, 43), (88, 44), (89, 44), (90, 44), (91, 44)]
[(111, 21), (112, 21), (113, 21), (114, 21), (110, 25), (109, 29), (108, 33), (107, 37), (107, 40), (112, 40), (113, 40), (114, 40), (108, 41), (109, 41), (110, 41), (111, 41)]
[(112, 40), (113, 40), (114, 40), (108, 41), (109, 41), (110, 41), (111, 41), (107, 45), (106, 49), (105, 53), (104, 57), (113, 59), (114, 59), (104, 60), (109, 60), (110, 60), (111, 60), (112, 60), (105, 61), (106, 61), (107, 61), (108, 61)]
[(50, 9), (51, 9), (52, 9), (53, 9), (46, 10), (47, 10), (48, 10), (49, 10), (54, 10), (42, 11), (43, 11), (44, 11), (45, 11), (38, 12), (39, 12), (40, 12), (41, 12), (34, 13), (35, 13), (36, 13), (37, 13), (53, 14), (33, 17), (52, 18), (32, 21), (51, 22), (31, 25), (50, 26), (30, 29), (47, 29), (48, 29), (49, 29), (50, 29), (43, 30), (44, 30), (45, 30), (46, 30), (39, 31), (40, 31), (41, 31), (42, 31), (30, 32), (35, 32), (36, 32), (37, 32), (38, 32), (31, 33), (32, 33), (33, 33), (34, 33)]
[(70, 6), (71, 6), (72, 6), (73, 6), (66, 7), (67, 7), (68, 7), (69, 7), (74, 7), (62, 8), (63, 8), (64, 8), (65, 8), (58, 9), (59, 9), (60, 9), (61, 9), (54, 10), (55, 10), (56, 10), (57, 10), (73, 11), (53, 14), (72, 15), (52, 18), (71, 19), (51, 22), (70, 23), (50, 26), (67, 26), (68, 26), (69, 26), (70, 26), (63, 27), (64, 27), (65, 27), (66, 27), (59, 28), (60, 28), (61, 28), (62, 28), (50, 29), (55, 29), (56, 29), (57, 29), (58, 29), (51, 30), (52, 30), (53, 30), (54, 30)]
[(67, 26), (68, 26), (69, 26), (70, 26), (63, 27), (64, 27), (65, 27), (66, 27), (71, 27), (59, 28), (60, 28), (61, 28), (62, 28), (55, 29), (56, 29), (57, 29), (58, 29), (51, 30), (52, 30), (53, 30), (54, 30), (70, 31), (50, 34), (69, 35), (49, 38), (68, 39), (48, 42), (67, 43), (47, 46), (64, 46), (65, 46), (66, 46), (67, 46), (60, 47), (61, 47), (62, 47), (63, 47), (56, 48), (57, 48), (58, 48), (59, 48), (47, 49), (52, 49), (53, 49), (54, 49), (55, 49), (48, 50), (49, 50), (50, 50), (51, 50)]
[(87, 23), (88, 23), (89, 23), (90, 23), (83, 24), (84, 24), (85, 24), (86, 24), (91, 24), (79, 25), (80, 25), (81, 25), (82, 25), (75, 26), (76, 26), (77, 26), (78, 26), (71, 27), (72, 27), (73, 27), (74, 27), (90, 28), (70, 31), (89, 32), (69, 35), (88, 36), (68, 39), (87, 40), (67, 43), (84, 43), (85, 43), (86, 43), (87, 43), (80, 44), (81, 44), (82, 44), (83, 44), (76, 45), (77, 45), (78, 45), (79, 45), (67, 46), (72, 46), (73, 46), (74, 46), (75, 46), (68, 47), (69, 47), (70, 47), (71, 47)]
[(84, 43), (85, 43), (86, 43), (87, 43), (80, 44), (81, 44), (82, 44), (83, 44), (88, 44), (76, 45), (77, 45), (78, 45), (79, 45), (72, 46), (73, 46), (74, 46), (75, 46), (68, 47), (69, 47), (70, 47), (71, 47), (87, 48), (67, 51), (86, 52), (66, 55), (85, 56), (65, 59), (84, 60), (64, 63), (81, 63), (82, 63), (83, 63), (84, 63), (77, 64), (78, 64), (79, 64), (80, 64), (73, 65), (74, 65), (75, 65), (76, 65), (64, 66), (69, 66), (70, 66), (71, 66), (72, 66), (65, 67), (66, 67), (67, 67), (68, 67)]
[(104, 40), (105, 40), (106, 40), (107, 40), (100, 41), (101, 41), (102, 41), (103, 41), (108, 41), (96, 42), (97, 42), (98, 42), (99, 42), (92, 43), (93, 43), (94, 43), (95, 43), (88, 44), (89, 44), (90, 44), (91, 44), (107, 45), (87, 48), (106, 49), (86, 52), (105, 53), (85, 56), (104, 57), (84, 60), (101, 60), (102, 60), (103, 60), (104, 60), (97, 61), (98, 61), (99, 61), (100, 61), (93, 62), (94, 62), (95, 62), (96, 62), (84, 63), (89, 63), (90, 63), (91, 63), (92, 63), (85, 64), (86, 64), (87, 64), (88, 64)]
[(101, 60), (102, 60), (103, 60), (104, 60), (97, 61), (98, 61), (99, 61), (100, 61), (105, 61), (93, 62), (94, 62), (95, 62), (96, 62), (89, 63), (90, 63), (91, 63), (92, 63), (85, 64), (86, 64), (87, 64), (88, 64), (104, 65), (84, 68), (103, 69), (83, 72), (102, 73), (82, 76), (101, 77), (81, 80), (98, 80), (99, 80), (100, 80), (101, 80), (94, 81), (95, 81), (96, 81), (97, 81), (90, 82), (91, 82), (92, 82), (93, 82), (81, 83), (86, 83), (87, 83), (88, 83), (89, 83), (82, 84), (83, 84), (84, 84), (85, 84)]
[(113, 59), (114, 59), (109, 60), (110, 60), (111, 60), (112, 60), (105, 61), (106, 61), (107, 61), (108, 61), (104, 65), (103, 69), (102, 73), (101, 77), (114, 78), (110, 79), (111, 79), (112, 79), (113, 79), (101, 80), (106, 80), (107, 80), (108, 80), (109, 80), (102, 81), (103, 81), (104, 81), (105, 81)]
[(114, 78), (110, 79), (111, 79), (112, 79), (113, 79), (106, 80), (107, 80), (108, 80), (109, 80), (102, 81), (103, 81), (104, 81), (105, 81), (101, 85), (100, 89), (99, 93), (98, 97), (111, 98), (112, 98), (113, 98), (114, 98), (107, 99), (108, 99), (109, 99), (110, 99), (98, 100), (103, 100), (104, 100), (105, 100), (106, 100), (99, 101), (100, 101), (101, 101), (102, 101)]
[(27, 32), (28, 32), (29, 32), (30, 32), (23, 33), (24, 33), (25, 33), (26, 33), (31, 33), (19, 34), (20, 34), (21, 34), (22, 34), (15, 35), (16, 35), (17, 35), (18, 35), (11, 36), (12, 36), (13, 36), (14, 36), (30, 37), (10, 40), (29, 41), (9, 44), (28, 45), (8, 48), (27, 49), (7, 52), (24, 52), (25, 52), (26, 52), (27, 52), (20, 53), (21, 53), (22, 53), (23, 53), (16, 54), (17, 54), (18, 54), (19, 54), (7, 55), (12, 55), (13, 55), (14, 55), (15, 55), (8, 56), (9, 56), (10, 56), (11, 56)]
[(47, 29), (48, 29), (49, 29), (50, 29), (43, 30), (44, 30), (45, 30), (46, 30), (51, 30), (39, 31), (40, 31), (41, 31), (42, 31), (35, 32), (36, 32), (37, 32), (38, 32), (31, 33), (32, 33), (33, 33), (34, 33), (50, 34), (30, 37), (49, 38), (29, 41), (48, 42), (28, 45), (47, 46), (27, 49), (44, 49), (45, 49), (46, 49), (47, 49), (40, 50), (41, 50), (42, 50), (43, 50), (36, 51), (37, 51), (38, 51), (39, 51), (27, 52), (32, 52), (33, 52), (34, 52), (35, 52), (28, 53), (29, 53), (30, 53), (31, 53)]
[(44, 49), (45, 49), (46, 49), (47, 49), (40, 50), (41, 50), (42, 50), (43, 50), (48, 50), (36, 51), (37, 51), (38, 51), (39, 51), (32, 52), (33, 52), (34, 52), (35, 52), (28, 53), (29, 53), (30, 53), (31, 53), (47, 54), (27, 57), (46, 58), (26, 61), (45, 62), (25, 65), (44, 66), (24, 69), (41, 69), (42, 69), (43, 69), (44, 69), (37, 70), (38, 70), (39, 70), (40, 70), (33, 71), (34, 71), (35, 71), (36, 71), (24, 72), (29, 72), (30, 72), (31, 72), (32, 72), (25, 73), (26, 73), (27, 73), (28, 73)]
[(64, 46), (65, 46), (66, 46), (67, 46), (60, 47), (61, 47), (62, 47), (63, 47), (68, 47), (56, 48), (57, 48), (58, 48), (59, 48), (52, 49), (53, 49), (54, 49), (55, 49), (48, 50), (49, 50), (50, 50), (51, 50), (67, 51), (47, 54), (66, 55), (46, 58), (65, 59), (45, 62), (64, 63), (44, 66), (61, 66), (62, 66), (63, 66), (64, 66), (57, 67), (58, 67), (59, 67), (60, 67), (53, 68), (54, 68), (55, 68), (56, 68), (44, 69), (49, 69), (50, 69), (51, 69), (52, 69), (45, 70), (46, 70), (47, 70), (48, 70)]
[(61, 66), (62, 66), (63, 66), (64, 66), (57, 67), (58, 67), (59, 67), (60, 67), (65, 67), (53, 68), (54, 68), (55, 68), (56, 68), (49, 69), (50, 69), (51, 69), (52, 69), (45, 70), (46, 70), (47, 70), (48, 70), (64, 71), (44, 74), (63, 75), (43, 78), (62, 79), (42, 82), (61, 83), (41, 86), (58, 86), (59, 86), (60, 86), (61, 86), (54, 87), (55, 87), (56, 87), (57, 87), (50, 88), (51, 88), (52, 88), (53, 88), (41, 89), (46, 89), (47, 89), (48, 89), (49, 89), (42, 90), (43, 90), (44, 90), (45, 90)]
[(81, 63), (82, 63), (83, 63), (84, 63), (77, 64), (78, 64), (79, 64), (80, 64), (85, 64), (73, 65), (74, 65), (75, 65), (76, 65), (69, 66), (70, 66), (71, 66), (72, 66), (65, 67), (66, 67), (67, 67), (68, 67), (84, 68), (64, 71), (83, 72), (63, 75), (82, 76), (62, 79), (81, 80), (61, 83), (78, 83), (79, 83), (80, 83), (81, 83), (74, 84), (75, 84), (76, 84), (77, 84), (70, 85), (71, 85), (72, 85), (73, 85), (61, 86), (66, 86), (67, 86), (68, 86), (69, 86), (62, 87), (63, 87), (64, 87), (65, 87)]
[(78, 83), (79, 83), (80, 83), (81, 83), (74, 84), (75, 84), (76, 84), (77, 84), (82, 84), (70, 85), (71, 85), (72, 85), (73, 85), (66, 86), (67, 86), (68, 86), (69, 86), (62, 87), (63, 87), (64, 87), (65, 87), (81, 88), (61, 91), (80, 92), (60, 95), (79, 96), (59, 99), (78, 100), (58, 103), (75, 103), (76, 103), (77, 103), (78, 103), (71, 104), (72, 104), (73, 104), (74, 104), (67, 105), (68, 105), (69, 105), (70, 105), (58, 106), (63, 106), (64, 106), (65, 106), (66, 106), (59, 107), (60, 107), (61, 107), (62, 107)]
[(98, 80), (99, 80), (100, 80), (101, 80), (94, 81), (95, 81), (96, 81), (97, 81), (102, 81), (90, 82), (91, 82), (92, 82), (93, 82), (86, 83), (87, 83), (88, 83), (89, 83), (82, 84), (83, 84), (84, 84), (85, 84), (101, 85), (81, 88), (100, 89), (80, 92), (99, 93), (79, 96), (98, 97), (78, 100), (95, 100), (96, 100), (97, 100), (98, 100), (91, 101), (92, 101), (93, 101), (94, 101), (87, 102), (88, 102), (89, 102), (90, 102), (78, 103), (83, 103), (84, 103), (85, 103), (86, 103), (79, 104), (80, 104), (81, 104), (82, 104)]
[(95, 100), (96, 100), (97, 100), (98, 100), (91, 101), (92, 101), (93, 101), (94, 101), (99, 101), (87, 102), (88, 102), (89, 102), (90, 102), (83, 103), (84, 103), (85, 103), (86, 103), (79, 104), (80, 104), (81, 104), (82, 104), (98, 105), (78, 108), (97, 109), (77, 112), (96, 113)]
[(111, 98), (112, 98), (113, 98), (114, 98), (107, 99), (108, 99), (109, 99), (110, 99), (103, 100), (104, 100), (105, 100), (106, 100), (99, 101), (100, 101), (101, 101), (102, 101), (98, 105), (97, 109), (96, 113)]
[(24, 52), (25, 52), (26, 52), (27, 52), (20, 53), (21, 53), (22, 53), (23, 53), (28, 53), (16, 54), (17, 54), (18, 54), (19, 54), (12, 55), (13, 55), (14, 55), (15, 55), (8, 56), (9, 56), (10, 56), (11, 56), (27, 57), (7, 60), (26, 61), (6, 64), (25, 65), (5, 68), (24, 69), (4, 72), (21, 72), (22, 72), (23, 72), (24, 72), (17, 73), (18, 73), (19, 73), (20, 73), (13, 74), (14, 74), (15, 74), (16, 74), (4, 75), (9, 75), (10, 75), (11, 75), (12, 75), (5, 76), (6, 76), (7, 76), (8, 76)]
[(21, 72), (22, 72), (23, 72), (24, 72), (17, 73), (18, 73), (19, 73), (20, 73), (25, 73), (13, 74), (14, 74), (15, 74), (16, 74), (9, 75), (10, 75), (11, 75), (12, 75), (5, 76), (6, 76), (7, 76), (8, 76), (24, 77), (4, 80), (23, 81), (3, 84), (22, 85), (2, 88), (21, 89), (1, 92), (18, 92), (19, 92), (20, 92), (21, 92), (14, 93), (15, 93), (16, 93), (17, 93), (10, 94), (11, 94), (12, 94), (13, 94), (1, 95), (6, 95), (7, 95), (8, 95), (9, 95), (2, 96), (3, 96), (4, 96), (5, 96)]
[(41, 69), (42, 69), (43, 69), (44, 69), (37, 70), (38, 70), (39, 70), (40, 70), (45, 70), (33, 71), (34, 71), (35, 71), (36, 71), (29, 72), (30, 72), (31, 72), (32, 72), (25, 73), (26, 73), (27, 73), (28, 73), (44, 74), (24, 77), (43, 78), (23, 81), (42, 82), (22, 85), (41, 86), (21, 89), (38, 89), (39, 89), (40, 89), (41, 89), (34, 90), (35, 90), (36, 90), (37, 90), (30, 91), (31, 91), (32, 91), (33, 91), (21, 92), (26, 92), (27, 92), (28, 92), (29, 92), (22, 93), (23, 93), (24, 93), (25, 93)]
[(38, 89), (39, 89), (40, 89), (41, 89), (34, 90), (35, 90), (36, 90), (37, 90), (42, 90), (30, 91), (31, 91), (32, 91), (33, 91), (26, 92), (27, 92), (28, 92), (29, 92), (22, 93), (23, 93), (24, 93), (25, 93), (41, 94), (21, 97), (40, 98), (20, 101), (39, 102), (19, 105), (38, 106), (18, 109), (35, 109), (36, 109), (37, 109), (38, 109), (31, 110), (32, 110), (33, 110), (34, 110), (27, 111), (28, 111), (29, 111), (30, 111), (18, 112), (23, 112), (24, 112), (25, 112), (26, 112), (19, 113), (20, 113), (21, 113), (22, 113)]
[(58, 86), (59, 86), (60, 86), (61, 86), (54, 87), (55, 87), (56, 87), (57, 87), (62, 87), (50, 88), (51, 88), (52, 88), (53, 88), (46, 89), (47, 89), (48, 89), (49, 89), (42, 90), (43, 90), (44, 90), (45, 90), (61, 91), (41, 94), (60, 95), (40, 98), (59, 99), (39, 102), (58, 103), (38, 106), (55, 106), (56, 106), (57, 106), (58, 106), (51, 107), (52, 107), (53, 107), (54, 107), (47, 108), (48, 108), (49, 108), (50, 108), (38, 109), (43, 109), (44, 109), (45, 109), (46, 109), (39, 110), (40, 110), (41, 110), (42, 110)]
[(55, 106), (56, 106), (57, 106), (58, 106), (51, 107), (52, 107), (53, 107), (54, 107), (59, 107), (47, 108), (48, 108), (49, 108), (50, 108), (43, 109), (44, 109), (45, 109), (46, 109), (39, 110), (40, 110), (41, 110), (42, 110), (58, 111), (38, 114)]
[(75, 103), (76, 103), (77, 103), (78, 103), (71, 104), (72, 104), (73, 104), (74, 104), (79, 104), (67, 105), (68, 105), (69, 105), (70, 105), (63, 106), (64, 106), (65, 106), (66, 106), (59, 107), (60, 107), (61, 107), (62, 107), (78, 108), (58, 111), (77, 112)]
[(18, 92), (19, 92), (20, 92), (21, 92), (14, 93), (15, 93), (16, 93), (17, 93), (22, 93), (10, 94), (11, 94), (12, 94), (13, 94), (6, 95), (7, 95), (8, 95), (9, 95), (2, 96), (3, 96), (4, 96), (5, 96), (21, 97), (1, 100), (20, 101), (0, 104), (19, 105), (18, 109), (15, 112), (16, 112), (17, 112), (18, 112), (11, 113), (12, 113), (13, 113), (14, 113), (7, 114), (8, 114), (9, 114), (10, 114)]
[(15, 112), (16, 112), (17, 112), (18, 112), (11, 113), (12, 113), (13, 113), (14, 113), (19, 113), (7, 114), (8, 114), (9, 114), (10, 114)]
[(35, 109), (36, 109), (37, 109), (38, 109), (31, 110), (32, 110), (33, 110), (34, 110), (39, 110), (27, 111), (28, 111), (29, 111), (30, 111), (23, 112), (24, 112), (25, 112), (26, 112), (19, 113), (20, 113), (21, 113), (22, 113), (38, 114)]
