[(114, 21), (111, 22), (112, 22), (113, 22), (109, 23), (110, 23), (106, 24), (107, 24), (108, 24), (104, 25), (105, 25), (101, 26), (102, 26), (103, 26), (98, 27), (99, 27), (100, 27), (97, 29), (96, 32), (95, 34), (94, 37), (93, 39), (92, 42), (91, 44), (91, 46), (113, 46), (114, 46), (92, 47), (110, 47), (111, 47), (112, 47), (93, 48), (108, 48), (109, 48), (94, 49), (105, 49), (106, 49), (107, 49), (95, 50), (103, 50), (104, 50), (96, 51), (100, 51), (101, 51), (102, 51), (97, 52), (98, 52), (99, 52)]
[(66, 22), (67, 22), (64, 23), (65, 23), (68, 23), (61, 24), (62, 24), (63, 24), (69, 24), (59, 25), (60, 25), (70, 25), (56, 26), (57, 26), (58, 26), (71, 26), (54, 27), (55, 27), (72, 27), (51, 28), (52, 28), (53, 28), (73, 28), (48, 29), (49, 29), (50, 29), (72, 30), (47, 31), (71, 33), (46, 34), (70, 35), (45, 36), (69, 38), (44, 39), (68, 40), (43, 41), (67, 43), (42, 44), (66, 45), (41, 46), (65, 47), (66, 47), (41, 48), (63, 48), (64, 48), (42, 49), (60, 49), (61, 49), (62, 49), (43, 50), (58, 50), (59, 50), (44, 51), (55, 51), (56, 51), (57, 51), (45, 52), (53, 52), (54, 52), (46, 53), (50, 53), (51, 53), (52, 53), (47, 54), (48, 54), (49, 54)]
[(91, 21), (92, 21), (89, 22), (90, 22), (93, 22), (86, 23), (87, 23), (88, 23), (94, 23), (84, 24), (85, 24), (95, 24), (81, 25), (82, 25), (83, 25), (96, 25), (79, 26), (80, 26), (97, 26), (76, 27), (77, 27), (78, 27), (98, 27), (73, 28), (74, 28), (75, 28), (97, 29), (72, 30), (96, 32), (71, 33), (95, 34), (70, 35), (94, 37), (69, 38), (93, 39), (68, 40), (92, 42), (67, 43), (91, 44), (66, 45), (90, 46), (91, 46), (66, 47), (88, 47), (89, 47), (67, 48), (85, 48), (86, 48), (87, 48), (68, 49), (83, 49), (84, 49), (69, 50), (80, 50), (81, 50), (82, 50), (70, 51), (78, 51), (79, 51), (71, 52), (75, 52), (76, 52), (77, 52), (72, 53), (73, 53), (74, 53)]
[(90, 46), (91, 46), (88, 47), (89, 47), (92, 47), (85, 48), (86, 48), (87, 48), (93, 48), (83, 49), (84, 49), (94, 49), (80, 50), (81, 50), (82, 50), (95, 50), (78, 51), (79, 51), (96, 51), (75, 52), (76, 52), (77, 52), (97, 52), (72, 53), (73, 53), (74, 53), (96, 54), (71, 55), (95, 57), (70, 58), (94, 59), (69, 60), (93, 62), (68, 63), (92, 64), (67, 65), (91, 67), (66, 68), (90, 69), (65, 70), (89, 71), (90, 71), (65, 72), (87, 72), (88, 72), (66, 73), (84, 73), (85, 73), (86, 73), (67, 74), (82, 74), (83, 74), (68, 75), (79, 75), (80, 75), (81, 75), (69, 76), (77, 76), (78, 76), (70, 77), (74, 77), (75, 77), (76, 77), (71, 78), (72, 78), (73, 78)]
[(113, 46), (114, 46), (110, 47), (111, 47), (112, 47), (108, 48), (109, 48), (105, 49), (106, 49), (107, 49), (103, 50), (104, 50), (100, 51), (101, 51), (102, 51), (97, 52), (98, 52), (99, 52), (96, 54), (95, 57), (94, 59), (93, 62), (92, 64), (91, 67), (90, 69), (114, 70), (90, 71), (112, 71), (113, 71), (91, 72), (109, 72), (110, 72), (111, 72), (92, 73), (107, 73), (108, 73), (93, 74), (104, 74), (105, 74), (106, 74), (94, 75), (102, 75), (103, 75), (95, 76), (99, 76), (100, 76), (101, 76), (96, 77), (97, 77), (98, 77)]
[(114, 70), (112, 71), (113, 71), (109, 72), (110, 72), (111, 72), (107, 73), (108, 73), (104, 74), (105, 74), (106, 74), (102, 75), (103, 75), (99, 76), (100, 76), (101, 76), (96, 77), (97, 77), (98, 77), (95, 79), (94, 82), (93, 84), (92, 87), (91, 89), (90, 92), (114, 93), (89, 94), (113, 95), (114, 95), (89, 96), (111, 96), (112, 96), (90, 97), (108, 97), (109, 97), (110, 97), (91, 98), (106, 98), (107, 98), (92, 99), (103, 99), (104, 99), (105, 99), (93, 100), (101, 100), (102, 100), (94, 101), (98, 101), (99, 101), (100, 101), (95, 102), (96, 102), (97, 102)]
[(114, 93), (114, 95)]
[(40, 48), (41, 48), (38, 49), (39, 49), (42, 49), (35, 50), (36, 50), (37, 50), (43, 50), (33, 51), (34, 51), (44, 51), (30, 52), (31, 52), (32, 52), (45, 52), (28, 53), (29, 53), (46, 53), (25, 54), (26, 54), (27, 54), (47, 54), (22, 55), (23, 55), (24, 55), (46, 56), (21, 57), (45, 59), (20, 60), (44, 61), (19, 62), (43, 64), (18, 65), (42, 66), (17, 67), (41, 69), (16, 70), (40, 71), (15, 72), (39, 73), (40, 73), (15, 74), (37, 74), (38, 74), (16, 75), (34, 75), (35, 75), (36, 75), (17, 76), (32, 76), (33, 76), (18, 77), (29, 77), (30, 77), (31, 77), (19, 78), (27, 78), (28, 78), (20, 79), (24, 79), (25, 79), (26, 79), (21, 80), (22, 80), (23, 80)]
[(65, 47), (66, 47), (63, 48), (64, 48), (67, 48), (60, 49), (61, 49), (62, 49), (68, 49), (58, 50), (59, 50), (69, 50), (55, 51), (56, 51), (57, 51), (70, 51), (53, 52), (54, 52), (71, 52), (50, 53), (51, 53), (52, 53), (72, 53), (47, 54), (48, 54), (49, 54), (71, 55), (46, 56), (70, 58), (45, 59), (69, 60), (44, 61), (68, 63), (43, 64), (67, 65), (42, 66), (66, 68), (41, 69), (65, 70), (40, 71), (64, 72), (65, 72), (40, 73), (62, 73), (63, 73), (41, 74), (59, 74), (60, 74), (61, 74), (42, 75), (57, 75), (58, 75), (43, 76), (54, 76), (55, 76), (56, 76), (44, 77), (52, 77), (53, 77), (45, 78), (49, 78), (50, 78), (51, 78), (46, 79), (47, 79), (48, 79)]
[(64, 72), (65, 72), (62, 73), (63, 73), (66, 73), (59, 74), (60, 74), (61, 74), (67, 74), (57, 75), (58, 75), (68, 75), (54, 76), (55, 76), (56, 76), (69, 76), (52, 77), (53, 77), (70, 77), (49, 78), (50, 78), (51, 78), (71, 78), (46, 79), (47, 79), (48, 79), (70, 80), (45, 81), (69, 83), (44, 84), (68, 85), (43, 86), (67, 88), (42, 89), (66, 90), (41, 91), (65, 93), (40, 94), (64, 95), (39, 96), (63, 97), (64, 97), (39, 98), (61, 98), (62, 98), (40, 99), (58, 99), (59, 99), (60, 99), (41, 100), (56, 100), (57, 100), (42, 101), (53, 101), (54, 101), (55, 101), (43, 102), (51, 102), (52, 102), (44, 103), (48, 103), (49, 103), (50, 103), (45, 104), (46, 104), (47, 104)]
[(89, 71), (90, 71), (87, 72), (88, 72), (91, 72), (84, 73), (85, 73), (86, 73), (92, 73), (82, 74), (83, 74), (93, 74), (79, 75), (80, 75), (81, 75), (94, 75), (77, 76), (78, 76), (95, 76), (74, 77), (75, 77), (76, 77), (96, 77), (71, 78), (72, 78), (73, 78), (95, 79), (70, 80), (94, 82), (69, 83), (93, 84), (68, 85), (92, 87), (67, 88), (91, 89), (66, 90), (90, 92), (65, 93), (89, 94), (64, 95), (88, 96), (89, 96), (64, 97), (86, 97), (87, 97), (65, 98), (83, 98), (84, 98), (85, 98), (66, 99), (81, 99), (82, 99), (67, 100), (78, 100), (79, 100), (80, 100), (68, 101), (76, 101), (77, 101), (69, 102), (73, 102), (74, 102), (75, 102), (70, 103), (71, 103), (72, 103)]
[(88, 96), (89, 96), (86, 97), (87, 97), (90, 97), (83, 98), (84, 98), (85, 98), (91, 98), (81, 99), (82, 99), (92, 99), (78, 100), (79, 100), (80, 100), (93, 100), (76, 101), (77, 101), (94, 101), (73, 102), (74, 102), (75, 102), (95, 102), (70, 103), (71, 103), (72, 103), (94, 104), (69, 105), (93, 107), (68, 108), (92, 109), (67, 110), (91, 112), (66, 113), (90, 114)]
[(113, 95), (114, 95), (111, 96), (112, 96), (108, 97), (109, 97), (110, 97), (106, 98), (107, 98), (103, 99), (104, 99), (105, 99), (101, 100), (102, 100), (98, 101), (99, 101), (100, 101), (95, 102), (96, 102), (97, 102), (94, 104), (93, 107), (92, 109), (91, 112), (90, 114)]
[(39, 73), (40, 73), (37, 74), (38, 74), (41, 74), (34, 75), (35, 75), (36, 75), (42, 75), (32, 76), (33, 76), (43, 76), (29, 77), (30, 77), (31, 77), (44, 77), (27, 78), (28, 78), (45, 78), (24, 79), (25, 79), (26, 79), (46, 79), (21, 80), (22, 80), (23, 80), (45, 81), (20, 82), (44, 84), (19, 85), (43, 86), (18, 87), (42, 89), (17, 90), (41, 91), (16, 92), (40, 94), (15, 95), (39, 96), (14, 97), (38, 98), (39, 98), (14, 99), (36, 99), (37, 99), (15, 100), (33, 100), (34, 100), (35, 100), (16, 101), (31, 101), (32, 101), (17, 102), (28, 102), (29, 102), (30, 102), (18, 103), (26, 103), (27, 103), (19, 104), (23, 104), (24, 104), (25, 104), (20, 105), (21, 105), (22, 105)]
[(38, 98), (39, 98), (36, 99), (37, 99), (40, 99), (33, 100), (34, 100), (35, 100), (41, 100), (31, 101), (32, 101), (42, 101), (28, 102), (29, 102), (30, 102), (43, 102), (26, 103), (27, 103), (44, 103), (23, 104), (24, 104), (25, 104), (45, 104), (20, 105), (21, 105), (22, 105), (44, 106), (19, 107), (43, 109), (18, 110), (42, 111), (17, 112), (41, 114)]
[(63, 97), (64, 97), (61, 98), (62, 98), (65, 98), (58, 99), (59, 99), (60, 99), (66, 99), (56, 100), (57, 100), (67, 100), (53, 101), (54, 101), (55, 101), (68, 101), (51, 102), (52, 102), (69, 102), (48, 103), (49, 103), (50, 103), (70, 103), (45, 104), (46, 104), (47, 104), (69, 105), (44, 106), (68, 108), (43, 109), (67, 110), (42, 111), (66, 113), (41, 114)]
