[(105, 28), (106, 28), (103, 29), (104, 29), (107, 29), (100, 30), (101, 30), (102, 30), (108, 30), (97, 31), (98, 31), (99, 31), (109, 31), (94, 32), (95, 32), (96, 32), (110, 32), (91, 33), (92, 33), (93, 33), (111, 33), (88, 34), (89, 34), (90, 34), (110, 35), (87, 36), (109, 38), (86, 39), (108, 41), (85, 42), (107, 44), (84, 45), (106, 47), (83, 48), (105, 50), (82, 51), (104, 51), (105, 51), (82, 52), (102, 52), (103, 52), (83, 53), (99, 53), (100, 53), (101, 53), (84, 54), (96, 54), (97, 54), (98, 54), (85, 55), (93, 55), (94, 55), (95, 55), (86, 56), (90, 56), (91, 56), (92, 56), (87, 57), (88, 57), (89, 57)]
[(114, 32), (111, 33), (112, 33), (113, 33), (110, 35), (109, 38), (108, 41), (107, 44), (106, 47), (105, 50), (105, 51), (106, 52), (107, 53), (108, 54), (109, 55), (113, 55), (114, 55), (110, 56), (111, 56), (112, 56)]
[(113, 55), (114, 55), (110, 56), (111, 56), (112, 56), (109, 58), (108, 61), (107, 64), (106, 67), (105, 70), (104, 73), (104, 74), (105, 75), (106, 76), (107, 77), (108, 78), (112, 78), (113, 78), (114, 78), (109, 79), (110, 79), (111, 79)]
[(59, 30), (60, 30), (57, 31), (58, 31), (61, 31), (54, 32), (55, 32), (56, 32), (62, 32), (51, 33), (52, 33), (53, 33), (63, 33), (48, 34), (49, 34), (50, 34), (64, 34), (45, 35), (46, 35), (47, 35), (65, 35), (42, 36), (43, 36), (44, 36), (64, 37), (41, 38), (63, 40), (40, 41), (62, 43), (39, 44), (61, 46), (38, 47), (60, 49), (37, 50), (59, 52), (36, 53), (58, 53), (59, 53), (36, 54), (56, 54), (57, 54), (37, 55), (53, 55), (54, 55), (55, 55), (38, 56), (50, 56), (51, 56), (52, 56), (39, 57), (47, 57), (48, 57), (49, 57), (40, 58), (44, 58), (45, 58), (46, 58), (41, 59), (42, 59), (43, 59)]
[(82, 29), (83, 29), (80, 30), (81, 30), (84, 30), (77, 31), (78, 31), (79, 31), (85, 31), (74, 32), (75, 32), (76, 32), (86, 32), (71, 33), (72, 33), (73, 33), (87, 33), (68, 34), (69, 34), (70, 34), (88, 34), (65, 35), (66, 35), (67, 35), (87, 36), (64, 37), (86, 39), (63, 40), (85, 42), (62, 43), (84, 45), (61, 46), (83, 48), (60, 49), (82, 51), (59, 52), (81, 52), (82, 52), (59, 53), (79, 53), (80, 53), (60, 54), (76, 54), (77, 54), (78, 54), (61, 55), (73, 55), (74, 55), (75, 55), (62, 56), (70, 56), (71, 56), (72, 56), (63, 57), (67, 57), (68, 57), (69, 57), (64, 58), (65, 58), (66, 58)]
[(81, 52), (82, 52), (79, 53), (80, 53), (83, 53), (76, 54), (77, 54), (78, 54), (84, 54), (73, 55), (74, 55), (75, 55), (85, 55), (70, 56), (71, 56), (72, 56), (86, 56), (67, 57), (68, 57), (69, 57), (87, 57), (64, 58), (65, 58), (66, 58), (86, 59), (63, 60), (85, 62), (62, 63), (84, 65), (61, 66), (83, 68), (60, 69), (82, 71), (59, 72), (81, 74), (58, 75), (80, 75), (81, 75), (58, 76), (78, 76), (79, 76), (59, 77), (75, 77), (76, 77), (77, 77), (60, 78), (72, 78), (73, 78), (74, 78), (61, 79), (69, 79), (70, 79), (71, 79), (62, 80), (66, 80), (67, 80), (68, 80), (63, 81), (64, 81), (65, 81)]
[(104, 51), (105, 51), (102, 52), (103, 52), (106, 52), (99, 53), (100, 53), (101, 53), (107, 53), (96, 54), (97, 54), (98, 54), (108, 54), (93, 55), (94, 55), (95, 55), (109, 55), (90, 56), (91, 56), (92, 56), (110, 56), (87, 57), (88, 57), (89, 57), (109, 58), (86, 59), (108, 61), (85, 62), (107, 64), (84, 65), (106, 67), (83, 68), (105, 70), (82, 71), (104, 73), (81, 74), (103, 74), (104, 74), (81, 75), (101, 75), (102, 75), (82, 76), (98, 76), (99, 76), (100, 76), (83, 77), (95, 77), (96, 77), (97, 77), (84, 78), (92, 78), (93, 78), (94, 78), (85, 79), (89, 79), (90, 79), (91, 79), (86, 80), (87, 80), (88, 80)]
[(103, 74), (104, 74), (101, 75), (102, 75), (105, 75), (98, 76), (99, 76), (100, 76), (106, 76), (95, 77), (96, 77), (97, 77), (107, 77), (92, 78), (93, 78), (94, 78), (108, 78), (89, 79), (90, 79), (91, 79), (109, 79), (86, 80), (87, 80), (88, 80), (108, 81), (85, 82), (107, 84), (84, 85), (106, 87), (83, 88), (105, 90), (82, 91), (104, 93), (81, 94), (103, 96), (80, 97), (102, 97), (103, 97), (80, 98), (100, 98), (101, 98), (81, 99), (97, 99), (98, 99), (99, 99), (82, 100), (94, 100), (95, 100), (96, 100), (83, 101), (91, 101), (92, 101), (93, 101), (84, 102), (88, 102), (89, 102), (90, 102), (85, 103), (86, 103), (87, 103)]
[(112, 78), (113, 78), (114, 78), (109, 79), (110, 79), (111, 79), (108, 81), (107, 84), (106, 87), (105, 90), (104, 93), (103, 96), (103, 97), (104, 98), (105, 99), (106, 100), (114, 100), (107, 101), (111, 101), (112, 101), (113, 101), (108, 102), (109, 102), (110, 102)]
[(114, 100), (111, 101), (112, 101), (113, 101), (108, 102), (109, 102), (110, 102), (107, 104), (106, 107), (105, 110), (104, 113)]
[(35, 54), (36, 54), (33, 55), (34, 55), (37, 55), (30, 56), (31, 56), (32, 56), (38, 56), (27, 57), (28, 57), (29, 57), (39, 57), (24, 58), (25, 58), (26, 58), (40, 58), (21, 59), (22, 59), (23, 59), (41, 59), (18, 60), (19, 60), (20, 60), (40, 61), (17, 62), (39, 64), (16, 65), (38, 67), (15, 68), (37, 70), (14, 71), (36, 73), (13, 74), (35, 76), (12, 77), (34, 77), (35, 77), (12, 78), (32, 78), (33, 78), (13, 79), (29, 79), (30, 79), (31, 79), (14, 80), (26, 80), (27, 80), (28, 80), (15, 81), (23, 81), (24, 81), (25, 81), (16, 82), (20, 82), (21, 82), (22, 82), (17, 83), (18, 83), (19, 83)]
[(58, 53), (59, 53), (56, 54), (57, 54), (60, 54), (53, 55), (54, 55), (55, 55), (61, 55), (50, 56), (51, 56), (52, 56), (62, 56), (47, 57), (48, 57), (49, 57), (63, 57), (44, 58), (45, 58), (46, 58), (64, 58), (41, 59), (42, 59), (43, 59), (63, 60), (40, 61), (62, 63), (39, 64), (61, 66), (38, 67), (60, 69), (37, 70), (59, 72), (36, 73), (58, 75), (35, 76), (57, 76), (58, 76), (35, 77), (55, 77), (56, 77), (36, 78), (52, 78), (53, 78), (54, 78), (37, 79), (49, 79), (50, 79), (51, 79), (38, 80), (46, 80), (47, 80), (48, 80), (39, 81), (43, 81), (44, 81), (45, 81), (40, 82), (41, 82), (42, 82)]
[(57, 76), (58, 76), (55, 77), (56, 77), (59, 77), (52, 78), (53, 78), (54, 78), (60, 78), (49, 79), (50, 79), (51, 79), (61, 79), (46, 80), (47, 80), (48, 80), (62, 80), (43, 81), (44, 81), (45, 81), (63, 81), (40, 82), (41, 82), (42, 82), (62, 83), (39, 84), (61, 86), (38, 87), (60, 89), (37, 90), (59, 92), (36, 93), (58, 95), (35, 96), (57, 98), (34, 99), (56, 99), (57, 99), (34, 100), (54, 100), (55, 100), (35, 101), (51, 101), (52, 101), (53, 101), (36, 102), (48, 102), (49, 102), (50, 102), (37, 103), (45, 103), (46, 103), (47, 103), (38, 104), (42, 104), (43, 104), (44, 104), (39, 105), (40, 105), (41, 105)]
[(80, 75), (81, 75), (78, 76), (79, 76), (82, 76), (75, 77), (76, 77), (77, 77), (83, 77), (72, 78), (73, 78), (74, 78), (84, 78), (69, 79), (70, 79), (71, 79), (85, 79), (66, 80), (67, 80), (68, 80), (86, 80), (63, 81), (64, 81), (65, 81), (85, 82), (62, 83), (84, 85), (61, 86), (83, 88), (60, 89), (82, 91), (59, 92), (81, 94), (58, 95), (80, 97), (57, 98), (79, 98), (80, 98), (57, 99), (77, 99), (78, 99), (58, 100), (74, 100), (75, 100), (76, 100), (59, 101), (71, 101), (72, 101), (73, 101), (60, 102), (68, 102), (69, 102), (70, 102), (61, 103), (65, 103), (66, 103), (67, 103), (62, 104), (63, 104), (64, 104)]
[(79, 98), (80, 98), (77, 99), (78, 99), (81, 99), (74, 100), (75, 100), (76, 100), (82, 100), (71, 101), (72, 101), (73, 101), (83, 101), (68, 102), (69, 102), (70, 102), (84, 102), (65, 103), (66, 103), (67, 103), (85, 103), (62, 104), (63, 104), (64, 104), (84, 105), (61, 106), (83, 108), (60, 109), (82, 111), (59, 112), (81, 114)]
[(102, 97), (103, 97), (100, 98), (101, 98), (104, 98), (97, 99), (98, 99), (99, 99), (105, 99), (94, 100), (95, 100), (96, 100), (106, 100), (91, 101), (92, 101), (93, 101), (107, 101), (88, 102), (89, 102), (90, 102), (108, 102), (85, 103), (86, 103), (87, 103), (107, 104), (84, 105), (106, 107), (83, 108), (105, 110), (82, 111), (104, 113), (81, 114)]
[(34, 77), (35, 77), (32, 78), (33, 78), (36, 78), (29, 79), (30, 79), (31, 79), (37, 79), (26, 80), (27, 80), (28, 80), (38, 80), (23, 81), (24, 81), (25, 81), (39, 81), (20, 82), (21, 82), (22, 82), (40, 82), (17, 83), (18, 83), (19, 83), (39, 84), (16, 85), (38, 87), (15, 88), (37, 90), (14, 91), (36, 93), (13, 94), (35, 96), (12, 97), (34, 99), (11, 100), (33, 100), (34, 100), (11, 101), (31, 101), (32, 101), (12, 102), (28, 102), (29, 102), (30, 102), (13, 103), (25, 103), (26, 103), (27, 103), (14, 104), (22, 104), (23, 104), (24, 104), (15, 105), (19, 105), (20, 105), (21, 105), (16, 106), (17, 106), (18, 106)]
[(33, 100), (34, 100), (31, 101), (32, 101), (35, 101), (28, 102), (29, 102), (30, 102), (36, 102), (25, 103), (26, 103), (27, 103), (37, 103), (22, 104), (23, 104), (24, 104), (38, 104), (19, 105), (20, 105), (21, 105), (39, 105), (16, 106), (17, 106), (18, 106), (38, 107), (15, 108), (37, 110), (14, 111), (36, 113), (13, 114)]
[(56, 99), (57, 99), (54, 100), (55, 100), (58, 100), (51, 101), (52, 101), (53, 101), (59, 101), (48, 102), (49, 102), (50, 102), (60, 102), (45, 103), (46, 103), (47, 103), (61, 103), (42, 104), (43, 104), (44, 104), (62, 104), (39, 105), (40, 105), (41, 105), (61, 106), (38, 107), (60, 109), (37, 110), (59, 112), (36, 113)]
