[(113, 31), (114, 31), (109, 32), (110, 32), (111, 32), (112, 32), (104, 33), (105, 33), (106, 33), (107, 33), (108, 33), (103, 37), (102, 41), (101, 45), (101, 49), (102, 50), (103, 51), (104, 52), (105, 53), (106, 54), (112, 54), (113, 54), (114, 54), (107, 55), (108, 55), (109, 55), (110, 55), (111, 55)]
[(73, 24), (74, 24), (75, 24), (76, 24), (69, 25), (70, 25), (71, 25), (72, 25), (77, 25), (65, 26), (66, 26), (67, 26), (68, 26), (78, 26), (60, 27), (61, 27), (62, 27), (63, 27), (64, 27), (79, 27), (80, 28), (81, 29), (82, 30), (59, 31), (81, 34), (58, 35), (80, 38), (57, 39), (79, 42), (57, 43), (58, 44), (59, 45), (60, 46), (76, 46), (77, 46), (78, 46), (79, 46), (61, 47), (72, 47), (73, 47), (74, 47), (75, 47), (62, 48), (68, 48), (69, 48), (70, 48), (71, 48), (63, 49), (64, 49), (65, 49), (66, 49), (67, 49)]
[(95, 27), (96, 27), (97, 27), (98, 27), (91, 28), (92, 28), (93, 28), (94, 28), (99, 28), (87, 29), (88, 29), (89, 29), (90, 29), (100, 29), (82, 30), (83, 30), (84, 30), (85, 30), (86, 30), (101, 30), (102, 31), (103, 32), (104, 33), (81, 34), (103, 37), (80, 38), (102, 41), (79, 42), (101, 45), (79, 46), (80, 47), (81, 48), (82, 49), (98, 49), (99, 49), (100, 49), (101, 49), (83, 50), (94, 50), (95, 50), (96, 50), (97, 50), (84, 51), (90, 51), (91, 51), (92, 51), (93, 51), (85, 52), (86, 52), (87, 52), (88, 52), (89, 52)]
[(98, 49), (99, 49), (100, 49), (101, 49), (94, 50), (95, 50), (96, 50), (97, 50), (102, 50), (90, 51), (91, 51), (92, 51), (93, 51), (103, 51), (85, 52), (86, 52), (87, 52), (88, 52), (89, 52), (104, 52), (105, 53), (106, 54), (107, 55), (84, 56), (106, 59), (83, 60), (105, 63), (82, 64), (104, 67), (82, 68), (83, 69), (84, 70), (85, 71), (101, 71), (102, 71), (103, 71), (104, 71), (86, 72), (97, 72), (98, 72), (99, 72), (100, 72), (87, 73), (93, 73), (94, 73), (95, 73), (96, 73), (88, 74), (89, 74), (90, 74), (91, 74), (92, 74)]
[(112, 54), (113, 54), (114, 54), (107, 55), (108, 55), (109, 55), (110, 55), (111, 55), (106, 59), (105, 63), (104, 67), (104, 71), (105, 72), (106, 73), (107, 74), (108, 75), (109, 76), (110, 77), (111, 77), (112, 77), (113, 77), (114, 77)]
[(110, 77), (111, 77), (112, 77), (113, 77), (114, 77), (109, 81), (108, 85), (107, 89), (107, 93), (108, 94), (109, 95), (110, 96), (111, 97), (112, 98), (113, 99), (114, 99)]
[(54, 43), (55, 43), (56, 43), (57, 43), (50, 44), (51, 44), (52, 44), (53, 44), (58, 44), (46, 45), (47, 45), (48, 45), (49, 45), (59, 45), (41, 46), (42, 46), (43, 46), (44, 46), (45, 46), (60, 46), (61, 47), (62, 48), (63, 49), (40, 50), (62, 53), (39, 54), (61, 57), (38, 58), (60, 61), (38, 62), (39, 63), (40, 64), (41, 65), (57, 65), (58, 65), (59, 65), (60, 65), (42, 66), (53, 66), (54, 66), (55, 66), (56, 66), (43, 67), (49, 67), (50, 67), (51, 67), (52, 67), (44, 68), (45, 68), (46, 68), (47, 68), (48, 68)]
[(76, 46), (77, 46), (78, 46), (79, 46), (72, 47), (73, 47), (74, 47), (75, 47), (80, 47), (68, 48), (69, 48), (70, 48), (71, 48), (81, 48), (63, 49), (64, 49), (65, 49), (66, 49), (67, 49), (82, 49), (83, 50), (84, 51), (85, 52), (62, 53), (84, 56), (61, 57), (83, 60), (60, 61), (82, 64), (60, 65), (61, 66), (62, 67), (63, 68), (79, 68), (80, 68), (81, 68), (82, 68), (64, 69), (75, 69), (76, 69), (77, 69), (78, 69), (65, 70), (71, 70), (72, 70), (73, 70), (74, 70), (66, 71), (67, 71), (68, 71), (69, 71), (70, 71)]
[(79, 68), (80, 68), (81, 68), (82, 68), (75, 69), (76, 69), (77, 69), (78, 69), (83, 69), (71, 70), (72, 70), (73, 70), (74, 70), (84, 70), (66, 71), (67, 71), (68, 71), (69, 71), (70, 71), (85, 71), (86, 72), (87, 73), (88, 74), (65, 75), (87, 78), (64, 79), (86, 82), (63, 83), (85, 86), (63, 87), (64, 88), (65, 89), (66, 90), (82, 90), (83, 90), (84, 90), (85, 90), (67, 91), (78, 91), (79, 91), (80, 91), (81, 91), (68, 92), (74, 92), (75, 92), (76, 92), (77, 92), (69, 93), (70, 93), (71, 93), (72, 93), (73, 93)]
[(101, 71), (102, 71), (103, 71), (104, 71), (97, 72), (98, 72), (99, 72), (100, 72), (105, 72), (93, 73), (94, 73), (95, 73), (96, 73), (106, 73), (88, 74), (89, 74), (90, 74), (91, 74), (92, 74), (107, 74), (108, 75), (109, 76), (110, 77), (87, 78), (109, 81), (86, 82), (108, 85), (85, 86), (107, 89), (85, 90), (86, 91), (87, 92), (88, 93), (104, 93), (105, 93), (106, 93), (107, 93), (89, 94), (100, 94), (101, 94), (102, 94), (103, 94), (90, 95), (96, 95), (97, 95), (98, 95), (99, 95), (91, 96), (92, 96), (93, 96), (94, 96), (95, 96)]
[(104, 93), (105, 93), (106, 93), (107, 93), (100, 94), (101, 94), (102, 94), (103, 94), (108, 94), (96, 95), (97, 95), (98, 95), (99, 95), (109, 95), (91, 96), (92, 96), (93, 96), (94, 96), (95, 96), (110, 96), (111, 97), (112, 98), (113, 99), (90, 100), (112, 103), (89, 104), (111, 107), (88, 108), (110, 111), (88, 112), (89, 113), (90, 114)]
[(113, 99), (114, 99), (112, 103), (111, 107), (110, 111)]
[(57, 65), (58, 65), (59, 65), (60, 65), (53, 66), (54, 66), (55, 66), (56, 66), (61, 66), (49, 67), (50, 67), (51, 67), (52, 67), (62, 67), (44, 68), (45, 68), (46, 68), (47, 68), (48, 68), (63, 68), (64, 69), (65, 70), (66, 71), (43, 72), (65, 75), (42, 76), (64, 79), (41, 80), (63, 83), (41, 84), (42, 85), (43, 86), (44, 87), (60, 87), (61, 87), (62, 87), (63, 87), (45, 88), (56, 88), (57, 88), (58, 88), (59, 88), (46, 89), (52, 89), (53, 89), (54, 89), (55, 89), (47, 90), (48, 90), (49, 90), (50, 90), (51, 90)]
[(60, 87), (61, 87), (62, 87), (63, 87), (56, 88), (57, 88), (58, 88), (59, 88), (64, 88), (52, 89), (53, 89), (54, 89), (55, 89), (65, 89), (47, 90), (48, 90), (49, 90), (50, 90), (51, 90), (66, 90), (67, 91), (68, 92), (69, 93), (46, 94), (68, 97), (45, 98), (67, 101), (44, 102), (66, 105), (44, 106), (45, 107), (46, 108), (47, 109), (63, 109), (64, 109), (65, 109), (66, 109), (48, 110), (59, 110), (60, 110), (61, 110), (62, 110), (49, 111), (55, 111), (56, 111), (57, 111), (58, 111), (50, 112), (51, 112), (52, 112), (53, 112), (54, 112)]
[(82, 90), (83, 90), (84, 90), (85, 90), (78, 91), (79, 91), (80, 91), (81, 91), (86, 91), (74, 92), (75, 92), (76, 92), (77, 92), (87, 92), (69, 93), (70, 93), (71, 93), (72, 93), (73, 93), (88, 93), (89, 94), (90, 95), (91, 96), (68, 97), (90, 100), (67, 101), (89, 104), (66, 105), (88, 108), (66, 109), (67, 110), (68, 111), (69, 112), (85, 112), (86, 112), (87, 112), (88, 112), (70, 113), (81, 113), (82, 113), (83, 113), (84, 113), (71, 114), (77, 114), (78, 114), (79, 114), (80, 114)]
[(85, 112), (86, 112), (87, 112), (88, 112), (81, 113), (82, 113), (83, 113), (84, 113), (89, 113), (77, 114), (78, 114), (79, 114), (80, 114), (90, 114)]
[(63, 109), (64, 109), (65, 109), (66, 109), (59, 110), (60, 110), (61, 110), (62, 110), (67, 110), (55, 111), (56, 111), (57, 111), (58, 111), (68, 111), (50, 112), (51, 112), (52, 112), (53, 112), (54, 112), (69, 112), (70, 113), (71, 114)]
