[(91, 23), (92, 23), (93, 23), (89, 24), (90, 24), (94, 24), (86, 25), (87, 25), (88, 25), (95, 25), (83, 26), (84, 26), (85, 26), (96, 26), (81, 27), (82, 27), (97, 27), (78, 28), (79, 28), (80, 28), (98, 28), (75, 29), (76, 29), (77, 29), (99, 29), (74, 31), (98, 31), (73, 34), (97, 34), (72, 37), (96, 37), (71, 39), (95, 39), (70, 42), (94, 42), (69, 45), (93, 45), (68, 47), (69, 47), (91, 47), (92, 47), (93, 47), (70, 48), (89, 48), (90, 48), (71, 49), (86, 49), (87, 49), (88, 49), (72, 50), (83, 50), (84, 50), (85, 50), (73, 51), (81, 51), (82, 51), (74, 52), (78, 52), (79, 52), (80, 52), (75, 53), (76, 53), (77, 53)]
[(113, 24), (114, 24), (110, 25), (111, 25), (112, 25), (107, 26), (108, 26), (109, 26), (105, 27), (106, 27), (102, 28), (103, 28), (104, 28), (99, 29), (100, 29), (101, 29), (98, 31), (97, 34), (96, 37), (95, 39), (94, 42), (93, 45), (92, 47), (93, 47), (94, 48), (113, 48), (114, 48), (95, 49), (110, 49), (111, 49), (112, 49), (96, 50), (107, 50), (108, 50), (109, 50), (97, 51), (105, 51), (106, 51), (98, 52), (102, 52), (103, 52), (104, 52), (99, 53), (100, 53), (101, 53)]
[(113, 48), (114, 48), (110, 49), (111, 49), (112, 49), (107, 50), (108, 50), (109, 50), (105, 51), (106, 51), (102, 52), (103, 52), (104, 52), (99, 53), (100, 53), (101, 53), (98, 55), (97, 58), (96, 61), (95, 63), (94, 66), (93, 69), (92, 71), (93, 71), (94, 72), (113, 72), (114, 72), (95, 73), (110, 73), (111, 73), (112, 73), (96, 74), (107, 74), (108, 74), (109, 74), (97, 75), (105, 75), (106, 75), (98, 76), (102, 76), (103, 76), (104, 76), (99, 77), (100, 77), (101, 77)]
[(43, 23), (44, 23), (45, 23), (41, 24), (42, 24), (46, 24), (38, 25), (39, 25), (40, 25), (47, 25), (35, 26), (36, 26), (37, 26), (48, 26), (33, 27), (34, 27), (49, 27), (30, 28), (31, 28), (32, 28), (50, 28), (27, 29), (28, 29), (29, 29), (51, 29), (26, 31), (50, 31), (25, 34), (49, 34), (24, 37), (48, 37), (23, 39), (47, 39), (22, 42), (46, 42), (21, 45), (45, 45), (20, 47), (21, 47), (43, 47), (44, 47), (45, 47), (22, 48), (41, 48), (42, 48), (23, 49), (38, 49), (39, 49), (40, 49), (24, 50), (35, 50), (36, 50), (37, 50), (25, 51), (33, 51), (34, 51), (26, 52), (30, 52), (31, 52), (32, 52), (27, 53), (28, 53), (29, 53)]
[(67, 23), (68, 23), (69, 23), (65, 24), (66, 24), (70, 24), (62, 25), (63, 25), (64, 25), (71, 25), (59, 26), (60, 26), (61, 26), (72, 26), (57, 27), (58, 27), (73, 27), (54, 28), (55, 28), (56, 28), (74, 28), (51, 29), (52, 29), (53, 29), (75, 29), (50, 31), (74, 31), (49, 34), (73, 34), (48, 37), (72, 37), (47, 39), (71, 39), (46, 42), (70, 42), (45, 45), (69, 45), (44, 47), (45, 47), (67, 47), (68, 47), (69, 47), (46, 48), (65, 48), (66, 48), (47, 49), (62, 49), (63, 49), (64, 49), (48, 50), (59, 50), (60, 50), (61, 50), (49, 51), (57, 51), (58, 51), (50, 52), (54, 52), (55, 52), (56, 52), (51, 53), (52, 53), (53, 53)]
[(67, 47), (68, 47), (69, 47), (65, 48), (66, 48), (70, 48), (62, 49), (63, 49), (64, 49), (71, 49), (59, 50), (60, 50), (61, 50), (72, 50), (57, 51), (58, 51), (73, 51), (54, 52), (55, 52), (56, 52), (74, 52), (51, 53), (52, 53), (53, 53), (75, 53), (50, 55), (74, 55), (49, 58), (73, 58), (48, 61), (72, 61), (47, 63), (71, 63), (46, 66), (70, 66), (45, 69), (69, 69), (44, 71), (45, 71), (67, 71), (68, 71), (69, 71), (46, 72), (65, 72), (66, 72), (47, 73), (62, 73), (63, 73), (64, 73), (48, 74), (59, 74), (60, 74), (61, 74), (49, 75), (57, 75), (58, 75), (50, 76), (54, 76), (55, 76), (56, 76), (51, 77), (52, 77), (53, 77)]
[(91, 47), (92, 47), (93, 47), (89, 48), (90, 48), (94, 48), (86, 49), (87, 49), (88, 49), (95, 49), (83, 50), (84, 50), (85, 50), (96, 50), (81, 51), (82, 51), (97, 51), (78, 52), (79, 52), (80, 52), (98, 52), (75, 53), (76, 53), (77, 53), (99, 53), (74, 55), (98, 55), (73, 58), (97, 58), (72, 61), (96, 61), (71, 63), (95, 63), (70, 66), (94, 66), (69, 69), (93, 69), (68, 71), (69, 71), (91, 71), (92, 71), (93, 71), (70, 72), (89, 72), (90, 72), (71, 73), (86, 73), (87, 73), (88, 73), (72, 74), (83, 74), (84, 74), (85, 74), (73, 75), (81, 75), (82, 75), (74, 76), (78, 76), (79, 76), (80, 76), (75, 77), (76, 77), (77, 77)]
[(91, 71), (92, 71), (93, 71), (89, 72), (90, 72), (94, 72), (86, 73), (87, 73), (88, 73), (95, 73), (83, 74), (84, 74), (85, 74), (96, 74), (81, 75), (82, 75), (97, 75), (78, 76), (79, 76), (80, 76), (98, 76), (75, 77), (76, 77), (77, 77), (99, 77), (74, 79), (98, 79), (73, 82), (97, 82), (72, 85), (96, 85), (71, 87), (95, 87), (70, 90), (94, 90), (69, 93), (93, 93), (68, 95), (69, 95), (91, 95), (92, 95), (93, 95), (70, 96), (89, 96), (90, 96), (71, 97), (86, 97), (87, 97), (88, 97), (72, 98), (83, 98), (84, 98), (85, 98), (73, 99), (81, 99), (82, 99), (74, 100), (78, 100), (79, 100), (80, 100), (75, 101), (76, 101), (77, 101)]
[(113, 72), (114, 72), (110, 73), (111, 73), (112, 73), (107, 74), (108, 74), (109, 74), (105, 75), (106, 75), (102, 76), (103, 76), (104, 76), (99, 77), (100, 77), (101, 77), (98, 79), (97, 82), (96, 85), (95, 87), (94, 90), (93, 93), (92, 95), (93, 95), (94, 96), (113, 96), (114, 96), (95, 97), (110, 97), (111, 97), (112, 97), (96, 98), (107, 98), (108, 98), (109, 98), (97, 99), (105, 99), (106, 99), (98, 100), (102, 100), (103, 100), (104, 100), (99, 101), (100, 101), (101, 101)]
[(113, 96), (114, 96), (110, 97), (111, 97), (112, 97), (107, 98), (108, 98), (109, 98), (105, 99), (106, 99), (102, 100), (103, 100), (104, 100), (99, 101), (100, 101), (101, 101), (98, 103), (97, 106), (96, 109), (95, 111), (94, 114)]
[(19, 47), (20, 47), (21, 47), (17, 48), (18, 48), (22, 48), (14, 49), (15, 49), (16, 49), (23, 49), (11, 50), (12, 50), (13, 50), (24, 50), (9, 51), (10, 51), (25, 51), (6, 52), (7, 52), (8, 52), (26, 52), (3, 53), (4, 53), (5, 53), (27, 53), (2, 55), (26, 55), (1, 58), (25, 58), (0, 61), (24, 61), (23, 63), (22, 66), (21, 69), (19, 71), (20, 71), (21, 71), (17, 72), (18, 72), (14, 73), (15, 73), (16, 73), (0, 74), (11, 74), (12, 74), (13, 74), (1, 75), (9, 75), (10, 75), (2, 76), (6, 76), (7, 76), (8, 76), (3, 77), (4, 77), (5, 77)]
[(43, 47), (44, 47), (45, 47), (41, 48), (42, 48), (46, 48), (38, 49), (39, 49), (40, 49), (47, 49), (35, 50), (36, 50), (37, 50), (48, 50), (33, 51), (34, 51), (49, 51), (30, 52), (31, 52), (32, 52), (50, 52), (27, 53), (28, 53), (29, 53), (51, 53), (26, 55), (50, 55), (25, 58), (49, 58), (24, 61), (48, 61), (23, 63), (47, 63), (22, 66), (46, 66), (21, 69), (45, 69), (20, 71), (21, 71), (43, 71), (44, 71), (45, 71), (22, 72), (41, 72), (42, 72), (23, 73), (38, 73), (39, 73), (40, 73), (24, 74), (35, 74), (36, 74), (37, 74), (25, 75), (33, 75), (34, 75), (26, 76), (30, 76), (31, 76), (32, 76), (27, 77), (28, 77), (29, 77)]
[(43, 71), (44, 71), (45, 71), (41, 72), (42, 72), (46, 72), (38, 73), (39, 73), (40, 73), (47, 73), (35, 74), (36, 74), (37, 74), (48, 74), (33, 75), (34, 75), (49, 75), (30, 76), (31, 76), (32, 76), (50, 76), (27, 77), (28, 77), (29, 77), (51, 77), (26, 79), (50, 79), (25, 82), (49, 82), (24, 85), (48, 85), (23, 87), (47, 87), (22, 90), (46, 90), (21, 93), (45, 93), (20, 95), (21, 95), (43, 95), (44, 95), (45, 95), (22, 96), (41, 96), (42, 96), (23, 97), (38, 97), (39, 97), (40, 97), (24, 98), (35, 98), (36, 98), (37, 98), (25, 99), (33, 99), (34, 99), (26, 100), (30, 100), (31, 100), (32, 100), (27, 101), (28, 101), (29, 101)]
[(67, 71), (68, 71), (69, 71), (65, 72), (66, 72), (70, 72), (62, 73), (63, 73), (64, 73), (71, 73), (59, 74), (60, 74), (61, 74), (72, 74), (57, 75), (58, 75), (73, 75), (54, 76), (55, 76), (56, 76), (74, 76), (51, 77), (52, 77), (53, 77), (75, 77), (50, 79), (74, 79), (49, 82), (73, 82), (48, 85), (72, 85), (47, 87), (71, 87), (46, 90), (70, 90), (45, 93), (69, 93), (44, 95), (45, 95), (67, 95), (68, 95), (69, 95), (46, 96), (65, 96), (66, 96), (47, 97), (62, 97), (63, 97), (64, 97), (48, 98), (59, 98), (60, 98), (61, 98), (49, 99), (57, 99), (58, 99), (50, 100), (54, 100), (55, 100), (56, 100), (51, 101), (52, 101), (53, 101)]
[(67, 95), (68, 95), (69, 95), (65, 96), (66, 96), (70, 96), (62, 97), (63, 97), (64, 97), (71, 97), (59, 98), (60, 98), (61, 98), (72, 98), (57, 99), (58, 99), (73, 99), (54, 100), (55, 100), (56, 100), (74, 100), (51, 101), (52, 101), (53, 101), (75, 101), (50, 103), (74, 103), (49, 106), (73, 106), (48, 109), (72, 109), (47, 111), (71, 111), (46, 114), (70, 114)]
[(91, 95), (92, 95), (93, 95), (89, 96), (90, 96), (94, 96), (86, 97), (87, 97), (88, 97), (95, 97), (83, 98), (84, 98), (85, 98), (96, 98), (81, 99), (82, 99), (97, 99), (78, 100), (79, 100), (80, 100), (98, 100), (75, 101), (76, 101), (77, 101), (99, 101), (74, 103), (98, 103), (73, 106), (97, 106), (72, 109), (96, 109), (71, 111), (95, 111), (70, 114), (94, 114)]
[(19, 71), (20, 71), (21, 71), (17, 72), (18, 72), (22, 72), (14, 73), (15, 73), (16, 73), (23, 73), (11, 74), (12, 74), (13, 74), (24, 74), (9, 75), (10, 75), (25, 75), (6, 76), (7, 76), (8, 76), (26, 76), (3, 77), (4, 77), (5, 77), (27, 77), (2, 79), (26, 79), (1, 82), (25, 82), (0, 85), (24, 85), (23, 87), (22, 90), (21, 93), (19, 95), (20, 95), (21, 95), (17, 96), (18, 96), (14, 97), (15, 97), (16, 97), (0, 98), (11, 98), (12, 98), (13, 98), (1, 99), (9, 99), (10, 99), (2, 100), (6, 100), (7, 100), (8, 100), (3, 101), (4, 101), (5, 101)]
[(19, 95), (20, 95), (21, 95), (17, 96), (18, 96), (22, 96), (14, 97), (15, 97), (16, 97), (23, 97), (11, 98), (12, 98), (13, 98), (24, 98), (9, 99), (10, 99), (25, 99), (6, 100), (7, 100), (8, 100), (26, 100), (3, 101), (4, 101), (5, 101), (27, 101), (2, 103), (26, 103), (1, 106), (25, 106), (0, 109), (24, 109), (23, 111), (22, 114)]
[(43, 95), (44, 95), (45, 95), (41, 96), (42, 96), (46, 96), (38, 97), (39, 97), (40, 97), (47, 97), (35, 98), (36, 98), (37, 98), (48, 98), (33, 99), (34, 99), (49, 99), (30, 100), (31, 100), (32, 100), (50, 100), (27, 101), (28, 101), (29, 101), (51, 101), (26, 103), (50, 103), (25, 106), (49, 106), (24, 109), (48, 109), (23, 111), (47, 111), (22, 114), (46, 114)]
