[(101, 5), (102, 5), (99, 6), (100, 6), (103, 6), (97, 7), (98, 7), (104, 7), (95, 8), (96, 8), (105, 8), (93, 9), (94, 9), (91, 10), (92, 10), (104, 10), (89, 11), (90, 11), (87, 12), (88, 12), (103, 12), (85, 13), (86, 13), (83, 14), (84, 14), (102, 14), (80, 15), (81, 15), (82, 15), (101, 16), (79, 17), (100, 18), (78, 19), (99, 20), (77, 21), (98, 22), (76, 23), (97, 24), (75, 25), (96, 26), (74, 27), (95, 28), (73, 29), (94, 30), (95, 30), (72, 31), (92, 31), (93, 31), (90, 32), (91, 32), (71, 33), (88, 33), (89, 33), (86, 34), (87, 34), (70, 35), (84, 35), (85, 35), (82, 36), (83, 36), (69, 37), (70, 37), (80, 37), (81, 37), (71, 38), (78, 38), (79, 38), (72, 39), (76, 39), (77, 39), (73, 40), (74, 40), (75, 40)]
[(114, 4), (112, 5), (113, 5), (110, 6), (111, 6), (108, 7), (109, 7), (105, 8), (106, 8), (107, 8), (104, 10), (103, 12), (102, 14), (101, 16), (100, 18), (99, 20), (98, 22), (97, 24), (96, 26), (113, 26), (114, 26), (111, 27), (112, 27), (95, 28), (109, 28), (110, 28), (107, 29), (108, 29), (94, 30), (95, 30), (105, 30), (106, 30), (96, 31), (103, 31), (104, 31), (97, 32), (101, 32), (102, 32), (98, 33), (99, 33), (100, 33)]
[(113, 26), (114, 26), (111, 27), (112, 27), (109, 28), (110, 28), (107, 29), (108, 29), (105, 30), (106, 30), (103, 31), (104, 31), (101, 32), (102, 32), (98, 33), (99, 33), (100, 33), (97, 35), (96, 37), (95, 39), (94, 41), (93, 43), (114, 44), (92, 45), (113, 46), (91, 47), (112, 48), (113, 48), (90, 49), (110, 49), (111, 49), (108, 50), (109, 50), (89, 51), (106, 51), (107, 51), (104, 52), (105, 52), (88, 53), (102, 53), (103, 53), (100, 54), (101, 54), (87, 55), (88, 55), (98, 55), (99, 55), (89, 56), (96, 56), (97, 56), (90, 57), (94, 57), (95, 57), (91, 58), (92, 58), (93, 58)]
[(114, 44), (113, 46), (112, 48), (113, 48), (114, 49)]
[(114, 55), (113, 57), (112, 59), (111, 61), (110, 63), (109, 65), (108, 67), (107, 69), (106, 71), (105, 73), (106, 73), (107, 74), (114, 74), (108, 75), (112, 75), (113, 75), (109, 76), (110, 76), (111, 76)]
[(51, 19), (52, 19), (49, 20), (50, 20), (53, 20), (47, 21), (48, 21), (54, 21), (45, 22), (46, 22), (55, 22), (43, 23), (44, 23), (41, 24), (42, 24), (54, 24), (39, 25), (40, 25), (37, 26), (38, 26), (53, 26), (35, 27), (36, 27), (33, 28), (34, 28), (52, 28), (30, 29), (31, 29), (32, 29), (51, 30), (29, 31), (50, 32), (28, 33), (49, 34), (27, 35), (48, 36), (26, 37), (47, 38), (25, 39), (46, 40), (24, 41), (45, 42), (23, 43), (44, 44), (45, 44), (22, 45), (42, 45), (43, 45), (40, 46), (41, 46), (21, 47), (38, 47), (39, 47), (36, 48), (37, 48), (20, 49), (34, 49), (35, 49), (32, 50), (33, 50), (19, 51), (20, 51), (30, 51), (31, 51), (21, 52), (28, 52), (29, 52), (22, 53), (26, 53), (27, 53), (23, 54), (24, 54), (25, 54)]
[(76, 12), (77, 12), (74, 13), (75, 13), (78, 13), (72, 14), (73, 14), (79, 14), (70, 15), (71, 15), (80, 15), (68, 16), (69, 16), (66, 17), (67, 17), (79, 17), (64, 18), (65, 18), (62, 19), (63, 19), (78, 19), (60, 20), (61, 20), (58, 21), (59, 21), (77, 21), (55, 22), (56, 22), (57, 22), (76, 23), (54, 24), (75, 25), (53, 26), (74, 27), (52, 28), (73, 29), (51, 30), (72, 31), (50, 32), (71, 33), (49, 34), (70, 35), (48, 36), (69, 37), (70, 37), (47, 38), (67, 38), (68, 38), (65, 39), (66, 39), (46, 40), (63, 40), (64, 40), (61, 41), (62, 41), (45, 42), (59, 42), (60, 42), (57, 43), (58, 43), (44, 44), (45, 44), (55, 44), (56, 44), (46, 45), (53, 45), (54, 45), (47, 46), (51, 46), (52, 46), (48, 47), (49, 47), (50, 47)]
[(69, 37), (70, 37), (67, 38), (68, 38), (71, 38), (65, 39), (66, 39), (72, 39), (63, 40), (64, 40), (73, 40), (61, 41), (62, 41), (59, 42), (60, 42), (72, 42), (57, 43), (58, 43), (55, 44), (56, 44), (71, 44), (53, 45), (54, 45), (51, 46), (52, 46), (70, 46), (48, 47), (49, 47), (50, 47), (69, 48), (47, 49), (68, 50), (46, 51), (67, 52), (45, 53), (66, 54), (44, 55), (65, 56), (43, 57), (64, 58), (42, 59), (63, 60), (41, 61), (62, 62), (63, 62), (40, 63), (60, 63), (61, 63), (58, 64), (59, 64), (39, 65), (56, 65), (57, 65), (54, 66), (55, 66), (38, 67), (52, 67), (53, 67), (50, 68), (51, 68), (37, 69), (38, 69), (48, 69), (49, 69), (39, 70), (46, 70), (47, 70), (40, 71), (44, 71), (45, 71), (41, 72), (42, 72), (43, 72)]
[(94, 30), (95, 30), (92, 31), (93, 31), (96, 31), (90, 32), (91, 32), (97, 32), (88, 33), (89, 33), (98, 33), (86, 34), (87, 34), (84, 35), (85, 35), (97, 35), (82, 36), (83, 36), (80, 37), (81, 37), (96, 37), (78, 38), (79, 38), (76, 39), (77, 39), (95, 39), (73, 40), (74, 40), (75, 40), (94, 41), (72, 42), (93, 43), (71, 44), (92, 45), (70, 46), (91, 47), (69, 48), (90, 49), (68, 50), (89, 51), (67, 52), (88, 53), (66, 54), (87, 55), (88, 55), (65, 56), (85, 56), (86, 56), (83, 57), (84, 57), (64, 58), (81, 58), (82, 58), (79, 59), (80, 59), (63, 60), (77, 60), (78, 60), (75, 61), (76, 61), (62, 62), (63, 62), (73, 62), (74, 62), (64, 63), (71, 63), (72, 63), (65, 64), (69, 64), (70, 64), (66, 65), (67, 65), (68, 65)]
[(87, 55), (88, 55), (85, 56), (86, 56), (89, 56), (83, 57), (84, 57), (90, 57), (81, 58), (82, 58), (91, 58), (79, 59), (80, 59), (77, 60), (78, 60), (90, 60), (75, 61), (76, 61), (73, 62), (74, 62), (89, 62), (71, 63), (72, 63), (69, 64), (70, 64), (88, 64), (66, 65), (67, 65), (68, 65), (87, 66), (65, 67), (86, 68), (64, 69), (85, 70), (63, 71), (84, 72), (62, 73), (83, 74), (61, 75), (82, 76), (60, 77), (81, 78), (59, 79), (80, 80), (81, 80), (58, 81), (78, 81), (79, 81), (76, 82), (77, 82), (57, 83), (74, 83), (75, 83), (72, 84), (73, 84), (56, 85), (70, 85), (71, 85), (68, 86), (69, 86), (55, 87), (56, 87), (66, 87), (67, 87), (57, 88), (64, 88), (65, 88), (58, 89), (62, 89), (63, 89), (59, 90), (60, 90), (61, 90)]
[(112, 48), (113, 48), (110, 49), (111, 49), (114, 49), (108, 50), (109, 50), (106, 51), (107, 51), (104, 52), (105, 52), (102, 53), (103, 53), (100, 54), (101, 54), (98, 55), (99, 55), (114, 55), (96, 56), (97, 56), (94, 57), (95, 57), (113, 57), (91, 58), (92, 58), (93, 58), (112, 59), (90, 60), (111, 61), (89, 62), (110, 63), (88, 64), (109, 65), (87, 66), (108, 67), (86, 68), (107, 69), (85, 70), (106, 71), (84, 72), (105, 73), (106, 73), (83, 74), (103, 74), (104, 74), (101, 75), (102, 75), (82, 76), (99, 76), (100, 76), (97, 77), (98, 77), (81, 78), (95, 78), (96, 78), (93, 79), (94, 79), (80, 80), (81, 80), (91, 80), (92, 80), (82, 81), (89, 81), (90, 81), (83, 82), (87, 82), (88, 82), (84, 83), (85, 83), (86, 83)]
[(105, 73), (106, 73), (103, 74), (104, 74), (107, 74), (101, 75), (102, 75), (108, 75), (99, 76), (100, 76), (109, 76), (97, 77), (98, 77), (95, 78), (96, 78), (108, 78), (93, 79), (94, 79), (91, 80), (92, 80), (107, 80), (89, 81), (90, 81), (87, 82), (88, 82), (106, 82), (84, 83), (85, 83), (86, 83), (105, 84), (83, 85), (104, 86), (82, 87), (103, 88), (81, 89), (102, 90), (80, 91), (101, 92), (79, 93), (100, 94), (78, 95), (99, 96), (77, 97), (98, 98), (99, 98), (76, 99), (96, 99), (97, 99), (94, 100), (95, 100), (75, 101), (92, 101), (93, 101), (90, 102), (91, 102), (74, 103), (88, 103), (89, 103), (86, 104), (87, 104), (73, 105), (74, 105), (84, 105), (85, 105), (75, 106), (82, 106), (83, 106), (76, 107), (80, 107), (81, 107), (77, 108), (78, 108), (79, 108)]
[(114, 74), (112, 75), (113, 75), (109, 76), (110, 76), (111, 76), (108, 78), (107, 80), (106, 82), (105, 84), (104, 86), (103, 88), (102, 90), (101, 92), (100, 94), (99, 96), (113, 96), (114, 96), (111, 97), (112, 97), (98, 98), (99, 98), (109, 98), (110, 98), (100, 99), (107, 99), (108, 99), (101, 100), (105, 100), (106, 100), (102, 101), (103, 101), (104, 101)]
[(113, 96), (114, 96), (111, 97), (112, 97), (109, 98), (110, 98), (107, 99), (108, 99), (105, 100), (106, 100), (102, 101), (103, 101), (104, 101), (101, 103), (100, 105), (99, 107), (98, 109), (97, 111), (96, 113)]
[(19, 51), (20, 51), (17, 52), (18, 52), (21, 52), (15, 53), (16, 53), (22, 53), (13, 54), (14, 54), (23, 54), (11, 55), (12, 55), (9, 56), (10, 56), (22, 56), (7, 57), (8, 57), (5, 58), (6, 58), (21, 58), (3, 59), (4, 59), (1, 60), (2, 60), (20, 60), (0, 61), (19, 62), (18, 64), (17, 66), (16, 68), (15, 70), (14, 72), (13, 74), (12, 76), (13, 76), (10, 77), (11, 77), (8, 78), (9, 78), (6, 79), (7, 79), (4, 80), (5, 80), (2, 81), (3, 81), (0, 82), (1, 82)]
[(44, 44), (45, 44), (42, 45), (43, 45), (46, 45), (40, 46), (41, 46), (47, 46), (38, 47), (39, 47), (48, 47), (36, 48), (37, 48), (34, 49), (35, 49), (47, 49), (32, 50), (33, 50), (30, 51), (31, 51), (46, 51), (28, 52), (29, 52), (26, 53), (27, 53), (45, 53), (23, 54), (24, 54), (25, 54), (44, 55), (22, 56), (43, 57), (21, 58), (42, 59), (20, 60), (41, 61), (19, 62), (40, 63), (18, 64), (39, 65), (17, 66), (38, 67), (16, 68), (37, 69), (38, 69), (15, 70), (35, 70), (36, 70), (33, 71), (34, 71), (14, 72), (31, 72), (32, 72), (29, 73), (30, 73), (13, 74), (27, 74), (28, 74), (25, 75), (26, 75), (12, 76), (13, 76), (23, 76), (24, 76), (14, 77), (21, 77), (22, 77), (15, 78), (19, 78), (20, 78), (16, 79), (17, 79), (18, 79)]
[(37, 69), (38, 69), (35, 70), (36, 70), (39, 70), (33, 71), (34, 71), (40, 71), (31, 72), (32, 72), (41, 72), (29, 73), (30, 73), (27, 74), (28, 74), (40, 74), (25, 75), (26, 75), (23, 76), (24, 76), (39, 76), (21, 77), (22, 77), (19, 78), (20, 78), (38, 78), (16, 79), (17, 79), (18, 79), (37, 80), (15, 81), (36, 82), (14, 83), (35, 84), (13, 85), (34, 86), (12, 87), (33, 88), (11, 89), (32, 90), (10, 91), (31, 92), (9, 93), (30, 94), (31, 94), (8, 95), (28, 95), (29, 95), (26, 96), (27, 96), (7, 97), (24, 97), (25, 97), (22, 98), (23, 98), (6, 99), (20, 99), (21, 99), (18, 100), (19, 100), (5, 101), (6, 101), (16, 101), (17, 101), (7, 102), (14, 102), (15, 102), (8, 103), (12, 103), (13, 103), (9, 104), (10, 104), (11, 104)]
[(62, 62), (63, 62), (60, 63), (61, 63), (64, 63), (58, 64), (59, 64), (65, 64), (56, 65), (57, 65), (66, 65), (54, 66), (55, 66), (52, 67), (53, 67), (65, 67), (50, 68), (51, 68), (48, 69), (49, 69), (64, 69), (46, 70), (47, 70), (44, 71), (45, 71), (63, 71), (41, 72), (42, 72), (43, 72), (62, 73), (40, 74), (61, 75), (39, 76), (60, 77), (38, 78), (59, 79), (37, 80), (58, 81), (36, 82), (57, 83), (35, 84), (56, 85), (34, 86), (55, 87), (56, 87), (33, 88), (53, 88), (54, 88), (51, 89), (52, 89), (32, 90), (49, 90), (50, 90), (47, 91), (48, 91), (31, 92), (45, 92), (46, 92), (43, 93), (44, 93), (30, 94), (31, 94), (41, 94), (42, 94), (32, 95), (39, 95), (40, 95), (33, 96), (37, 96), (38, 96), (34, 97), (35, 97), (36, 97)]
[(55, 87), (56, 87), (53, 88), (54, 88), (57, 88), (51, 89), (52, 89), (58, 89), (49, 90), (50, 90), (59, 90), (47, 91), (48, 91), (45, 92), (46, 92), (58, 92), (43, 93), (44, 93), (41, 94), (42, 94), (57, 94), (39, 95), (40, 95), (37, 96), (38, 96), (56, 96), (34, 97), (35, 97), (36, 97), (55, 98), (33, 99), (54, 100), (32, 101), (53, 102), (31, 103), (52, 104), (30, 105), (51, 106), (29, 107), (50, 108), (28, 109), (49, 110), (27, 111), (48, 112), (49, 112), (26, 113), (46, 113), (47, 113), (44, 114), (45, 114)]
[(80, 80), (81, 80), (78, 81), (79, 81), (82, 81), (76, 82), (77, 82), (83, 82), (74, 83), (75, 83), (84, 83), (72, 84), (73, 84), (70, 85), (71, 85), (83, 85), (68, 86), (69, 86), (66, 87), (67, 87), (82, 87), (64, 88), (65, 88), (62, 89), (63, 89), (81, 89), (59, 90), (60, 90), (61, 90), (80, 91), (58, 92), (79, 93), (57, 94), (78, 95), (56, 96), (77, 97), (55, 98), (76, 99), (54, 100), (75, 101), (53, 102), (74, 103), (52, 104), (73, 105), (74, 105), (51, 106), (71, 106), (72, 106), (69, 107), (70, 107), (50, 108), (67, 108), (68, 108), (65, 109), (66, 109), (49, 110), (63, 110), (64, 110), (61, 111), (62, 111), (48, 112), (49, 112), (59, 112), (60, 112), (50, 113), (57, 113), (58, 113), (51, 114), (55, 114), (56, 114)]
[(73, 105), (74, 105), (71, 106), (72, 106), (75, 106), (69, 107), (70, 107), (76, 107), (67, 108), (68, 108), (77, 108), (65, 109), (66, 109), (63, 110), (64, 110), (76, 110), (61, 111), (62, 111), (59, 112), (60, 112), (75, 112), (57, 113), (58, 113), (55, 114), (56, 114), (74, 114)]
[(98, 98), (99, 98), (96, 99), (97, 99), (100, 99), (94, 100), (95, 100), (101, 100), (92, 101), (93, 101), (102, 101), (90, 102), (91, 102), (88, 103), (89, 103), (101, 103), (86, 104), (87, 104), (84, 105), (85, 105), (100, 105), (82, 106), (83, 106), (80, 107), (81, 107), (99, 107), (77, 108), (78, 108), (79, 108), (98, 109), (76, 110), (97, 111), (75, 112), (96, 113), (74, 114)]
[(12, 76), (13, 76), (10, 77), (11, 77), (14, 77), (8, 78), (9, 78), (15, 78), (6, 79), (7, 79), (16, 79), (4, 80), (5, 80), (2, 81), (3, 81), (15, 81), (0, 82), (1, 82), (14, 83), (13, 85), (12, 87), (11, 89), (10, 91), (9, 93), (8, 95), (7, 97), (6, 99), (5, 101), (6, 101), (3, 102), (4, 102), (1, 103), (2, 103), (0, 104)]
[(5, 101), (6, 101), (3, 102), (4, 102), (7, 102), (1, 103), (2, 103), (8, 103), (0, 104), (9, 104), (8, 106), (7, 108), (6, 110), (5, 112), (4, 114)]
[(30, 94), (31, 94), (28, 95), (29, 95), (32, 95), (26, 96), (27, 96), (33, 96), (24, 97), (25, 97), (34, 97), (22, 98), (23, 98), (20, 99), (21, 99), (33, 99), (18, 100), (19, 100), (16, 101), (17, 101), (32, 101), (14, 102), (15, 102), (12, 103), (13, 103), (31, 103), (9, 104), (10, 104), (11, 104), (30, 105), (8, 106), (29, 107), (7, 108), (28, 109), (6, 110), (27, 111), (5, 112), (26, 113), (4, 114)]
[(48, 112), (49, 112), (46, 113), (47, 113), (50, 113), (44, 114), (45, 114), (51, 114)]
