[(80, 19), (81, 19), (77, 20), (78, 20), (79, 20), (82, 20), (75, 21), (76, 21), (83, 21), (72, 22), (73, 22), (74, 22), (84, 22), (70, 23), (71, 23), (67, 24), (68, 24), (69, 24), (83, 24), (64, 25), (65, 25), (66, 25), (63, 27), (82, 27), (81, 29), (62, 30), (61, 32), (80, 32), (79, 34), (60, 35), (59, 37), (78, 37), (77, 39), (78, 39), (58, 40), (74, 40), (75, 40), (76, 40), (72, 41), (73, 41), (58, 42), (69, 42), (70, 42), (71, 42), (59, 43), (67, 43), (68, 43), (60, 44), (64, 44), (65, 44), (66, 44), (61, 45), (62, 45), (63, 45)]
[(100, 16), (101, 16), (97, 17), (98, 17), (99, 17), (102, 17), (95, 18), (96, 18), (103, 18), (92, 19), (93, 19), (94, 19), (104, 19), (90, 20), (91, 20), (87, 21), (88, 21), (89, 21), (103, 21), (84, 22), (85, 22), (86, 22), (83, 24), (102, 24), (101, 26), (82, 27), (81, 29), (100, 29), (99, 31), (80, 32), (79, 34), (98, 34), (97, 36), (98, 36), (78, 37), (94, 37), (95, 37), (96, 37), (92, 38), (93, 38), (78, 39), (89, 39), (90, 39), (91, 39), (79, 40), (87, 40), (88, 40), (80, 41), (84, 41), (85, 41), (86, 41), (81, 42), (82, 42), (83, 42)]
[(97, 36), (98, 36), (94, 37), (95, 37), (96, 37), (99, 37), (92, 38), (93, 38), (100, 38), (89, 39), (90, 39), (91, 39), (101, 39), (87, 40), (88, 40), (84, 41), (85, 41), (86, 41), (100, 41), (81, 42), (82, 42), (83, 42), (80, 44), (99, 44), (98, 46), (79, 47), (78, 49), (97, 49), (96, 51), (77, 52), (76, 54), (95, 54), (94, 56), (95, 56), (75, 57), (91, 57), (92, 57), (93, 57), (89, 58), (90, 58), (75, 59), (86, 59), (87, 59), (88, 59), (76, 60), (84, 60), (85, 60), (77, 61), (81, 61), (82, 61), (83, 61), (78, 62), (79, 62), (80, 62)]
[(114, 34), (112, 35), (113, 35), (109, 36), (110, 36), (111, 36), (107, 37), (108, 37), (104, 38), (105, 38), (106, 38), (101, 39), (102, 39), (103, 39), (100, 41), (99, 44), (98, 46), (97, 49), (96, 51), (114, 53), (95, 54), (111, 54), (112, 54), (113, 54), (109, 55), (110, 55), (95, 56), (106, 56), (107, 56), (108, 56), (96, 57), (104, 57), (105, 57), (97, 58), (101, 58), (102, 58), (103, 58), (98, 59), (99, 59), (100, 59)]
[(114, 53), (111, 54), (112, 54), (113, 54), (109, 55), (110, 55), (106, 56), (107, 56), (108, 56), (104, 57), (105, 57), (101, 58), (102, 58), (103, 58), (98, 59), (99, 59), (100, 59), (97, 61), (96, 64), (95, 66), (114, 66), (113, 68), (94, 69), (93, 71), (112, 71), (111, 73), (112, 73), (92, 74), (108, 74), (109, 74), (110, 74), (106, 75), (107, 75), (92, 76), (103, 76), (104, 76), (105, 76), (93, 77), (101, 77), (102, 77), (94, 78), (98, 78), (99, 78), (100, 78), (95, 79), (96, 79), (97, 79)]
[(114, 66), (113, 68), (112, 71), (112, 73), (113, 74), (114, 75)]
[(114, 78), (113, 81), (112, 83), (111, 86), (110, 88), (109, 91), (109, 93), (110, 94), (111, 95), (112, 96), (113, 96), (114, 96)]
[(40, 25), (41, 25), (37, 26), (38, 26), (39, 26), (42, 26), (35, 27), (36, 27), (43, 27), (32, 28), (33, 28), (34, 28), (44, 28), (30, 29), (31, 29), (27, 30), (28, 30), (29, 30), (43, 30), (24, 31), (25, 31), (26, 31), (23, 33), (42, 33), (41, 35), (22, 36), (21, 38), (40, 38), (39, 40), (20, 41), (19, 43), (38, 43), (37, 45), (38, 45), (18, 46), (34, 46), (35, 46), (36, 46), (32, 47), (33, 47), (18, 48), (29, 48), (30, 48), (31, 48), (19, 49), (27, 49), (28, 49), (20, 50), (24, 50), (25, 50), (26, 50), (21, 51), (22, 51), (23, 51)]
[(60, 22), (61, 22), (57, 23), (58, 23), (59, 23), (62, 23), (55, 24), (56, 24), (63, 24), (52, 25), (53, 25), (54, 25), (64, 25), (50, 26), (51, 26), (47, 27), (48, 27), (49, 27), (63, 27), (44, 28), (45, 28), (46, 28), (43, 30), (62, 30), (61, 32), (42, 33), (41, 35), (60, 35), (59, 37), (40, 38), (39, 40), (58, 40), (57, 42), (58, 42), (38, 43), (54, 43), (55, 43), (56, 43), (52, 44), (53, 44), (38, 45), (49, 45), (50, 45), (51, 45), (39, 46), (47, 46), (48, 46), (40, 47), (44, 47), (45, 47), (46, 47), (41, 48), (42, 48), (43, 48)]
[(57, 42), (58, 42), (54, 43), (55, 43), (56, 43), (59, 43), (52, 44), (53, 44), (60, 44), (49, 45), (50, 45), (51, 45), (61, 45), (47, 46), (48, 46), (44, 47), (45, 47), (46, 47), (60, 47), (41, 48), (42, 48), (43, 48), (40, 50), (59, 50), (58, 52), (39, 53), (38, 55), (57, 55), (56, 57), (37, 58), (36, 60), (55, 60), (54, 62), (55, 62), (35, 63), (51, 63), (52, 63), (53, 63), (49, 64), (50, 64), (35, 65), (46, 65), (47, 65), (48, 65), (36, 66), (44, 66), (45, 66), (37, 67), (41, 67), (42, 67), (43, 67), (38, 68), (39, 68), (40, 68)]
[(77, 39), (78, 39), (74, 40), (75, 40), (76, 40), (79, 40), (72, 41), (73, 41), (80, 41), (69, 42), (70, 42), (71, 42), (81, 42), (67, 43), (68, 43), (64, 44), (65, 44), (66, 44), (80, 44), (61, 45), (62, 45), (63, 45), (60, 47), (79, 47), (78, 49), (59, 50), (58, 52), (77, 52), (76, 54), (57, 55), (56, 57), (75, 57), (74, 59), (75, 59), (55, 60), (71, 60), (72, 60), (73, 60), (69, 61), (70, 61), (55, 62), (66, 62), (67, 62), (68, 62), (56, 63), (64, 63), (65, 63), (57, 64), (61, 64), (62, 64), (63, 64), (58, 65), (59, 65), (60, 65)]
[(74, 59), (75, 59), (71, 60), (72, 60), (73, 60), (76, 60), (69, 61), (70, 61), (77, 61), (66, 62), (67, 62), (68, 62), (78, 62), (64, 63), (65, 63), (61, 64), (62, 64), (63, 64), (77, 64), (58, 65), (59, 65), (60, 65), (57, 67), (76, 67), (75, 69), (56, 70), (55, 72), (74, 72), (73, 74), (54, 75), (53, 77), (72, 77), (71, 79), (72, 79), (52, 80), (68, 80), (69, 80), (70, 80), (66, 81), (67, 81), (52, 82), (63, 82), (64, 82), (65, 82), (53, 83), (61, 83), (62, 83), (54, 84), (58, 84), (59, 84), (60, 84), (55, 85), (56, 85), (57, 85)]
[(94, 56), (95, 56), (91, 57), (92, 57), (93, 57), (96, 57), (89, 58), (90, 58), (97, 58), (86, 59), (87, 59), (88, 59), (98, 59), (84, 60), (85, 60), (81, 61), (82, 61), (83, 61), (97, 61), (78, 62), (79, 62), (80, 62), (77, 64), (96, 64), (95, 66), (76, 67), (75, 69), (94, 69), (93, 71), (74, 72), (73, 74), (92, 74), (91, 76), (92, 76), (72, 77), (88, 77), (89, 77), (90, 77), (86, 78), (87, 78), (72, 79), (83, 79), (84, 79), (85, 79), (73, 80), (81, 80), (82, 80), (74, 81), (78, 81), (79, 81), (80, 81), (75, 82), (76, 82), (77, 82)]
[(91, 76), (92, 76), (88, 77), (89, 77), (90, 77), (93, 77), (86, 78), (87, 78), (94, 78), (83, 79), (84, 79), (85, 79), (95, 79), (81, 80), (82, 80), (78, 81), (79, 81), (80, 81), (94, 81), (75, 82), (76, 82), (77, 82), (74, 84), (93, 84), (92, 86), (73, 87), (72, 89), (91, 89), (90, 91), (71, 92), (70, 94), (89, 94), (88, 96), (89, 96), (69, 97), (85, 97), (86, 97), (87, 97), (83, 98), (84, 98), (69, 99), (80, 99), (81, 99), (82, 99), (70, 100), (78, 100), (79, 100), (71, 101), (75, 101), (76, 101), (77, 101), (72, 102), (73, 102), (74, 102)]
[(111, 73), (112, 73), (108, 74), (109, 74), (110, 74), (113, 74), (106, 75), (107, 75), (114, 75), (103, 76), (104, 76), (105, 76), (101, 77), (102, 77), (98, 78), (99, 78), (100, 78), (114, 78), (95, 79), (96, 79), (97, 79), (94, 81), (113, 81), (112, 83), (93, 84), (92, 86), (111, 86), (110, 88), (91, 89), (90, 91), (109, 91), (108, 93), (109, 93), (89, 94), (105, 94), (106, 94), (107, 94), (103, 95), (104, 95), (89, 96), (100, 96), (101, 96), (102, 96), (90, 97), (98, 97), (99, 97), (91, 98), (95, 98), (96, 98), (97, 98), (92, 99), (93, 99), (94, 99)]
[(108, 93), (109, 93), (105, 94), (106, 94), (107, 94), (110, 94), (103, 95), (104, 95), (111, 95), (100, 96), (101, 96), (102, 96), (112, 96), (98, 97), (99, 97), (95, 98), (96, 98), (97, 98), (111, 98), (92, 99), (93, 99), (94, 99), (91, 101), (110, 101), (109, 103), (90, 104), (89, 106), (108, 106), (107, 108), (88, 109), (87, 111), (106, 111), (105, 113), (106, 113), (86, 114), (102, 114), (103, 114), (104, 114)]
[(112, 96), (113, 96), (114, 96), (111, 98), (110, 101), (109, 103), (108, 106), (107, 108), (106, 111), (106, 113), (107, 114)]
[(17, 48), (18, 48), (14, 49), (15, 49), (16, 49), (19, 49), (12, 50), (13, 50), (20, 50), (9, 51), (10, 51), (11, 51), (21, 51), (7, 52), (8, 52), (4, 53), (5, 53), (6, 53), (20, 53), (1, 54), (2, 54), (3, 54), (0, 56), (19, 56), (18, 58), (17, 61), (16, 63), (15, 66), (14, 68), (15, 68), (11, 69), (12, 69), (13, 69), (9, 70), (10, 70), (6, 71), (7, 71), (8, 71), (4, 72), (5, 72), (1, 73), (2, 73), (3, 73), (0, 74)]
[(37, 45), (38, 45), (34, 46), (35, 46), (36, 46), (39, 46), (32, 47), (33, 47), (40, 47), (29, 48), (30, 48), (31, 48), (41, 48), (27, 49), (28, 49), (24, 50), (25, 50), (26, 50), (40, 50), (21, 51), (22, 51), (23, 51), (20, 53), (39, 53), (38, 55), (19, 56), (18, 58), (37, 58), (36, 60), (17, 61), (16, 63), (35, 63), (34, 65), (35, 65), (15, 66), (31, 66), (32, 66), (33, 66), (29, 67), (30, 67), (15, 68), (26, 68), (27, 68), (28, 68), (16, 69), (24, 69), (25, 69), (17, 70), (21, 70), (22, 70), (23, 70), (18, 71), (19, 71), (20, 71)]
[(34, 65), (35, 65), (31, 66), (32, 66), (33, 66), (36, 66), (29, 67), (30, 67), (37, 67), (26, 68), (27, 68), (28, 68), (38, 68), (24, 69), (25, 69), (21, 70), (22, 70), (23, 70), (37, 70), (18, 71), (19, 71), (20, 71), (17, 73), (36, 73), (35, 75), (16, 76), (15, 78), (34, 78), (33, 80), (14, 81), (13, 83), (32, 83), (31, 85), (32, 85), (12, 86), (28, 86), (29, 86), (30, 86), (26, 87), (27, 87), (12, 88), (23, 88), (24, 88), (25, 88), (13, 89), (21, 89), (22, 89), (14, 90), (18, 90), (19, 90), (20, 90), (15, 91), (16, 91), (17, 91)]
[(54, 62), (55, 62), (51, 63), (52, 63), (53, 63), (56, 63), (49, 64), (50, 64), (57, 64), (46, 65), (47, 65), (48, 65), (58, 65), (44, 66), (45, 66), (41, 67), (42, 67), (43, 67), (57, 67), (38, 68), (39, 68), (40, 68), (37, 70), (56, 70), (55, 72), (36, 73), (35, 75), (54, 75), (53, 77), (34, 78), (33, 80), (52, 80), (51, 82), (52, 82), (32, 83), (48, 83), (49, 83), (50, 83), (46, 84), (47, 84), (32, 85), (43, 85), (44, 85), (45, 85), (33, 86), (41, 86), (42, 86), (34, 87), (38, 87), (39, 87), (40, 87), (35, 88), (36, 88), (37, 88)]
[(51, 82), (52, 82), (48, 83), (49, 83), (50, 83), (53, 83), (46, 84), (47, 84), (54, 84), (43, 85), (44, 85), (45, 85), (55, 85), (41, 86), (42, 86), (38, 87), (39, 87), (40, 87), (54, 87), (35, 88), (36, 88), (37, 88), (34, 90), (53, 90), (52, 92), (33, 93), (32, 95), (51, 95), (50, 97), (31, 98), (30, 100), (49, 100), (48, 102), (49, 102), (29, 103), (45, 103), (46, 103), (47, 103), (43, 104), (44, 104), (29, 105), (40, 105), (41, 105), (42, 105), (30, 106), (38, 106), (39, 106), (31, 107), (35, 107), (36, 107), (37, 107), (32, 108), (33, 108), (34, 108)]
[(71, 79), (72, 79), (68, 80), (69, 80), (70, 80), (73, 80), (66, 81), (67, 81), (74, 81), (63, 82), (64, 82), (65, 82), (75, 82), (61, 83), (62, 83), (58, 84), (59, 84), (60, 84), (74, 84), (55, 85), (56, 85), (57, 85), (54, 87), (73, 87), (72, 89), (53, 90), (52, 92), (71, 92), (70, 94), (51, 95), (50, 97), (69, 97), (68, 99), (69, 99), (49, 100), (65, 100), (66, 100), (67, 100), (63, 101), (64, 101), (49, 102), (60, 102), (61, 102), (62, 102), (50, 103), (58, 103), (59, 103), (51, 104), (55, 104), (56, 104), (57, 104), (52, 105), (53, 105), (54, 105)]
[(68, 99), (69, 99), (65, 100), (66, 100), (67, 100), (70, 100), (63, 101), (64, 101), (71, 101), (60, 102), (61, 102), (62, 102), (72, 102), (58, 103), (59, 103), (55, 104), (56, 104), (57, 104), (71, 104), (52, 105), (53, 105), (54, 105), (51, 107), (70, 107), (69, 109), (50, 110), (49, 112), (68, 112), (67, 114)]
[(88, 96), (89, 96), (85, 97), (86, 97), (87, 97), (90, 97), (83, 98), (84, 98), (91, 98), (80, 99), (81, 99), (82, 99), (92, 99), (78, 100), (79, 100), (75, 101), (76, 101), (77, 101), (91, 101), (72, 102), (73, 102), (74, 102), (71, 104), (90, 104), (89, 106), (70, 107), (69, 109), (88, 109), (87, 111), (68, 112), (67, 114), (86, 114)]
[(105, 113), (106, 113), (102, 114), (103, 114), (104, 114), (107, 114)]
[(14, 68), (15, 68), (11, 69), (12, 69), (13, 69), (16, 69), (9, 70), (10, 70), (17, 70), (6, 71), (7, 71), (8, 71), (18, 71), (4, 72), (5, 72), (1, 73), (2, 73), (3, 73), (17, 73), (0, 74), (16, 76), (15, 78), (14, 81), (13, 83), (12, 86), (11, 88), (12, 88), (8, 89), (9, 89), (10, 89), (6, 90), (7, 90), (3, 91), (4, 91), (5, 91), (1, 92), (2, 92), (0, 93)]
[(11, 88), (12, 88), (8, 89), (9, 89), (10, 89), (13, 89), (6, 90), (7, 90), (14, 90), (3, 91), (4, 91), (5, 91), (15, 91), (1, 92), (2, 92), (0, 93), (14, 93), (13, 96), (12, 98), (11, 101), (10, 103), (9, 106), (8, 108), (9, 108), (5, 109), (6, 109), (7, 109), (3, 110), (4, 110), (0, 111), (1, 111), (2, 111)]
[(31, 85), (32, 85), (28, 86), (29, 86), (30, 86), (33, 86), (26, 87), (27, 87), (34, 87), (23, 88), (24, 88), (25, 88), (35, 88), (21, 89), (22, 89), (18, 90), (19, 90), (20, 90), (34, 90), (15, 91), (16, 91), (17, 91), (14, 93), (33, 93), (32, 95), (13, 96), (12, 98), (31, 98), (30, 100), (11, 101), (10, 103), (29, 103), (28, 105), (29, 105), (9, 106), (25, 106), (26, 106), (27, 106), (23, 107), (24, 107), (9, 108), (20, 108), (21, 108), (22, 108), (10, 109), (18, 109), (19, 109), (11, 110), (15, 110), (16, 110), (17, 110), (12, 111), (13, 111), (14, 111)]
[(28, 105), (29, 105), (25, 106), (26, 106), (27, 106), (30, 106), (23, 107), (24, 107), (31, 107), (20, 108), (21, 108), (22, 108), (32, 108), (18, 109), (19, 109), (15, 110), (16, 110), (17, 110), (31, 110), (12, 111), (13, 111), (14, 111), (11, 113), (30, 113)]
[(48, 102), (49, 102), (45, 103), (46, 103), (47, 103), (50, 103), (43, 104), (44, 104), (51, 104), (40, 105), (41, 105), (42, 105), (52, 105), (38, 106), (39, 106), (35, 107), (36, 107), (37, 107), (51, 107), (32, 108), (33, 108), (34, 108), (31, 110), (50, 110), (49, 112), (30, 113)]
[(8, 108), (9, 108), (5, 109), (6, 109), (7, 109), (10, 109), (3, 110), (4, 110), (11, 110), (0, 111), (1, 111), (2, 111), (12, 111), (11, 113)]
