[(114, 27), (110, 28), (111, 28), (112, 28), (113, 28), (106, 29), (107, 29), (108, 29), (109, 29), (102, 30), (103, 30), (104, 30), (105, 30), (101, 34), (100, 38), (99, 42), (98, 46), (111, 47), (112, 47), (113, 47), (114, 47), (107, 48), (108, 48), (109, 48), (110, 48), (98, 49), (103, 49), (104, 49), (105, 49), (106, 49), (99, 50), (100, 50), (101, 50), (102, 50)]
[(78, 32), (79, 32), (80, 32), (81, 32), (74, 33), (75, 33), (76, 33), (77, 33), (82, 33), (70, 34), (71, 34), (72, 34), (73, 34), (66, 35), (67, 35), (68, 35), (69, 35), (62, 36), (63, 36), (64, 36), (65, 36), (81, 37), (61, 40), (80, 41), (60, 44), (79, 45), (59, 48), (78, 49), (58, 52), (75, 52), (76, 52), (77, 52), (78, 52), (71, 53), (72, 53), (73, 53), (74, 53), (67, 54), (68, 54), (69, 54), (70, 54), (58, 55), (63, 55), (64, 55), (65, 55), (66, 55), (59, 56), (60, 56), (61, 56), (62, 56)]
[(98, 29), (99, 29), (100, 29), (101, 29), (94, 30), (95, 30), (96, 30), (97, 30), (102, 30), (90, 31), (91, 31), (92, 31), (93, 31), (86, 32), (87, 32), (88, 32), (89, 32), (82, 33), (83, 33), (84, 33), (85, 33), (101, 34), (81, 37), (100, 38), (80, 41), (99, 42), (79, 45), (98, 46), (78, 49), (95, 49), (96, 49), (97, 49), (98, 49), (91, 50), (92, 50), (93, 50), (94, 50), (87, 51), (88, 51), (89, 51), (90, 51), (78, 52), (83, 52), (84, 52), (85, 52), (86, 52), (79, 53), (80, 53), (81, 53), (82, 53)]
[(95, 49), (96, 49), (97, 49), (98, 49), (91, 50), (92, 50), (93, 50), (94, 50), (99, 50), (87, 51), (88, 51), (89, 51), (90, 51), (83, 52), (84, 52), (85, 52), (86, 52), (79, 53), (80, 53), (81, 53), (82, 53), (98, 54), (78, 57), (97, 58), (77, 61), (96, 62), (76, 65), (95, 66), (75, 69), (92, 69), (93, 69), (94, 69), (95, 69), (88, 70), (89, 70), (90, 70), (91, 70), (84, 71), (85, 71), (86, 71), (87, 71), (75, 72), (80, 72), (81, 72), (82, 72), (83, 72), (76, 73), (77, 73), (78, 73), (79, 73)]
[(111, 47), (112, 47), (113, 47), (114, 47), (107, 48), (108, 48), (109, 48), (110, 48), (103, 49), (104, 49), (105, 49), (106, 49), (99, 50), (100, 50), (101, 50), (102, 50), (98, 54), (97, 58), (96, 62), (95, 66), (112, 66), (113, 66), (114, 66), (108, 67), (109, 67), (110, 67), (111, 67), (104, 68), (105, 68), (106, 68), (107, 68), (95, 69), (100, 69), (101, 69), (102, 69), (103, 69), (96, 70), (97, 70), (98, 70), (99, 70)]
[(112, 66), (113, 66), (114, 66), (108, 67), (109, 67), (110, 67), (111, 67), (104, 68), (105, 68), (106, 68), (107, 68), (100, 69), (101, 69), (102, 69), (103, 69), (96, 70), (97, 70), (98, 70), (99, 70), (95, 74), (114, 75), (94, 78), (113, 79), (93, 82), (112, 83), (92, 86), (109, 86), (110, 86), (111, 86), (112, 86), (105, 87), (106, 87), (107, 87), (108, 87), (101, 88), (102, 88), (103, 88), (104, 88), (92, 89), (97, 89), (98, 89), (99, 89), (100, 89), (93, 90), (94, 90), (95, 90), (96, 90)]
[(114, 75), (113, 79), (112, 83), (112, 86), (113, 87), (114, 87)]
[(113, 87), (114, 87), (112, 91), (111, 95), (110, 99), (109, 103), (109, 106), (114, 106), (110, 107), (111, 107), (112, 107), (113, 107)]
[(55, 55), (56, 55), (57, 55), (58, 55), (51, 56), (52, 56), (53, 56), (54, 56), (59, 56), (47, 57), (48, 57), (49, 57), (50, 57), (43, 58), (44, 58), (45, 58), (46, 58), (39, 59), (40, 59), (41, 59), (42, 59), (58, 60), (38, 63), (57, 64), (37, 67), (56, 68), (36, 71), (55, 72), (35, 75), (52, 75), (53, 75), (54, 75), (55, 75), (48, 76), (49, 76), (50, 76), (51, 76), (44, 77), (45, 77), (46, 77), (47, 77), (35, 78), (40, 78), (41, 78), (42, 78), (43, 78), (36, 79), (37, 79), (38, 79), (39, 79)]
[(75, 52), (76, 52), (77, 52), (78, 52), (71, 53), (72, 53), (73, 53), (74, 53), (79, 53), (67, 54), (68, 54), (69, 54), (70, 54), (63, 55), (64, 55), (65, 55), (66, 55), (59, 56), (60, 56), (61, 56), (62, 56), (78, 57), (58, 60), (77, 61), (57, 64), (76, 65), (56, 68), (75, 69), (55, 72), (72, 72), (73, 72), (74, 72), (75, 72), (68, 73), (69, 73), (70, 73), (71, 73), (64, 74), (65, 74), (66, 74), (67, 74), (55, 75), (60, 75), (61, 75), (62, 75), (63, 75), (56, 76), (57, 76), (58, 76), (59, 76)]
[(72, 72), (73, 72), (74, 72), (75, 72), (68, 73), (69, 73), (70, 73), (71, 73), (76, 73), (64, 74), (65, 74), (66, 74), (67, 74), (60, 75), (61, 75), (62, 75), (63, 75), (56, 76), (57, 76), (58, 76), (59, 76), (75, 77), (55, 80), (74, 81), (54, 84), (73, 85), (53, 88), (72, 89), (52, 92), (69, 92), (70, 92), (71, 92), (72, 92), (65, 93), (66, 93), (67, 93), (68, 93), (61, 94), (62, 94), (63, 94), (64, 94), (52, 95), (57, 95), (58, 95), (59, 95), (60, 95), (53, 96), (54, 96), (55, 96), (56, 96)]
[(92, 69), (93, 69), (94, 69), (95, 69), (88, 70), (89, 70), (90, 70), (91, 70), (96, 70), (84, 71), (85, 71), (86, 71), (87, 71), (80, 72), (81, 72), (82, 72), (83, 72), (76, 73), (77, 73), (78, 73), (79, 73), (95, 74), (75, 77), (94, 78), (74, 81), (93, 82), (73, 85), (92, 86), (72, 89), (89, 89), (90, 89), (91, 89), (92, 89), (85, 90), (86, 90), (87, 90), (88, 90), (81, 91), (82, 91), (83, 91), (84, 91), (72, 92), (77, 92), (78, 92), (79, 92), (80, 92), (73, 93), (74, 93), (75, 93), (76, 93)]
[(89, 89), (90, 89), (91, 89), (92, 89), (85, 90), (86, 90), (87, 90), (88, 90), (93, 90), (81, 91), (82, 91), (83, 91), (84, 91), (77, 92), (78, 92), (79, 92), (80, 92), (73, 93), (74, 93), (75, 93), (76, 93), (92, 94), (72, 97), (91, 98), (71, 101), (90, 102), (70, 105), (89, 106), (69, 109), (86, 109), (87, 109), (88, 109), (89, 109), (82, 110), (83, 110), (84, 110), (85, 110), (78, 111), (79, 111), (80, 111), (81, 111), (69, 112), (74, 112), (75, 112), (76, 112), (77, 112), (70, 113), (71, 113), (72, 113), (73, 113)]
[(109, 86), (110, 86), (111, 86), (112, 86), (105, 87), (106, 87), (107, 87), (108, 87), (113, 87), (101, 88), (102, 88), (103, 88), (104, 88), (97, 89), (98, 89), (99, 89), (100, 89), (93, 90), (94, 90), (95, 90), (96, 90), (112, 91), (92, 94), (111, 95), (91, 98), (110, 99), (90, 102), (109, 103), (89, 106), (106, 106), (107, 106), (108, 106), (109, 106), (102, 107), (103, 107), (104, 107), (105, 107), (98, 108), (99, 108), (100, 108), (101, 108), (89, 109), (94, 109), (95, 109), (96, 109), (97, 109), (90, 110), (91, 110), (92, 110), (93, 110)]
[(106, 106), (107, 106), (108, 106), (109, 106), (102, 107), (103, 107), (104, 107), (105, 107), (110, 107), (98, 108), (99, 108), (100, 108), (101, 108), (94, 109), (95, 109), (96, 109), (97, 109), (90, 110), (91, 110), (92, 110), (93, 110), (109, 111), (89, 114)]
[(114, 106), (110, 107), (111, 107), (112, 107), (113, 107), (109, 111)]
[(52, 75), (53, 75), (54, 75), (55, 75), (48, 76), (49, 76), (50, 76), (51, 76), (56, 76), (44, 77), (45, 77), (46, 77), (47, 77), (40, 78), (41, 78), (42, 78), (43, 78), (36, 79), (37, 79), (38, 79), (39, 79), (55, 80), (35, 83), (54, 84), (34, 87), (53, 88), (33, 91), (52, 92), (32, 95), (49, 95), (50, 95), (51, 95), (52, 95), (45, 96), (46, 96), (47, 96), (48, 96), (41, 97), (42, 97), (43, 97), (44, 97), (32, 98), (37, 98), (38, 98), (39, 98), (40, 98), (33, 99), (34, 99), (35, 99), (36, 99)]
[(49, 95), (50, 95), (51, 95), (52, 95), (45, 96), (46, 96), (47, 96), (48, 96), (53, 96), (41, 97), (42, 97), (43, 97), (44, 97), (37, 98), (38, 98), (39, 98), (40, 98), (33, 99), (34, 99), (35, 99), (36, 99), (52, 100), (32, 103), (51, 104), (31, 107), (50, 108), (30, 111), (49, 112)]
[(69, 92), (70, 92), (71, 92), (72, 92), (65, 93), (66, 93), (67, 93), (68, 93), (73, 93), (61, 94), (62, 94), (63, 94), (64, 94), (57, 95), (58, 95), (59, 95), (60, 95), (53, 96), (54, 96), (55, 96), (56, 96), (72, 97), (52, 100), (71, 101), (51, 104), (70, 105), (50, 108), (69, 109), (49, 112), (66, 112), (67, 112), (68, 112), (69, 112), (62, 113), (63, 113), (64, 113), (65, 113), (58, 114), (59, 114), (60, 114), (61, 114)]
[(66, 112), (67, 112), (68, 112), (69, 112), (62, 113), (63, 113), (64, 113), (65, 113), (70, 113), (58, 114), (59, 114), (60, 114), (61, 114)]
[(86, 109), (87, 109), (88, 109), (89, 109), (82, 110), (83, 110), (84, 110), (85, 110), (90, 110), (78, 111), (79, 111), (80, 111), (81, 111), (74, 112), (75, 112), (76, 112), (77, 112), (70, 113), (71, 113), (72, 113), (73, 113), (89, 114)]
