[(96, 36), (92, 37), (93, 37), (94, 37), (95, 37), (97, 37), (88, 38), (89, 38), (90, 38), (91, 38), (98, 38), (84, 39), (85, 39), (86, 39), (87, 39), (99, 39), (80, 40), (81, 40), (82, 40), (83, 40), (100, 40), (79, 43), (99, 43), (78, 47), (98, 47), (77, 51), (97, 51), (76, 55), (96, 55), (76, 56), (96, 56), (77, 57), (92, 57), (93, 57), (94, 57), (95, 57), (78, 58), (88, 58), (89, 58), (90, 58), (91, 58), (79, 59), (84, 59), (85, 59), (86, 59), (87, 59), (80, 60), (81, 60), (82, 60), (83, 60)]
[(112, 37), (113, 37), (114, 37), (108, 38), (109, 38), (110, 38), (111, 38), (104, 39), (105, 39), (106, 39), (107, 39), (100, 40), (101, 40), (102, 40), (103, 40), (99, 43), (98, 47), (97, 51), (96, 55), (96, 56), (97, 57), (112, 57), (113, 57), (114, 57), (98, 58), (108, 58), (109, 58), (110, 58), (111, 58), (99, 59), (104, 59), (105, 59), (106, 59), (107, 59), (100, 60), (101, 60), (102, 60), (103, 60)]
[(112, 57), (113, 57), (114, 57), (108, 58), (109, 58), (110, 58), (111, 58), (104, 59), (105, 59), (106, 59), (107, 59), (100, 60), (101, 60), (102, 60), (103, 60), (99, 63), (98, 67), (97, 71), (96, 75), (96, 76), (97, 77), (112, 77), (113, 77), (114, 77), (98, 78), (108, 78), (109, 78), (110, 78), (111, 78), (99, 79), (104, 79), (105, 79), (106, 79), (107, 79), (100, 80), (101, 80), (102, 80), (103, 80)]
[(56, 36), (52, 37), (53, 37), (54, 37), (55, 37), (57, 37), (48, 38), (49, 38), (50, 38), (51, 38), (58, 38), (44, 39), (45, 39), (46, 39), (47, 39), (59, 39), (40, 40), (41, 40), (42, 40), (43, 40), (60, 40), (39, 43), (59, 43), (38, 47), (58, 47), (37, 51), (57, 51), (36, 55), (56, 55), (36, 56), (56, 56), (37, 57), (52, 57), (53, 57), (54, 57), (55, 57), (38, 58), (48, 58), (49, 58), (50, 58), (51, 58), (39, 59), (44, 59), (45, 59), (46, 59), (47, 59), (40, 60), (41, 60), (42, 60), (43, 60)]
[(76, 36), (72, 37), (73, 37), (74, 37), (75, 37), (77, 37), (68, 38), (69, 38), (70, 38), (71, 38), (78, 38), (64, 39), (65, 39), (66, 39), (67, 39), (79, 39), (60, 40), (61, 40), (62, 40), (63, 40), (80, 40), (59, 43), (79, 43), (58, 47), (78, 47), (57, 51), (77, 51), (56, 55), (76, 55), (56, 56), (76, 56), (57, 57), (72, 57), (73, 57), (74, 57), (75, 57), (58, 58), (68, 58), (69, 58), (70, 58), (71, 58), (59, 59), (64, 59), (65, 59), (66, 59), (67, 59), (60, 60), (61, 60), (62, 60), (63, 60)]
[(76, 56), (72, 57), (73, 57), (74, 57), (75, 57), (77, 57), (68, 58), (69, 58), (70, 58), (71, 58), (78, 58), (64, 59), (65, 59), (66, 59), (67, 59), (79, 59), (60, 60), (61, 60), (62, 60), (63, 60), (80, 60), (59, 63), (79, 63), (58, 67), (78, 67), (57, 71), (77, 71), (56, 75), (76, 75), (56, 76), (76, 76), (57, 77), (72, 77), (73, 77), (74, 77), (75, 77), (58, 78), (68, 78), (69, 78), (70, 78), (71, 78), (59, 79), (64, 79), (65, 79), (66, 79), (67, 79), (60, 80), (61, 80), (62, 80), (63, 80)]
[(96, 56), (92, 57), (93, 57), (94, 57), (95, 57), (97, 57), (88, 58), (89, 58), (90, 58), (91, 58), (98, 58), (84, 59), (85, 59), (86, 59), (87, 59), (99, 59), (80, 60), (81, 60), (82, 60), (83, 60), (100, 60), (79, 63), (99, 63), (78, 67), (98, 67), (77, 71), (97, 71), (76, 75), (96, 75), (76, 76), (96, 76), (77, 77), (92, 77), (93, 77), (94, 77), (95, 77), (78, 78), (88, 78), (89, 78), (90, 78), (91, 78), (79, 79), (84, 79), (85, 79), (86, 79), (87, 79), (80, 80), (81, 80), (82, 80), (83, 80)]
[(96, 76), (92, 77), (93, 77), (94, 77), (95, 77), (97, 77), (88, 78), (89, 78), (90, 78), (91, 78), (98, 78), (84, 79), (85, 79), (86, 79), (87, 79), (99, 79), (80, 80), (81, 80), (82, 80), (83, 80), (100, 80), (79, 83), (99, 83), (78, 87), (98, 87), (77, 91), (97, 91), (76, 95), (96, 95), (76, 96), (96, 96), (77, 97), (92, 97), (93, 97), (94, 97), (95, 97), (78, 98), (88, 98), (89, 98), (90, 98), (91, 98), (79, 99), (84, 99), (85, 99), (86, 99), (87, 99), (80, 100), (81, 100), (82, 100), (83, 100)]
[(112, 77), (113, 77), (114, 77), (108, 78), (109, 78), (110, 78), (111, 78), (104, 79), (105, 79), (106, 79), (107, 79), (100, 80), (101, 80), (102, 80), (103, 80), (99, 83), (98, 87), (97, 91), (96, 95), (96, 96), (97, 97), (112, 97), (113, 97), (114, 97), (98, 98), (108, 98), (109, 98), (110, 98), (111, 98), (99, 99), (104, 99), (105, 99), (106, 99), (107, 99), (100, 100), (101, 100), (102, 100), (103, 100)]
[(112, 97), (113, 97), (114, 97), (108, 98), (109, 98), (110, 98), (111, 98), (104, 99), (105, 99), (106, 99), (107, 99), (100, 100), (101, 100), (102, 100), (103, 100), (99, 103), (98, 107), (97, 111)]
[(36, 56), (32, 57), (33, 57), (34, 57), (35, 57), (37, 57), (28, 58), (29, 58), (30, 58), (31, 58), (38, 58), (24, 59), (25, 59), (26, 59), (27, 59), (39, 59), (20, 60), (21, 60), (22, 60), (23, 60), (40, 60), (19, 63), (39, 63), (18, 67), (38, 67), (17, 71), (37, 71), (16, 75), (36, 75), (16, 76), (36, 76), (17, 77), (32, 77), (33, 77), (34, 77), (35, 77), (18, 78), (28, 78), (29, 78), (30, 78), (31, 78), (19, 79), (24, 79), (25, 79), (26, 79), (27, 79), (20, 80), (21, 80), (22, 80), (23, 80)]
[(56, 56), (52, 57), (53, 57), (54, 57), (55, 57), (57, 57), (48, 58), (49, 58), (50, 58), (51, 58), (58, 58), (44, 59), (45, 59), (46, 59), (47, 59), (59, 59), (40, 60), (41, 60), (42, 60), (43, 60), (60, 60), (39, 63), (59, 63), (38, 67), (58, 67), (37, 71), (57, 71), (36, 75), (56, 75), (36, 76), (56, 76), (37, 77), (52, 77), (53, 77), (54, 77), (55, 77), (38, 78), (48, 78), (49, 78), (50, 78), (51, 78), (39, 79), (44, 79), (45, 79), (46, 79), (47, 79), (40, 80), (41, 80), (42, 80), (43, 80)]
[(56, 76), (52, 77), (53, 77), (54, 77), (55, 77), (57, 77), (48, 78), (49, 78), (50, 78), (51, 78), (58, 78), (44, 79), (45, 79), (46, 79), (47, 79), (59, 79), (40, 80), (41, 80), (42, 80), (43, 80), (60, 80), (39, 83), (59, 83), (38, 87), (58, 87), (37, 91), (57, 91), (36, 95), (56, 95), (36, 96), (56, 96), (37, 97), (52, 97), (53, 97), (54, 97), (55, 97), (38, 98), (48, 98), (49, 98), (50, 98), (51, 98), (39, 99), (44, 99), (45, 99), (46, 99), (47, 99), (40, 100), (41, 100), (42, 100), (43, 100)]
[(76, 76), (72, 77), (73, 77), (74, 77), (75, 77), (77, 77), (68, 78), (69, 78), (70, 78), (71, 78), (78, 78), (64, 79), (65, 79), (66, 79), (67, 79), (79, 79), (60, 80), (61, 80), (62, 80), (63, 80), (80, 80), (59, 83), (79, 83), (58, 87), (78, 87), (57, 91), (77, 91), (56, 95), (76, 95), (56, 96), (76, 96), (57, 97), (72, 97), (73, 97), (74, 97), (75, 97), (58, 98), (68, 98), (69, 98), (70, 98), (71, 98), (59, 99), (64, 99), (65, 99), (66, 99), (67, 99), (60, 100), (61, 100), (62, 100), (63, 100)]
[(76, 96), (72, 97), (73, 97), (74, 97), (75, 97), (77, 97), (68, 98), (69, 98), (70, 98), (71, 98), (78, 98), (64, 99), (65, 99), (66, 99), (67, 99), (79, 99), (60, 100), (61, 100), (62, 100), (63, 100), (80, 100), (59, 103), (79, 103), (58, 107), (78, 107), (57, 111), (77, 111)]
[(96, 96), (92, 97), (93, 97), (94, 97), (95, 97), (97, 97), (88, 98), (89, 98), (90, 98), (91, 98), (98, 98), (84, 99), (85, 99), (86, 99), (87, 99), (99, 99), (80, 100), (81, 100), (82, 100), (83, 100), (100, 100), (79, 103), (99, 103), (78, 107), (98, 107), (77, 111), (97, 111)]
[(36, 76), (32, 77), (33, 77), (34, 77), (35, 77), (37, 77), (28, 78), (29, 78), (30, 78), (31, 78), (38, 78), (24, 79), (25, 79), (26, 79), (27, 79), (39, 79), (20, 80), (21, 80), (22, 80), (23, 80), (40, 80), (19, 83), (39, 83), (18, 87), (38, 87), (17, 91), (37, 91), (16, 95), (36, 95), (16, 96), (36, 96), (17, 97), (32, 97), (33, 97), (34, 97), (35, 97), (18, 98), (28, 98), (29, 98), (30, 98), (31, 98), (19, 99), (24, 99), (25, 99), (26, 99), (27, 99), (20, 100), (21, 100), (22, 100), (23, 100)]
[(36, 96), (32, 97), (33, 97), (34, 97), (35, 97), (37, 97), (28, 98), (29, 98), (30, 98), (31, 98), (38, 98), (24, 99), (25, 99), (26, 99), (27, 99), (39, 99), (20, 100), (21, 100), (22, 100), (23, 100), (40, 100), (19, 103), (39, 103), (18, 107), (38, 107), (17, 111), (37, 111)]
[(56, 96), (52, 97), (53, 97), (54, 97), (55, 97), (57, 97), (48, 98), (49, 98), (50, 98), (51, 98), (58, 98), (44, 99), (45, 99), (46, 99), (47, 99), (59, 99), (40, 100), (41, 100), (42, 100), (43, 100), (60, 100), (39, 103), (59, 103), (38, 107), (58, 107), (37, 111), (57, 111)]
