[(101, 3), (102, 3), (98, 4), (99, 4), (100, 4), (103, 4), (96, 5), (97, 5), (104, 5), (93, 6), (94, 6), (95, 6), (105, 6), (91, 7), (92, 7), (88, 8), (89, 8), (90, 8), (104, 8), (85, 9), (86, 9), (87, 9), (84, 11), (103, 11), (102, 13), (83, 14), (82, 16), (101, 16), (100, 18), (81, 19), (80, 21), (99, 21), (98, 23), (99, 23), (79, 24), (95, 24), (96, 24), (97, 24), (93, 25), (94, 25), (79, 26), (90, 26), (91, 26), (92, 26), (80, 27), (88, 27), (89, 27), (81, 28), (85, 28), (86, 28), (87, 28), (82, 29), (83, 29), (84, 29)]
[(113, 3), (114, 3), (111, 4), (112, 4), (108, 5), (109, 5), (110, 5), (105, 6), (106, 6), (107, 6), (104, 8), (103, 11), (102, 13), (101, 16), (100, 18), (99, 21), (113, 22), (114, 22), (99, 23), (110, 23), (111, 23), (112, 23), (100, 24), (108, 24), (109, 24), (101, 25), (105, 25), (106, 25), (107, 25), (102, 26), (103, 26), (104, 26)]
[(113, 22), (114, 22), (110, 23), (111, 23), (112, 23), (108, 24), (109, 24), (105, 25), (106, 25), (107, 25), (102, 26), (103, 26), (104, 26), (101, 28), (100, 31), (99, 33), (98, 36), (97, 38), (96, 41), (112, 41), (113, 41), (114, 41), (110, 42), (111, 42), (96, 43), (107, 43), (108, 43), (109, 43), (97, 44), (105, 44), (106, 44), (98, 45), (102, 45), (103, 45), (104, 45), (99, 46), (100, 46), (101, 46)]
[(114, 55), (113, 58), (113, 60), (114, 61)]
[(61, 9), (62, 9), (58, 10), (59, 10), (60, 10), (63, 10), (56, 11), (57, 11), (64, 11), (53, 12), (54, 12), (55, 12), (65, 12), (51, 13), (52, 13), (48, 14), (49, 14), (50, 14), (64, 14), (45, 15), (46, 15), (47, 15), (44, 17), (63, 17), (62, 19), (43, 20), (42, 22), (61, 22), (60, 24), (41, 25), (40, 27), (59, 27), (58, 29), (59, 29), (39, 30), (55, 30), (56, 30), (57, 30), (53, 31), (54, 31), (39, 32), (50, 32), (51, 32), (52, 32), (40, 33), (48, 33), (49, 33), (41, 34), (45, 34), (46, 34), (47, 34), (42, 35), (43, 35), (44, 35)]
[(81, 6), (82, 6), (78, 7), (79, 7), (80, 7), (83, 7), (76, 8), (77, 8), (84, 8), (73, 9), (74, 9), (75, 9), (85, 9), (71, 10), (72, 10), (68, 11), (69, 11), (70, 11), (84, 11), (65, 12), (66, 12), (67, 12), (64, 14), (83, 14), (82, 16), (63, 17), (62, 19), (81, 19), (80, 21), (61, 22), (60, 24), (79, 24), (78, 26), (79, 26), (59, 27), (75, 27), (76, 27), (77, 27), (73, 28), (74, 28), (59, 29), (70, 29), (71, 29), (72, 29), (60, 30), (68, 30), (69, 30), (61, 31), (65, 31), (66, 31), (67, 31), (62, 32), (63, 32), (64, 32)]
[(78, 26), (79, 26), (75, 27), (76, 27), (77, 27), (80, 27), (73, 28), (74, 28), (81, 28), (70, 29), (71, 29), (72, 29), (82, 29), (68, 30), (69, 30), (65, 31), (66, 31), (67, 31), (81, 31), (62, 32), (63, 32), (64, 32), (61, 34), (80, 34), (79, 36), (60, 37), (59, 39), (78, 39), (77, 41), (58, 42), (57, 44), (76, 44), (75, 46), (76, 46), (56, 47), (72, 47), (73, 47), (74, 47), (70, 48), (71, 48), (56, 49), (67, 49), (68, 49), (69, 49), (57, 50), (65, 50), (66, 50), (58, 51), (62, 51), (63, 51), (64, 51), (59, 52), (60, 52), (61, 52)]
[(98, 23), (99, 23), (95, 24), (96, 24), (97, 24), (100, 24), (93, 25), (94, 25), (101, 25), (90, 26), (91, 26), (92, 26), (102, 26), (88, 27), (89, 27), (85, 28), (86, 28), (87, 28), (101, 28), (82, 29), (83, 29), (84, 29), (81, 31), (100, 31), (99, 33), (80, 34), (79, 36), (98, 36), (97, 38), (78, 39), (77, 41), (96, 41), (95, 43), (96, 43), (76, 44), (92, 44), (93, 44), (94, 44), (90, 45), (91, 45), (76, 46), (87, 46), (88, 46), (89, 46), (77, 47), (85, 47), (86, 47), (78, 48), (82, 48), (83, 48), (84, 48), (79, 49), (80, 49), (81, 49)]
[(95, 43), (96, 43), (92, 44), (93, 44), (94, 44), (97, 44), (90, 45), (91, 45), (98, 45), (87, 46), (88, 46), (89, 46), (99, 46), (85, 47), (86, 47), (82, 48), (83, 48), (84, 48), (98, 48), (79, 49), (80, 49), (81, 49), (78, 51), (97, 51), (96, 53), (77, 54), (76, 56), (95, 56), (94, 58), (75, 59), (74, 61), (93, 61), (92, 63), (93, 63), (73, 64), (89, 64), (90, 64), (91, 64), (87, 65), (88, 65), (73, 66), (84, 66), (85, 66), (86, 66), (74, 67), (82, 67), (83, 67), (75, 68), (79, 68), (80, 68), (81, 68), (76, 69), (77, 69), (78, 69)]
[(112, 41), (113, 41), (114, 41), (110, 42), (111, 42), (107, 43), (108, 43), (109, 43), (105, 44), (106, 44), (102, 45), (103, 45), (104, 45), (99, 46), (100, 46), (101, 46), (98, 48), (97, 51), (96, 53), (114, 55), (95, 56), (94, 58), (113, 58), (112, 60), (113, 60), (93, 61), (109, 61), (110, 61), (111, 61), (107, 62), (108, 62), (93, 63), (104, 63), (105, 63), (106, 63), (94, 64), (102, 64), (103, 64), (95, 65), (99, 65), (100, 65), (101, 65), (96, 66), (97, 66), (98, 66)]
[(112, 60), (113, 60), (109, 61), (110, 61), (111, 61), (114, 61), (107, 62), (108, 62), (104, 63), (105, 63), (106, 63), (102, 64), (103, 64), (99, 65), (100, 65), (101, 65), (96, 66), (97, 66), (98, 66), (95, 68), (114, 68), (113, 70), (94, 71), (93, 73), (112, 73), (111, 75), (92, 76), (91, 78), (110, 78), (109, 80), (110, 80), (90, 81), (106, 81), (107, 81), (108, 81), (104, 82), (105, 82), (90, 83), (101, 83), (102, 83), (103, 83), (91, 84), (99, 84), (100, 84), (92, 85), (96, 85), (97, 85), (98, 85), (93, 86), (94, 86), (95, 86)]
[(114, 68), (113, 70), (112, 73), (111, 75), (110, 78), (110, 80), (111, 81), (112, 82), (113, 83), (114, 83)]
[(113, 83), (114, 83), (112, 85), (111, 88), (110, 90), (109, 93), (108, 95), (107, 98), (107, 100), (108, 101), (109, 102), (113, 102), (114, 102), (110, 103), (111, 103), (112, 103)]
[(38, 32), (39, 32), (35, 33), (36, 33), (37, 33), (40, 33), (33, 34), (34, 34), (41, 34), (30, 35), (31, 35), (32, 35), (42, 35), (28, 36), (29, 36), (25, 37), (26, 37), (27, 37), (41, 37), (22, 38), (23, 38), (24, 38), (21, 40), (40, 40), (39, 42), (20, 43), (19, 45), (38, 45), (37, 47), (18, 48), (17, 50), (36, 50), (35, 52), (36, 52), (16, 53), (32, 53), (33, 53), (34, 53), (30, 54), (31, 54), (16, 55), (27, 55), (28, 55), (29, 55), (17, 56), (25, 56), (26, 56), (18, 57), (22, 57), (23, 57), (24, 57), (19, 58), (20, 58), (21, 58)]
[(58, 29), (59, 29), (55, 30), (56, 30), (57, 30), (60, 30), (53, 31), (54, 31), (61, 31), (50, 32), (51, 32), (52, 32), (62, 32), (48, 33), (49, 33), (45, 34), (46, 34), (47, 34), (61, 34), (42, 35), (43, 35), (44, 35), (41, 37), (60, 37), (59, 39), (40, 40), (39, 42), (58, 42), (57, 44), (38, 45), (37, 47), (56, 47), (55, 49), (56, 49), (36, 50), (52, 50), (53, 50), (54, 50), (50, 51), (51, 51), (36, 52), (47, 52), (48, 52), (49, 52), (37, 53), (45, 53), (46, 53), (38, 54), (42, 54), (43, 54), (44, 54), (39, 55), (40, 55), (41, 55)]
[(55, 49), (56, 49), (52, 50), (53, 50), (54, 50), (57, 50), (50, 51), (51, 51), (58, 51), (47, 52), (48, 52), (49, 52), (59, 52), (45, 53), (46, 53), (42, 54), (43, 54), (44, 54), (58, 54), (39, 55), (40, 55), (41, 55), (38, 57), (57, 57), (56, 59), (37, 60), (36, 62), (55, 62), (54, 64), (35, 65), (34, 67), (53, 67), (52, 69), (53, 69), (33, 70), (49, 70), (50, 70), (51, 70), (47, 71), (48, 71), (33, 72), (44, 72), (45, 72), (46, 72), (34, 73), (42, 73), (43, 73), (35, 74), (39, 74), (40, 74), (41, 74), (36, 75), (37, 75), (38, 75)]
[(75, 46), (76, 46), (72, 47), (73, 47), (74, 47), (77, 47), (70, 48), (71, 48), (78, 48), (67, 49), (68, 49), (69, 49), (79, 49), (65, 50), (66, 50), (62, 51), (63, 51), (64, 51), (78, 51), (59, 52), (60, 52), (61, 52), (58, 54), (77, 54), (76, 56), (57, 57), (56, 59), (75, 59), (74, 61), (55, 62), (54, 64), (73, 64), (72, 66), (73, 66), (53, 67), (69, 67), (70, 67), (71, 67), (67, 68), (68, 68), (53, 69), (64, 69), (65, 69), (66, 69), (54, 70), (62, 70), (63, 70), (55, 71), (59, 71), (60, 71), (61, 71), (56, 72), (57, 72), (58, 72)]
[(72, 66), (73, 66), (69, 67), (70, 67), (71, 67), (74, 67), (67, 68), (68, 68), (75, 68), (64, 69), (65, 69), (66, 69), (76, 69), (62, 70), (63, 70), (59, 71), (60, 71), (61, 71), (75, 71), (56, 72), (57, 72), (58, 72), (55, 74), (74, 74), (73, 76), (54, 77), (53, 79), (72, 79), (71, 81), (52, 82), (51, 84), (70, 84), (69, 86), (70, 86), (50, 87), (66, 87), (67, 87), (68, 87), (64, 88), (65, 88), (50, 89), (61, 89), (62, 89), (63, 89), (51, 90), (59, 90), (60, 90), (52, 91), (56, 91), (57, 91), (58, 91), (53, 92), (54, 92), (55, 92)]
[(92, 63), (93, 63), (89, 64), (90, 64), (91, 64), (94, 64), (87, 65), (88, 65), (95, 65), (84, 66), (85, 66), (86, 66), (96, 66), (82, 67), (83, 67), (79, 68), (80, 68), (81, 68), (95, 68), (76, 69), (77, 69), (78, 69), (75, 71), (94, 71), (93, 73), (74, 74), (73, 76), (92, 76), (91, 78), (72, 79), (71, 81), (90, 81), (89, 83), (90, 83), (70, 84), (86, 84), (87, 84), (88, 84), (84, 85), (85, 85), (70, 86), (81, 86), (82, 86), (83, 86), (71, 87), (79, 87), (80, 87), (72, 88), (76, 88), (77, 88), (78, 88), (73, 89), (74, 89), (75, 89)]
[(89, 83), (90, 83), (86, 84), (87, 84), (88, 84), (91, 84), (84, 85), (85, 85), (92, 85), (81, 86), (82, 86), (83, 86), (93, 86), (79, 87), (80, 87), (76, 88), (77, 88), (78, 88), (92, 88), (73, 89), (74, 89), (75, 89), (72, 91), (91, 91), (90, 93), (71, 94), (70, 96), (89, 96), (88, 98), (69, 99), (68, 101), (87, 101), (86, 103), (87, 103), (67, 104), (83, 104), (84, 104), (85, 104), (81, 105), (82, 105), (67, 106), (78, 106), (79, 106), (80, 106), (68, 107), (76, 107), (77, 107), (69, 108), (73, 108), (74, 108), (75, 108), (70, 109), (71, 109), (72, 109)]
[(109, 80), (110, 80), (106, 81), (107, 81), (108, 81), (111, 81), (104, 82), (105, 82), (112, 82), (101, 83), (102, 83), (103, 83), (113, 83), (99, 84), (100, 84), (96, 85), (97, 85), (98, 85), (112, 85), (93, 86), (94, 86), (95, 86), (92, 88), (111, 88), (110, 90), (91, 91), (90, 93), (109, 93), (108, 95), (89, 96), (88, 98), (107, 98), (106, 100), (107, 100), (87, 101), (103, 101), (104, 101), (105, 101), (101, 102), (102, 102), (87, 103), (98, 103), (99, 103), (100, 103), (88, 104), (96, 104), (97, 104), (89, 105), (93, 105), (94, 105), (95, 105), (90, 106), (91, 106), (92, 106)]
[(106, 100), (107, 100), (103, 101), (104, 101), (105, 101), (108, 101), (101, 102), (102, 102), (109, 102), (98, 103), (99, 103), (100, 103), (110, 103), (96, 104), (97, 104), (93, 105), (94, 105), (95, 105), (109, 105), (90, 106), (91, 106), (92, 106), (89, 108), (108, 108), (107, 110), (88, 111), (87, 113), (106, 113)]
[(113, 102), (114, 102), (110, 103), (111, 103), (112, 103), (109, 105), (108, 108), (107, 110), (106, 113)]
[(35, 52), (36, 52), (32, 53), (33, 53), (34, 53), (37, 53), (30, 54), (31, 54), (38, 54), (27, 55), (28, 55), (29, 55), (39, 55), (25, 56), (26, 56), (22, 57), (23, 57), (24, 57), (38, 57), (19, 58), (20, 58), (21, 58), (18, 60), (37, 60), (36, 62), (17, 63), (16, 65), (35, 65), (34, 67), (15, 68), (14, 70), (33, 70), (32, 72), (33, 72), (13, 73), (29, 73), (30, 73), (31, 73), (27, 74), (28, 74), (13, 75), (24, 75), (25, 75), (26, 75), (14, 76), (22, 76), (23, 76), (15, 77), (19, 77), (20, 77), (21, 77), (16, 78), (17, 78), (18, 78)]
[(32, 72), (33, 72), (29, 73), (30, 73), (31, 73), (34, 73), (27, 74), (28, 74), (35, 74), (24, 75), (25, 75), (26, 75), (36, 75), (22, 76), (23, 76), (19, 77), (20, 77), (21, 77), (35, 77), (16, 78), (17, 78), (18, 78), (15, 80), (34, 80), (33, 82), (14, 83), (13, 85), (32, 85), (31, 87), (12, 88), (11, 90), (30, 90), (29, 92), (30, 92), (10, 93), (26, 93), (27, 93), (28, 93), (24, 94), (25, 94), (10, 95), (21, 95), (22, 95), (23, 95), (11, 96), (19, 96), (20, 96), (12, 97), (16, 97), (17, 97), (18, 97), (13, 98), (14, 98), (15, 98)]
[(52, 69), (53, 69), (49, 70), (50, 70), (51, 70), (54, 70), (47, 71), (48, 71), (55, 71), (44, 72), (45, 72), (46, 72), (56, 72), (42, 73), (43, 73), (39, 74), (40, 74), (41, 74), (55, 74), (36, 75), (37, 75), (38, 75), (35, 77), (54, 77), (53, 79), (34, 80), (33, 82), (52, 82), (51, 84), (32, 85), (31, 87), (50, 87), (49, 89), (50, 89), (30, 90), (46, 90), (47, 90), (48, 90), (44, 91), (45, 91), (30, 92), (41, 92), (42, 92), (43, 92), (31, 93), (39, 93), (40, 93), (32, 94), (36, 94), (37, 94), (38, 94), (33, 95), (34, 95), (35, 95)]
[(49, 89), (50, 89), (46, 90), (47, 90), (48, 90), (51, 90), (44, 91), (45, 91), (52, 91), (41, 92), (42, 92), (43, 92), (53, 92), (39, 93), (40, 93), (36, 94), (37, 94), (38, 94), (52, 94), (33, 95), (34, 95), (35, 95), (32, 97), (51, 97), (50, 99), (31, 100), (30, 102), (49, 102), (48, 104), (29, 105), (28, 107), (47, 107), (46, 109), (47, 109), (27, 110), (43, 110), (44, 110), (45, 110), (41, 111), (42, 111), (27, 112), (38, 112), (39, 112), (40, 112), (28, 113), (36, 113), (37, 113), (29, 114), (33, 114), (34, 114), (35, 114)]
[(69, 86), (70, 86), (66, 87), (67, 87), (68, 87), (71, 87), (64, 88), (65, 88), (72, 88), (61, 89), (62, 89), (63, 89), (73, 89), (59, 90), (60, 90), (56, 91), (57, 91), (58, 91), (72, 91), (53, 92), (54, 92), (55, 92), (52, 94), (71, 94), (70, 96), (51, 97), (50, 99), (69, 99), (68, 101), (49, 102), (48, 104), (67, 104), (66, 106), (67, 106), (47, 107), (63, 107), (64, 107), (65, 107), (61, 108), (62, 108), (47, 109), (58, 109), (59, 109), (60, 109), (48, 110), (56, 110), (57, 110), (49, 111), (53, 111), (54, 111), (55, 111), (50, 112), (51, 112), (52, 112)]
[(66, 106), (67, 106), (63, 107), (64, 107), (65, 107), (68, 107), (61, 108), (62, 108), (69, 108), (58, 109), (59, 109), (60, 109), (70, 109), (56, 110), (57, 110), (53, 111), (54, 111), (55, 111), (69, 111), (50, 112), (51, 112), (52, 112), (49, 114), (68, 114)]
[(86, 103), (87, 103), (83, 104), (84, 104), (85, 104), (88, 104), (81, 105), (82, 105), (89, 105), (78, 106), (79, 106), (80, 106), (90, 106), (76, 107), (77, 107), (73, 108), (74, 108), (75, 108), (89, 108), (70, 109), (71, 109), (72, 109), (69, 111), (88, 111), (87, 113), (68, 114)]
[(29, 92), (30, 92), (26, 93), (27, 93), (28, 93), (31, 93), (24, 94), (25, 94), (32, 94), (21, 95), (22, 95), (23, 95), (33, 95), (19, 96), (20, 96), (16, 97), (17, 97), (18, 97), (32, 97), (13, 98), (14, 98), (15, 98), (12, 100), (31, 100), (30, 102), (11, 103), (10, 105), (29, 105), (28, 107), (9, 108), (8, 110), (27, 110), (26, 112), (27, 112), (7, 113), (23, 113), (24, 113), (25, 113), (21, 114), (22, 114)]
[(26, 112), (27, 112), (23, 113), (24, 113), (25, 113), (28, 113), (21, 114), (22, 114), (29, 114)]
[(46, 109), (47, 109), (43, 110), (44, 110), (45, 110), (48, 110), (41, 111), (42, 111), (49, 111), (38, 112), (39, 112), (40, 112), (50, 112), (36, 113), (37, 113), (33, 114), (34, 114), (35, 114), (49, 114)]
