[(112, 22), (113, 22), (114, 22), (111, 24), (110, 27), (109, 30), (108, 32), (107, 35), (106, 38), (105, 41), (104, 43), (105, 43), (106, 44), (107, 45), (108, 46), (112, 46), (113, 46), (114, 46), (109, 47), (110, 47), (111, 47)]
[(81, 21), (82, 21), (83, 21), (79, 22), (80, 22), (84, 22), (76, 23), (77, 23), (78, 23), (85, 23), (73, 24), (74, 24), (75, 24), (86, 24), (71, 25), (72, 25), (87, 25), (68, 26), (69, 26), (70, 26), (65, 27), (66, 27), (67, 27), (86, 27), (62, 28), (63, 28), (64, 28), (61, 30), (85, 30), (60, 33), (84, 33), (83, 35), (59, 36), (58, 38), (82, 38), (57, 41), (81, 41), (56, 44), (80, 44), (78, 46), (79, 46), (80, 46), (55, 47), (76, 47), (77, 47), (73, 48), (74, 48), (75, 48), (54, 49), (55, 49), (70, 49), (71, 49), (72, 49), (56, 50), (68, 50), (69, 50), (57, 51), (65, 51), (66, 51), (67, 51), (58, 52), (62, 52), (63, 52), (64, 52), (59, 53), (60, 53), (61, 53)]
[(106, 18), (107, 18), (108, 18), (104, 19), (105, 19), (109, 19), (101, 20), (102, 20), (103, 20), (110, 20), (98, 21), (99, 21), (100, 21), (111, 21), (96, 22), (97, 22), (112, 22), (93, 23), (94, 23), (95, 23), (90, 24), (91, 24), (92, 24), (111, 24), (87, 25), (88, 25), (89, 25), (86, 27), (110, 27), (85, 30), (109, 30), (108, 32), (84, 33), (83, 35), (107, 35), (82, 38), (106, 38), (81, 41), (105, 41), (103, 43), (104, 43), (105, 43), (80, 44), (101, 44), (102, 44), (98, 45), (99, 45), (100, 45), (79, 46), (80, 46), (95, 46), (96, 46), (97, 46), (81, 47), (93, 47), (94, 47), (82, 48), (90, 48), (91, 48), (92, 48), (83, 49), (87, 49), (88, 49), (89, 49), (84, 50), (85, 50), (86, 50)]
[(103, 43), (104, 43), (105, 43), (101, 44), (102, 44), (106, 44), (98, 45), (99, 45), (100, 45), (107, 45), (95, 46), (96, 46), (97, 46), (108, 46), (93, 47), (94, 47), (109, 47), (90, 48), (91, 48), (92, 48), (87, 49), (88, 49), (89, 49), (108, 49), (84, 50), (85, 50), (86, 50), (83, 52), (107, 52), (82, 55), (106, 55), (105, 57), (81, 58), (80, 60), (104, 60), (79, 63), (103, 63), (78, 66), (102, 66), (100, 68), (101, 68), (102, 68), (77, 69), (98, 69), (99, 69), (95, 70), (96, 70), (97, 70), (76, 71), (77, 71), (92, 71), (93, 71), (94, 71), (78, 72), (90, 72), (91, 72), (79, 73), (87, 73), (88, 73), (89, 73), (80, 74), (84, 74), (85, 74), (86, 74), (81, 75), (82, 75), (83, 75)]
[(112, 46), (113, 46), (114, 46), (109, 47), (110, 47), (111, 47), (108, 49), (107, 52), (106, 55), (105, 57), (104, 60), (103, 63), (102, 66), (101, 68), (102, 68), (103, 69), (104, 70), (112, 70), (113, 70), (114, 70), (105, 71), (109, 71), (110, 71), (111, 71), (106, 72), (107, 72), (108, 72)]
[(112, 70), (113, 70), (114, 70), (109, 71), (110, 71), (111, 71), (106, 72), (107, 72), (108, 72), (105, 74), (104, 77), (103, 80), (102, 82), (101, 85), (100, 88), (99, 91), (98, 93), (99, 93), (114, 93), (100, 94), (112, 94), (113, 94), (101, 95), (109, 95), (110, 95), (111, 95), (102, 96), (106, 96), (107, 96), (108, 96), (103, 97), (104, 97), (105, 97)]
[(53, 49), (54, 49), (55, 49), (51, 50), (52, 50), (56, 50), (48, 51), (49, 51), (50, 51), (57, 51), (45, 52), (46, 52), (47, 52), (58, 52), (43, 53), (44, 53), (59, 53), (40, 54), (41, 54), (42, 54), (37, 55), (38, 55), (39, 55), (58, 55), (34, 56), (35, 56), (36, 56), (33, 58), (57, 58), (32, 61), (56, 61), (55, 63), (31, 64), (30, 66), (54, 66), (29, 69), (53, 69), (28, 72), (52, 72), (50, 74), (51, 74), (52, 74), (27, 75), (48, 75), (49, 75), (45, 76), (46, 76), (47, 76), (26, 77), (27, 77), (42, 77), (43, 77), (44, 77), (28, 78), (40, 78), (41, 78), (29, 79), (37, 79), (38, 79), (39, 79), (30, 80), (34, 80), (35, 80), (36, 80), (31, 81), (32, 81), (33, 81)]
[(78, 46), (79, 46), (80, 46), (76, 47), (77, 47), (81, 47), (73, 48), (74, 48), (75, 48), (82, 48), (70, 49), (71, 49), (72, 49), (83, 49), (68, 50), (69, 50), (84, 50), (65, 51), (66, 51), (67, 51), (62, 52), (63, 52), (64, 52), (83, 52), (59, 53), (60, 53), (61, 53), (58, 55), (82, 55), (57, 58), (81, 58), (80, 60), (56, 61), (55, 63), (79, 63), (54, 66), (78, 66), (53, 69), (77, 69), (75, 71), (76, 71), (77, 71), (52, 72), (73, 72), (74, 72), (70, 73), (71, 73), (72, 73), (51, 74), (52, 74), (67, 74), (68, 74), (69, 74), (53, 75), (65, 75), (66, 75), (54, 76), (62, 76), (63, 76), (64, 76), (55, 77), (59, 77), (60, 77), (61, 77), (56, 78), (57, 78), (58, 78)]
[(75, 71), (76, 71), (77, 71), (73, 72), (74, 72), (78, 72), (70, 73), (71, 73), (72, 73), (79, 73), (67, 74), (68, 74), (69, 74), (80, 74), (65, 75), (66, 75), (81, 75), (62, 76), (63, 76), (64, 76), (59, 77), (60, 77), (61, 77), (80, 77), (56, 78), (57, 78), (58, 78), (55, 80), (79, 80), (54, 83), (78, 83), (77, 85), (53, 86), (52, 88), (76, 88), (51, 91), (75, 91), (50, 94), (74, 94), (72, 96), (73, 96), (74, 96), (49, 97), (70, 97), (71, 97), (67, 98), (68, 98), (69, 98), (48, 99), (49, 99), (64, 99), (65, 99), (66, 99), (50, 100), (62, 100), (63, 100), (51, 101), (59, 101), (60, 101), (61, 101), (52, 102), (56, 102), (57, 102), (58, 102), (53, 103), (54, 103), (55, 103)]
[(100, 68), (101, 68), (102, 68), (98, 69), (99, 69), (103, 69), (95, 70), (96, 70), (97, 70), (104, 70), (92, 71), (93, 71), (94, 71), (105, 71), (90, 72), (91, 72), (106, 72), (87, 73), (88, 73), (89, 73), (84, 74), (85, 74), (86, 74), (105, 74), (81, 75), (82, 75), (83, 75), (80, 77), (104, 77), (79, 80), (103, 80), (102, 82), (78, 83), (77, 85), (101, 85), (76, 88), (100, 88), (75, 91), (99, 91), (97, 93), (98, 93), (99, 93), (74, 94), (95, 94), (96, 94), (92, 95), (93, 95), (94, 95), (73, 96), (74, 96), (89, 96), (90, 96), (91, 96), (75, 97), (87, 97), (88, 97), (76, 98), (84, 98), (85, 98), (86, 98), (77, 99), (81, 99), (82, 99), (83, 99), (78, 100), (79, 100), (80, 100)]
[(97, 93), (98, 93), (99, 93), (95, 94), (96, 94), (100, 94), (92, 95), (93, 95), (94, 95), (101, 95), (89, 96), (90, 96), (91, 96), (102, 96), (87, 97), (88, 97), (103, 97), (84, 98), (85, 98), (86, 98), (81, 99), (82, 99), (83, 99), (102, 99), (78, 100), (79, 100), (80, 100), (77, 102), (101, 102), (76, 105), (100, 105), (99, 107), (75, 108), (74, 110), (98, 110), (73, 113), (97, 113)]
[(114, 93), (112, 94), (113, 94), (109, 95), (110, 95), (111, 95), (106, 96), (107, 96), (108, 96), (103, 97), (104, 97), (105, 97), (102, 99), (101, 102), (100, 105), (99, 107), (98, 110), (97, 113)]
[(50, 74), (51, 74), (52, 74), (48, 75), (49, 75), (53, 75), (45, 76), (46, 76), (47, 76), (54, 76), (42, 77), (43, 77), (44, 77), (55, 77), (40, 78), (41, 78), (56, 78), (37, 79), (38, 79), (39, 79), (34, 80), (35, 80), (36, 80), (55, 80), (31, 81), (32, 81), (33, 81), (30, 83), (54, 83), (29, 86), (53, 86), (52, 88), (28, 89), (27, 91), (51, 91), (26, 94), (50, 94), (25, 97), (49, 97), (47, 99), (48, 99), (49, 99), (24, 100), (45, 100), (46, 100), (42, 101), (43, 101), (44, 101), (23, 102), (24, 102), (39, 102), (40, 102), (41, 102), (25, 103), (37, 103), (38, 103), (26, 104), (34, 104), (35, 104), (36, 104), (27, 105), (31, 105), (32, 105), (33, 105), (28, 106), (29, 106), (30, 106)]
[(47, 99), (48, 99), (49, 99), (45, 100), (46, 100), (50, 100), (42, 101), (43, 101), (44, 101), (51, 101), (39, 102), (40, 102), (41, 102), (52, 102), (37, 103), (38, 103), (53, 103), (34, 104), (35, 104), (36, 104), (31, 105), (32, 105), (33, 105), (52, 105), (28, 106), (29, 106), (30, 106), (27, 108), (51, 108), (26, 111), (50, 111), (49, 113), (25, 114)]
[(72, 96), (73, 96), (74, 96), (70, 97), (71, 97), (75, 97), (67, 98), (68, 98), (69, 98), (76, 98), (64, 99), (65, 99), (66, 99), (77, 99), (62, 100), (63, 100), (78, 100), (59, 101), (60, 101), (61, 101), (56, 102), (57, 102), (58, 102), (77, 102), (53, 103), (54, 103), (55, 103), (52, 105), (76, 105), (51, 108), (75, 108), (74, 110), (50, 111), (49, 113), (73, 113)]
