[(82, 4), (83, 4), (77, 5), (78, 5), (79, 5), (80, 5), (81, 5), (84, 5), (73, 6), (74, 6), (75, 6), (76, 6), (68, 7), (69, 7), (70, 7), (71, 7), (72, 7), (83, 9), (67, 11), (82, 13), (66, 15), (81, 18), (65, 20), (80, 20), (81, 20), (75, 21), (76, 21), (77, 21), (78, 21), (79, 21), (65, 22), (71, 22), (72, 22), (73, 22), (74, 22), (66, 23), (67, 23), (68, 23), (69, 23), (70, 23)]
[(98, 2), (99, 2), (93, 3), (94, 3), (95, 3), (96, 3), (97, 3), (100, 3), (89, 4), (90, 4), (91, 4), (92, 4), (84, 5), (85, 5), (86, 5), (87, 5), (88, 5), (99, 7), (83, 9), (98, 11), (82, 13), (97, 16), (81, 18), (96, 18), (97, 18), (91, 19), (92, 19), (93, 19), (94, 19), (95, 19), (81, 20), (87, 20), (88, 20), (89, 20), (90, 20), (82, 21), (83, 21), (84, 21), (85, 21), (86, 21)]
[(96, 18), (97, 18), (91, 19), (92, 19), (93, 19), (94, 19), (95, 19), (98, 19), (87, 20), (88, 20), (89, 20), (90, 20), (82, 21), (83, 21), (84, 21), (85, 21), (86, 21), (97, 23), (81, 25), (96, 27), (80, 29), (95, 32), (79, 34), (94, 34), (95, 34), (89, 35), (90, 35), (91, 35), (92, 35), (93, 35), (79, 36), (85, 36), (86, 36), (87, 36), (88, 36), (80, 37), (81, 37), (82, 37), (83, 37), (84, 37)]
[(112, 16), (113, 16), (107, 17), (108, 17), (109, 17), (110, 17), (111, 17), (114, 17), (103, 18), (104, 18), (105, 18), (106, 18), (98, 19), (99, 19), (100, 19), (101, 19), (102, 19), (113, 21), (97, 23), (112, 25), (96, 27), (111, 30), (95, 32), (110, 32), (111, 32), (105, 33), (106, 33), (107, 33), (108, 33), (109, 33), (95, 34), (101, 34), (102, 34), (103, 34), (104, 34), (96, 35), (97, 35), (98, 35), (99, 35), (100, 35)]
[(110, 32), (111, 32), (105, 33), (106, 33), (107, 33), (108, 33), (109, 33), (112, 33), (101, 34), (102, 34), (103, 34), (104, 34), (96, 35), (97, 35), (98, 35), (99, 35), (100, 35), (111, 37), (95, 39), (110, 41), (94, 43), (109, 46), (93, 48), (108, 48), (109, 48), (103, 49), (104, 49), (105, 49), (106, 49), (107, 49), (93, 50), (99, 50), (100, 50), (101, 50), (102, 50), (94, 51), (95, 51), (96, 51), (97, 51), (98, 51)]
[(112, 33), (113, 33), (114, 33), (111, 37), (110, 41), (109, 46), (109, 48), (110, 49), (111, 49), (112, 49), (113, 49), (114, 49)]
[(110, 49), (111, 49), (112, 49), (113, 49), (114, 49), (109, 53), (108, 57), (107, 62), (107, 64), (113, 64), (114, 64), (108, 65), (109, 65), (110, 65), (111, 65), (112, 65)]
[(50, 8), (51, 8), (45, 9), (46, 9), (47, 9), (48, 9), (49, 9), (52, 9), (41, 10), (42, 10), (43, 10), (44, 10), (36, 11), (37, 11), (38, 11), (39, 11), (40, 11), (51, 13), (35, 15), (50, 17), (34, 19), (49, 22), (33, 24), (48, 24), (49, 24), (43, 25), (44, 25), (45, 25), (46, 25), (47, 25), (33, 26), (39, 26), (40, 26), (41, 26), (42, 26), (34, 27), (35, 27), (36, 27), (37, 27), (38, 27)]
[(66, 6), (67, 6), (61, 7), (62, 7), (63, 7), (64, 7), (65, 7), (68, 7), (57, 8), (58, 8), (59, 8), (60, 8), (52, 9), (53, 9), (54, 9), (55, 9), (56, 9), (67, 11), (51, 13), (66, 15), (50, 17), (65, 20), (49, 22), (64, 22), (65, 22), (59, 23), (60, 23), (61, 23), (62, 23), (63, 23), (49, 24), (55, 24), (56, 24), (57, 24), (58, 24), (50, 25), (51, 25), (52, 25), (53, 25), (54, 25)]
[(64, 22), (65, 22), (59, 23), (60, 23), (61, 23), (62, 23), (63, 23), (66, 23), (55, 24), (56, 24), (57, 24), (58, 24), (50, 25), (51, 25), (52, 25), (53, 25), (54, 25), (65, 27), (49, 29), (64, 31), (48, 33), (63, 36), (47, 38), (62, 38), (63, 38), (57, 39), (58, 39), (59, 39), (60, 39), (61, 39), (47, 40), (53, 40), (54, 40), (55, 40), (56, 40), (48, 41), (49, 41), (50, 41), (51, 41), (52, 41)]
[(80, 20), (81, 20), (75, 21), (76, 21), (77, 21), (78, 21), (79, 21), (82, 21), (71, 22), (72, 22), (73, 22), (74, 22), (66, 23), (67, 23), (68, 23), (69, 23), (70, 23), (81, 25), (65, 27), (80, 29), (64, 31), (79, 34), (63, 36), (78, 36), (79, 36), (73, 37), (74, 37), (75, 37), (76, 37), (77, 37), (63, 38), (69, 38), (70, 38), (71, 38), (72, 38), (64, 39), (65, 39), (66, 39), (67, 39), (68, 39)]
[(78, 36), (79, 36), (73, 37), (74, 37), (75, 37), (76, 37), (77, 37), (80, 37), (69, 38), (70, 38), (71, 38), (72, 38), (64, 39), (65, 39), (66, 39), (67, 39), (68, 39), (79, 41), (63, 43), (78, 45), (62, 47), (77, 50), (61, 52), (76, 52), (77, 52), (71, 53), (72, 53), (73, 53), (74, 53), (75, 53), (61, 54), (67, 54), (68, 54), (69, 54), (70, 54), (62, 55), (63, 55), (64, 55), (65, 55), (66, 55)]
[(94, 34), (95, 34), (89, 35), (90, 35), (91, 35), (92, 35), (93, 35), (96, 35), (85, 36), (86, 36), (87, 36), (88, 36), (80, 37), (81, 37), (82, 37), (83, 37), (84, 37), (95, 39), (79, 41), (94, 43), (78, 45), (93, 48), (77, 50), (92, 50), (93, 50), (87, 51), (88, 51), (89, 51), (90, 51), (91, 51), (77, 52), (83, 52), (84, 52), (85, 52), (86, 52), (78, 53), (79, 53), (80, 53), (81, 53), (82, 53)]
[(92, 50), (93, 50), (87, 51), (88, 51), (89, 51), (90, 51), (91, 51), (94, 51), (83, 52), (84, 52), (85, 52), (86, 52), (78, 53), (79, 53), (80, 53), (81, 53), (82, 53), (93, 55), (77, 57), (92, 59), (76, 61), (91, 64), (75, 66), (90, 66), (91, 66), (85, 67), (86, 67), (87, 67), (88, 67), (89, 67), (75, 68), (81, 68), (82, 68), (83, 68), (84, 68), (76, 69), (77, 69), (78, 69), (79, 69), (80, 69)]
[(108, 48), (109, 48), (103, 49), (104, 49), (105, 49), (106, 49), (107, 49), (110, 49), (99, 50), (100, 50), (101, 50), (102, 50), (94, 51), (95, 51), (96, 51), (97, 51), (98, 51), (109, 53), (93, 55), (108, 57), (92, 59), (107, 62), (91, 64), (106, 64), (107, 64), (101, 65), (102, 65), (103, 65), (104, 65), (105, 65), (91, 66), (97, 66), (98, 66), (99, 66), (100, 66), (92, 67), (93, 67), (94, 67), (95, 67), (96, 67)]
[(106, 64), (107, 64), (101, 65), (102, 65), (103, 65), (104, 65), (105, 65), (108, 65), (97, 66), (98, 66), (99, 66), (100, 66), (92, 67), (93, 67), (94, 67), (95, 67), (96, 67), (107, 69), (91, 71), (106, 73), (90, 75), (105, 78), (89, 80), (104, 80), (105, 80), (99, 81), (100, 81), (101, 81), (102, 81), (103, 81), (89, 82), (95, 82), (96, 82), (97, 82), (98, 82), (90, 83), (91, 83), (92, 83), (93, 83), (94, 83)]
[(113, 64), (114, 64), (108, 65), (109, 65), (110, 65), (111, 65), (112, 65), (107, 69), (106, 73), (105, 78), (105, 80), (111, 80), (112, 80), (113, 80), (114, 80), (106, 81), (107, 81), (108, 81), (109, 81), (110, 81)]
[(111, 80), (112, 80), (113, 80), (114, 80), (106, 81), (107, 81), (108, 81), (109, 81), (110, 81), (105, 85), (104, 89), (103, 94), (113, 95), (114, 95), (103, 96), (109, 96), (110, 96), (111, 96), (112, 96), (104, 97), (105, 97), (106, 97), (107, 97), (108, 97)]
[(32, 26), (33, 26), (27, 27), (28, 27), (29, 27), (30, 27), (31, 27), (34, 27), (23, 28), (24, 28), (25, 28), (26, 28), (18, 29), (19, 29), (20, 29), (21, 29), (22, 29), (33, 31), (17, 33), (32, 35), (16, 37), (31, 40), (15, 42), (30, 42), (31, 42), (25, 43), (26, 43), (27, 43), (28, 43), (29, 43), (15, 44), (21, 44), (22, 44), (23, 44), (24, 44), (16, 45), (17, 45), (18, 45), (19, 45), (20, 45)]
[(48, 24), (49, 24), (43, 25), (44, 25), (45, 25), (46, 25), (47, 25), (50, 25), (39, 26), (40, 26), (41, 26), (42, 26), (34, 27), (35, 27), (36, 27), (37, 27), (38, 27), (49, 29), (33, 31), (48, 33), (32, 35), (47, 38), (31, 40), (46, 40), (47, 40), (41, 41), (42, 41), (43, 41), (44, 41), (45, 41), (31, 42), (37, 42), (38, 42), (39, 42), (40, 42), (32, 43), (33, 43), (34, 43), (35, 43), (36, 43)]
[(46, 40), (47, 40), (41, 41), (42, 41), (43, 41), (44, 41), (45, 41), (48, 41), (37, 42), (38, 42), (39, 42), (40, 42), (32, 43), (33, 43), (34, 43), (35, 43), (36, 43), (47, 45), (31, 47), (46, 49), (30, 51), (45, 54), (29, 56), (44, 56), (45, 56), (39, 57), (40, 57), (41, 57), (42, 57), (43, 57), (29, 58), (35, 58), (36, 58), (37, 58), (38, 58), (30, 59), (31, 59), (32, 59), (33, 59), (34, 59)]
[(62, 38), (63, 38), (57, 39), (58, 39), (59, 39), (60, 39), (61, 39), (64, 39), (53, 40), (54, 40), (55, 40), (56, 40), (48, 41), (49, 41), (50, 41), (51, 41), (52, 41), (63, 43), (47, 45), (62, 47), (46, 49), (61, 52), (45, 54), (60, 54), (61, 54), (55, 55), (56, 55), (57, 55), (58, 55), (59, 55), (45, 56), (51, 56), (52, 56), (53, 56), (54, 56), (46, 57), (47, 57), (48, 57), (49, 57), (50, 57)]
[(60, 54), (61, 54), (55, 55), (56, 55), (57, 55), (58, 55), (59, 55), (62, 55), (51, 56), (52, 56), (53, 56), (54, 56), (46, 57), (47, 57), (48, 57), (49, 57), (50, 57), (61, 59), (45, 61), (60, 63), (44, 65), (59, 68), (43, 70), (58, 70), (59, 70), (53, 71), (54, 71), (55, 71), (56, 71), (57, 71), (43, 72), (49, 72), (50, 72), (51, 72), (52, 72), (44, 73), (45, 73), (46, 73), (47, 73), (48, 73)]
[(76, 52), (77, 52), (71, 53), (72, 53), (73, 53), (74, 53), (75, 53), (78, 53), (67, 54), (68, 54), (69, 54), (70, 54), (62, 55), (63, 55), (64, 55), (65, 55), (66, 55), (77, 57), (61, 59), (76, 61), (60, 63), (75, 66), (59, 68), (74, 68), (75, 68), (69, 69), (70, 69), (71, 69), (72, 69), (73, 69), (59, 70), (65, 70), (66, 70), (67, 70), (68, 70), (60, 71), (61, 71), (62, 71), (63, 71), (64, 71)]
[(74, 68), (75, 68), (69, 69), (70, 69), (71, 69), (72, 69), (73, 69), (76, 69), (65, 70), (66, 70), (67, 70), (68, 70), (60, 71), (61, 71), (62, 71), (63, 71), (64, 71), (75, 73), (59, 75), (74, 77), (58, 79), (73, 82), (57, 84), (72, 84), (73, 84), (67, 85), (68, 85), (69, 85), (70, 85), (71, 85), (57, 86), (63, 86), (64, 86), (65, 86), (66, 86), (58, 87), (59, 87), (60, 87), (61, 87), (62, 87)]
[(90, 66), (91, 66), (85, 67), (86, 67), (87, 67), (88, 67), (89, 67), (92, 67), (81, 68), (82, 68), (83, 68), (84, 68), (76, 69), (77, 69), (78, 69), (79, 69), (80, 69), (91, 71), (75, 73), (90, 75), (74, 77), (89, 80), (73, 82), (88, 82), (89, 82), (83, 83), (84, 83), (85, 83), (86, 83), (87, 83), (73, 84), (79, 84), (80, 84), (81, 84), (82, 84), (74, 85), (75, 85), (76, 85), (77, 85), (78, 85)]
[(88, 82), (89, 82), (83, 83), (84, 83), (85, 83), (86, 83), (87, 83), (90, 83), (79, 84), (80, 84), (81, 84), (82, 84), (74, 85), (75, 85), (76, 85), (77, 85), (78, 85), (89, 87), (73, 89), (88, 91), (72, 93), (87, 96), (71, 98), (86, 98), (87, 98), (81, 99), (82, 99), (83, 99), (84, 99), (85, 99), (71, 100), (77, 100), (78, 100), (79, 100), (80, 100), (72, 101), (73, 101), (74, 101), (75, 101), (76, 101)]
[(104, 80), (105, 80), (99, 81), (100, 81), (101, 81), (102, 81), (103, 81), (106, 81), (95, 82), (96, 82), (97, 82), (98, 82), (90, 83), (91, 83), (92, 83), (93, 83), (94, 83), (105, 85), (89, 87), (104, 89), (88, 91), (103, 94), (87, 96), (102, 96), (103, 96), (97, 97), (98, 97), (99, 97), (100, 97), (101, 97), (87, 98), (93, 98), (94, 98), (95, 98), (96, 98), (88, 99), (89, 99), (90, 99), (91, 99), (92, 99)]
[(102, 96), (103, 96), (97, 97), (98, 97), (99, 97), (100, 97), (101, 97), (104, 97), (93, 98), (94, 98), (95, 98), (96, 98), (88, 99), (89, 99), (90, 99), (91, 99), (92, 99), (103, 101), (87, 103), (102, 105), (86, 107), (101, 110), (85, 112), (100, 112), (101, 112), (95, 113), (96, 113), (97, 113), (98, 113), (99, 113), (85, 114), (91, 114), (92, 114), (93, 114), (94, 114)]
[(113, 95), (114, 95), (109, 96), (110, 96), (111, 96), (112, 96), (104, 97), (105, 97), (106, 97), (107, 97), (108, 97), (103, 101), (102, 105), (101, 110), (111, 111), (112, 111), (113, 111), (114, 111), (101, 112), (107, 112), (108, 112), (109, 112), (110, 112), (102, 113), (103, 113), (104, 113), (105, 113), (106, 113)]
[(30, 42), (31, 42), (25, 43), (26, 43), (27, 43), (28, 43), (29, 43), (32, 43), (21, 44), (22, 44), (23, 44), (24, 44), (16, 45), (17, 45), (18, 45), (19, 45), (20, 45), (31, 47), (15, 49), (30, 51), (14, 53), (29, 56), (13, 58), (28, 58), (29, 58), (23, 59), (24, 59), (25, 59), (26, 59), (27, 59), (13, 60), (19, 60), (20, 60), (21, 60), (22, 60), (14, 61), (15, 61), (16, 61), (17, 61), (18, 61)]
[(28, 58), (29, 58), (23, 59), (24, 59), (25, 59), (26, 59), (27, 59), (30, 59), (19, 60), (20, 60), (21, 60), (22, 60), (14, 61), (15, 61), (16, 61), (17, 61), (18, 61), (29, 63), (13, 65), (28, 67), (12, 69), (27, 72), (11, 74), (26, 74), (27, 74), (21, 75), (22, 75), (23, 75), (24, 75), (25, 75), (11, 76), (17, 76), (18, 76), (19, 76), (20, 76), (12, 77), (13, 77), (14, 77), (15, 77), (16, 77)]
[(44, 56), (45, 56), (39, 57), (40, 57), (41, 57), (42, 57), (43, 57), (46, 57), (35, 58), (36, 58), (37, 58), (38, 58), (30, 59), (31, 59), (32, 59), (33, 59), (34, 59), (45, 61), (29, 63), (44, 65), (28, 67), (43, 70), (27, 72), (42, 72), (43, 72), (37, 73), (38, 73), (39, 73), (40, 73), (41, 73), (27, 74), (33, 74), (34, 74), (35, 74), (36, 74), (28, 75), (29, 75), (30, 75), (31, 75), (32, 75)]
[(42, 72), (43, 72), (37, 73), (38, 73), (39, 73), (40, 73), (41, 73), (44, 73), (33, 74), (34, 74), (35, 74), (36, 74), (28, 75), (29, 75), (30, 75), (31, 75), (32, 75), (43, 77), (27, 79), (42, 81), (26, 83), (41, 86), (25, 88), (40, 88), (41, 88), (35, 89), (36, 89), (37, 89), (38, 89), (39, 89), (25, 90), (31, 90), (32, 90), (33, 90), (34, 90), (26, 91), (27, 91), (28, 91), (29, 91), (30, 91)]
[(58, 70), (59, 70), (53, 71), (54, 71), (55, 71), (56, 71), (57, 71), (60, 71), (49, 72), (50, 72), (51, 72), (52, 72), (44, 73), (45, 73), (46, 73), (47, 73), (48, 73), (59, 75), (43, 77), (58, 79), (42, 81), (57, 84), (41, 86), (56, 86), (57, 86), (51, 87), (52, 87), (53, 87), (54, 87), (55, 87), (41, 88), (47, 88), (48, 88), (49, 88), (50, 88), (42, 89), (43, 89), (44, 89), (45, 89), (46, 89)]
[(56, 86), (57, 86), (51, 87), (52, 87), (53, 87), (54, 87), (55, 87), (58, 87), (47, 88), (48, 88), (49, 88), (50, 88), (42, 89), (43, 89), (44, 89), (45, 89), (46, 89), (57, 91), (41, 93), (56, 95), (40, 97), (55, 100), (39, 102), (54, 102), (55, 102), (49, 103), (50, 103), (51, 103), (52, 103), (53, 103), (39, 104), (45, 104), (46, 104), (47, 104), (48, 104), (40, 105), (41, 105), (42, 105), (43, 105), (44, 105)]
[(72, 84), (73, 84), (67, 85), (68, 85), (69, 85), (70, 85), (71, 85), (74, 85), (63, 86), (64, 86), (65, 86), (66, 86), (58, 87), (59, 87), (60, 87), (61, 87), (62, 87), (73, 89), (57, 91), (72, 93), (56, 95), (71, 98), (55, 100), (70, 100), (71, 100), (65, 101), (66, 101), (67, 101), (68, 101), (69, 101), (55, 102), (61, 102), (62, 102), (63, 102), (64, 102), (56, 103), (57, 103), (58, 103), (59, 103), (60, 103)]
[(70, 100), (71, 100), (65, 101), (66, 101), (67, 101), (68, 101), (69, 101), (72, 101), (61, 102), (62, 102), (63, 102), (64, 102), (56, 103), (57, 103), (58, 103), (59, 103), (60, 103), (71, 105), (55, 107), (70, 109), (54, 111), (69, 114)]
[(86, 98), (87, 98), (81, 99), (82, 99), (83, 99), (84, 99), (85, 99), (88, 99), (77, 100), (78, 100), (79, 100), (80, 100), (72, 101), (73, 101), (74, 101), (75, 101), (76, 101), (87, 103), (71, 105), (86, 107), (70, 109), (85, 112), (69, 114), (84, 114), (85, 114)]
[(84, 114), (85, 114)]
[(100, 112), (101, 112), (95, 113), (96, 113), (97, 113), (98, 113), (99, 113), (102, 113), (91, 114), (92, 114), (93, 114), (94, 114)]
[(26, 74), (27, 74), (21, 75), (22, 75), (23, 75), (24, 75), (25, 75), (28, 75), (17, 76), (18, 76), (19, 76), (20, 76), (12, 77), (13, 77), (14, 77), (15, 77), (16, 77), (27, 79), (11, 81), (26, 83), (10, 85), (25, 88), (9, 90), (24, 90), (25, 90), (19, 91), (20, 91), (21, 91), (22, 91), (23, 91), (9, 92), (15, 92), (16, 92), (17, 92), (18, 92), (10, 93), (11, 93), (12, 93), (13, 93), (14, 93)]
[(24, 90), (25, 90), (19, 91), (20, 91), (21, 91), (22, 91), (23, 91), (26, 91), (15, 92), (16, 92), (17, 92), (18, 92), (10, 93), (11, 93), (12, 93), (13, 93), (14, 93), (25, 95), (9, 97), (24, 99), (8, 101), (23, 104), (7, 106), (22, 106), (23, 106), (17, 107), (18, 107), (19, 107), (20, 107), (21, 107), (7, 108), (13, 108), (14, 108), (15, 108), (16, 108), (8, 109), (9, 109), (10, 109), (11, 109), (12, 109)]
[(40, 88), (41, 88), (35, 89), (36, 89), (37, 89), (38, 89), (39, 89), (42, 89), (31, 90), (32, 90), (33, 90), (34, 90), (26, 91), (27, 91), (28, 91), (29, 91), (30, 91), (41, 93), (25, 95), (40, 97), (24, 99), (39, 102), (23, 104), (38, 104), (39, 104), (33, 105), (34, 105), (35, 105), (36, 105), (37, 105), (23, 106), (29, 106), (30, 106), (31, 106), (32, 106), (24, 107), (25, 107), (26, 107), (27, 107), (28, 107)]
[(38, 104), (39, 104), (33, 105), (34, 105), (35, 105), (36, 105), (37, 105), (40, 105), (29, 106), (30, 106), (31, 106), (32, 106), (24, 107), (25, 107), (26, 107), (27, 107), (28, 107), (39, 109), (23, 111), (38, 113)]
[(54, 102), (55, 102), (49, 103), (50, 103), (51, 103), (52, 103), (53, 103), (56, 103), (45, 104), (46, 104), (47, 104), (48, 104), (40, 105), (41, 105), (42, 105), (43, 105), (44, 105), (55, 107), (39, 109), (54, 111), (38, 113)]
[(22, 106), (23, 106), (17, 107), (18, 107), (19, 107), (20, 107), (21, 107), (24, 107), (13, 108), (14, 108), (15, 108), (16, 108), (8, 109), (9, 109), (10, 109), (11, 109), (12, 109), (23, 111), (7, 113)]
