[(102, 4), (100, 5), (101, 5), (103, 5), (98, 6), (99, 6), (104, 6), (96, 7), (97, 7), (93, 8), (94, 8), (95, 8), (103, 8), (91, 9), (92, 9), (89, 10), (90, 10), (102, 10), (87, 11), (88, 11), (84, 12), (85, 12), (86, 12), (101, 12), (83, 14), (100, 14), (82, 16), (99, 17), (81, 18), (98, 19), (80, 20), (97, 21), (79, 23), (96, 23), (96, 24), (78, 25), (94, 25), (95, 25), (92, 26), (93, 26), (77, 27), (90, 27), (91, 27), (87, 28), (88, 28), (89, 28), (76, 29), (85, 29), (86, 29), (76, 30), (83, 30), (84, 30), (77, 31), (81, 31), (82, 31), (78, 32), (79, 32), (80, 32)]
[(113, 2), (114, 2), (111, 3), (112, 3), (109, 4), (110, 4), (107, 5), (108, 5), (104, 6), (105, 6), (106, 6), (103, 8), (102, 10), (101, 12), (100, 14), (99, 17), (98, 19), (114, 19), (112, 20), (113, 20), (97, 21), (110, 21), (111, 21), (107, 22), (108, 22), (109, 22), (96, 23), (105, 23), (106, 23), (96, 24), (103, 24), (104, 24), (97, 25), (101, 25), (102, 25), (98, 26), (99, 26), (100, 26)]
[(114, 19), (112, 20), (113, 20), (110, 21), (111, 21), (107, 22), (108, 22), (109, 22), (105, 23), (106, 23), (103, 24), (104, 24), (101, 25), (102, 25), (98, 26), (99, 26), (100, 26), (97, 28), (114, 28), (96, 30), (113, 31), (95, 32), (112, 33), (94, 34), (111, 35), (93, 37), (110, 37), (110, 38), (92, 39), (108, 39), (109, 39), (106, 40), (107, 40), (91, 41), (104, 41), (105, 41), (101, 42), (102, 42), (103, 42), (90, 43), (99, 43), (100, 43), (90, 44), (97, 44), (98, 44), (91, 45), (95, 45), (96, 45), (92, 46), (93, 46), (94, 46)]
[(114, 28), (113, 31), (112, 33), (111, 35), (110, 37), (110, 38), (111, 39), (112, 40), (113, 40), (114, 40)]
[(112, 40), (113, 40), (114, 40), (111, 42), (110, 44), (109, 46), (108, 48), (107, 51), (106, 53), (105, 55), (104, 57), (113, 57), (114, 57), (104, 58), (111, 58), (112, 58), (105, 59), (109, 59), (110, 59), (106, 60), (107, 60), (108, 60)]
[(62, 16), (60, 17), (61, 17), (63, 17), (58, 18), (59, 18), (64, 18), (56, 19), (57, 19), (53, 20), (54, 20), (55, 20), (63, 20), (51, 21), (52, 21), (49, 22), (50, 22), (62, 22), (47, 23), (48, 23), (44, 24), (45, 24), (46, 24), (61, 24), (43, 26), (60, 26), (42, 28), (59, 29), (41, 30), (58, 31), (40, 32), (57, 33), (39, 35), (56, 35), (56, 36), (38, 37), (54, 37), (55, 37), (52, 38), (53, 38), (37, 39), (50, 39), (51, 39), (47, 40), (48, 40), (49, 40), (36, 41), (45, 41), (46, 41), (36, 42), (43, 42), (44, 42), (37, 43), (41, 43), (42, 43), (38, 44), (39, 44), (40, 44)]
[(82, 10), (80, 11), (81, 11), (83, 11), (78, 12), (79, 12), (84, 12), (76, 13), (77, 13), (73, 14), (74, 14), (75, 14), (83, 14), (71, 15), (72, 15), (69, 16), (70, 16), (82, 16), (67, 17), (68, 17), (64, 18), (65, 18), (66, 18), (81, 18), (63, 20), (80, 20), (62, 22), (79, 23), (61, 24), (78, 25), (60, 26), (77, 27), (59, 29), (76, 29), (76, 30), (58, 31), (74, 31), (75, 31), (72, 32), (73, 32), (57, 33), (70, 33), (71, 33), (67, 34), (68, 34), (69, 34), (56, 35), (65, 35), (66, 35), (56, 36), (63, 36), (64, 36), (57, 37), (61, 37), (62, 37), (58, 38), (59, 38), (60, 38)]
[(76, 30), (74, 31), (75, 31), (77, 31), (72, 32), (73, 32), (78, 32), (70, 33), (71, 33), (67, 34), (68, 34), (69, 34), (77, 34), (65, 35), (66, 35), (63, 36), (64, 36), (76, 36), (61, 37), (62, 37), (58, 38), (59, 38), (60, 38), (75, 38), (57, 40), (74, 40), (56, 42), (73, 43), (55, 44), (72, 45), (54, 46), (71, 47), (53, 49), (70, 49), (70, 50), (52, 51), (68, 51), (69, 51), (66, 52), (67, 52), (51, 53), (64, 53), (65, 53), (61, 54), (62, 54), (63, 54), (50, 55), (59, 55), (60, 55), (50, 56), (57, 56), (58, 56), (51, 57), (55, 57), (56, 57), (52, 58), (53, 58), (54, 58)]
[(96, 24), (94, 25), (95, 25), (97, 25), (92, 26), (93, 26), (98, 26), (90, 27), (91, 27), (87, 28), (88, 28), (89, 28), (97, 28), (85, 29), (86, 29), (83, 30), (84, 30), (96, 30), (81, 31), (82, 31), (78, 32), (79, 32), (80, 32), (95, 32), (77, 34), (94, 34), (76, 36), (93, 37), (75, 38), (92, 39), (74, 40), (91, 41), (73, 43), (90, 43), (90, 44), (72, 45), (88, 45), (89, 45), (86, 46), (87, 46), (71, 47), (84, 47), (85, 47), (81, 48), (82, 48), (83, 48), (70, 49), (79, 49), (80, 49), (70, 50), (77, 50), (78, 50), (71, 51), (75, 51), (76, 51), (72, 52), (73, 52), (74, 52)]
[(90, 44), (88, 45), (89, 45), (91, 45), (86, 46), (87, 46), (92, 46), (84, 47), (85, 47), (81, 48), (82, 48), (83, 48), (91, 48), (79, 49), (80, 49), (77, 50), (78, 50), (90, 50), (75, 51), (76, 51), (72, 52), (73, 52), (74, 52), (89, 52), (71, 54), (88, 54), (70, 56), (87, 57), (69, 58), (86, 59), (68, 60), (85, 61), (67, 63), (84, 63), (84, 64), (66, 65), (82, 65), (83, 65), (80, 66), (81, 66), (65, 67), (78, 67), (79, 67), (75, 68), (76, 68), (77, 68), (64, 69), (73, 69), (74, 69), (64, 70), (71, 70), (72, 70), (65, 71), (69, 71), (70, 71), (66, 72), (67, 72), (68, 72)]
[(110, 38), (108, 39), (109, 39), (111, 39), (106, 40), (107, 40), (112, 40), (104, 41), (105, 41), (101, 42), (102, 42), (103, 42), (111, 42), (99, 43), (100, 43), (97, 44), (98, 44), (110, 44), (95, 45), (96, 45), (92, 46), (93, 46), (94, 46), (109, 46), (91, 48), (108, 48), (90, 50), (107, 51), (89, 52), (106, 53), (88, 54), (105, 55), (87, 57), (104, 57), (104, 58), (86, 59), (102, 59), (103, 59), (100, 60), (101, 60), (85, 61), (98, 61), (99, 61), (95, 62), (96, 62), (97, 62), (84, 63), (93, 63), (94, 63), (84, 64), (91, 64), (92, 64), (85, 65), (89, 65), (90, 65), (86, 66), (87, 66), (88, 66)]
[(104, 58), (102, 59), (103, 59), (105, 59), (100, 60), (101, 60), (106, 60), (98, 61), (99, 61), (95, 62), (96, 62), (97, 62), (105, 62), (93, 63), (94, 63), (91, 64), (92, 64), (104, 64), (89, 65), (90, 65), (86, 66), (87, 66), (88, 66), (103, 66), (85, 68), (102, 68), (84, 70), (101, 71), (83, 72), (100, 73), (82, 74), (99, 75), (81, 77), (98, 77), (98, 78), (80, 79), (96, 79), (97, 79), (94, 80), (95, 80), (79, 81), (92, 81), (93, 81), (89, 82), (90, 82), (91, 82), (78, 83), (87, 83), (88, 83), (78, 84), (85, 84), (86, 84), (79, 85), (83, 85), (84, 85), (80, 86), (81, 86), (82, 86)]
[(113, 57), (114, 57), (111, 58), (112, 58), (109, 59), (110, 59), (106, 60), (107, 60), (108, 60), (105, 62), (104, 64), (103, 66), (102, 68), (101, 71), (100, 73), (114, 74), (99, 75), (112, 75), (113, 75), (109, 76), (110, 76), (111, 76), (98, 77), (107, 77), (108, 77), (98, 78), (105, 78), (106, 78), (99, 79), (103, 79), (104, 79), (100, 80), (101, 80), (102, 80)]
[(114, 74), (112, 75), (113, 75), (109, 76), (110, 76), (111, 76), (107, 77), (108, 77), (105, 78), (106, 78), (103, 79), (104, 79), (100, 80), (101, 80), (102, 80), (99, 82), (98, 84), (97, 86), (114, 87), (96, 88), (113, 89), (95, 91), (112, 91), (112, 92), (94, 93), (110, 93), (111, 93), (108, 94), (109, 94), (93, 95), (106, 95), (107, 95), (103, 96), (104, 96), (105, 96), (92, 97), (101, 97), (102, 97), (92, 98), (99, 98), (100, 98), (93, 99), (97, 99), (98, 99), (94, 100), (95, 100), (96, 100)]
[(114, 87), (113, 89), (112, 91), (112, 92), (113, 93), (114, 94)]
[(36, 42), (34, 43), (35, 43), (37, 43), (32, 44), (33, 44), (38, 44), (30, 45), (31, 45), (27, 46), (28, 46), (29, 46), (37, 46), (25, 47), (26, 47), (23, 48), (24, 48), (36, 48), (21, 49), (22, 49), (18, 50), (19, 50), (20, 50), (35, 50), (17, 52), (34, 52), (16, 54), (33, 55), (15, 56), (32, 57), (14, 58), (31, 59), (13, 61), (30, 61), (30, 62), (12, 63), (28, 63), (29, 63), (26, 64), (27, 64), (11, 65), (24, 65), (25, 65), (21, 66), (22, 66), (23, 66), (10, 67), (19, 67), (20, 67), (10, 68), (17, 68), (18, 68), (11, 69), (15, 69), (16, 69), (12, 70), (13, 70), (14, 70)]
[(56, 36), (54, 37), (55, 37), (57, 37), (52, 38), (53, 38), (58, 38), (50, 39), (51, 39), (47, 40), (48, 40), (49, 40), (57, 40), (45, 41), (46, 41), (43, 42), (44, 42), (56, 42), (41, 43), (42, 43), (38, 44), (39, 44), (40, 44), (55, 44), (37, 46), (54, 46), (36, 48), (53, 49), (35, 50), (52, 51), (34, 52), (51, 53), (33, 55), (50, 55), (50, 56), (32, 57), (48, 57), (49, 57), (46, 58), (47, 58), (31, 59), (44, 59), (45, 59), (41, 60), (42, 60), (43, 60), (30, 61), (39, 61), (40, 61), (30, 62), (37, 62), (38, 62), (31, 63), (35, 63), (36, 63), (32, 64), (33, 64), (34, 64)]
[(50, 56), (48, 57), (49, 57), (51, 57), (46, 58), (47, 58), (52, 58), (44, 59), (45, 59), (41, 60), (42, 60), (43, 60), (51, 60), (39, 61), (40, 61), (37, 62), (38, 62), (50, 62), (35, 63), (36, 63), (32, 64), (33, 64), (34, 64), (49, 64), (31, 66), (48, 66), (30, 68), (47, 69), (29, 70), (46, 71), (28, 72), (45, 73), (27, 75), (44, 75), (44, 76), (26, 77), (42, 77), (43, 77), (40, 78), (41, 78), (25, 79), (38, 79), (39, 79), (35, 80), (36, 80), (37, 80), (24, 81), (33, 81), (34, 81), (24, 82), (31, 82), (32, 82), (25, 83), (29, 83), (30, 83), (26, 84), (27, 84), (28, 84)]
[(70, 50), (68, 51), (69, 51), (71, 51), (66, 52), (67, 52), (72, 52), (64, 53), (65, 53), (61, 54), (62, 54), (63, 54), (71, 54), (59, 55), (60, 55), (57, 56), (58, 56), (70, 56), (55, 57), (56, 57), (52, 58), (53, 58), (54, 58), (69, 58), (51, 60), (68, 60), (50, 62), (67, 63), (49, 64), (66, 65), (48, 66), (65, 67), (47, 69), (64, 69), (64, 70), (46, 71), (62, 71), (63, 71), (60, 72), (61, 72), (45, 73), (58, 73), (59, 73), (55, 74), (56, 74), (57, 74), (44, 75), (53, 75), (54, 75), (44, 76), (51, 76), (52, 76), (45, 77), (49, 77), (50, 77), (46, 78), (47, 78), (48, 78)]
[(64, 70), (62, 71), (63, 71), (65, 71), (60, 72), (61, 72), (66, 72), (58, 73), (59, 73), (55, 74), (56, 74), (57, 74), (65, 74), (53, 75), (54, 75), (51, 76), (52, 76), (64, 76), (49, 77), (50, 77), (46, 78), (47, 78), (48, 78), (63, 78), (45, 80), (62, 80), (44, 82), (61, 83), (43, 84), (60, 85), (42, 86), (59, 87), (41, 89), (58, 89), (58, 90), (40, 91), (56, 91), (57, 91), (54, 92), (55, 92), (39, 93), (52, 93), (53, 93), (49, 94), (50, 94), (51, 94), (38, 95), (47, 95), (48, 95), (38, 96), (45, 96), (46, 96), (39, 97), (43, 97), (44, 97), (40, 98), (41, 98), (42, 98)]
[(84, 64), (82, 65), (83, 65), (85, 65), (80, 66), (81, 66), (86, 66), (78, 67), (79, 67), (75, 68), (76, 68), (77, 68), (85, 68), (73, 69), (74, 69), (71, 70), (72, 70), (84, 70), (69, 71), (70, 71), (66, 72), (67, 72), (68, 72), (83, 72), (65, 74), (82, 74), (64, 76), (81, 77), (63, 78), (80, 79), (62, 80), (79, 81), (61, 83), (78, 83), (78, 84), (60, 85), (76, 85), (77, 85), (74, 86), (75, 86), (59, 87), (72, 87), (73, 87), (69, 88), (70, 88), (71, 88), (58, 89), (67, 89), (68, 89), (58, 90), (65, 90), (66, 90), (59, 91), (63, 91), (64, 91), (60, 92), (61, 92), (62, 92)]
[(78, 84), (76, 85), (77, 85), (79, 85), (74, 86), (75, 86), (80, 86), (72, 87), (73, 87), (69, 88), (70, 88), (71, 88), (79, 88), (67, 89), (68, 89), (65, 90), (66, 90), (78, 90), (63, 91), (64, 91), (60, 92), (61, 92), (62, 92), (77, 92), (59, 94), (76, 94), (58, 96), (75, 97), (57, 98), (74, 99), (56, 100), (73, 101), (55, 103), (72, 103), (72, 104), (54, 105), (70, 105), (71, 105), (68, 106), (69, 106), (53, 107), (66, 107), (67, 107), (63, 108), (64, 108), (65, 108), (52, 109), (61, 109), (62, 109), (52, 110), (59, 110), (60, 110), (53, 111), (57, 111), (58, 111), (54, 112), (55, 112), (56, 112)]
[(98, 78), (96, 79), (97, 79), (99, 79), (94, 80), (95, 80), (100, 80), (92, 81), (93, 81), (89, 82), (90, 82), (91, 82), (99, 82), (87, 83), (88, 83), (85, 84), (86, 84), (98, 84), (83, 85), (84, 85), (80, 86), (81, 86), (82, 86), (97, 86), (79, 88), (96, 88), (78, 90), (95, 91), (77, 92), (94, 93), (76, 94), (93, 95), (75, 97), (92, 97), (92, 98), (74, 99), (90, 99), (91, 99), (88, 100), (89, 100), (73, 101), (86, 101), (87, 101), (83, 102), (84, 102), (85, 102), (72, 103), (81, 103), (82, 103), (72, 104), (79, 104), (80, 104), (73, 105), (77, 105), (78, 105), (74, 106), (75, 106), (76, 106)]
[(92, 98), (90, 99), (91, 99), (93, 99), (88, 100), (89, 100), (94, 100), (86, 101), (87, 101), (83, 102), (84, 102), (85, 102), (93, 102), (81, 103), (82, 103), (79, 104), (80, 104), (92, 104), (77, 105), (78, 105), (74, 106), (75, 106), (76, 106), (91, 106), (73, 108), (90, 108), (72, 110), (89, 111), (71, 112), (88, 113), (70, 114)]
[(112, 92), (110, 93), (111, 93), (113, 93), (108, 94), (109, 94), (114, 94), (106, 95), (107, 95), (103, 96), (104, 96), (105, 96), (113, 96), (101, 97), (102, 97), (99, 98), (100, 98), (112, 98), (97, 99), (98, 99), (94, 100), (95, 100), (96, 100), (111, 100), (93, 102), (110, 102), (92, 104), (109, 105), (91, 106), (108, 107), (90, 108), (107, 109), (89, 111), (106, 111), (106, 112), (88, 113), (104, 113), (105, 113), (102, 114), (103, 114)]
[(30, 62), (28, 63), (29, 63), (31, 63), (26, 64), (27, 64), (32, 64), (24, 65), (25, 65), (21, 66), (22, 66), (23, 66), (31, 66), (19, 67), (20, 67), (17, 68), (18, 68), (30, 68), (15, 69), (16, 69), (12, 70), (13, 70), (14, 70), (29, 70), (11, 72), (28, 72), (10, 74), (27, 75), (9, 76), (26, 77), (8, 78), (25, 79), (7, 81), (24, 81), (24, 82), (6, 83), (22, 83), (23, 83), (20, 84), (21, 84), (5, 85), (18, 85), (19, 85), (15, 86), (16, 86), (17, 86), (4, 87), (13, 87), (14, 87), (4, 88), (11, 88), (12, 88), (5, 89), (9, 89), (10, 89), (6, 90), (7, 90), (8, 90)]
[(24, 82), (22, 83), (23, 83), (25, 83), (20, 84), (21, 84), (26, 84), (18, 85), (19, 85), (15, 86), (16, 86), (17, 86), (25, 86), (13, 87), (14, 87), (11, 88), (12, 88), (24, 88), (9, 89), (10, 89), (6, 90), (7, 90), (8, 90), (23, 90), (5, 92), (22, 92), (4, 94), (21, 95), (3, 96), (20, 97), (2, 98), (19, 99), (1, 101), (18, 101), (18, 102), (0, 103), (16, 103), (17, 103), (14, 104), (15, 104), (12, 105), (13, 105), (9, 106), (10, 106), (11, 106), (7, 107), (8, 107), (5, 108), (6, 108), (3, 109), (4, 109), (0, 110), (1, 110), (2, 110)]
[(44, 76), (42, 77), (43, 77), (45, 77), (40, 78), (41, 78), (46, 78), (38, 79), (39, 79), (35, 80), (36, 80), (37, 80), (45, 80), (33, 81), (34, 81), (31, 82), (32, 82), (44, 82), (29, 83), (30, 83), (26, 84), (27, 84), (28, 84), (43, 84), (25, 86), (42, 86), (24, 88), (41, 89), (23, 90), (40, 91), (22, 92), (39, 93), (21, 95), (38, 95), (38, 96), (20, 97), (36, 97), (37, 97), (34, 98), (35, 98), (19, 99), (32, 99), (33, 99), (29, 100), (30, 100), (31, 100), (18, 101), (27, 101), (28, 101), (18, 102), (25, 102), (26, 102), (19, 103), (23, 103), (24, 103), (20, 104), (21, 104), (22, 104)]
[(38, 96), (36, 97), (37, 97), (39, 97), (34, 98), (35, 98), (40, 98), (32, 99), (33, 99), (29, 100), (30, 100), (31, 100), (39, 100), (27, 101), (28, 101), (25, 102), (26, 102), (38, 102), (23, 103), (24, 103), (20, 104), (21, 104), (22, 104), (37, 104), (19, 106), (36, 106), (18, 108), (35, 109), (17, 110), (34, 111), (16, 112), (33, 113)]
[(58, 90), (56, 91), (57, 91), (59, 91), (54, 92), (55, 92), (60, 92), (52, 93), (53, 93), (49, 94), (50, 94), (51, 94), (59, 94), (47, 95), (48, 95), (45, 96), (46, 96), (58, 96), (43, 97), (44, 97), (40, 98), (41, 98), (42, 98), (57, 98), (39, 100), (56, 100), (38, 102), (55, 103), (37, 104), (54, 105), (36, 106), (53, 107), (35, 109), (52, 109), (52, 110), (34, 111), (50, 111), (51, 111), (48, 112), (49, 112), (33, 113), (46, 113), (47, 113), (43, 114), (44, 114), (45, 114)]
[(52, 110), (50, 111), (51, 111), (53, 111), (48, 112), (49, 112), (54, 112), (46, 113), (47, 113), (43, 114), (44, 114), (45, 114), (53, 114)]
[(72, 104), (70, 105), (71, 105), (73, 105), (68, 106), (69, 106), (74, 106), (66, 107), (67, 107), (63, 108), (64, 108), (65, 108), (73, 108), (61, 109), (62, 109), (59, 110), (60, 110), (72, 110), (57, 111), (58, 111), (54, 112), (55, 112), (56, 112), (71, 112), (53, 114), (70, 114)]
[(18, 102), (16, 103), (17, 103), (19, 103), (14, 104), (15, 104), (20, 104), (12, 105), (13, 105), (9, 106), (10, 106), (11, 106), (19, 106), (7, 107), (8, 107), (5, 108), (6, 108), (18, 108), (3, 109), (4, 109), (0, 110), (1, 110), (2, 110), (17, 110), (16, 112)]
