[(113, 14), (114, 14), (110, 15), (111, 15), (112, 15), (107, 16), (108, 16), (109, 16), (105, 17), (106, 17), (102, 18), (103, 18), (104, 18), (99, 19), (100, 19), (101, 19), (98, 21), (97, 24), (96, 27), (95, 29), (94, 32), (94, 34), (95, 35), (114, 35), (96, 36), (111, 36), (112, 36), (113, 36), (97, 37), (108, 37), (109, 37), (110, 37), (98, 38), (106, 38), (107, 38), (99, 39), (103, 39), (104, 39), (105, 39), (100, 40), (101, 40), (102, 40)]
[(71, 12), (72, 12), (68, 13), (69, 13), (70, 13), (73, 13), (65, 14), (66, 14), (67, 14), (74, 14), (63, 15), (64, 15), (75, 15), (60, 16), (61, 16), (62, 16), (76, 16), (57, 17), (58, 17), (59, 17), (77, 17), (78, 18), (56, 19), (77, 20), (55, 22), (76, 23), (54, 25), (75, 26), (53, 27), (74, 28), (52, 30), (73, 31), (52, 32), (53, 33), (72, 33), (73, 33), (54, 34), (69, 34), (70, 34), (71, 34), (55, 35), (66, 35), (67, 35), (68, 35), (56, 36), (64, 36), (65, 36), (57, 37), (61, 37), (62, 37), (63, 37), (58, 38), (59, 38), (60, 38)]
[(92, 13), (93, 13), (89, 14), (90, 14), (91, 14), (94, 14), (86, 15), (87, 15), (88, 15), (95, 15), (84, 16), (85, 16), (96, 16), (81, 17), (82, 17), (83, 17), (97, 17), (78, 18), (79, 18), (80, 18), (98, 18), (99, 19), (77, 20), (98, 21), (76, 23), (97, 24), (75, 26), (96, 27), (74, 28), (95, 29), (73, 31), (94, 32), (73, 33), (74, 34), (93, 34), (94, 34), (75, 35), (90, 35), (91, 35), (92, 35), (76, 36), (87, 36), (88, 36), (89, 36), (77, 37), (85, 37), (86, 37), (78, 38), (82, 38), (83, 38), (84, 38), (79, 39), (80, 39), (81, 39)]
[(93, 34), (94, 34), (90, 35), (91, 35), (92, 35), (95, 35), (87, 36), (88, 36), (89, 36), (96, 36), (85, 37), (86, 37), (97, 37), (82, 38), (83, 38), (84, 38), (98, 38), (79, 39), (80, 39), (81, 39), (99, 39), (100, 40), (78, 41), (99, 42), (77, 44), (98, 45), (76, 47), (97, 48), (75, 49), (96, 50), (74, 52), (95, 53), (74, 54), (75, 55), (94, 55), (95, 55), (76, 56), (91, 56), (92, 56), (93, 56), (77, 57), (88, 57), (89, 57), (90, 57), (78, 58), (86, 58), (87, 58), (79, 59), (83, 59), (84, 59), (85, 59), (80, 60), (81, 60), (82, 60)]
[(114, 35), (111, 36), (112, 36), (113, 36), (108, 37), (109, 37), (110, 37), (106, 38), (107, 38), (103, 39), (104, 39), (105, 39), (100, 40), (101, 40), (102, 40), (99, 42), (98, 45), (97, 48), (96, 50), (95, 53), (95, 55), (96, 56), (97, 57), (112, 57), (113, 57), (114, 57), (98, 58), (109, 58), (110, 58), (111, 58), (99, 59), (107, 59), (108, 59), (100, 60), (104, 60), (105, 60), (106, 60), (101, 61), (102, 61), (103, 61)]
[(112, 57), (113, 57), (114, 57), (109, 58), (110, 58), (111, 58), (107, 59), (108, 59), (104, 60), (105, 60), (106, 60), (101, 61), (102, 61), (103, 61), (100, 63), (99, 66), (98, 69), (97, 71), (96, 74), (96, 76), (97, 77), (98, 78), (113, 78), (114, 78), (99, 79), (110, 79), (111, 79), (112, 79), (100, 80), (108, 80), (109, 80), (101, 81), (105, 81), (106, 81), (107, 81), (102, 82), (103, 82), (104, 82)]
[(51, 32), (52, 32), (48, 33), (49, 33), (50, 33), (53, 33), (45, 34), (46, 34), (47, 34), (54, 34), (43, 35), (44, 35), (55, 35), (40, 36), (41, 36), (42, 36), (56, 36), (37, 37), (38, 37), (39, 37), (57, 37), (58, 38), (36, 39), (57, 40), (35, 42), (56, 43), (34, 45), (55, 46), (33, 47), (54, 48), (32, 50), (53, 51), (32, 52), (33, 53), (52, 53), (53, 53), (34, 54), (49, 54), (50, 54), (51, 54), (35, 55), (46, 55), (47, 55), (48, 55), (36, 56), (44, 56), (45, 56), (37, 57), (41, 57), (42, 57), (43, 57), (38, 58), (39, 58), (40, 58)]
[(72, 33), (73, 33), (69, 34), (70, 34), (71, 34), (74, 34), (66, 35), (67, 35), (68, 35), (75, 35), (64, 36), (65, 36), (76, 36), (61, 37), (62, 37), (63, 37), (77, 37), (58, 38), (59, 38), (60, 38), (78, 38), (79, 39), (57, 40), (78, 41), (56, 43), (77, 44), (55, 46), (76, 47), (54, 48), (75, 49), (53, 51), (74, 52), (53, 53), (54, 54), (73, 54), (74, 54), (55, 55), (70, 55), (71, 55), (72, 55), (56, 56), (67, 56), (68, 56), (69, 56), (57, 57), (65, 57), (66, 57), (58, 58), (62, 58), (63, 58), (64, 58), (59, 59), (60, 59), (61, 59)]
[(73, 54), (74, 54), (70, 55), (71, 55), (72, 55), (75, 55), (67, 56), (68, 56), (69, 56), (76, 56), (65, 57), (66, 57), (77, 57), (62, 58), (63, 58), (64, 58), (78, 58), (59, 59), (60, 59), (61, 59), (79, 59), (80, 60), (58, 61), (79, 62), (57, 64), (78, 65), (56, 67), (77, 68), (55, 69), (76, 70), (54, 72), (75, 73), (54, 74), (55, 75), (74, 75), (75, 75), (56, 76), (71, 76), (72, 76), (73, 76), (57, 77), (68, 77), (69, 77), (70, 77), (58, 78), (66, 78), (67, 78), (59, 79), (63, 79), (64, 79), (65, 79), (60, 80), (61, 80), (62, 80)]
[(94, 55), (95, 55), (91, 56), (92, 56), (93, 56), (96, 56), (88, 57), (89, 57), (90, 57), (97, 57), (86, 58), (87, 58), (98, 58), (83, 59), (84, 59), (85, 59), (99, 59), (80, 60), (81, 60), (82, 60), (100, 60), (101, 61), (79, 62), (100, 63), (78, 65), (99, 66), (77, 68), (98, 69), (76, 70), (97, 71), (75, 73), (96, 74), (75, 75), (76, 76), (95, 76), (96, 76), (77, 77), (92, 77), (93, 77), (94, 77), (78, 78), (89, 78), (90, 78), (91, 78), (79, 79), (87, 79), (88, 79), (80, 80), (84, 80), (85, 80), (86, 80), (81, 81), (82, 81), (83, 81)]
[(95, 76), (96, 76), (92, 77), (93, 77), (94, 77), (97, 77), (89, 78), (90, 78), (91, 78), (98, 78), (87, 79), (88, 79), (99, 79), (84, 80), (85, 80), (86, 80), (100, 80), (81, 81), (82, 81), (83, 81), (101, 81), (102, 82), (80, 83), (101, 84), (79, 86), (100, 87), (78, 89), (99, 90), (77, 91), (98, 92), (76, 94), (97, 95), (76, 96), (77, 97), (96, 97), (97, 97), (78, 98), (93, 98), (94, 98), (95, 98), (79, 99), (90, 99), (91, 99), (92, 99), (80, 100), (88, 100), (89, 100), (81, 101), (85, 101), (86, 101), (87, 101), (82, 102), (83, 102), (84, 102)]
[(113, 78), (114, 78), (110, 79), (111, 79), (112, 79), (108, 80), (109, 80), (105, 81), (106, 81), (107, 81), (102, 82), (103, 82), (104, 82), (101, 84), (100, 87), (99, 90), (98, 92), (97, 95), (97, 97), (98, 98), (99, 99), (114, 99), (100, 100), (111, 100), (112, 100), (113, 100), (101, 101), (109, 101), (110, 101), (102, 102), (106, 102), (107, 102), (108, 102), (103, 103), (104, 103), (105, 103)]
[(52, 53), (53, 53), (49, 54), (50, 54), (51, 54), (54, 54), (46, 55), (47, 55), (48, 55), (55, 55), (44, 56), (45, 56), (56, 56), (41, 57), (42, 57), (43, 57), (57, 57), (38, 58), (39, 58), (40, 58), (58, 58), (59, 59), (37, 60), (58, 61), (36, 63), (57, 64), (35, 66), (56, 67), (34, 68), (55, 69), (33, 71), (54, 72), (33, 73), (34, 74), (53, 74), (54, 74), (35, 75), (50, 75), (51, 75), (52, 75), (36, 76), (47, 76), (48, 76), (49, 76), (37, 77), (45, 77), (46, 77), (38, 78), (42, 78), (43, 78), (44, 78), (39, 79), (40, 79), (41, 79)]
[(53, 74), (54, 74), (50, 75), (51, 75), (52, 75), (55, 75), (47, 76), (48, 76), (49, 76), (56, 76), (45, 77), (46, 77), (57, 77), (42, 78), (43, 78), (44, 78), (58, 78), (39, 79), (40, 79), (41, 79), (59, 79), (60, 80), (38, 81), (59, 82), (37, 84), (58, 85), (36, 87), (57, 88), (35, 89), (56, 90), (34, 92), (55, 93), (34, 94), (35, 95), (54, 95), (55, 95), (36, 96), (51, 96), (52, 96), (53, 96), (37, 97), (48, 97), (49, 97), (50, 97), (38, 98), (46, 98), (47, 98), (39, 99), (43, 99), (44, 99), (45, 99), (40, 100), (41, 100), (42, 100)]
[(74, 75), (75, 75), (71, 76), (72, 76), (73, 76), (76, 76), (68, 77), (69, 77), (70, 77), (77, 77), (66, 78), (67, 78), (78, 78), (63, 79), (64, 79), (65, 79), (79, 79), (60, 80), (61, 80), (62, 80), (80, 80), (81, 81), (59, 82), (80, 83), (58, 85), (79, 86), (57, 88), (78, 89), (56, 90), (77, 91), (55, 93), (76, 94), (55, 95), (56, 96), (75, 96), (76, 96), (57, 97), (72, 97), (73, 97), (74, 97), (58, 98), (69, 98), (70, 98), (71, 98), (59, 99), (67, 99), (68, 99), (60, 100), (64, 100), (65, 100), (66, 100), (61, 101), (62, 101), (63, 101)]
[(75, 96), (76, 96), (72, 97), (73, 97), (74, 97), (77, 97), (69, 98), (70, 98), (71, 98), (78, 98), (67, 99), (68, 99), (79, 99), (64, 100), (65, 100), (66, 100), (80, 100), (61, 101), (62, 101), (63, 101), (81, 101), (82, 102), (60, 103), (81, 104), (59, 106), (80, 107), (58, 109), (79, 110), (57, 111), (78, 112), (56, 114)]
[(96, 97), (97, 97), (93, 98), (94, 98), (95, 98), (98, 98), (90, 99), (91, 99), (92, 99), (99, 99), (88, 100), (89, 100), (100, 100), (85, 101), (86, 101), (87, 101), (101, 101), (82, 102), (83, 102), (84, 102), (102, 102), (103, 103), (81, 104), (102, 105), (80, 107), (101, 108), (79, 110), (100, 111), (78, 112), (99, 113)]
[(54, 95), (55, 95), (51, 96), (52, 96), (53, 96), (56, 96), (48, 97), (49, 97), (50, 97), (57, 97), (46, 98), (47, 98), (58, 98), (43, 99), (44, 99), (45, 99), (59, 99), (40, 100), (41, 100), (42, 100), (60, 100), (61, 101), (39, 102), (60, 103), (38, 105), (59, 106), (37, 108), (58, 109), (36, 110), (57, 111), (35, 113), (56, 114)]
