[(98, 31), (99, 31), (95, 32), (96, 32), (97, 32), (100, 32), (92, 33), (93, 33), (94, 33), (101, 33), (90, 34), (91, 34), (102, 34), (87, 35), (88, 35), (89, 35), (103, 35), (84, 36), (85, 36), (86, 36), (104, 36), (105, 37), (83, 38), (104, 39), (82, 41), (103, 42), (81, 44), (102, 45), (80, 46), (101, 47), (79, 49), (100, 50), (79, 51), (80, 52), (99, 52), (100, 52), (81, 53), (96, 53), (97, 53), (98, 53), (82, 54), (93, 54), (94, 54), (95, 54), (83, 55), (91, 55), (92, 55), (84, 56), (88, 56), (89, 56), (90, 56), (85, 57), (86, 57), (87, 57)]
[(113, 34), (114, 34), (111, 35), (112, 35), (108, 36), (109, 36), (110, 36), (105, 37), (106, 37), (107, 37), (104, 39), (103, 42), (102, 45), (101, 47), (100, 50), (100, 52), (101, 53), (102, 54), (103, 55), (114, 55), (104, 56), (112, 56), (113, 56), (105, 57), (109, 57), (110, 57), (111, 57), (106, 58), (107, 58), (108, 58)]
[(114, 55), (112, 56), (113, 56), (109, 57), (110, 57), (111, 57), (106, 58), (107, 58), (108, 58), (105, 60), (104, 63), (103, 66), (102, 68), (101, 71), (101, 73), (102, 74), (103, 75), (104, 76), (105, 77), (113, 77), (114, 77), (106, 78), (110, 78), (111, 78), (112, 78), (107, 79), (108, 79), (109, 79)]
[(56, 29), (57, 29), (53, 30), (54, 30), (55, 30), (58, 30), (50, 31), (51, 31), (52, 31), (59, 31), (48, 32), (49, 32), (60, 32), (45, 33), (46, 33), (47, 33), (61, 33), (42, 34), (43, 34), (44, 34), (62, 34), (63, 35), (41, 36), (62, 37), (40, 39), (61, 40), (39, 42), (60, 43), (38, 44), (59, 45), (37, 47), (58, 48), (37, 49), (38, 50), (57, 50), (58, 50), (39, 51), (54, 51), (55, 51), (56, 51), (40, 52), (51, 52), (52, 52), (53, 52), (41, 53), (49, 53), (50, 53), (42, 54), (46, 54), (47, 54), (48, 54), (43, 55), (44, 55), (45, 55)]
[(77, 30), (78, 30), (74, 31), (75, 31), (76, 31), (79, 31), (71, 32), (72, 32), (73, 32), (80, 32), (69, 33), (70, 33), (81, 33), (66, 34), (67, 34), (68, 34), (82, 34), (63, 35), (64, 35), (65, 35), (83, 35), (84, 36), (62, 37), (83, 38), (61, 40), (82, 41), (60, 43), (81, 44), (59, 45), (80, 46), (58, 48), (79, 49), (58, 50), (59, 51), (78, 51), (79, 51), (60, 52), (75, 52), (76, 52), (77, 52), (61, 53), (72, 53), (73, 53), (74, 53), (62, 54), (70, 54), (71, 54), (63, 55), (67, 55), (68, 55), (69, 55), (64, 56), (65, 56), (66, 56)]
[(78, 51), (79, 51), (75, 52), (76, 52), (77, 52), (80, 52), (72, 53), (73, 53), (74, 53), (81, 53), (70, 54), (71, 54), (82, 54), (67, 55), (68, 55), (69, 55), (83, 55), (64, 56), (65, 56), (66, 56), (84, 56), (85, 57), (63, 58), (84, 59), (62, 61), (83, 62), (61, 64), (82, 65), (60, 66), (81, 67), (59, 69), (80, 70), (59, 71), (60, 72), (79, 72), (80, 72), (61, 73), (76, 73), (77, 73), (78, 73), (62, 74), (73, 74), (74, 74), (75, 74), (63, 75), (71, 75), (72, 75), (64, 76), (68, 76), (69, 76), (70, 76), (65, 77), (66, 77), (67, 77)]
[(99, 52), (100, 52), (96, 53), (97, 53), (98, 53), (101, 53), (93, 54), (94, 54), (95, 54), (102, 54), (91, 55), (92, 55), (103, 55), (88, 56), (89, 56), (90, 56), (104, 56), (85, 57), (86, 57), (87, 57), (105, 57), (106, 58), (84, 59), (105, 60), (83, 62), (104, 63), (82, 65), (103, 66), (81, 67), (102, 68), (80, 70), (101, 71), (80, 72), (81, 73), (100, 73), (101, 73), (82, 74), (97, 74), (98, 74), (99, 74), (83, 75), (94, 75), (95, 75), (96, 75), (84, 76), (92, 76), (93, 76), (85, 77), (89, 77), (90, 77), (91, 77), (86, 78), (87, 78), (88, 78)]
[(100, 73), (101, 73), (97, 74), (98, 74), (99, 74), (102, 74), (94, 75), (95, 75), (96, 75), (103, 75), (92, 76), (93, 76), (104, 76), (89, 77), (90, 77), (91, 77), (105, 77), (86, 78), (87, 78), (88, 78), (106, 78), (107, 79), (85, 80), (106, 81), (84, 83), (105, 84), (83, 86), (104, 87), (82, 88), (103, 89), (81, 91), (102, 92), (81, 93), (82, 94), (101, 94), (102, 94), (83, 95), (98, 95), (99, 95), (100, 95), (84, 96), (95, 96), (96, 96), (97, 96), (85, 97), (93, 97), (94, 97), (86, 98), (90, 98), (91, 98), (92, 98), (87, 99), (88, 99), (89, 99)]
[(113, 77), (114, 77), (110, 78), (111, 78), (112, 78), (107, 79), (108, 79), (109, 79), (106, 81), (105, 84), (104, 87), (103, 89), (102, 92), (102, 94), (103, 95), (104, 96), (105, 97), (106, 98), (114, 98), (107, 99), (111, 99), (112, 99), (113, 99), (108, 100), (109, 100), (110, 100)]
[(114, 98), (111, 99), (112, 99), (113, 99), (108, 100), (109, 100), (110, 100), (107, 102), (106, 105), (105, 108), (104, 110), (103, 113)]
[(36, 49), (37, 49), (33, 50), (34, 50), (35, 50), (38, 50), (30, 51), (31, 51), (32, 51), (39, 51), (28, 52), (29, 52), (40, 52), (25, 53), (26, 53), (27, 53), (41, 53), (22, 54), (23, 54), (24, 54), (42, 54), (43, 55), (21, 56), (42, 57), (20, 59), (41, 60), (19, 62), (40, 63), (18, 64), (39, 65), (17, 67), (38, 68), (17, 69), (18, 70), (37, 70), (38, 70), (19, 71), (34, 71), (35, 71), (36, 71), (20, 72), (31, 72), (32, 72), (33, 72), (21, 73), (29, 73), (30, 73), (22, 74), (26, 74), (27, 74), (28, 74), (23, 75), (24, 75), (25, 75)]
[(57, 50), (58, 50), (54, 51), (55, 51), (56, 51), (59, 51), (51, 52), (52, 52), (53, 52), (60, 52), (49, 53), (50, 53), (61, 53), (46, 54), (47, 54), (48, 54), (62, 54), (43, 55), (44, 55), (45, 55), (63, 55), (64, 56), (42, 57), (63, 58), (41, 60), (62, 61), (40, 63), (61, 64), (39, 65), (60, 66), (38, 68), (59, 69), (38, 70), (39, 71), (58, 71), (59, 71), (40, 72), (55, 72), (56, 72), (57, 72), (41, 73), (52, 73), (53, 73), (54, 73), (42, 74), (50, 74), (51, 74), (43, 75), (47, 75), (48, 75), (49, 75), (44, 76), (45, 76), (46, 76)]
[(58, 71), (59, 71), (55, 72), (56, 72), (57, 72), (60, 72), (52, 73), (53, 73), (54, 73), (61, 73), (50, 74), (51, 74), (62, 74), (47, 75), (48, 75), (49, 75), (63, 75), (44, 76), (45, 76), (46, 76), (64, 76), (65, 77), (43, 78), (64, 79), (42, 81), (63, 82), (41, 84), (62, 85), (40, 86), (61, 87), (39, 89), (60, 90), (39, 91), (40, 92), (59, 92), (60, 92), (41, 93), (56, 93), (57, 93), (58, 93), (42, 94), (53, 94), (54, 94), (55, 94), (43, 95), (51, 95), (52, 95), (44, 96), (48, 96), (49, 96), (50, 96), (45, 97), (46, 97), (47, 97)]
[(79, 72), (80, 72), (76, 73), (77, 73), (78, 73), (81, 73), (73, 74), (74, 74), (75, 74), (82, 74), (71, 75), (72, 75), (83, 75), (68, 76), (69, 76), (70, 76), (84, 76), (65, 77), (66, 77), (67, 77), (85, 77), (86, 78), (64, 79), (85, 80), (63, 82), (84, 83), (62, 85), (83, 86), (61, 87), (82, 88), (60, 90), (81, 91), (60, 92), (61, 93), (80, 93), (81, 93), (62, 94), (77, 94), (78, 94), (79, 94), (63, 95), (74, 95), (75, 95), (76, 95), (64, 96), (72, 96), (73, 96), (65, 97), (69, 97), (70, 97), (71, 97), (66, 98), (67, 98), (68, 98)]
[(80, 93), (81, 93), (77, 94), (78, 94), (79, 94), (82, 94), (74, 95), (75, 95), (76, 95), (83, 95), (72, 96), (73, 96), (84, 96), (69, 97), (70, 97), (71, 97), (85, 97), (66, 98), (67, 98), (68, 98), (86, 98), (87, 99), (65, 100), (86, 101), (64, 103), (85, 104), (63, 106), (84, 107), (62, 108), (83, 109), (61, 111), (82, 112), (61, 113), (62, 114), (81, 114), (82, 114)]
[(101, 94), (102, 94), (98, 95), (99, 95), (100, 95), (103, 95), (95, 96), (96, 96), (97, 96), (104, 96), (93, 97), (94, 97), (105, 97), (90, 98), (91, 98), (92, 98), (106, 98), (87, 99), (88, 99), (89, 99), (107, 99), (108, 100), (86, 101), (107, 102), (85, 104), (106, 105), (84, 107), (105, 108), (83, 109), (104, 110), (82, 112), (103, 113), (82, 114)]
[(37, 70), (38, 70), (34, 71), (35, 71), (36, 71), (39, 71), (31, 72), (32, 72), (33, 72), (40, 72), (29, 73), (30, 73), (41, 73), (26, 74), (27, 74), (28, 74), (42, 74), (23, 75), (24, 75), (25, 75), (43, 75), (44, 76), (22, 77), (43, 78), (21, 80), (42, 81), (20, 83), (41, 84), (19, 85), (40, 86), (18, 88), (39, 89), (18, 90), (19, 91), (38, 91), (39, 91), (20, 92), (35, 92), (36, 92), (37, 92), (21, 93), (32, 93), (33, 93), (34, 93), (22, 94), (30, 94), (31, 94), (23, 95), (27, 95), (28, 95), (29, 95), (24, 96), (25, 96), (26, 96)]
[(38, 91), (39, 91), (35, 92), (36, 92), (37, 92), (40, 92), (32, 93), (33, 93), (34, 93), (41, 93), (30, 94), (31, 94), (42, 94), (27, 95), (28, 95), (29, 95), (43, 95), (24, 96), (25, 96), (26, 96), (44, 96), (45, 97), (23, 98), (44, 99), (22, 101), (43, 102), (21, 104), (42, 105), (20, 106), (41, 107), (19, 109), (40, 110), (19, 111), (20, 112), (39, 112), (40, 112), (21, 113), (36, 113), (37, 113), (38, 113), (22, 114), (33, 114), (34, 114), (35, 114)]
[(59, 92), (60, 92), (56, 93), (57, 93), (58, 93), (61, 93), (53, 94), (54, 94), (55, 94), (62, 94), (51, 95), (52, 95), (63, 95), (48, 96), (49, 96), (50, 96), (64, 96), (45, 97), (46, 97), (47, 97), (65, 97), (66, 98), (44, 99), (65, 100), (43, 102), (64, 103), (42, 105), (63, 106), (41, 107), (62, 108), (40, 110), (61, 111), (40, 112), (41, 113), (60, 113), (61, 113), (42, 114), (57, 114), (58, 114), (59, 114)]
[(60, 113), (61, 113), (57, 114), (58, 114), (59, 114), (62, 114)]
[(81, 114), (82, 114)]
[(39, 112), (40, 112), (36, 113), (37, 113), (38, 113), (41, 113), (33, 114), (34, 114), (35, 114), (42, 114)]
