[(102, 42), (103, 42), (104, 42), (100, 43), (101, 43), (105, 43), (97, 44), (98, 44), (99, 44), (106, 44), (95, 45), (96, 45), (107, 45), (92, 46), (93, 46), (94, 46), (108, 46), (90, 47), (91, 47), (109, 47), (87, 48), (88, 48), (89, 48), (110, 48), (84, 49), (85, 49), (86, 49), (111, 49), (83, 51), (110, 51), (82, 54), (109, 54), (81, 56), (108, 56), (80, 59), (107, 59), (79, 61), (106, 61), (78, 64), (105, 64), (77, 66), (104, 66), (76, 69), (77, 69), (102, 69), (103, 69), (104, 69), (78, 70), (100, 70), (101, 70), (79, 71), (97, 71), (98, 71), (99, 71), (80, 72), (95, 72), (96, 72), (81, 73), (92, 73), (93, 73), (94, 73), (82, 74), (90, 74), (91, 74), (83, 75), (87, 75), (88, 75), (89, 75), (84, 76), (85, 76), (86, 76)]
[(114, 48), (111, 49), (112, 49), (113, 49), (110, 51), (109, 54), (108, 56), (107, 59), (106, 61), (105, 64), (104, 66), (103, 69), (104, 69), (105, 70), (106, 71), (107, 72), (108, 73), (109, 74), (110, 75), (114, 75), (111, 76), (112, 76), (113, 76)]
[(114, 75), (111, 76), (112, 76), (113, 76), (110, 78), (109, 81), (108, 83), (107, 86), (106, 88), (105, 91), (104, 93), (103, 96), (104, 96), (105, 97), (106, 98), (107, 99), (108, 100), (109, 101), (110, 102), (114, 102), (111, 103), (112, 103), (113, 103)]
[(48, 42), (49, 42), (50, 42), (46, 43), (47, 43), (51, 43), (43, 44), (44, 44), (45, 44), (52, 44), (41, 45), (42, 45), (53, 45), (38, 46), (39, 46), (40, 46), (54, 46), (36, 47), (37, 47), (55, 47), (33, 48), (34, 48), (35, 48), (56, 48), (30, 49), (31, 49), (32, 49), (57, 49), (29, 51), (56, 51), (28, 54), (55, 54), (27, 56), (54, 56), (26, 59), (53, 59), (25, 61), (52, 61), (24, 64), (51, 64), (23, 66), (50, 66), (22, 69), (23, 69), (48, 69), (49, 69), (50, 69), (24, 70), (46, 70), (47, 70), (25, 71), (43, 71), (44, 71), (45, 71), (26, 72), (41, 72), (42, 72), (27, 73), (38, 73), (39, 73), (40, 73), (28, 74), (36, 74), (37, 74), (29, 75), (33, 75), (34, 75), (35, 75), (30, 76), (31, 76), (32, 76)]
[(75, 42), (76, 42), (77, 42), (73, 43), (74, 43), (78, 43), (70, 44), (71, 44), (72, 44), (79, 44), (68, 45), (69, 45), (80, 45), (65, 46), (66, 46), (67, 46), (81, 46), (63, 47), (64, 47), (82, 47), (60, 48), (61, 48), (62, 48), (83, 48), (57, 49), (58, 49), (59, 49), (84, 49), (56, 51), (83, 51), (55, 54), (82, 54), (54, 56), (81, 56), (53, 59), (80, 59), (52, 61), (79, 61), (51, 64), (78, 64), (50, 66), (77, 66), (49, 69), (50, 69), (75, 69), (76, 69), (77, 69), (51, 70), (73, 70), (74, 70), (52, 71), (70, 71), (71, 71), (72, 71), (53, 72), (68, 72), (69, 72), (54, 73), (65, 73), (66, 73), (67, 73), (55, 74), (63, 74), (64, 74), (56, 75), (60, 75), (61, 75), (62, 75), (57, 76), (58, 76), (59, 76)]
[(75, 69), (76, 69), (77, 69), (73, 70), (74, 70), (78, 70), (70, 71), (71, 71), (72, 71), (79, 71), (68, 72), (69, 72), (80, 72), (65, 73), (66, 73), (67, 73), (81, 73), (63, 74), (64, 74), (82, 74), (60, 75), (61, 75), (62, 75), (83, 75), (57, 76), (58, 76), (59, 76), (84, 76), (56, 78), (83, 78), (55, 81), (82, 81), (54, 83), (81, 83), (53, 86), (80, 86), (52, 88), (79, 88), (51, 91), (78, 91), (50, 93), (77, 93), (49, 96), (50, 96), (75, 96), (76, 96), (77, 96), (51, 97), (73, 97), (74, 97), (52, 98), (70, 98), (71, 98), (72, 98), (53, 99), (68, 99), (69, 99), (54, 100), (65, 100), (66, 100), (67, 100), (55, 101), (63, 101), (64, 101), (56, 102), (60, 102), (61, 102), (62, 102), (57, 103), (58, 103), (59, 103)]
[(102, 69), (103, 69), (104, 69), (100, 70), (101, 70), (105, 70), (97, 71), (98, 71), (99, 71), (106, 71), (95, 72), (96, 72), (107, 72), (92, 73), (93, 73), (94, 73), (108, 73), (90, 74), (91, 74), (109, 74), (87, 75), (88, 75), (89, 75), (110, 75), (84, 76), (85, 76), (86, 76), (111, 76), (83, 78), (110, 78), (82, 81), (109, 81), (81, 83), (108, 83), (80, 86), (107, 86), (79, 88), (106, 88), (78, 91), (105, 91), (77, 93), (104, 93), (76, 96), (77, 96), (102, 96), (103, 96), (104, 96), (78, 97), (100, 97), (101, 97), (79, 98), (97, 98), (98, 98), (99, 98), (80, 99), (95, 99), (96, 99), (81, 100), (92, 100), (93, 100), (94, 100), (82, 101), (90, 101), (91, 101), (83, 102), (87, 102), (88, 102), (89, 102), (84, 103), (85, 103), (86, 103)]
[(102, 96), (103, 96), (104, 96), (100, 97), (101, 97), (105, 97), (97, 98), (98, 98), (99, 98), (106, 98), (95, 99), (96, 99), (107, 99), (92, 100), (93, 100), (94, 100), (108, 100), (90, 101), (91, 101), (109, 101), (87, 102), (88, 102), (89, 102), (110, 102), (84, 103), (85, 103), (86, 103), (111, 103), (83, 105), (110, 105), (82, 108), (109, 108), (81, 110), (108, 110), (80, 113), (107, 113)]
[(114, 102), (111, 103), (112, 103), (113, 103), (110, 105), (109, 108), (108, 110), (107, 113)]
[(21, 69), (22, 69), (23, 69), (19, 70), (20, 70), (24, 70), (16, 71), (17, 71), (18, 71), (25, 71), (14, 72), (15, 72), (26, 72), (11, 73), (12, 73), (13, 73), (27, 73), (9, 74), (10, 74), (28, 74), (6, 75), (7, 75), (8, 75), (29, 75), (3, 76), (4, 76), (5, 76), (30, 76), (2, 78), (29, 78), (1, 81), (28, 81), (0, 83), (27, 83), (26, 86), (25, 88), (24, 91), (23, 93), (21, 96), (22, 96), (23, 96), (19, 97), (20, 97), (16, 98), (17, 98), (18, 98), (14, 99), (15, 99), (0, 100), (11, 100), (12, 100), (13, 100), (1, 101), (9, 101), (10, 101), (2, 102), (6, 102), (7, 102), (8, 102), (3, 103), (4, 103), (5, 103)]
[(48, 69), (49, 69), (50, 69), (46, 70), (47, 70), (51, 70), (43, 71), (44, 71), (45, 71), (52, 71), (41, 72), (42, 72), (53, 72), (38, 73), (39, 73), (40, 73), (54, 73), (36, 74), (37, 74), (55, 74), (33, 75), (34, 75), (35, 75), (56, 75), (30, 76), (31, 76), (32, 76), (57, 76), (29, 78), (56, 78), (28, 81), (55, 81), (27, 83), (54, 83), (26, 86), (53, 86), (25, 88), (52, 88), (24, 91), (51, 91), (23, 93), (50, 93), (22, 96), (23, 96), (48, 96), (49, 96), (50, 96), (24, 97), (46, 97), (47, 97), (25, 98), (43, 98), (44, 98), (45, 98), (26, 99), (41, 99), (42, 99), (27, 100), (38, 100), (39, 100), (40, 100), (28, 101), (36, 101), (37, 101), (29, 102), (33, 102), (34, 102), (35, 102), (30, 103), (31, 103), (32, 103)]
[(48, 96), (49, 96), (50, 96), (46, 97), (47, 97), (51, 97), (43, 98), (44, 98), (45, 98), (52, 98), (41, 99), (42, 99), (53, 99), (38, 100), (39, 100), (40, 100), (54, 100), (36, 101), (37, 101), (55, 101), (33, 102), (34, 102), (35, 102), (56, 102), (30, 103), (31, 103), (32, 103), (57, 103), (29, 105), (56, 105), (28, 108), (55, 108), (27, 110), (54, 110), (26, 113), (53, 113)]
[(75, 96), (76, 96), (77, 96), (73, 97), (74, 97), (78, 97), (70, 98), (71, 98), (72, 98), (79, 98), (68, 99), (69, 99), (80, 99), (65, 100), (66, 100), (67, 100), (81, 100), (63, 101), (64, 101), (82, 101), (60, 102), (61, 102), (62, 102), (83, 102), (57, 103), (58, 103), (59, 103), (84, 103), (56, 105), (83, 105), (55, 108), (82, 108), (54, 110), (81, 110), (53, 113), (80, 113)]
[(21, 96), (22, 96), (23, 96), (19, 97), (20, 97), (24, 97), (16, 98), (17, 98), (18, 98), (25, 98), (14, 99), (15, 99), (26, 99), (11, 100), (12, 100), (13, 100), (27, 100), (9, 101), (10, 101), (28, 101), (6, 102), (7, 102), (8, 102), (29, 102), (3, 103), (4, 103), (5, 103), (30, 103), (2, 105), (29, 105), (1, 108), (28, 108), (0, 110), (27, 110), (26, 113)]
