[(69, 32), (70, 32), (71, 32), (67, 33), (68, 33), (72, 33), (64, 34), (65, 34), (66, 34), (61, 35), (62, 35), (63, 35), (71, 35), (59, 36), (60, 36), (56, 37), (57, 37), (58, 37), (53, 38), (54, 38), (55, 38), (70, 38), (52, 40), (69, 40), (51, 43), (68, 43), (50, 45), (67, 46), (49, 48), (66, 48), (48, 51), (64, 51), (65, 51), (66, 51), (62, 52), (63, 52), (47, 53), (59, 53), (60, 53), (61, 53), (56, 54), (57, 54), (58, 54), (54, 55), (55, 55), (46, 56), (47, 56), (51, 56), (52, 56), (53, 56), (48, 57), (49, 57), (50, 57)]
[(88, 27), (89, 27), (90, 27), (86, 28), (87, 28), (91, 28), (83, 29), (84, 29), (85, 29), (80, 30), (81, 30), (82, 30), (90, 30), (78, 31), (79, 31), (75, 32), (76, 32), (77, 32), (72, 33), (73, 33), (74, 33), (89, 33), (71, 35), (88, 35), (70, 38), (87, 38), (69, 40), (86, 41), (68, 43), (85, 43), (67, 46), (83, 46), (84, 46), (85, 46), (81, 47), (82, 47), (66, 48), (78, 48), (79, 48), (80, 48), (75, 49), (76, 49), (77, 49), (73, 50), (74, 50), (65, 51), (66, 51), (70, 51), (71, 51), (72, 51), (67, 52), (68, 52), (69, 52)]
[(83, 46), (84, 46), (85, 46), (81, 47), (82, 47), (86, 47), (78, 48), (79, 48), (80, 48), (75, 49), (76, 49), (77, 49), (85, 49), (73, 50), (74, 50), (70, 51), (71, 51), (72, 51), (67, 52), (68, 52), (69, 52), (84, 52), (66, 54), (83, 54), (65, 57), (82, 57), (64, 59), (81, 60), (63, 62), (80, 62), (62, 65), (78, 65), (79, 65), (80, 65), (76, 66), (77, 66), (61, 67), (73, 67), (74, 67), (75, 67), (70, 68), (71, 68), (72, 68), (68, 69), (69, 69), (60, 70), (61, 70), (65, 70), (66, 70), (67, 70), (62, 71), (63, 71), (64, 71)]
[(102, 41), (103, 41), (104, 41), (100, 42), (101, 42), (105, 42), (97, 43), (98, 43), (99, 43), (94, 44), (95, 44), (96, 44), (104, 44), (92, 45), (93, 45), (89, 46), (90, 46), (91, 46), (86, 47), (87, 47), (88, 47), (103, 47), (85, 49), (102, 49), (84, 52), (101, 52), (83, 54), (100, 55), (82, 57), (99, 57), (81, 60), (97, 60), (98, 60), (99, 60), (95, 61), (96, 61), (80, 62), (92, 62), (93, 62), (94, 62), (89, 63), (90, 63), (91, 63), (87, 64), (88, 64), (79, 65), (80, 65), (84, 65), (85, 65), (86, 65), (81, 66), (82, 66), (83, 66)]
[(97, 60), (98, 60), (99, 60), (95, 61), (96, 61), (100, 61), (92, 62), (93, 62), (94, 62), (89, 63), (90, 63), (91, 63), (99, 63), (87, 64), (88, 64), (84, 65), (85, 65), (86, 65), (81, 66), (82, 66), (83, 66), (98, 66), (80, 68), (97, 68), (79, 71), (96, 71), (78, 73), (95, 74), (77, 76), (94, 76), (76, 79), (92, 79), (93, 79), (94, 79), (90, 80), (91, 80), (75, 81), (87, 81), (88, 81), (89, 81), (84, 82), (85, 82), (86, 82), (82, 83), (83, 83), (74, 84), (75, 84), (79, 84), (80, 84), (81, 84), (76, 85), (77, 85), (78, 85)]
[(114, 56), (111, 57), (112, 57), (113, 57), (108, 58), (109, 58), (110, 58), (106, 59), (107, 59), (103, 60), (104, 60), (105, 60), (100, 61), (101, 61), (102, 61), (99, 63), (98, 66), (97, 68), (114, 69), (96, 71), (113, 71), (95, 74), (111, 74), (112, 74), (113, 74), (109, 75), (110, 75), (94, 76), (106, 76), (107, 76), (108, 76), (103, 77), (104, 77), (105, 77), (101, 78), (102, 78), (93, 79), (94, 79), (98, 79), (99, 79), (100, 79), (95, 80), (96, 80), (97, 80)]
[(111, 74), (112, 74), (113, 74), (109, 75), (110, 75), (114, 75), (106, 76), (107, 76), (108, 76), (103, 77), (104, 77), (105, 77), (113, 77), (101, 78), (102, 78), (98, 79), (99, 79), (100, 79), (95, 80), (96, 80), (97, 80), (112, 80), (94, 82), (111, 82), (93, 85), (110, 85), (92, 87), (109, 88), (91, 90), (108, 90), (90, 93), (106, 93), (107, 93), (108, 93), (104, 94), (105, 94), (89, 95), (101, 95), (102, 95), (103, 95), (98, 96), (99, 96), (100, 96), (96, 97), (97, 97), (88, 98), (89, 98), (93, 98), (94, 98), (95, 98), (90, 99), (91, 99), (92, 99)]
[(114, 75), (113, 77), (112, 80), (111, 82), (110, 85), (109, 88), (108, 90), (107, 93), (108, 93), (112, 93), (113, 93), (114, 93), (109, 94), (110, 94), (111, 94)]
[(31, 42), (32, 42), (33, 42), (29, 43), (30, 43), (34, 43), (26, 44), (27, 44), (28, 44), (23, 45), (24, 45), (25, 45), (33, 45), (21, 46), (22, 46), (18, 47), (19, 47), (20, 47), (15, 48), (16, 48), (17, 48), (32, 48), (14, 50), (31, 50), (13, 53), (30, 53), (12, 55), (29, 56), (11, 58), (28, 58), (10, 61), (26, 61), (27, 61), (28, 61), (24, 62), (25, 62), (9, 63), (21, 63), (22, 63), (23, 63), (18, 64), (19, 64), (20, 64), (16, 65), (17, 65), (8, 66), (9, 66), (13, 66), (14, 66), (15, 66), (10, 67), (11, 67), (12, 67)]
[(50, 37), (51, 37), (52, 37), (48, 38), (49, 38), (53, 38), (45, 39), (46, 39), (47, 39), (42, 40), (43, 40), (44, 40), (52, 40), (40, 41), (41, 41), (37, 42), (38, 42), (39, 42), (34, 43), (35, 43), (36, 43), (51, 43), (33, 45), (50, 45), (32, 48), (49, 48), (31, 50), (48, 51), (30, 53), (47, 53), (29, 56), (45, 56), (46, 56), (47, 56), (43, 57), (44, 57), (28, 58), (40, 58), (41, 58), (42, 58), (37, 59), (38, 59), (39, 59), (35, 60), (36, 60), (27, 61), (28, 61), (32, 61), (33, 61), (34, 61), (29, 62), (30, 62), (31, 62)]
[(45, 56), (46, 56), (47, 56), (43, 57), (44, 57), (48, 57), (40, 58), (41, 58), (42, 58), (37, 59), (38, 59), (39, 59), (47, 59), (35, 60), (36, 60), (32, 61), (33, 61), (34, 61), (29, 62), (30, 62), (31, 62), (46, 62), (28, 64), (45, 64), (27, 67), (44, 67), (26, 69), (43, 70), (25, 72), (42, 72), (24, 75), (40, 75), (41, 75), (42, 75), (38, 76), (39, 76), (23, 77), (35, 77), (36, 77), (37, 77), (32, 78), (33, 78), (34, 78), (30, 79), (31, 79), (22, 80), (23, 80), (27, 80), (28, 80), (29, 80), (24, 81), (25, 81), (26, 81)]
[(64, 51), (65, 51), (66, 51), (62, 52), (63, 52), (67, 52), (59, 53), (60, 53), (61, 53), (56, 54), (57, 54), (58, 54), (66, 54), (54, 55), (55, 55), (51, 56), (52, 56), (53, 56), (48, 57), (49, 57), (50, 57), (65, 57), (47, 59), (64, 59), (46, 62), (63, 62), (45, 64), (62, 65), (44, 67), (61, 67), (43, 70), (59, 70), (60, 70), (61, 70), (57, 71), (58, 71), (42, 72), (54, 72), (55, 72), (56, 72), (51, 73), (52, 73), (53, 73), (49, 74), (50, 74), (41, 75), (42, 75), (46, 75), (47, 75), (48, 75), (43, 76), (44, 76), (45, 76)]
[(59, 70), (60, 70), (61, 70), (57, 71), (58, 71), (62, 71), (54, 72), (55, 72), (56, 72), (51, 73), (52, 73), (53, 73), (61, 73), (49, 74), (50, 74), (46, 75), (47, 75), (48, 75), (43, 76), (44, 76), (45, 76), (60, 76), (42, 78), (59, 78), (41, 81), (58, 81), (40, 83), (57, 84), (39, 86), (56, 86), (38, 89), (54, 89), (55, 89), (56, 89), (52, 90), (53, 90), (37, 91), (49, 91), (50, 91), (51, 91), (46, 92), (47, 92), (48, 92), (44, 93), (45, 93), (36, 94), (37, 94), (41, 94), (42, 94), (43, 94), (38, 95), (39, 95), (40, 95)]
[(78, 65), (79, 65), (80, 65), (76, 66), (77, 66), (81, 66), (73, 67), (74, 67), (75, 67), (70, 68), (71, 68), (72, 68), (80, 68), (68, 69), (69, 69), (65, 70), (66, 70), (67, 70), (62, 71), (63, 71), (64, 71), (79, 71), (61, 73), (78, 73), (60, 76), (77, 76), (59, 78), (76, 79), (58, 81), (75, 81), (57, 84), (73, 84), (74, 84), (75, 84), (71, 85), (72, 85), (56, 86), (68, 86), (69, 86), (70, 86), (65, 87), (66, 87), (67, 87), (63, 88), (64, 88), (55, 89), (56, 89), (60, 89), (61, 89), (62, 89), (57, 90), (58, 90), (59, 90)]
[(73, 84), (74, 84), (75, 84), (71, 85), (72, 85), (76, 85), (68, 86), (69, 86), (70, 86), (65, 87), (66, 87), (67, 87), (75, 87), (63, 88), (64, 88), (60, 89), (61, 89), (62, 89), (57, 90), (58, 90), (59, 90), (74, 90), (56, 92), (73, 92), (55, 95), (72, 95), (54, 97), (71, 98), (53, 100), (70, 100), (52, 103), (68, 103), (69, 103), (70, 103), (66, 104), (67, 104), (51, 105), (63, 105), (64, 105), (65, 105), (60, 106), (61, 106), (62, 106), (58, 107), (59, 107), (50, 108), (51, 108), (55, 108), (56, 108), (57, 108), (52, 109), (53, 109), (54, 109)]
[(92, 79), (93, 79), (94, 79), (90, 80), (91, 80), (95, 80), (87, 81), (88, 81), (89, 81), (84, 82), (85, 82), (86, 82), (94, 82), (82, 83), (83, 83), (79, 84), (80, 84), (81, 84), (76, 85), (77, 85), (78, 85), (93, 85), (75, 87), (92, 87), (74, 90), (91, 90), (73, 92), (90, 93), (72, 95), (89, 95), (71, 98), (87, 98), (88, 98), (89, 98), (85, 99), (86, 99), (70, 100), (82, 100), (83, 100), (84, 100), (79, 101), (80, 101), (81, 101), (77, 102), (78, 102), (69, 103), (70, 103), (74, 103), (75, 103), (76, 103), (71, 104), (72, 104), (73, 104)]
[(87, 98), (88, 98), (89, 98), (85, 99), (86, 99), (90, 99), (82, 100), (83, 100), (84, 100), (79, 101), (80, 101), (81, 101), (89, 101), (77, 102), (78, 102), (74, 103), (75, 103), (76, 103), (71, 104), (72, 104), (73, 104), (88, 104), (70, 106), (87, 106), (69, 109), (86, 109), (68, 111), (85, 112), (67, 114), (84, 114)]
[(106, 93), (107, 93), (108, 93), (104, 94), (105, 94), (109, 94), (101, 95), (102, 95), (103, 95), (98, 96), (99, 96), (100, 96), (108, 96), (96, 97), (97, 97), (93, 98), (94, 98), (95, 98), (90, 99), (91, 99), (92, 99), (107, 99), (89, 101), (106, 101), (88, 104), (105, 104), (87, 106), (104, 107), (86, 109), (103, 109), (85, 112), (101, 112), (102, 112), (103, 112), (99, 113), (100, 113), (84, 114), (96, 114), (97, 114), (98, 114)]
[(7, 66), (8, 66), (9, 66), (5, 67), (6, 67), (10, 67), (2, 68), (3, 68), (4, 68), (0, 69), (1, 69), (9, 69), (8, 72), (7, 74), (6, 77), (5, 80), (4, 82), (2, 85), (3, 85), (4, 85), (0, 86), (1, 86)]
[(26, 61), (27, 61), (28, 61), (24, 62), (25, 62), (29, 62), (21, 63), (22, 63), (23, 63), (18, 64), (19, 64), (20, 64), (28, 64), (16, 65), (17, 65), (13, 66), (14, 66), (15, 66), (10, 67), (11, 67), (12, 67), (27, 67), (9, 69), (26, 69), (8, 72), (25, 72), (7, 74), (24, 75), (6, 77), (23, 77), (5, 80), (21, 80), (22, 80), (23, 80), (19, 81), (20, 81), (4, 82), (16, 82), (17, 82), (18, 82), (13, 83), (14, 83), (15, 83), (11, 84), (12, 84), (3, 85), (4, 85), (8, 85), (9, 85), (10, 85), (5, 86), (6, 86), (7, 86)]
[(21, 80), (22, 80), (23, 80), (19, 81), (20, 81), (24, 81), (16, 82), (17, 82), (18, 82), (13, 83), (14, 83), (15, 83), (23, 83), (11, 84), (12, 84), (8, 85), (9, 85), (10, 85), (5, 86), (6, 86), (7, 86), (22, 86), (4, 88), (21, 88), (3, 91), (20, 91), (2, 93), (19, 94), (1, 96), (18, 96), (0, 99), (16, 99), (17, 99), (18, 99), (14, 100), (15, 100), (11, 101), (12, 101), (13, 101), (8, 102), (9, 102), (10, 102), (6, 103), (7, 103), (3, 104), (4, 104), (5, 104), (0, 105), (1, 105), (2, 105)]
[(40, 75), (41, 75), (42, 75), (38, 76), (39, 76), (43, 76), (35, 77), (36, 77), (37, 77), (32, 78), (33, 78), (34, 78), (42, 78), (30, 79), (31, 79), (27, 80), (28, 80), (29, 80), (24, 81), (25, 81), (26, 81), (41, 81), (23, 83), (40, 83), (22, 86), (39, 86), (21, 88), (38, 89), (20, 91), (37, 91), (19, 94), (35, 94), (36, 94), (37, 94), (33, 95), (34, 95), (18, 96), (30, 96), (31, 96), (32, 96), (27, 97), (28, 97), (29, 97), (25, 98), (26, 98), (17, 99), (18, 99), (22, 99), (23, 99), (24, 99), (19, 100), (20, 100), (21, 100)]
[(35, 94), (36, 94), (37, 94), (33, 95), (34, 95), (38, 95), (30, 96), (31, 96), (32, 96), (27, 97), (28, 97), (29, 97), (37, 97), (25, 98), (26, 98), (22, 99), (23, 99), (24, 99), (19, 100), (20, 100), (21, 100), (36, 100), (18, 102), (35, 102), (17, 105), (34, 105), (16, 107), (33, 108), (15, 110), (32, 110), (14, 113), (30, 113), (31, 113), (32, 113), (28, 114), (29, 114)]
[(54, 89), (55, 89), (56, 89), (52, 90), (53, 90), (57, 90), (49, 91), (50, 91), (51, 91), (46, 92), (47, 92), (48, 92), (56, 92), (44, 93), (45, 93), (41, 94), (42, 94), (43, 94), (38, 95), (39, 95), (40, 95), (55, 95), (37, 97), (54, 97), (36, 100), (53, 100), (35, 102), (52, 103), (34, 105), (51, 105), (33, 108), (49, 108), (50, 108), (51, 108), (47, 109), (48, 109), (32, 110), (44, 110), (45, 110), (46, 110), (41, 111), (42, 111), (43, 111), (39, 112), (40, 112), (31, 113), (32, 113), (36, 113), (37, 113), (38, 113), (33, 114), (34, 114), (35, 114)]
[(49, 108), (50, 108), (51, 108), (47, 109), (48, 109), (52, 109), (44, 110), (45, 110), (46, 110), (41, 111), (42, 111), (43, 111), (51, 111), (39, 112), (40, 112), (36, 113), (37, 113), (38, 113), (33, 114), (34, 114), (35, 114), (50, 114)]
[(68, 103), (69, 103), (70, 103), (66, 104), (67, 104), (71, 104), (63, 105), (64, 105), (65, 105), (60, 106), (61, 106), (62, 106), (70, 106), (58, 107), (59, 107), (55, 108), (56, 108), (57, 108), (52, 109), (53, 109), (54, 109), (69, 109), (51, 111), (68, 111), (50, 114), (67, 114)]
[(2, 85), (3, 85), (4, 85), (0, 86), (1, 86), (5, 86), (4, 88), (3, 91), (2, 93), (1, 96), (0, 99)]
[(0, 105)]
[(16, 99), (17, 99), (18, 99), (14, 100), (15, 100), (19, 100), (11, 101), (12, 101), (13, 101), (8, 102), (9, 102), (10, 102), (18, 102), (6, 103), (7, 103), (3, 104), (4, 104), (5, 104), (0, 105), (1, 105), (2, 105), (17, 105), (16, 107), (15, 110), (14, 113)]
[(30, 113), (31, 113), (32, 113), (28, 114), (29, 114), (33, 114)]
