[(112, 30), (113, 30), (114, 30), (109, 31), (110, 31), (111, 31), (105, 32), (106, 32), (107, 32), (108, 32), (101, 33), (102, 33), (103, 33), (104, 33), (100, 36), (99, 40), (98, 43), (97, 47), (97, 50), (111, 50), (112, 50), (113, 50), (114, 50), (98, 51), (108, 51), (109, 51), (110, 51), (99, 52), (104, 52), (105, 52), (106, 52), (107, 52), (100, 53), (101, 53), (102, 53), (103, 53)]
[(76, 31), (77, 31), (78, 31), (72, 32), (73, 32), (74, 32), (75, 32), (79, 32), (69, 33), (70, 33), (71, 33), (80, 33), (65, 34), (66, 34), (67, 34), (68, 34), (81, 34), (61, 35), (62, 35), (63, 35), (64, 35), (80, 37), (60, 38), (79, 41), (59, 42), (78, 44), (58, 45), (77, 48), (57, 49), (75, 51), (76, 51), (77, 51), (57, 52), (71, 52), (72, 52), (73, 52), (74, 52), (58, 53), (68, 53), (69, 53), (70, 53), (59, 54), (64, 54), (65, 54), (66, 54), (67, 54), (60, 55), (61, 55), (62, 55), (63, 55)]
[(96, 30), (97, 30), (98, 30), (92, 31), (93, 31), (94, 31), (95, 31), (99, 31), (89, 32), (90, 32), (91, 32), (100, 32), (85, 33), (86, 33), (87, 33), (88, 33), (101, 33), (81, 34), (82, 34), (83, 34), (84, 34), (100, 36), (80, 37), (99, 40), (79, 41), (98, 43), (78, 44), (97, 47), (77, 48), (95, 50), (96, 50), (97, 50), (77, 51), (91, 51), (92, 51), (93, 51), (94, 51), (78, 52), (88, 52), (89, 52), (90, 52), (79, 53), (84, 53), (85, 53), (86, 53), (87, 53), (80, 54), (81, 54), (82, 54), (83, 54)]
[(95, 50), (96, 50), (97, 50), (91, 51), (92, 51), (93, 51), (94, 51), (98, 51), (88, 52), (89, 52), (90, 52), (99, 52), (84, 53), (85, 53), (86, 53), (87, 53), (100, 53), (80, 54), (81, 54), (82, 54), (83, 54), (99, 56), (79, 57), (98, 60), (78, 61), (97, 63), (77, 64), (96, 67), (76, 68), (94, 70), (95, 70), (96, 70), (76, 71), (90, 71), (91, 71), (92, 71), (93, 71), (77, 72), (87, 72), (88, 72), (89, 72), (78, 73), (83, 73), (84, 73), (85, 73), (86, 73), (79, 74), (80, 74), (81, 74), (82, 74)]
[(111, 50), (112, 50), (113, 50), (114, 50), (108, 51), (109, 51), (110, 51), (104, 52), (105, 52), (106, 52), (107, 52), (100, 53), (101, 53), (102, 53), (103, 53), (99, 56), (98, 60), (97, 63), (96, 67), (114, 69), (96, 70), (110, 70), (111, 70), (112, 70), (113, 70), (97, 71), (107, 71), (108, 71), (109, 71), (98, 72), (103, 72), (104, 72), (105, 72), (106, 72), (99, 73), (100, 73), (101, 73), (102, 73)]
[(114, 69), (110, 70), (111, 70), (112, 70), (113, 70), (107, 71), (108, 71), (109, 71), (103, 72), (104, 72), (105, 72), (106, 72), (99, 73), (100, 73), (101, 73), (102, 73), (98, 76), (97, 80), (96, 83), (95, 87), (113, 89), (114, 89), (95, 90), (109, 90), (110, 90), (111, 90), (112, 90), (96, 91), (106, 91), (107, 91), (108, 91), (97, 92), (102, 92), (103, 92), (104, 92), (105, 92), (98, 93), (99, 93), (100, 93), (101, 93)]
[(55, 52), (56, 52), (57, 52), (51, 53), (52, 53), (53, 53), (54, 53), (58, 53), (48, 54), (49, 54), (50, 54), (59, 54), (44, 55), (45, 55), (46, 55), (47, 55), (60, 55), (40, 56), (41, 56), (42, 56), (43, 56), (59, 58), (39, 59), (58, 62), (38, 63), (57, 65), (37, 66), (56, 69), (36, 70), (54, 72), (55, 72), (56, 72), (36, 73), (50, 73), (51, 73), (52, 73), (53, 73), (37, 74), (47, 74), (48, 74), (49, 74), (38, 75), (43, 75), (44, 75), (45, 75), (46, 75), (39, 76), (40, 76), (41, 76), (42, 76)]
[(75, 51), (76, 51), (77, 51), (71, 52), (72, 52), (73, 52), (74, 52), (78, 52), (68, 53), (69, 53), (70, 53), (79, 53), (64, 54), (65, 54), (66, 54), (67, 54), (80, 54), (60, 55), (61, 55), (62, 55), (63, 55), (79, 57), (59, 58), (78, 61), (58, 62), (77, 64), (57, 65), (76, 68), (56, 69), (74, 71), (75, 71), (76, 71), (56, 72), (70, 72), (71, 72), (72, 72), (73, 72), (57, 73), (67, 73), (68, 73), (69, 73), (58, 74), (63, 74), (64, 74), (65, 74), (66, 74), (59, 75), (60, 75), (61, 75), (62, 75)]
[(74, 71), (75, 71), (76, 71), (70, 72), (71, 72), (72, 72), (73, 72), (77, 72), (67, 73), (68, 73), (69, 73), (78, 73), (63, 74), (64, 74), (65, 74), (66, 74), (79, 74), (59, 75), (60, 75), (61, 75), (62, 75), (78, 77), (58, 78), (77, 81), (57, 82), (76, 84), (56, 85), (75, 88), (55, 89), (73, 91), (74, 91), (75, 91), (55, 92), (69, 92), (70, 92), (71, 92), (72, 92), (56, 93), (66, 93), (67, 93), (68, 93), (57, 94), (62, 94), (63, 94), (64, 94), (65, 94), (58, 95), (59, 95), (60, 95), (61, 95)]
[(94, 70), (95, 70), (96, 70), (90, 71), (91, 71), (92, 71), (93, 71), (97, 71), (87, 72), (88, 72), (89, 72), (98, 72), (83, 73), (84, 73), (85, 73), (86, 73), (99, 73), (79, 74), (80, 74), (81, 74), (82, 74), (98, 76), (78, 77), (97, 80), (77, 81), (96, 83), (76, 84), (95, 87), (75, 88), (93, 90), (94, 90), (95, 90), (75, 91), (89, 91), (90, 91), (91, 91), (92, 91), (76, 92), (86, 92), (87, 92), (88, 92), (77, 93), (82, 93), (83, 93), (84, 93), (85, 93), (78, 94), (79, 94), (80, 94), (81, 94)]
[(93, 90), (94, 90), (95, 90), (89, 91), (90, 91), (91, 91), (92, 91), (96, 91), (86, 92), (87, 92), (88, 92), (97, 92), (82, 93), (83, 93), (84, 93), (85, 93), (98, 93), (78, 94), (79, 94), (80, 94), (81, 94), (97, 96), (77, 97), (96, 100), (76, 101), (95, 103), (75, 104), (94, 107), (74, 108), (92, 110), (93, 110), (94, 110), (74, 111), (88, 111), (89, 111), (90, 111), (91, 111), (75, 112), (85, 112), (86, 112), (87, 112), (76, 113), (81, 113), (82, 113), (83, 113), (84, 113), (77, 114), (78, 114), (79, 114), (80, 114)]
[(113, 89), (114, 89), (109, 90), (110, 90), (111, 90), (112, 90), (106, 91), (107, 91), (108, 91), (102, 92), (103, 92), (104, 92), (105, 92), (98, 93), (99, 93), (100, 93), (101, 93), (97, 96), (96, 100), (95, 103), (114, 106), (94, 107), (112, 109), (113, 109), (114, 109), (94, 110), (108, 110), (109, 110), (110, 110), (111, 110), (95, 111), (105, 111), (106, 111), (107, 111), (96, 112), (101, 112), (102, 112), (103, 112), (104, 112), (97, 113), (98, 113), (99, 113), (100, 113)]
[(54, 72), (55, 72), (56, 72), (50, 73), (51, 73), (52, 73), (53, 73), (57, 73), (47, 74), (48, 74), (49, 74), (58, 74), (43, 75), (44, 75), (45, 75), (46, 75), (59, 75), (39, 76), (40, 76), (41, 76), (42, 76), (58, 78), (38, 79), (57, 82), (37, 83), (56, 85), (36, 86), (55, 89), (35, 90), (53, 92), (54, 92), (55, 92), (35, 93), (49, 93), (50, 93), (51, 93), (52, 93), (36, 94), (46, 94), (47, 94), (48, 94), (37, 95), (42, 95), (43, 95), (44, 95), (45, 95), (38, 96), (39, 96), (40, 96), (41, 96)]
[(53, 92), (54, 92), (55, 92), (49, 93), (50, 93), (51, 93), (52, 93), (56, 93), (46, 94), (47, 94), (48, 94), (57, 94), (42, 95), (43, 95), (44, 95), (45, 95), (58, 95), (38, 96), (39, 96), (40, 96), (41, 96), (57, 98), (37, 99), (56, 102), (36, 103), (55, 105), (35, 106), (54, 109), (34, 110), (52, 112), (53, 112), (54, 112), (34, 113), (48, 113), (49, 113), (50, 113), (51, 113), (35, 114), (45, 114), (46, 114), (47, 114)]
[(73, 91), (74, 91), (75, 91), (69, 92), (70, 92), (71, 92), (72, 92), (76, 92), (66, 93), (67, 93), (68, 93), (77, 93), (62, 94), (63, 94), (64, 94), (65, 94), (78, 94), (58, 95), (59, 95), (60, 95), (61, 95), (77, 97), (57, 98), (76, 101), (56, 102), (75, 104), (55, 105), (74, 108), (54, 109), (72, 111), (73, 111), (74, 111), (54, 112), (68, 112), (69, 112), (70, 112), (71, 112), (55, 113), (65, 113), (66, 113), (67, 113), (56, 114), (61, 114), (62, 114), (63, 114), (64, 114)]
[(72, 111), (73, 111), (74, 111), (68, 112), (69, 112), (70, 112), (71, 112), (75, 112), (65, 113), (66, 113), (67, 113), (76, 113), (61, 114), (62, 114), (63, 114), (64, 114), (77, 114)]
[(92, 110), (93, 110), (94, 110), (88, 111), (89, 111), (90, 111), (91, 111), (95, 111), (85, 112), (86, 112), (87, 112), (96, 112), (81, 113), (82, 113), (83, 113), (84, 113), (97, 113), (77, 114), (78, 114), (79, 114), (80, 114)]
[(52, 112), (53, 112), (54, 112), (48, 113), (49, 113), (50, 113), (51, 113), (55, 113), (45, 114), (46, 114), (47, 114), (56, 114)]
