[(97, 4), (95, 5), (96, 5), (98, 5), (92, 6), (93, 6), (94, 6), (90, 7), (91, 7), (97, 7), (87, 8), (88, 8), (89, 8), (85, 9), (86, 9), (82, 10), (83, 10), (84, 10), (96, 10), (79, 11), (80, 11), (81, 11), (95, 12), (78, 13), (94, 15), (77, 16), (93, 17), (76, 18), (92, 20), (75, 21), (91, 22), (74, 23), (91, 23), (89, 24), (90, 24), (86, 25), (87, 25), (88, 25), (73, 26), (84, 26), (85, 26), (81, 27), (82, 27), (83, 27), (72, 28), (79, 28), (80, 28), (72, 29), (76, 29), (77, 29), (78, 29), (73, 30), (74, 30), (75, 30)]
[(111, 0), (112, 0), (113, 0), (109, 1), (110, 1), (106, 2), (107, 2), (108, 2), (104, 3), (105, 3), (101, 4), (102, 4), (103, 4), (98, 5), (99, 5), (100, 5), (114, 6), (97, 7), (113, 9), (96, 10), (112, 11), (95, 12), (111, 14), (94, 15), (110, 16), (93, 17), (110, 17), (108, 18), (109, 18), (105, 19), (106, 19), (107, 19), (92, 20), (103, 20), (104, 20), (100, 21), (101, 21), (102, 21), (91, 22), (98, 22), (99, 22), (91, 23), (95, 23), (96, 23), (97, 23), (92, 24), (93, 24), (94, 24)]
[(110, 17), (108, 18), (109, 18), (111, 18), (105, 19), (106, 19), (107, 19), (103, 20), (104, 20), (110, 20), (100, 21), (101, 21), (102, 21), (98, 22), (99, 22), (95, 23), (96, 23), (97, 23), (109, 23), (92, 24), (93, 24), (94, 24), (108, 25), (91, 26), (107, 28), (90, 29), (106, 30), (89, 31), (105, 33), (88, 34), (104, 35), (87, 36), (104, 36), (102, 37), (103, 37), (99, 38), (100, 38), (101, 38), (86, 39), (97, 39), (98, 39), (94, 40), (95, 40), (96, 40), (85, 41), (92, 41), (93, 41), (85, 42), (89, 42), (90, 42), (91, 42), (86, 43), (87, 43), (88, 43)]
[(114, 17), (111, 18), (112, 18), (113, 18), (110, 20), (109, 23), (108, 25), (107, 28), (106, 30), (105, 33), (113, 34), (114, 34), (104, 35), (111, 35), (112, 35), (104, 36), (108, 36), (109, 36), (110, 36), (105, 37), (106, 37), (107, 37)]
[(113, 34), (114, 34), (111, 35), (112, 35), (108, 36), (109, 36), (110, 36), (105, 37), (106, 37), (107, 37), (104, 39), (103, 42), (102, 44), (101, 47), (100, 49), (112, 51), (113, 51), (114, 51), (99, 52), (110, 52), (111, 52), (107, 53), (108, 53), (109, 53), (98, 54), (105, 54), (106, 54), (98, 55), (102, 55), (103, 55), (104, 55), (99, 56), (100, 56), (101, 56)]
[(114, 60), (113, 62), (112, 65), (111, 67), (111, 68), (112, 69), (113, 69), (114, 69)]
[(59, 16), (57, 17), (58, 17), (60, 17), (54, 18), (55, 18), (56, 18), (52, 19), (53, 19), (59, 19), (49, 20), (50, 20), (51, 20), (47, 21), (48, 21), (44, 22), (45, 22), (46, 22), (58, 22), (41, 23), (42, 23), (43, 23), (57, 24), (40, 25), (56, 27), (39, 28), (55, 29), (38, 30), (54, 32), (37, 33), (53, 34), (36, 35), (53, 35), (51, 36), (52, 36), (48, 37), (49, 37), (50, 37), (35, 38), (46, 38), (47, 38), (43, 39), (44, 39), (45, 39), (34, 40), (41, 40), (42, 40), (34, 41), (38, 41), (39, 41), (40, 41), (35, 42), (36, 42), (37, 42)]
[(78, 10), (76, 11), (77, 11), (79, 11), (73, 12), (74, 12), (75, 12), (71, 13), (72, 13), (78, 13), (68, 14), (69, 14), (70, 14), (66, 15), (67, 15), (63, 16), (64, 16), (65, 16), (77, 16), (60, 17), (61, 17), (62, 17), (76, 18), (59, 19), (75, 21), (58, 22), (74, 23), (57, 24), (73, 26), (56, 27), (72, 28), (55, 29), (72, 29), (70, 30), (71, 30), (67, 31), (68, 31), (69, 31), (54, 32), (65, 32), (66, 32), (62, 33), (63, 33), (64, 33), (53, 34), (60, 34), (61, 34), (53, 35), (57, 35), (58, 35), (59, 35), (54, 36), (55, 36), (56, 36)]
[(72, 29), (70, 30), (71, 30), (73, 30), (67, 31), (68, 31), (69, 31), (65, 32), (66, 32), (72, 32), (62, 33), (63, 33), (64, 33), (60, 34), (61, 34), (57, 35), (58, 35), (59, 35), (71, 35), (54, 36), (55, 36), (56, 36), (70, 37), (53, 38), (69, 40), (52, 41), (68, 42), (51, 43), (67, 45), (50, 46), (66, 47), (49, 48), (66, 48), (64, 49), (65, 49), (61, 50), (62, 50), (63, 50), (48, 51), (59, 51), (60, 51), (56, 52), (57, 52), (58, 52), (47, 53), (54, 53), (55, 53), (47, 54), (51, 54), (52, 54), (53, 54), (48, 55), (49, 55), (50, 55)]
[(91, 23), (89, 24), (90, 24), (92, 24), (86, 25), (87, 25), (88, 25), (84, 26), (85, 26), (91, 26), (81, 27), (82, 27), (83, 27), (79, 28), (80, 28), (76, 29), (77, 29), (78, 29), (90, 29), (73, 30), (74, 30), (75, 30), (89, 31), (72, 32), (88, 34), (71, 35), (87, 36), (70, 37), (86, 39), (69, 40), (85, 41), (68, 42), (85, 42), (83, 43), (84, 43), (80, 44), (81, 44), (82, 44), (67, 45), (78, 45), (79, 45), (75, 46), (76, 46), (77, 46), (66, 47), (73, 47), (74, 47), (66, 48), (70, 48), (71, 48), (72, 48), (67, 49), (68, 49), (69, 49)]
[(85, 42), (83, 43), (84, 43), (86, 43), (80, 44), (81, 44), (82, 44), (78, 45), (79, 45), (85, 45), (75, 46), (76, 46), (77, 46), (73, 47), (74, 47), (70, 48), (71, 48), (72, 48), (84, 48), (67, 49), (68, 49), (69, 49), (83, 50), (66, 51), (82, 53), (65, 54), (81, 55), (64, 56), (80, 58), (63, 59), (79, 60), (62, 61), (79, 61), (77, 62), (78, 62), (74, 63), (75, 63), (76, 63), (61, 64), (72, 64), (73, 64), (69, 65), (70, 65), (71, 65), (60, 66), (67, 66), (68, 66), (60, 67), (64, 67), (65, 67), (66, 67), (61, 68), (62, 68), (63, 68)]
[(104, 36), (102, 37), (103, 37), (105, 37), (99, 38), (100, 38), (101, 38), (97, 39), (98, 39), (104, 39), (94, 40), (95, 40), (96, 40), (92, 41), (93, 41), (89, 42), (90, 42), (91, 42), (103, 42), (86, 43), (87, 43), (88, 43), (102, 44), (85, 45), (101, 47), (84, 48), (100, 49), (83, 50), (99, 52), (82, 53), (98, 54), (81, 55), (98, 55), (96, 56), (97, 56), (93, 57), (94, 57), (95, 57), (80, 58), (91, 58), (92, 58), (88, 59), (89, 59), (90, 59), (79, 60), (86, 60), (87, 60), (79, 61), (83, 61), (84, 61), (85, 61), (80, 62), (81, 62), (82, 62)]
[(98, 55), (96, 56), (97, 56), (99, 56), (93, 57), (94, 57), (95, 57), (91, 58), (92, 58), (98, 58), (88, 59), (89, 59), (90, 59), (86, 60), (87, 60), (83, 61), (84, 61), (85, 61), (97, 61), (80, 62), (81, 62), (82, 62), (96, 63), (79, 64), (95, 66), (78, 67), (94, 68), (77, 69), (93, 71), (76, 72), (92, 73), (75, 74), (92, 74), (90, 75), (91, 75), (87, 76), (88, 76), (89, 76), (74, 77), (85, 77), (86, 77), (82, 78), (83, 78), (84, 78), (73, 79), (80, 79), (81, 79), (73, 80), (77, 80), (78, 80), (79, 80), (74, 81), (75, 81), (76, 81)]
[(112, 51), (113, 51), (114, 51), (110, 52), (111, 52), (107, 53), (108, 53), (109, 53), (105, 54), (106, 54), (102, 55), (103, 55), (104, 55), (99, 56), (100, 56), (101, 56), (98, 58), (114, 60), (97, 61), (113, 62), (96, 63), (112, 65), (95, 66), (111, 67), (94, 68), (111, 68), (109, 69), (110, 69), (106, 70), (107, 70), (108, 70), (93, 71), (104, 71), (105, 71), (101, 72), (102, 72), (103, 72), (92, 73), (99, 73), (100, 73), (92, 74), (96, 74), (97, 74), (98, 74), (93, 75), (94, 75), (95, 75)]
[(111, 68), (109, 69), (110, 69), (112, 69), (106, 70), (107, 70), (108, 70), (104, 71), (105, 71), (111, 71), (101, 72), (102, 72), (103, 72), (99, 73), (100, 73), (96, 74), (97, 74), (98, 74), (110, 74), (93, 75), (94, 75), (95, 75), (109, 76), (92, 77), (108, 79), (91, 80), (107, 81), (90, 82), (106, 84), (89, 85), (105, 86), (88, 87), (105, 87), (103, 88), (104, 88), (100, 89), (101, 89), (102, 89), (87, 90), (98, 90), (99, 90), (95, 91), (96, 91), (97, 91), (86, 92), (93, 92), (94, 92), (86, 93), (90, 93), (91, 93), (92, 93), (87, 94), (88, 94), (89, 94)]
[(112, 69), (113, 69), (114, 69), (111, 71), (110, 74), (109, 76), (108, 79), (107, 81), (106, 84), (114, 85), (105, 86), (112, 86), (113, 86), (105, 87), (109, 87), (110, 87), (111, 87), (106, 88), (107, 88), (108, 88)]
[(114, 85), (112, 86), (113, 86), (109, 87), (110, 87), (111, 87), (106, 88), (107, 88), (108, 88), (105, 90), (104, 93), (103, 95), (102, 98), (101, 100), (113, 102), (114, 102), (100, 103), (111, 103), (112, 103), (108, 104), (109, 104), (110, 104), (99, 105), (106, 105), (107, 105), (99, 106), (103, 106), (104, 106), (105, 106), (100, 107), (101, 107), (102, 107)]
[(34, 41), (32, 42), (33, 42), (35, 42), (29, 43), (30, 43), (31, 43), (27, 44), (28, 44), (34, 44), (24, 45), (25, 45), (26, 45), (22, 46), (23, 46), (19, 47), (20, 47), (21, 47), (33, 47), (16, 48), (17, 48), (18, 48), (32, 49), (15, 50), (31, 52), (14, 53), (30, 54), (13, 55), (29, 57), (12, 58), (28, 59), (11, 60), (28, 60), (26, 61), (27, 61), (23, 62), (24, 62), (25, 62), (10, 63), (21, 63), (22, 63), (18, 64), (19, 64), (20, 64), (9, 65), (16, 65), (17, 65), (9, 66), (13, 66), (14, 66), (15, 66), (10, 67), (11, 67), (12, 67)]
[(53, 35), (51, 36), (52, 36), (54, 36), (48, 37), (49, 37), (50, 37), (46, 38), (47, 38), (53, 38), (43, 39), (44, 39), (45, 39), (41, 40), (42, 40), (38, 41), (39, 41), (40, 41), (52, 41), (35, 42), (36, 42), (37, 42), (51, 43), (34, 44), (50, 46), (33, 47), (49, 48), (32, 49), (48, 51), (31, 52), (47, 53), (30, 54), (47, 54), (45, 55), (46, 55), (42, 56), (43, 56), (44, 56), (29, 57), (40, 57), (41, 57), (37, 58), (38, 58), (39, 58), (28, 59), (35, 59), (36, 59), (28, 60), (32, 60), (33, 60), (34, 60), (29, 61), (30, 61), (31, 61)]
[(47, 54), (45, 55), (46, 55), (48, 55), (42, 56), (43, 56), (44, 56), (40, 57), (41, 57), (47, 57), (37, 58), (38, 58), (39, 58), (35, 59), (36, 59), (32, 60), (33, 60), (34, 60), (46, 60), (29, 61), (30, 61), (31, 61), (45, 62), (28, 63), (44, 65), (27, 66), (43, 67), (26, 68), (42, 70), (25, 71), (41, 72), (24, 73), (41, 73), (39, 74), (40, 74), (36, 75), (37, 75), (38, 75), (23, 76), (34, 76), (35, 76), (31, 77), (32, 77), (33, 77), (22, 78), (29, 78), (30, 78), (22, 79), (26, 79), (27, 79), (28, 79), (23, 80), (24, 80), (25, 80)]
[(66, 48), (64, 49), (65, 49), (67, 49), (61, 50), (62, 50), (63, 50), (59, 51), (60, 51), (66, 51), (56, 52), (57, 52), (58, 52), (54, 53), (55, 53), (51, 54), (52, 54), (53, 54), (65, 54), (48, 55), (49, 55), (50, 55), (64, 56), (47, 57), (63, 59), (46, 60), (62, 61), (45, 62), (61, 64), (44, 65), (60, 66), (43, 67), (60, 67), (58, 68), (59, 68), (55, 69), (56, 69), (57, 69), (42, 70), (53, 70), (54, 70), (50, 71), (51, 71), (52, 71), (41, 72), (48, 72), (49, 72), (41, 73), (45, 73), (46, 73), (47, 73), (42, 74), (43, 74), (44, 74)]
[(60, 67), (58, 68), (59, 68), (61, 68), (55, 69), (56, 69), (57, 69), (53, 70), (54, 70), (60, 70), (50, 71), (51, 71), (52, 71), (48, 72), (49, 72), (45, 73), (46, 73), (47, 73), (59, 73), (42, 74), (43, 74), (44, 74), (58, 75), (41, 76), (57, 78), (40, 79), (56, 80), (39, 81), (55, 83), (38, 84), (54, 85), (37, 86), (54, 86), (52, 87), (53, 87), (49, 88), (50, 88), (51, 88), (36, 89), (47, 89), (48, 89), (44, 90), (45, 90), (46, 90), (35, 91), (42, 91), (43, 91), (35, 92), (39, 92), (40, 92), (41, 92), (36, 93), (37, 93), (38, 93)]
[(79, 61), (77, 62), (78, 62), (80, 62), (74, 63), (75, 63), (76, 63), (72, 64), (73, 64), (79, 64), (69, 65), (70, 65), (71, 65), (67, 66), (68, 66), (64, 67), (65, 67), (66, 67), (78, 67), (61, 68), (62, 68), (63, 68), (77, 69), (60, 70), (76, 72), (59, 73), (75, 74), (58, 75), (74, 77), (57, 78), (73, 79), (56, 80), (73, 80), (71, 81), (72, 81), (68, 82), (69, 82), (70, 82), (55, 83), (66, 83), (67, 83), (63, 84), (64, 84), (65, 84), (54, 85), (61, 85), (62, 85), (54, 86), (58, 86), (59, 86), (60, 86), (55, 87), (56, 87), (57, 87)]
[(73, 80), (71, 81), (72, 81), (74, 81), (68, 82), (69, 82), (70, 82), (66, 83), (67, 83), (73, 83), (63, 84), (64, 84), (65, 84), (61, 85), (62, 85), (58, 86), (59, 86), (60, 86), (72, 86), (55, 87), (56, 87), (57, 87), (71, 88), (54, 89), (70, 91), (53, 92), (69, 93), (52, 94), (68, 96), (51, 97), (67, 98), (50, 99), (67, 99), (65, 100), (66, 100), (62, 101), (63, 101), (64, 101), (49, 102), (60, 102), (61, 102), (57, 103), (58, 103), (59, 103), (48, 104), (55, 104), (56, 104), (48, 105), (52, 105), (53, 105), (54, 105), (49, 106), (50, 106), (51, 106)]
[(92, 74), (90, 75), (91, 75), (93, 75), (87, 76), (88, 76), (89, 76), (85, 77), (86, 77), (92, 77), (82, 78), (83, 78), (84, 78), (80, 79), (81, 79), (77, 80), (78, 80), (79, 80), (91, 80), (74, 81), (75, 81), (76, 81), (90, 82), (73, 83), (89, 85), (72, 86), (88, 87), (71, 88), (87, 90), (70, 91), (86, 92), (69, 93), (86, 93), (84, 94), (85, 94), (81, 95), (82, 95), (83, 95), (68, 96), (79, 96), (80, 96), (76, 97), (77, 97), (78, 97), (67, 98), (74, 98), (75, 98), (67, 99), (71, 99), (72, 99), (73, 99), (68, 100), (69, 100), (70, 100)]
[(86, 93), (84, 94), (85, 94), (87, 94), (81, 95), (82, 95), (83, 95), (79, 96), (80, 96), (86, 96), (76, 97), (77, 97), (78, 97), (74, 98), (75, 98), (71, 99), (72, 99), (73, 99), (85, 99), (68, 100), (69, 100), (70, 100), (84, 101), (67, 102), (83, 104), (66, 105), (82, 106), (65, 107), (81, 109), (64, 110), (80, 111), (63, 112), (80, 112), (78, 113), (79, 113), (75, 114), (76, 114), (77, 114)]
[(105, 87), (103, 88), (104, 88), (106, 88), (100, 89), (101, 89), (102, 89), (98, 90), (99, 90), (105, 90), (95, 91), (96, 91), (97, 91), (93, 92), (94, 92), (90, 93), (91, 93), (92, 93), (104, 93), (87, 94), (88, 94), (89, 94), (103, 95), (86, 96), (102, 98), (85, 99), (101, 100), (84, 101), (100, 103), (83, 104), (99, 105), (82, 106), (99, 106), (97, 107), (98, 107), (94, 108), (95, 108), (96, 108), (81, 109), (92, 109), (93, 109), (89, 110), (90, 110), (91, 110), (80, 111), (87, 111), (88, 111), (80, 112), (84, 112), (85, 112), (86, 112), (81, 113), (82, 113), (83, 113)]
[(99, 106), (97, 107), (98, 107), (100, 107), (94, 108), (95, 108), (96, 108), (92, 109), (93, 109), (99, 109), (89, 110), (90, 110), (91, 110), (87, 111), (88, 111), (84, 112), (85, 112), (86, 112), (98, 112), (81, 113), (82, 113), (83, 113), (97, 114)]
[(113, 102), (114, 102), (111, 103), (112, 103), (108, 104), (109, 104), (110, 104), (106, 105), (107, 105), (103, 106), (104, 106), (105, 106), (100, 107), (101, 107), (102, 107), (99, 109), (98, 112), (114, 113), (97, 114)]
[(28, 60), (26, 61), (27, 61), (29, 61), (23, 62), (24, 62), (25, 62), (21, 63), (22, 63), (28, 63), (18, 64), (19, 64), (20, 64), (16, 65), (17, 65), (13, 66), (14, 66), (15, 66), (27, 66), (10, 67), (11, 67), (12, 67), (26, 68), (9, 69), (25, 71), (8, 72), (24, 73), (7, 74), (23, 76), (6, 77), (22, 78), (5, 79), (22, 79), (20, 80), (21, 80), (17, 81), (18, 81), (19, 81), (4, 82), (15, 82), (16, 82), (12, 83), (13, 83), (14, 83), (3, 84), (10, 84), (11, 84), (3, 85), (7, 85), (8, 85), (9, 85), (4, 86), (5, 86), (6, 86)]
[(22, 79), (20, 80), (21, 80), (23, 80), (17, 81), (18, 81), (19, 81), (15, 82), (16, 82), (22, 82), (12, 83), (13, 83), (14, 83), (10, 84), (11, 84), (7, 85), (8, 85), (9, 85), (21, 85), (4, 86), (5, 86), (6, 86), (20, 87), (3, 88), (19, 90), (2, 91), (18, 92), (1, 93), (17, 95), (0, 96), (16, 97), (16, 98), (14, 99), (15, 99), (11, 100), (12, 100), (13, 100), (9, 101), (10, 101), (6, 102), (7, 102), (8, 102), (4, 103), (5, 103), (1, 104), (2, 104), (3, 104), (0, 105)]
[(41, 73), (39, 74), (40, 74), (42, 74), (36, 75), (37, 75), (38, 75), (34, 76), (35, 76), (41, 76), (31, 77), (32, 77), (33, 77), (29, 78), (30, 78), (26, 79), (27, 79), (28, 79), (40, 79), (23, 80), (24, 80), (25, 80), (39, 81), (22, 82), (38, 84), (21, 85), (37, 86), (20, 87), (36, 89), (19, 90), (35, 91), (18, 92), (35, 92), (33, 93), (34, 93), (30, 94), (31, 94), (32, 94), (17, 95), (28, 95), (29, 95), (25, 96), (26, 96), (27, 96), (16, 97), (23, 97), (24, 97), (16, 98), (20, 98), (21, 98), (22, 98), (17, 99), (18, 99), (19, 99)]
[(35, 92), (33, 93), (34, 93), (36, 93), (30, 94), (31, 94), (32, 94), (28, 95), (29, 95), (35, 95), (25, 96), (26, 96), (27, 96), (23, 97), (24, 97), (20, 98), (21, 98), (22, 98), (34, 98), (17, 99), (18, 99), (19, 99), (33, 100), (16, 101), (32, 103), (15, 104), (31, 105), (14, 106), (30, 108), (13, 109), (29, 110), (12, 111), (29, 111), (27, 112), (28, 112), (24, 113), (25, 113), (26, 113), (11, 114), (22, 114), (23, 114)]
[(54, 86), (52, 87), (53, 87), (55, 87), (49, 88), (50, 88), (51, 88), (47, 89), (48, 89), (54, 89), (44, 90), (45, 90), (46, 90), (42, 91), (43, 91), (39, 92), (40, 92), (41, 92), (53, 92), (36, 93), (37, 93), (38, 93), (52, 94), (35, 95), (51, 97), (34, 98), (50, 99), (33, 100), (49, 102), (32, 103), (48, 104), (31, 105), (48, 105), (46, 106), (47, 106), (43, 107), (44, 107), (45, 107), (30, 108), (41, 108), (42, 108), (38, 109), (39, 109), (40, 109), (29, 110), (36, 110), (37, 110), (29, 111), (33, 111), (34, 111), (35, 111), (30, 112), (31, 112), (32, 112)]
[(48, 105), (46, 106), (47, 106), (49, 106), (43, 107), (44, 107), (45, 107), (41, 108), (42, 108), (48, 108), (38, 109), (39, 109), (40, 109), (36, 110), (37, 110), (33, 111), (34, 111), (35, 111), (47, 111), (30, 112), (31, 112), (32, 112), (46, 113), (29, 114)]
[(67, 99), (65, 100), (66, 100), (68, 100), (62, 101), (63, 101), (64, 101), (60, 102), (61, 102), (67, 102), (57, 103), (58, 103), (59, 103), (55, 104), (56, 104), (52, 105), (53, 105), (54, 105), (66, 105), (49, 106), (50, 106), (51, 106), (65, 107), (48, 108), (64, 110), (47, 111), (63, 112), (46, 113)]
[(80, 112), (78, 113), (79, 113), (81, 113), (75, 114), (76, 114), (77, 114)]
[(16, 98), (14, 99), (15, 99), (17, 99), (11, 100), (12, 100), (13, 100), (9, 101), (10, 101), (16, 101), (6, 102), (7, 102), (8, 102), (4, 103), (5, 103), (1, 104), (2, 104), (3, 104), (15, 104), (0, 105), (14, 106), (13, 109), (12, 111), (11, 114)]
[(29, 111), (27, 112), (28, 112), (30, 112), (24, 113), (25, 113), (26, 113), (22, 114), (23, 114), (29, 114)]
