[(113, 5), (114, 5), (111, 6), (112, 6), (108, 7), (109, 7), (110, 7), (105, 8), (106, 8), (107, 8), (103, 9), (104, 9), (100, 10), (101, 10), (102, 10), (97, 11), (98, 11), (99, 11), (96, 13), (95, 16), (94, 18), (93, 21), (114, 23), (92, 24), (113, 25), (91, 26), (112, 27), (113, 27), (91, 28), (110, 28), (111, 28), (92, 29), (107, 29), (108, 29), (109, 29), (93, 30), (104, 30), (105, 30), (106, 30), (94, 31), (102, 31), (103, 31), (95, 32), (99, 32), (100, 32), (101, 32), (96, 33), (97, 33), (98, 33)]
[(114, 23), (113, 25), (113, 27), (114, 28)]
[(114, 42), (113, 45), (112, 47), (112, 49), (113, 50), (114, 51)]
[(69, 7), (70, 7), (67, 8), (68, 8), (71, 8), (64, 9), (65, 9), (66, 9), (72, 9), (61, 10), (62, 10), (63, 10), (73, 10), (59, 11), (60, 11), (74, 11), (56, 12), (57, 12), (58, 12), (75, 12), (53, 13), (54, 13), (55, 13), (74, 14), (52, 15), (73, 17), (51, 18), (72, 19), (50, 20), (71, 22), (49, 23), (70, 25), (48, 26), (69, 27), (47, 28), (68, 29), (69, 29), (47, 30), (66, 30), (67, 30), (48, 31), (63, 31), (64, 31), (65, 31), (49, 32), (60, 32), (61, 32), (62, 32), (50, 33), (58, 33), (59, 33), (51, 34), (55, 34), (56, 34), (57, 34), (52, 35), (53, 35), (54, 35)]
[(91, 6), (92, 6), (89, 7), (90, 7), (93, 7), (86, 8), (87, 8), (88, 8), (94, 8), (83, 9), (84, 9), (85, 9), (95, 9), (81, 10), (82, 10), (96, 10), (78, 11), (79, 11), (80, 11), (97, 11), (75, 12), (76, 12), (77, 12), (96, 13), (74, 14), (95, 16), (73, 17), (94, 18), (72, 19), (93, 21), (71, 22), (92, 24), (70, 25), (91, 26), (69, 27), (90, 28), (91, 28), (69, 29), (88, 29), (89, 29), (70, 30), (85, 30), (86, 30), (87, 30), (71, 31), (82, 31), (83, 31), (84, 31), (72, 32), (80, 32), (81, 32), (73, 33), (77, 33), (78, 33), (79, 33), (74, 34), (75, 34), (76, 34)]
[(90, 28), (91, 28), (88, 29), (89, 29), (92, 29), (85, 30), (86, 30), (87, 30), (93, 30), (82, 31), (83, 31), (84, 31), (94, 31), (80, 32), (81, 32), (95, 32), (77, 33), (78, 33), (79, 33), (96, 33), (74, 34), (75, 34), (76, 34), (95, 35), (73, 36), (94, 38), (72, 39), (93, 40), (71, 41), (92, 43), (70, 44), (91, 46), (69, 47), (90, 48), (68, 49), (89, 50), (90, 50), (68, 51), (87, 51), (88, 51), (69, 52), (84, 52), (85, 52), (86, 52), (70, 53), (81, 53), (82, 53), (83, 53), (71, 54), (79, 54), (80, 54), (72, 55), (76, 55), (77, 55), (78, 55), (73, 56), (74, 56), (75, 56)]
[(112, 27), (113, 27), (110, 28), (111, 28), (114, 28), (107, 29), (108, 29), (109, 29), (104, 30), (105, 30), (106, 30), (102, 31), (103, 31), (99, 32), (100, 32), (101, 32), (96, 33), (97, 33), (98, 33), (95, 35), (94, 38), (93, 40), (114, 42), (92, 43), (113, 45), (91, 46), (112, 47), (90, 48), (111, 49), (112, 49), (90, 50), (109, 50), (110, 50), (91, 51), (106, 51), (107, 51), (108, 51), (92, 52), (103, 52), (104, 52), (105, 52), (93, 53), (101, 53), (102, 53), (94, 54), (98, 54), (99, 54), (100, 54), (95, 55), (96, 55), (97, 55)]
[(111, 49), (112, 49), (109, 50), (110, 50), (113, 50), (106, 51), (107, 51), (108, 51), (114, 51), (103, 52), (104, 52), (105, 52), (101, 53), (102, 53), (98, 54), (99, 54), (100, 54), (95, 55), (96, 55), (97, 55), (94, 57), (93, 60), (114, 61), (92, 62), (113, 64), (91, 65), (112, 67), (90, 68), (111, 69), (89, 70), (110, 71), (111, 71), (89, 72), (108, 72), (109, 72), (90, 73), (105, 73), (106, 73), (107, 73), (91, 74), (102, 74), (103, 74), (104, 74), (92, 75), (100, 75), (101, 75), (93, 76), (97, 76), (98, 76), (99, 76), (94, 77), (95, 77), (96, 77)]
[(114, 61), (113, 64), (112, 67), (111, 69), (111, 71), (112, 72), (113, 73), (114, 74)]
[(46, 30), (47, 30), (44, 31), (45, 31), (48, 31), (41, 32), (42, 32), (43, 32), (49, 32), (38, 33), (39, 33), (40, 33), (50, 33), (36, 34), (37, 34), (51, 34), (33, 35), (34, 35), (35, 35), (52, 35), (30, 36), (31, 36), (32, 36), (51, 37), (29, 38), (50, 40), (28, 41), (49, 42), (27, 43), (48, 45), (26, 46), (47, 48), (25, 49), (46, 50), (24, 51), (45, 52), (46, 52), (24, 53), (43, 53), (44, 53), (25, 54), (40, 54), (41, 54), (42, 54), (26, 55), (37, 55), (38, 55), (39, 55), (27, 56), (35, 56), (36, 56), (28, 57), (32, 57), (33, 57), (34, 57), (29, 58), (30, 58), (31, 58)]
[(68, 29), (69, 29), (66, 30), (67, 30), (70, 30), (63, 31), (64, 31), (65, 31), (71, 31), (60, 32), (61, 32), (62, 32), (72, 32), (58, 33), (59, 33), (73, 33), (55, 34), (56, 34), (57, 34), (74, 34), (52, 35), (53, 35), (54, 35), (73, 36), (51, 37), (72, 39), (50, 40), (71, 41), (49, 42), (70, 44), (48, 45), (69, 47), (47, 48), (68, 49), (46, 50), (67, 51), (68, 51), (46, 52), (65, 52), (66, 52), (47, 53), (62, 53), (63, 53), (64, 53), (48, 54), (59, 54), (60, 54), (61, 54), (49, 55), (57, 55), (58, 55), (50, 56), (54, 56), (55, 56), (56, 56), (51, 57), (52, 57), (53, 57)]
[(67, 51), (68, 51), (65, 52), (66, 52), (69, 52), (62, 53), (63, 53), (64, 53), (70, 53), (59, 54), (60, 54), (61, 54), (71, 54), (57, 55), (58, 55), (72, 55), (54, 56), (55, 56), (56, 56), (73, 56), (51, 57), (52, 57), (53, 57), (72, 58), (50, 59), (71, 61), (49, 62), (70, 63), (48, 64), (69, 66), (47, 67), (68, 69), (46, 70), (67, 71), (45, 72), (66, 73), (67, 73), (45, 74), (64, 74), (65, 74), (46, 75), (61, 75), (62, 75), (63, 75), (47, 76), (58, 76), (59, 76), (60, 76), (48, 77), (56, 77), (57, 77), (49, 78), (53, 78), (54, 78), (55, 78), (50, 79), (51, 79), (52, 79)]
[(89, 50), (90, 50), (87, 51), (88, 51), (91, 51), (84, 52), (85, 52), (86, 52), (92, 52), (81, 53), (82, 53), (83, 53), (93, 53), (79, 54), (80, 54), (94, 54), (76, 55), (77, 55), (78, 55), (95, 55), (73, 56), (74, 56), (75, 56), (94, 57), (72, 58), (93, 60), (71, 61), (92, 62), (70, 63), (91, 65), (69, 66), (90, 68), (68, 69), (89, 70), (67, 71), (88, 72), (89, 72), (67, 73), (86, 73), (87, 73), (68, 74), (83, 74), (84, 74), (85, 74), (69, 75), (80, 75), (81, 75), (82, 75), (70, 76), (78, 76), (79, 76), (71, 77), (75, 77), (76, 77), (77, 77), (72, 78), (73, 78), (74, 78)]
[(88, 72), (89, 72), (86, 73), (87, 73), (90, 73), (83, 74), (84, 74), (85, 74), (91, 74), (80, 75), (81, 75), (82, 75), (92, 75), (78, 76), (79, 76), (93, 76), (75, 77), (76, 77), (77, 77), (94, 77), (72, 78), (73, 78), (74, 78), (93, 79), (71, 80), (92, 82), (70, 83), (91, 84), (69, 85), (90, 87), (68, 88), (89, 90), (67, 91), (88, 92), (66, 93), (87, 94), (88, 94), (66, 95), (85, 95), (86, 95), (67, 96), (82, 96), (83, 96), (84, 96), (68, 97), (79, 97), (80, 97), (81, 97), (69, 98), (77, 98), (78, 98), (70, 99), (74, 99), (75, 99), (76, 99), (71, 100), (72, 100), (73, 100)]
[(110, 71), (111, 71), (108, 72), (109, 72), (112, 72), (105, 73), (106, 73), (107, 73), (113, 73), (102, 74), (103, 74), (104, 74), (114, 74), (100, 75), (101, 75), (97, 76), (98, 76), (99, 76), (94, 77), (95, 77), (96, 77), (93, 79), (114, 81), (92, 82), (113, 83), (91, 84), (112, 86), (90, 87), (111, 89), (89, 90), (110, 91), (88, 92), (109, 93), (110, 93), (88, 94), (107, 94), (108, 94), (89, 95), (104, 95), (105, 95), (106, 95), (90, 96), (101, 96), (102, 96), (103, 96), (91, 97), (99, 97), (100, 97), (92, 98), (96, 98), (97, 98), (98, 98), (93, 99), (94, 99), (95, 99)]
[(45, 52), (46, 52), (43, 53), (44, 53), (47, 53), (40, 54), (41, 54), (42, 54), (48, 54), (37, 55), (38, 55), (39, 55), (49, 55), (35, 56), (36, 56), (50, 56), (32, 57), (33, 57), (34, 57), (51, 57), (29, 58), (30, 58), (31, 58), (50, 59), (28, 60), (49, 62), (27, 63), (48, 64), (26, 65), (47, 67), (25, 68), (46, 70), (24, 71), (45, 72), (23, 73), (44, 74), (45, 74), (23, 75), (42, 75), (43, 75), (24, 76), (39, 76), (40, 76), (41, 76), (25, 77), (36, 77), (37, 77), (38, 77), (26, 78), (34, 78), (35, 78), (27, 79), (31, 79), (32, 79), (33, 79), (28, 80), (29, 80), (30, 80)]
[(44, 74), (45, 74), (42, 75), (43, 75), (46, 75), (39, 76), (40, 76), (41, 76), (47, 76), (36, 77), (37, 77), (38, 77), (48, 77), (34, 78), (35, 78), (49, 78), (31, 79), (32, 79), (33, 79), (50, 79), (28, 80), (29, 80), (30, 80), (49, 81), (27, 82), (48, 84), (26, 85), (47, 86), (25, 87), (46, 89), (24, 90), (45, 92), (23, 93), (44, 94), (22, 95), (43, 96), (44, 96), (22, 97), (41, 97), (42, 97), (23, 98), (38, 98), (39, 98), (40, 98), (24, 99), (35, 99), (36, 99), (37, 99), (25, 100), (33, 100), (34, 100), (26, 101), (30, 101), (31, 101), (32, 101), (27, 102), (28, 102), (29, 102)]
[(66, 73), (67, 73), (64, 74), (65, 74), (68, 74), (61, 75), (62, 75), (63, 75), (69, 75), (58, 76), (59, 76), (60, 76), (70, 76), (56, 77), (57, 77), (71, 77), (53, 78), (54, 78), (55, 78), (72, 78), (50, 79), (51, 79), (52, 79), (71, 80), (49, 81), (70, 83), (48, 84), (69, 85), (47, 86), (68, 88), (46, 89), (67, 91), (45, 92), (66, 93), (44, 94), (65, 95), (66, 95), (44, 96), (63, 96), (64, 96), (45, 97), (60, 97), (61, 97), (62, 97), (46, 98), (57, 98), (58, 98), (59, 98), (47, 99), (55, 99), (56, 99), (48, 100), (52, 100), (53, 100), (54, 100), (49, 101), (50, 101), (51, 101)]
[(65, 95), (66, 95), (63, 96), (64, 96), (67, 96), (60, 97), (61, 97), (62, 97), (68, 97), (57, 98), (58, 98), (59, 98), (69, 98), (55, 99), (56, 99), (70, 99), (52, 100), (53, 100), (54, 100), (71, 100), (49, 101), (50, 101), (51, 101), (70, 102), (48, 103), (69, 105), (47, 106), (68, 107), (46, 108), (67, 110), (45, 111), (66, 113), (44, 114)]
[(87, 94), (88, 94), (85, 95), (86, 95), (89, 95), (82, 96), (83, 96), (84, 96), (90, 96), (79, 97), (80, 97), (81, 97), (91, 97), (77, 98), (78, 98), (92, 98), (74, 99), (75, 99), (76, 99), (93, 99), (71, 100), (72, 100), (73, 100), (92, 101), (70, 102), (91, 104), (69, 105), (90, 106), (68, 107), (89, 109), (67, 110), (88, 112), (66, 113), (87, 114)]
[(43, 96), (44, 96), (41, 97), (42, 97), (45, 97), (38, 98), (39, 98), (40, 98), (46, 98), (35, 99), (36, 99), (37, 99), (47, 99), (33, 100), (34, 100), (48, 100), (30, 101), (31, 101), (32, 101), (49, 101), (27, 102), (28, 102), (29, 102), (48, 103), (26, 104), (47, 106), (25, 107), (46, 108), (24, 109), (45, 111), (23, 112), (44, 114)]
