[(71, 11), (72, 11), (66, 12), (67, 12), (68, 12), (69, 12), (70, 12), (73, 12), (62, 13), (63, 13), (64, 13), (65, 13), (57, 14), (58, 14), (59, 14), (60, 14), (61, 14), (72, 16), (56, 18), (71, 20), (55, 22), (70, 25), (54, 27), (69, 27), (70, 27), (64, 28), (65, 28), (66, 28), (67, 28), (68, 28), (54, 29), (60, 29), (61, 29), (62, 29), (63, 29), (55, 30), (56, 30), (57, 30), (58, 30), (59, 30)]
[(87, 9), (88, 9), (82, 10), (83, 10), (84, 10), (85, 10), (86, 10), (89, 10), (78, 11), (79, 11), (80, 11), (81, 11), (73, 12), (74, 12), (75, 12), (76, 12), (77, 12), (88, 14), (72, 16), (87, 18), (71, 20), (86, 23), (70, 25), (85, 25), (86, 25), (80, 26), (81, 26), (82, 26), (83, 26), (84, 26), (70, 27), (76, 27), (77, 27), (78, 27), (79, 27), (71, 28), (72, 28), (73, 28), (74, 28), (75, 28)]
[(85, 25), (86, 25), (80, 26), (81, 26), (82, 26), (83, 26), (84, 26), (87, 26), (76, 27), (77, 27), (78, 27), (79, 27), (71, 28), (72, 28), (73, 28), (74, 28), (75, 28), (86, 30), (70, 32), (85, 34), (69, 36), (84, 39), (68, 41), (83, 41), (84, 41), (78, 42), (79, 42), (80, 42), (81, 42), (82, 42), (68, 43), (74, 43), (75, 43), (76, 43), (77, 43), (69, 44), (70, 44), (71, 44), (72, 44), (73, 44)]
[(101, 23), (102, 23), (96, 24), (97, 24), (98, 24), (99, 24), (100, 24), (103, 24), (92, 25), (93, 25), (94, 25), (95, 25), (87, 26), (88, 26), (89, 26), (90, 26), (91, 26), (102, 28), (86, 30), (101, 32), (85, 34), (100, 37), (84, 39), (99, 39), (100, 39), (94, 40), (95, 40), (96, 40), (97, 40), (98, 40), (84, 41), (90, 41), (91, 41), (92, 41), (93, 41), (85, 42), (86, 42), (87, 42), (88, 42), (89, 42)]
[(99, 39), (100, 39), (94, 40), (95, 40), (96, 40), (97, 40), (98, 40), (101, 40), (90, 41), (91, 41), (92, 41), (93, 41), (85, 42), (86, 42), (87, 42), (88, 42), (89, 42), (100, 44), (84, 46), (99, 48), (83, 50), (98, 53), (82, 55), (97, 55), (98, 55), (92, 56), (93, 56), (94, 56), (95, 56), (96, 56), (82, 57), (88, 57), (89, 57), (90, 57), (91, 57), (83, 58), (84, 58), (85, 58), (86, 58), (87, 58)]
[(110, 38), (111, 38), (112, 38), (113, 38), (114, 38), (106, 39), (107, 39), (108, 39), (109, 39), (101, 40), (102, 40), (103, 40), (104, 40), (105, 40), (100, 44), (99, 48), (114, 51), (98, 53), (113, 53), (114, 53), (108, 54), (109, 54), (110, 54), (111, 54), (112, 54), (98, 55), (104, 55), (105, 55), (106, 55), (107, 55), (99, 56), (100, 56), (101, 56), (102, 56), (103, 56)]
[(113, 53), (114, 53), (108, 54), (109, 54), (110, 54), (111, 54), (112, 54), (104, 55), (105, 55), (106, 55), (107, 55), (99, 56), (100, 56), (101, 56), (102, 56), (103, 56), (114, 58), (98, 60), (113, 62), (97, 64), (112, 67), (96, 69), (111, 69), (112, 69), (106, 70), (107, 70), (108, 70), (109, 70), (110, 70), (96, 71), (102, 71), (103, 71), (104, 71), (105, 71), (97, 72), (98, 72), (99, 72), (100, 72), (101, 72)]
[(114, 58), (113, 62), (112, 67), (112, 69), (113, 70), (114, 70)]
[(113, 70), (114, 70), (112, 74), (111, 78), (110, 83), (110, 85), (111, 86), (112, 86), (113, 86), (114, 86)]
[(39, 15), (40, 15), (34, 16), (35, 16), (36, 16), (37, 16), (38, 16), (41, 16), (30, 17), (31, 17), (32, 17), (33, 17), (25, 18), (26, 18), (27, 18), (28, 18), (29, 18), (40, 20), (24, 22), (39, 24), (23, 26), (38, 29), (22, 31), (37, 31), (38, 31), (32, 32), (33, 32), (34, 32), (35, 32), (36, 32), (22, 33), (28, 33), (29, 33), (30, 33), (31, 33), (23, 34), (24, 34), (25, 34), (26, 34), (27, 34)]
[(55, 13), (56, 13), (50, 14), (51, 14), (52, 14), (53, 14), (54, 14), (57, 14), (46, 15), (47, 15), (48, 15), (49, 15), (41, 16), (42, 16), (43, 16), (44, 16), (45, 16), (56, 18), (40, 20), (55, 22), (39, 24), (54, 27), (38, 29), (53, 29), (54, 29), (48, 30), (49, 30), (50, 30), (51, 30), (52, 30), (38, 31), (44, 31), (45, 31), (46, 31), (47, 31), (39, 32), (40, 32), (41, 32), (42, 32), (43, 32)]
[(53, 29), (54, 29), (48, 30), (49, 30), (50, 30), (51, 30), (52, 30), (55, 30), (44, 31), (45, 31), (46, 31), (47, 31), (39, 32), (40, 32), (41, 32), (42, 32), (43, 32), (54, 34), (38, 36), (53, 38), (37, 40), (52, 43), (36, 45), (51, 45), (52, 45), (46, 46), (47, 46), (48, 46), (49, 46), (50, 46), (36, 47), (42, 47), (43, 47), (44, 47), (45, 47), (37, 48), (38, 48), (39, 48), (40, 48), (41, 48)]
[(69, 27), (70, 27), (64, 28), (65, 28), (66, 28), (67, 28), (68, 28), (71, 28), (60, 29), (61, 29), (62, 29), (63, 29), (55, 30), (56, 30), (57, 30), (58, 30), (59, 30), (70, 32), (54, 34), (69, 36), (53, 38), (68, 41), (52, 43), (67, 43), (68, 43), (62, 44), (63, 44), (64, 44), (65, 44), (66, 44), (52, 45), (58, 45), (59, 45), (60, 45), (61, 45), (53, 46), (54, 46), (55, 46), (56, 46), (57, 46)]
[(67, 43), (68, 43), (62, 44), (63, 44), (64, 44), (65, 44), (66, 44), (69, 44), (58, 45), (59, 45), (60, 45), (61, 45), (53, 46), (54, 46), (55, 46), (56, 46), (57, 46), (68, 48), (52, 50), (67, 52), (51, 54), (66, 57), (50, 59), (65, 59), (66, 59), (60, 60), (61, 60), (62, 60), (63, 60), (64, 60), (50, 61), (56, 61), (57, 61), (58, 61), (59, 61), (51, 62), (52, 62), (53, 62), (54, 62), (55, 62)]
[(83, 41), (84, 41), (78, 42), (79, 42), (80, 42), (81, 42), (82, 42), (85, 42), (74, 43), (75, 43), (76, 43), (77, 43), (69, 44), (70, 44), (71, 44), (72, 44), (73, 44), (84, 46), (68, 48), (83, 50), (67, 52), (82, 55), (66, 57), (81, 57), (82, 57), (76, 58), (77, 58), (78, 58), (79, 58), (80, 58), (66, 59), (72, 59), (73, 59), (74, 59), (75, 59), (67, 60), (68, 60), (69, 60), (70, 60), (71, 60)]
[(81, 57), (82, 57), (76, 58), (77, 58), (78, 58), (79, 58), (80, 58), (83, 58), (72, 59), (73, 59), (74, 59), (75, 59), (67, 60), (68, 60), (69, 60), (70, 60), (71, 60), (82, 62), (66, 64), (81, 66), (65, 68), (80, 71), (64, 73), (79, 73), (80, 73), (74, 74), (75, 74), (76, 74), (77, 74), (78, 74), (64, 75), (70, 75), (71, 75), (72, 75), (73, 75), (65, 76), (66, 76), (67, 76), (68, 76), (69, 76)]
[(97, 55), (98, 55), (92, 56), (93, 56), (94, 56), (95, 56), (96, 56), (99, 56), (88, 57), (89, 57), (90, 57), (91, 57), (83, 58), (84, 58), (85, 58), (86, 58), (87, 58), (98, 60), (82, 62), (97, 64), (81, 66), (96, 69), (80, 71), (95, 71), (96, 71), (90, 72), (91, 72), (92, 72), (93, 72), (94, 72), (80, 73), (86, 73), (87, 73), (88, 73), (89, 73), (81, 74), (82, 74), (83, 74), (84, 74), (85, 74)]
[(95, 71), (96, 71), (90, 72), (91, 72), (92, 72), (93, 72), (94, 72), (97, 72), (86, 73), (87, 73), (88, 73), (89, 73), (81, 74), (82, 74), (83, 74), (84, 74), (85, 74), (96, 76), (80, 78), (95, 80), (79, 82), (94, 85), (78, 87), (93, 87), (94, 87), (88, 88), (89, 88), (90, 88), (91, 88), (92, 88), (78, 89), (84, 89), (85, 89), (86, 89), (87, 89), (79, 90), (80, 90), (81, 90), (82, 90), (83, 90)]
[(111, 69), (112, 69), (106, 70), (107, 70), (108, 70), (109, 70), (110, 70), (113, 70), (102, 71), (103, 71), (104, 71), (105, 71), (97, 72), (98, 72), (99, 72), (100, 72), (101, 72), (112, 74), (96, 76), (111, 78), (95, 80), (110, 83), (94, 85), (109, 85), (110, 85), (104, 86), (105, 86), (106, 86), (107, 86), (108, 86), (94, 87), (100, 87), (101, 87), (102, 87), (103, 87), (95, 88), (96, 88), (97, 88), (98, 88), (99, 88)]
[(109, 85), (110, 85), (104, 86), (105, 86), (106, 86), (107, 86), (108, 86), (111, 86), (100, 87), (101, 87), (102, 87), (103, 87), (95, 88), (96, 88), (97, 88), (98, 88), (99, 88), (110, 90), (94, 92), (109, 94), (93, 96), (108, 99), (92, 101), (107, 101), (108, 101), (102, 102), (103, 102), (104, 102), (105, 102), (106, 102), (92, 103), (98, 103), (99, 103), (100, 103), (101, 103), (93, 104), (94, 104), (95, 104), (96, 104), (97, 104)]
[(111, 86), (112, 86), (113, 86), (114, 86), (110, 90), (109, 94), (108, 99), (108, 101), (114, 101), (109, 102), (110, 102), (111, 102), (112, 102), (113, 102)]
[(114, 101), (109, 102), (110, 102), (111, 102), (112, 102), (113, 102), (108, 106), (107, 110)]
[(21, 33), (22, 33), (16, 34), (17, 34), (18, 34), (19, 34), (20, 34), (23, 34), (12, 35), (13, 35), (14, 35), (15, 35), (7, 36), (8, 36), (9, 36), (10, 36), (11, 36), (22, 38), (6, 40), (21, 42), (5, 44), (20, 47), (4, 49), (19, 49), (20, 49), (14, 50), (15, 50), (16, 50), (17, 50), (18, 50), (4, 51), (10, 51), (11, 51), (12, 51), (13, 51), (5, 52), (6, 52), (7, 52), (8, 52), (9, 52)]
[(37, 31), (38, 31), (32, 32), (33, 32), (34, 32), (35, 32), (36, 32), (39, 32), (28, 33), (29, 33), (30, 33), (31, 33), (23, 34), (24, 34), (25, 34), (26, 34), (27, 34), (38, 36), (22, 38), (37, 40), (21, 42), (36, 45), (20, 47), (35, 47), (36, 47), (30, 48), (31, 48), (32, 48), (33, 48), (34, 48), (20, 49), (26, 49), (27, 49), (28, 49), (29, 49), (21, 50), (22, 50), (23, 50), (24, 50), (25, 50)]
[(35, 47), (36, 47), (30, 48), (31, 48), (32, 48), (33, 48), (34, 48), (37, 48), (26, 49), (27, 49), (28, 49), (29, 49), (21, 50), (22, 50), (23, 50), (24, 50), (25, 50), (36, 52), (20, 54), (35, 56), (19, 58), (34, 61), (18, 63), (33, 63), (34, 63), (28, 64), (29, 64), (30, 64), (31, 64), (32, 64), (18, 65), (24, 65), (25, 65), (26, 65), (27, 65), (19, 66), (20, 66), (21, 66), (22, 66), (23, 66)]
[(51, 45), (52, 45), (46, 46), (47, 46), (48, 46), (49, 46), (50, 46), (53, 46), (42, 47), (43, 47), (44, 47), (45, 47), (37, 48), (38, 48), (39, 48), (40, 48), (41, 48), (52, 50), (36, 52), (51, 54), (35, 56), (50, 59), (34, 61), (49, 61), (50, 61), (44, 62), (45, 62), (46, 62), (47, 62), (48, 62), (34, 63), (40, 63), (41, 63), (42, 63), (43, 63), (35, 64), (36, 64), (37, 64), (38, 64), (39, 64)]
[(49, 61), (50, 61), (44, 62), (45, 62), (46, 62), (47, 62), (48, 62), (51, 62), (40, 63), (41, 63), (42, 63), (43, 63), (35, 64), (36, 64), (37, 64), (38, 64), (39, 64), (50, 66), (34, 68), (49, 70), (33, 72), (48, 75), (32, 77), (47, 77), (48, 77), (42, 78), (43, 78), (44, 78), (45, 78), (46, 78), (32, 79), (38, 79), (39, 79), (40, 79), (41, 79), (33, 80), (34, 80), (35, 80), (36, 80), (37, 80)]
[(65, 59), (66, 59), (60, 60), (61, 60), (62, 60), (63, 60), (64, 60), (67, 60), (56, 61), (57, 61), (58, 61), (59, 61), (51, 62), (52, 62), (53, 62), (54, 62), (55, 62), (66, 64), (50, 66), (65, 68), (49, 70), (64, 73), (48, 75), (63, 75), (64, 75), (58, 76), (59, 76), (60, 76), (61, 76), (62, 76), (48, 77), (54, 77), (55, 77), (56, 77), (57, 77), (49, 78), (50, 78), (51, 78), (52, 78), (53, 78)]
[(63, 75), (64, 75), (58, 76), (59, 76), (60, 76), (61, 76), (62, 76), (65, 76), (54, 77), (55, 77), (56, 77), (57, 77), (49, 78), (50, 78), (51, 78), (52, 78), (53, 78), (64, 80), (48, 82), (63, 84), (47, 86), (62, 89), (46, 91), (61, 91), (62, 91), (56, 92), (57, 92), (58, 92), (59, 92), (60, 92), (46, 93), (52, 93), (53, 93), (54, 93), (55, 93), (47, 94), (48, 94), (49, 94), (50, 94), (51, 94)]
[(79, 73), (80, 73), (74, 74), (75, 74), (76, 74), (77, 74), (78, 74), (81, 74), (70, 75), (71, 75), (72, 75), (73, 75), (65, 76), (66, 76), (67, 76), (68, 76), (69, 76), (80, 78), (64, 80), (79, 82), (63, 84), (78, 87), (62, 89), (77, 89), (78, 89), (72, 90), (73, 90), (74, 90), (75, 90), (76, 90), (62, 91), (68, 91), (69, 91), (70, 91), (71, 91), (63, 92), (64, 92), (65, 92), (66, 92), (67, 92)]
[(77, 89), (78, 89), (72, 90), (73, 90), (74, 90), (75, 90), (76, 90), (79, 90), (68, 91), (69, 91), (70, 91), (71, 91), (63, 92), (64, 92), (65, 92), (66, 92), (67, 92), (78, 94), (62, 96), (77, 98), (61, 100), (76, 103), (60, 105), (75, 105), (76, 105), (70, 106), (71, 106), (72, 106), (73, 106), (74, 106), (60, 107), (66, 107), (67, 107), (68, 107), (69, 107), (61, 108), (62, 108), (63, 108), (64, 108), (65, 108)]
[(93, 87), (94, 87), (88, 88), (89, 88), (90, 88), (91, 88), (92, 88), (95, 88), (84, 89), (85, 89), (86, 89), (87, 89), (79, 90), (80, 90), (81, 90), (82, 90), (83, 90), (94, 92), (78, 94), (93, 96), (77, 98), (92, 101), (76, 103), (91, 103), (92, 103), (86, 104), (87, 104), (88, 104), (89, 104), (90, 104), (76, 105), (82, 105), (83, 105), (84, 105), (85, 105), (77, 106), (78, 106), (79, 106), (80, 106), (81, 106)]
[(91, 103), (92, 103), (86, 104), (87, 104), (88, 104), (89, 104), (90, 104), (93, 104), (82, 105), (83, 105), (84, 105), (85, 105), (77, 106), (78, 106), (79, 106), (80, 106), (81, 106), (92, 108), (76, 110), (91, 112), (75, 114)]
[(107, 101), (108, 101), (102, 102), (103, 102), (104, 102), (105, 102), (106, 102), (109, 102), (98, 103), (99, 103), (100, 103), (101, 103), (93, 104), (94, 104), (95, 104), (96, 104), (97, 104), (108, 106), (92, 108), (107, 110), (91, 112)]
[(19, 49), (20, 49), (14, 50), (15, 50), (16, 50), (17, 50), (18, 50), (21, 50), (10, 51), (11, 51), (12, 51), (13, 51), (5, 52), (6, 52), (7, 52), (8, 52), (9, 52), (20, 54), (4, 56), (19, 58), (3, 60), (18, 63), (2, 65), (17, 65), (18, 65), (12, 66), (13, 66), (14, 66), (15, 66), (16, 66), (2, 67), (8, 67), (9, 67), (10, 67), (11, 67), (3, 68), (4, 68), (5, 68), (6, 68), (7, 68)]
[(17, 65), (18, 65), (12, 66), (13, 66), (14, 66), (15, 66), (16, 66), (19, 66), (8, 67), (9, 67), (10, 67), (11, 67), (3, 68), (4, 68), (5, 68), (6, 68), (7, 68), (18, 70), (2, 72), (17, 74), (1, 76), (16, 79), (0, 81), (15, 81), (16, 81), (10, 82), (11, 82), (12, 82), (13, 82), (14, 82), (0, 83), (6, 83), (7, 83), (8, 83), (9, 83), (1, 84), (2, 84), (3, 84), (4, 84), (5, 84)]
[(33, 63), (34, 63), (28, 64), (29, 64), (30, 64), (31, 64), (32, 64), (35, 64), (24, 65), (25, 65), (26, 65), (27, 65), (19, 66), (20, 66), (21, 66), (22, 66), (23, 66), (34, 68), (18, 70), (33, 72), (17, 74), (32, 77), (16, 79), (31, 79), (32, 79), (26, 80), (27, 80), (28, 80), (29, 80), (30, 80), (16, 81), (22, 81), (23, 81), (24, 81), (25, 81), (17, 82), (18, 82), (19, 82), (20, 82), (21, 82)]
[(31, 79), (32, 79), (26, 80), (27, 80), (28, 80), (29, 80), (30, 80), (33, 80), (22, 81), (23, 81), (24, 81), (25, 81), (17, 82), (18, 82), (19, 82), (20, 82), (21, 82), (32, 84), (16, 86), (31, 88), (15, 90), (30, 93), (14, 95), (29, 95), (30, 95), (24, 96), (25, 96), (26, 96), (27, 96), (28, 96), (14, 97), (20, 97), (21, 97), (22, 97), (23, 97), (15, 98), (16, 98), (17, 98), (18, 98), (19, 98)]
[(47, 77), (48, 77), (42, 78), (43, 78), (44, 78), (45, 78), (46, 78), (49, 78), (38, 79), (39, 79), (40, 79), (41, 79), (33, 80), (34, 80), (35, 80), (36, 80), (37, 80), (48, 82), (32, 84), (47, 86), (31, 88), (46, 91), (30, 93), (45, 93), (46, 93), (40, 94), (41, 94), (42, 94), (43, 94), (44, 94), (30, 95), (36, 95), (37, 95), (38, 95), (39, 95), (31, 96), (32, 96), (33, 96), (34, 96), (35, 96)]
[(45, 93), (46, 93), (40, 94), (41, 94), (42, 94), (43, 94), (44, 94), (47, 94), (36, 95), (37, 95), (38, 95), (39, 95), (31, 96), (32, 96), (33, 96), (34, 96), (35, 96), (46, 98), (30, 100), (45, 102), (29, 104), (44, 107), (28, 109), (43, 109), (44, 109), (38, 110), (39, 110), (40, 110), (41, 110), (42, 110), (28, 111), (34, 111), (35, 111), (36, 111), (37, 111), (29, 112), (30, 112), (31, 112), (32, 112), (33, 112)]
[(61, 91), (62, 91), (56, 92), (57, 92), (58, 92), (59, 92), (60, 92), (63, 92), (52, 93), (53, 93), (54, 93), (55, 93), (47, 94), (48, 94), (49, 94), (50, 94), (51, 94), (62, 96), (46, 98), (61, 100), (45, 102), (60, 105), (44, 107), (59, 107), (60, 107), (54, 108), (55, 108), (56, 108), (57, 108), (58, 108), (44, 109), (50, 109), (51, 109), (52, 109), (53, 109), (45, 110), (46, 110), (47, 110), (48, 110), (49, 110)]
[(59, 107), (60, 107), (54, 108), (55, 108), (56, 108), (57, 108), (58, 108), (61, 108), (50, 109), (51, 109), (52, 109), (53, 109), (45, 110), (46, 110), (47, 110), (48, 110), (49, 110), (60, 112), (44, 114)]
[(75, 105), (76, 105), (70, 106), (71, 106), (72, 106), (73, 106), (74, 106), (77, 106), (66, 107), (67, 107), (68, 107), (69, 107), (61, 108), (62, 108), (63, 108), (64, 108), (65, 108), (76, 110), (60, 112), (75, 114)]
[(15, 81), (16, 81), (10, 82), (11, 82), (12, 82), (13, 82), (14, 82), (17, 82), (6, 83), (7, 83), (8, 83), (9, 83), (1, 84), (2, 84), (3, 84), (4, 84), (5, 84), (16, 86), (0, 88), (15, 90), (14, 95), (13, 97), (14, 97), (8, 98), (9, 98), (10, 98), (11, 98), (12, 98), (4, 99), (5, 99), (6, 99), (7, 99), (0, 100), (1, 100), (2, 100), (3, 100)]
[(13, 97), (14, 97), (8, 98), (9, 98), (10, 98), (11, 98), (12, 98), (15, 98), (4, 99), (5, 99), (6, 99), (7, 99), (0, 100), (1, 100), (2, 100), (3, 100), (14, 102), (13, 106), (12, 111), (11, 113), (12, 113), (6, 114), (7, 114), (8, 114), (9, 114), (10, 114)]
[(29, 95), (30, 95), (24, 96), (25, 96), (26, 96), (27, 96), (28, 96), (31, 96), (20, 97), (21, 97), (22, 97), (23, 97), (15, 98), (16, 98), (17, 98), (18, 98), (19, 98), (30, 100), (14, 102), (29, 104), (13, 106), (28, 109), (12, 111), (27, 111), (28, 111), (22, 112), (23, 112), (24, 112), (25, 112), (26, 112), (12, 113), (18, 113), (19, 113), (20, 113), (21, 113), (13, 114), (14, 114), (15, 114), (16, 114), (17, 114)]
[(27, 111), (28, 111), (22, 112), (23, 112), (24, 112), (25, 112), (26, 112), (29, 112), (18, 113), (19, 113), (20, 113), (21, 113), (13, 114), (14, 114), (15, 114), (16, 114), (17, 114)]
[(43, 109), (44, 109), (38, 110), (39, 110), (40, 110), (41, 110), (42, 110), (45, 110), (34, 111), (35, 111), (36, 111), (37, 111), (29, 112), (30, 112), (31, 112), (32, 112), (33, 112), (44, 114)]
[(11, 113), (12, 113), (6, 114), (7, 114), (8, 114), (9, 114), (10, 114), (13, 114)]
