[(100, 40), (101, 40), (102, 40), (103, 40), (97, 41), (98, 41), (99, 41), (104, 41), (93, 42), (94, 42), (95, 42), (96, 42), (105, 42), (89, 43), (90, 43), (91, 43), (92, 43), (106, 43), (85, 44), (86, 44), (87, 44), (88, 44), (107, 44), (84, 47), (106, 47), (83, 51), (105, 51), (82, 55), (104, 55), (81, 58), (103, 58), (80, 62), (81, 62), (100, 62), (101, 62), (102, 62), (103, 62), (82, 63), (97, 63), (98, 63), (99, 63), (83, 64), (93, 64), (94, 64), (95, 64), (96, 64), (84, 65), (89, 65), (90, 65), (91, 65), (92, 65), (85, 66), (86, 66), (87, 66), (88, 66)]
[(111, 43), (112, 43), (113, 43), (114, 43), (107, 44), (108, 44), (109, 44), (110, 44), (106, 47), (105, 51), (104, 55), (103, 58), (102, 62), (103, 62), (104, 63), (105, 64), (106, 65), (111, 65), (112, 65), (113, 65), (114, 65), (107, 66), (108, 66), (109, 66), (110, 66)]
[(111, 65), (112, 65), (113, 65), (114, 65), (107, 66), (108, 66), (109, 66), (110, 66), (106, 69), (105, 73), (104, 77), (103, 80), (102, 84), (103, 84), (104, 85), (105, 86), (106, 87), (111, 87), (112, 87), (113, 87), (114, 87), (107, 88), (108, 88), (109, 88), (110, 88)]
[(56, 40), (57, 40), (58, 40), (59, 40), (53, 41), (54, 41), (55, 41), (60, 41), (49, 42), (50, 42), (51, 42), (52, 42), (61, 42), (45, 43), (46, 43), (47, 43), (48, 43), (62, 43), (41, 44), (42, 44), (43, 44), (44, 44), (63, 44), (40, 47), (62, 47), (39, 51), (61, 51), (38, 55), (60, 55), (37, 58), (59, 58), (36, 62), (37, 62), (56, 62), (57, 62), (58, 62), (59, 62), (38, 63), (53, 63), (54, 63), (55, 63), (39, 64), (49, 64), (50, 64), (51, 64), (52, 64), (40, 65), (45, 65), (46, 65), (47, 65), (48, 65), (41, 66), (42, 66), (43, 66), (44, 66)]
[(78, 40), (79, 40), (80, 40), (81, 40), (75, 41), (76, 41), (77, 41), (82, 41), (71, 42), (72, 42), (73, 42), (74, 42), (83, 42), (67, 43), (68, 43), (69, 43), (70, 43), (84, 43), (63, 44), (64, 44), (65, 44), (66, 44), (85, 44), (62, 47), (84, 47), (61, 51), (83, 51), (60, 55), (82, 55), (59, 58), (81, 58), (58, 62), (59, 62), (78, 62), (79, 62), (80, 62), (81, 62), (60, 63), (75, 63), (76, 63), (77, 63), (61, 64), (71, 64), (72, 64), (73, 64), (74, 64), (62, 65), (67, 65), (68, 65), (69, 65), (70, 65), (63, 66), (64, 66), (65, 66), (66, 66)]
[(78, 62), (79, 62), (80, 62), (81, 62), (75, 63), (76, 63), (77, 63), (82, 63), (71, 64), (72, 64), (73, 64), (74, 64), (83, 64), (67, 65), (68, 65), (69, 65), (70, 65), (84, 65), (63, 66), (64, 66), (65, 66), (66, 66), (85, 66), (62, 69), (84, 69), (61, 73), (83, 73), (60, 77), (82, 77), (59, 80), (81, 80), (58, 84), (59, 84), (78, 84), (79, 84), (80, 84), (81, 84), (60, 85), (75, 85), (76, 85), (77, 85), (61, 86), (71, 86), (72, 86), (73, 86), (74, 86), (62, 87), (67, 87), (68, 87), (69, 87), (70, 87), (63, 88), (64, 88), (65, 88), (66, 88)]
[(100, 62), (101, 62), (102, 62), (103, 62), (97, 63), (98, 63), (99, 63), (104, 63), (93, 64), (94, 64), (95, 64), (96, 64), (105, 64), (89, 65), (90, 65), (91, 65), (92, 65), (106, 65), (85, 66), (86, 66), (87, 66), (88, 66), (107, 66), (84, 69), (106, 69), (83, 73), (105, 73), (82, 77), (104, 77), (81, 80), (103, 80), (80, 84), (81, 84), (100, 84), (101, 84), (102, 84), (103, 84), (82, 85), (97, 85), (98, 85), (99, 85), (83, 86), (93, 86), (94, 86), (95, 86), (96, 86), (84, 87), (89, 87), (90, 87), (91, 87), (92, 87), (85, 88), (86, 88), (87, 88), (88, 88)]
[(100, 84), (101, 84), (102, 84), (103, 84), (97, 85), (98, 85), (99, 85), (104, 85), (93, 86), (94, 86), (95, 86), (96, 86), (105, 86), (89, 87), (90, 87), (91, 87), (92, 87), (106, 87), (85, 88), (86, 88), (87, 88), (88, 88), (107, 88), (84, 91), (106, 91), (83, 95), (105, 95), (82, 99), (104, 99), (81, 102), (103, 102), (80, 106), (81, 106), (100, 106), (101, 106), (102, 106), (103, 106), (82, 107), (97, 107), (98, 107), (99, 107), (83, 108), (93, 108), (94, 108), (95, 108), (96, 108), (84, 109), (89, 109), (90, 109), (91, 109), (92, 109), (85, 110), (86, 110), (87, 110), (88, 110)]
[(111, 87), (112, 87), (113, 87), (114, 87), (107, 88), (108, 88), (109, 88), (110, 88), (106, 91), (105, 95), (104, 99), (103, 102), (102, 106), (103, 106), (104, 107), (105, 108), (106, 109), (111, 109), (112, 109), (113, 109), (114, 109), (107, 110), (108, 110), (109, 110), (110, 110)]
[(111, 109), (112, 109), (113, 109), (114, 109), (107, 110), (108, 110), (109, 110), (110, 110), (106, 113)]
[(34, 62), (35, 62), (36, 62), (37, 62), (31, 63), (32, 63), (33, 63), (38, 63), (27, 64), (28, 64), (29, 64), (30, 64), (39, 64), (23, 65), (24, 65), (25, 65), (26, 65), (40, 65), (19, 66), (20, 66), (21, 66), (22, 66), (41, 66), (18, 69), (40, 69), (17, 73), (39, 73), (16, 77), (38, 77), (15, 80), (37, 80), (14, 84), (15, 84), (34, 84), (35, 84), (36, 84), (37, 84), (16, 85), (31, 85), (32, 85), (33, 85), (17, 86), (27, 86), (28, 86), (29, 86), (30, 86), (18, 87), (23, 87), (24, 87), (25, 87), (26, 87), (19, 88), (20, 88), (21, 88), (22, 88)]
[(56, 62), (57, 62), (58, 62), (59, 62), (53, 63), (54, 63), (55, 63), (60, 63), (49, 64), (50, 64), (51, 64), (52, 64), (61, 64), (45, 65), (46, 65), (47, 65), (48, 65), (62, 65), (41, 66), (42, 66), (43, 66), (44, 66), (63, 66), (40, 69), (62, 69), (39, 73), (61, 73), (38, 77), (60, 77), (37, 80), (59, 80), (36, 84), (37, 84), (56, 84), (57, 84), (58, 84), (59, 84), (38, 85), (53, 85), (54, 85), (55, 85), (39, 86), (49, 86), (50, 86), (51, 86), (52, 86), (40, 87), (45, 87), (46, 87), (47, 87), (48, 87), (41, 88), (42, 88), (43, 88), (44, 88)]
[(56, 84), (57, 84), (58, 84), (59, 84), (53, 85), (54, 85), (55, 85), (60, 85), (49, 86), (50, 86), (51, 86), (52, 86), (61, 86), (45, 87), (46, 87), (47, 87), (48, 87), (62, 87), (41, 88), (42, 88), (43, 88), (44, 88), (63, 88), (40, 91), (62, 91), (39, 95), (61, 95), (38, 99), (60, 99), (37, 102), (59, 102), (36, 106), (37, 106), (56, 106), (57, 106), (58, 106), (59, 106), (38, 107), (53, 107), (54, 107), (55, 107), (39, 108), (49, 108), (50, 108), (51, 108), (52, 108), (40, 109), (45, 109), (46, 109), (47, 109), (48, 109), (41, 110), (42, 110), (43, 110), (44, 110)]
[(78, 84), (79, 84), (80, 84), (81, 84), (75, 85), (76, 85), (77, 85), (82, 85), (71, 86), (72, 86), (73, 86), (74, 86), (83, 86), (67, 87), (68, 87), (69, 87), (70, 87), (84, 87), (63, 88), (64, 88), (65, 88), (66, 88), (85, 88), (62, 91), (84, 91), (61, 95), (83, 95), (60, 99), (82, 99), (59, 102), (81, 102), (58, 106), (59, 106), (78, 106), (79, 106), (80, 106), (81, 106), (60, 107), (75, 107), (76, 107), (77, 107), (61, 108), (71, 108), (72, 108), (73, 108), (74, 108), (62, 109), (67, 109), (68, 109), (69, 109), (70, 109), (63, 110), (64, 110), (65, 110), (66, 110)]
[(78, 106), (79, 106), (80, 106), (81, 106), (75, 107), (76, 107), (77, 107), (82, 107), (71, 108), (72, 108), (73, 108), (74, 108), (83, 108), (67, 109), (68, 109), (69, 109), (70, 109), (84, 109), (63, 110), (64, 110), (65, 110), (66, 110), (85, 110), (62, 113), (84, 113)]
[(100, 106), (101, 106), (102, 106), (103, 106), (97, 107), (98, 107), (99, 107), (104, 107), (93, 108), (94, 108), (95, 108), (96, 108), (105, 108), (89, 109), (90, 109), (91, 109), (92, 109), (106, 109), (85, 110), (86, 110), (87, 110), (88, 110), (107, 110), (84, 113), (106, 113)]
[(34, 84), (35, 84), (36, 84), (37, 84), (31, 85), (32, 85), (33, 85), (38, 85), (27, 86), (28, 86), (29, 86), (30, 86), (39, 86), (23, 87), (24, 87), (25, 87), (26, 87), (40, 87), (19, 88), (20, 88), (21, 88), (22, 88), (41, 88), (18, 91), (40, 91), (17, 95), (39, 95), (16, 99), (38, 99), (15, 102), (37, 102), (14, 106), (15, 106), (34, 106), (35, 106), (36, 106), (37, 106), (16, 107), (31, 107), (32, 107), (33, 107), (17, 108), (27, 108), (28, 108), (29, 108), (30, 108), (18, 109), (23, 109), (24, 109), (25, 109), (26, 109), (19, 110), (20, 110), (21, 110), (22, 110)]
[(34, 106), (35, 106), (36, 106), (37, 106), (31, 107), (32, 107), (33, 107), (38, 107), (27, 108), (28, 108), (29, 108), (30, 108), (39, 108), (23, 109), (24, 109), (25, 109), (26, 109), (40, 109), (19, 110), (20, 110), (21, 110), (22, 110), (41, 110), (18, 113), (40, 113)]
[(56, 106), (57, 106), (58, 106), (59, 106), (53, 107), (54, 107), (55, 107), (60, 107), (49, 108), (50, 108), (51, 108), (52, 108), (61, 108), (45, 109), (46, 109), (47, 109), (48, 109), (62, 109), (41, 110), (42, 110), (43, 110), (44, 110), (63, 110), (40, 113), (62, 113)]
