[(111, 42), (112, 42), (113, 42), (114, 42), (107, 43), (108, 43), (109, 43), (110, 43), (103, 44), (104, 44), (105, 44), (106, 44), (99, 45), (100, 45), (101, 45), (102, 45), (98, 48), (97, 52), (96, 56), (95, 60), (114, 63), (94, 64), (95, 64), (110, 64), (111, 64), (112, 64), (113, 64), (96, 65), (106, 65), (107, 65), (108, 65), (109, 65), (97, 66), (102, 66), (103, 66), (104, 66), (105, 66), (98, 67), (99, 67), (100, 67), (101, 67)]
[(71, 43), (72, 43), (73, 43), (74, 43), (67, 44), (68, 44), (69, 44), (70, 44), (75, 44), (63, 45), (64, 45), (65, 45), (66, 45), (76, 45), (59, 46), (60, 46), (61, 46), (62, 46), (77, 46), (55, 47), (56, 47), (57, 47), (58, 47), (76, 49), (54, 50), (75, 53), (53, 54), (74, 57), (52, 58), (73, 61), (51, 62), (70, 65), (71, 65), (72, 65), (73, 65), (50, 66), (51, 66), (66, 66), (67, 66), (68, 66), (69, 66), (52, 67), (62, 67), (63, 67), (64, 67), (65, 67), (53, 68), (58, 68), (59, 68), (60, 68), (61, 68), (54, 69), (55, 69), (56, 69), (57, 69)]
[(93, 42), (94, 42), (95, 42), (96, 42), (89, 43), (90, 43), (91, 43), (92, 43), (97, 43), (85, 44), (86, 44), (87, 44), (88, 44), (98, 44), (81, 45), (82, 45), (83, 45), (84, 45), (99, 45), (77, 46), (78, 46), (79, 46), (80, 46), (98, 48), (76, 49), (97, 52), (75, 53), (96, 56), (74, 57), (95, 60), (73, 61), (92, 64), (93, 64), (94, 64), (95, 64), (72, 65), (73, 65), (88, 65), (89, 65), (90, 65), (91, 65), (74, 66), (84, 66), (85, 66), (86, 66), (87, 66), (75, 67), (80, 67), (81, 67), (82, 67), (83, 67), (76, 68), (77, 68), (78, 68), (79, 68)]
[(92, 64), (93, 64), (94, 64), (95, 64), (88, 65), (89, 65), (90, 65), (91, 65), (96, 65), (84, 66), (85, 66), (86, 66), (87, 66), (97, 66), (80, 67), (81, 67), (82, 67), (83, 67), (98, 67), (76, 68), (77, 68), (78, 68), (79, 68), (97, 70), (75, 71), (96, 74), (74, 75), (95, 78), (73, 79), (94, 82), (72, 83), (91, 86), (92, 86), (93, 86), (94, 86), (71, 87), (72, 87), (87, 87), (88, 87), (89, 87), (90, 87), (73, 88), (83, 88), (84, 88), (85, 88), (86, 88), (74, 89), (79, 89), (80, 89), (81, 89), (82, 89), (75, 90), (76, 90), (77, 90), (78, 90)]
[(114, 63), (110, 64), (111, 64), (112, 64), (113, 64), (106, 65), (107, 65), (108, 65), (109, 65), (102, 66), (103, 66), (104, 66), (105, 66), (98, 67), (99, 67), (100, 67), (101, 67), (97, 70), (96, 74), (95, 78), (94, 82), (113, 85), (114, 85), (93, 86), (94, 86), (109, 86), (110, 86), (111, 86), (112, 86), (95, 87), (105, 87), (106, 87), (107, 87), (108, 87), (96, 88), (101, 88), (102, 88), (103, 88), (104, 88), (97, 89), (98, 89), (99, 89), (100, 89)]
[(113, 85), (114, 85), (109, 86), (110, 86), (111, 86), (112, 86), (105, 87), (106, 87), (107, 87), (108, 87), (101, 88), (102, 88), (103, 88), (104, 88), (97, 89), (98, 89), (99, 89), (100, 89), (96, 92), (95, 96), (94, 100), (93, 104), (112, 107), (113, 107), (114, 107), (92, 108), (93, 108), (108, 108), (109, 108), (110, 108), (111, 108), (94, 109), (104, 109), (105, 109), (106, 109), (107, 109), (95, 110), (100, 110), (101, 110), (102, 110), (103, 110), (96, 111), (97, 111), (98, 111), (99, 111)]
[(114, 107)]
[(48, 66), (49, 66), (50, 66), (51, 66), (44, 67), (45, 67), (46, 67), (47, 67), (52, 67), (40, 68), (41, 68), (42, 68), (43, 68), (53, 68), (36, 69), (37, 69), (38, 69), (39, 69), (54, 69), (32, 70), (33, 70), (34, 70), (35, 70), (53, 72), (31, 73), (52, 76), (30, 77), (51, 80), (29, 81), (50, 84), (28, 85), (47, 88), (48, 88), (49, 88), (50, 88), (27, 89), (28, 89), (43, 89), (44, 89), (45, 89), (46, 89), (29, 90), (39, 90), (40, 90), (41, 90), (42, 90), (30, 91), (35, 91), (36, 91), (37, 91), (38, 91), (31, 92), (32, 92), (33, 92), (34, 92)]
[(70, 65), (71, 65), (72, 65), (73, 65), (66, 66), (67, 66), (68, 66), (69, 66), (74, 66), (62, 67), (63, 67), (64, 67), (65, 67), (75, 67), (58, 68), (59, 68), (60, 68), (61, 68), (76, 68), (54, 69), (55, 69), (56, 69), (57, 69), (75, 71), (53, 72), (74, 75), (52, 76), (73, 79), (51, 80), (72, 83), (50, 84), (69, 87), (70, 87), (71, 87), (72, 87), (49, 88), (50, 88), (65, 88), (66, 88), (67, 88), (68, 88), (51, 89), (61, 89), (62, 89), (63, 89), (64, 89), (52, 90), (57, 90), (58, 90), (59, 90), (60, 90), (53, 91), (54, 91), (55, 91), (56, 91)]
[(69, 87), (70, 87), (71, 87), (72, 87), (65, 88), (66, 88), (67, 88), (68, 88), (73, 88), (61, 89), (62, 89), (63, 89), (64, 89), (74, 89), (57, 90), (58, 90), (59, 90), (60, 90), (75, 90), (53, 91), (54, 91), (55, 91), (56, 91), (74, 93), (52, 94), (73, 97), (51, 98), (72, 101), (50, 102), (71, 105), (49, 106), (68, 109), (69, 109), (70, 109), (71, 109), (48, 110), (49, 110), (64, 110), (65, 110), (66, 110), (67, 110), (50, 111), (60, 111), (61, 111), (62, 111), (63, 111), (51, 112), (56, 112), (57, 112), (58, 112), (59, 112), (52, 113), (53, 113), (54, 113), (55, 113)]
[(91, 86), (92, 86), (93, 86), (94, 86), (87, 87), (88, 87), (89, 87), (90, 87), (95, 87), (83, 88), (84, 88), (85, 88), (86, 88), (96, 88), (79, 89), (80, 89), (81, 89), (82, 89), (97, 89), (75, 90), (76, 90), (77, 90), (78, 90), (96, 92), (74, 93), (95, 96), (73, 97), (94, 100), (72, 101), (93, 104), (71, 105), (90, 108), (91, 108), (92, 108), (93, 108), (70, 109), (71, 109), (86, 109), (87, 109), (88, 109), (89, 109), (72, 110), (82, 110), (83, 110), (84, 110), (85, 110), (73, 111), (78, 111), (79, 111), (80, 111), (81, 111), (74, 112), (75, 112), (76, 112), (77, 112)]
[(90, 108), (91, 108), (92, 108), (93, 108), (86, 109), (87, 109), (88, 109), (89, 109), (94, 109), (82, 110), (83, 110), (84, 110), (85, 110), (95, 110), (78, 111), (79, 111), (80, 111), (81, 111), (96, 111), (74, 112), (75, 112), (76, 112), (77, 112), (95, 114)]
[(112, 107), (113, 107), (114, 107), (108, 108), (109, 108), (110, 108), (111, 108), (104, 109), (105, 109), (106, 109), (107, 109), (100, 110), (101, 110), (102, 110), (103, 110), (96, 111), (97, 111), (98, 111), (99, 111), (95, 114)]
[(47, 88), (48, 88), (49, 88), (50, 88), (43, 89), (44, 89), (45, 89), (46, 89), (51, 89), (39, 90), (40, 90), (41, 90), (42, 90), (52, 90), (35, 91), (36, 91), (37, 91), (38, 91), (53, 91), (31, 92), (32, 92), (33, 92), (34, 92), (52, 94), (30, 95), (51, 98), (29, 99), (50, 102), (28, 103), (49, 106), (27, 107), (46, 110), (47, 110), (48, 110), (49, 110), (26, 111), (27, 111), (42, 111), (43, 111), (44, 111), (45, 111), (28, 112), (38, 112), (39, 112), (40, 112), (41, 112), (29, 113), (34, 113), (35, 113), (36, 113), (37, 113), (30, 114), (31, 114), (32, 114), (33, 114)]
[(46, 110), (47, 110), (48, 110), (49, 110), (42, 111), (43, 111), (44, 111), (45, 111), (50, 111), (38, 112), (39, 112), (40, 112), (41, 112), (51, 112), (34, 113), (35, 113), (36, 113), (37, 113), (52, 113), (30, 114), (31, 114), (32, 114), (33, 114)]
[(68, 109), (69, 109), (70, 109), (71, 109), (64, 110), (65, 110), (66, 110), (67, 110), (72, 110), (60, 111), (61, 111), (62, 111), (63, 111), (73, 111), (56, 112), (57, 112), (58, 112), (59, 112), (74, 112), (52, 113), (53, 113), (54, 113), (55, 113)]
