[(113, 13), (114, 13), (110, 14), (111, 14), (112, 14), (106, 15), (107, 15), (108, 15), (109, 15), (105, 18), (104, 21), (103, 25), (102, 28), (101, 32), (102, 32), (103, 33), (104, 34), (105, 35), (106, 36), (107, 37), (112, 37), (113, 37), (114, 37), (108, 38), (109, 38), (110, 38), (111, 38)]
[(74, 7), (75, 7), (76, 7), (77, 7), (71, 8), (72, 8), (73, 8), (78, 8), (67, 9), (68, 9), (69, 9), (70, 9), (79, 9), (64, 10), (65, 10), (66, 10), (80, 10), (60, 11), (61, 11), (62, 11), (63, 11), (81, 11), (82, 12), (83, 13), (59, 14), (82, 16), (58, 17), (81, 19), (57, 21), (80, 23), (56, 24), (79, 26), (55, 28), (56, 28), (57, 29), (58, 30), (76, 30), (77, 30), (78, 30), (79, 30), (59, 31), (73, 31), (74, 31), (75, 31), (60, 32), (69, 32), (70, 32), (71, 32), (72, 32), (61, 33), (66, 33), (67, 33), (68, 33), (62, 34), (63, 34), (64, 34), (65, 34)]
[(97, 9), (98, 9), (99, 9), (100, 9), (94, 10), (95, 10), (96, 10), (101, 10), (90, 11), (91, 11), (92, 11), (93, 11), (102, 11), (87, 12), (88, 12), (89, 12), (103, 12), (83, 13), (84, 13), (85, 13), (86, 13), (104, 13), (105, 14), (106, 15), (82, 16), (105, 18), (81, 19), (104, 21), (80, 23), (103, 25), (79, 26), (102, 28), (78, 30), (79, 30), (80, 31), (81, 32), (99, 32), (100, 32), (101, 32), (102, 32), (82, 33), (96, 33), (97, 33), (98, 33), (83, 34), (92, 34), (93, 34), (94, 34), (95, 34), (84, 35), (89, 35), (90, 35), (91, 35), (85, 36), (86, 36), (87, 36), (88, 36)]
[(99, 32), (100, 32), (101, 32), (102, 32), (96, 33), (97, 33), (98, 33), (103, 33), (92, 34), (93, 34), (94, 34), (95, 34), (104, 34), (89, 35), (90, 35), (91, 35), (105, 35), (85, 36), (86, 36), (87, 36), (88, 36), (106, 36), (107, 37), (108, 38), (84, 39), (107, 41), (83, 42), (106, 44), (82, 46), (105, 48), (81, 49), (104, 51), (80, 53), (81, 53), (82, 54), (83, 55), (101, 55), (102, 55), (103, 55), (104, 55), (84, 56), (98, 56), (99, 56), (100, 56), (85, 57), (94, 57), (95, 57), (96, 57), (97, 57), (86, 58), (91, 58), (92, 58), (93, 58), (87, 59), (88, 59), (89, 59), (90, 59)]
[(112, 37), (113, 37), (114, 37), (108, 38), (109, 38), (110, 38), (111, 38), (107, 41), (106, 44), (105, 48), (104, 51), (103, 55), (104, 55), (105, 56), (106, 57), (107, 58), (108, 59), (109, 60), (114, 60), (110, 61), (111, 61), (112, 61), (113, 61)]
[(114, 60), (110, 61), (111, 61), (112, 61), (113, 61), (109, 64), (108, 67), (107, 71), (106, 74), (105, 78), (106, 78), (107, 79), (108, 80), (109, 81), (110, 82), (111, 83), (112, 84), (113, 84), (114, 84)]
[(53, 28), (54, 28), (55, 28), (56, 28), (50, 29), (51, 29), (52, 29), (57, 29), (46, 30), (47, 30), (48, 30), (49, 30), (58, 30), (43, 31), (44, 31), (45, 31), (59, 31), (39, 32), (40, 32), (41, 32), (42, 32), (60, 32), (61, 33), (62, 34), (38, 35), (61, 37), (37, 38), (60, 40), (36, 42), (59, 44), (35, 45), (58, 47), (34, 49), (35, 49), (36, 50), (37, 51), (55, 51), (56, 51), (57, 51), (58, 51), (38, 52), (52, 52), (53, 52), (54, 52), (39, 53), (48, 53), (49, 53), (50, 53), (51, 53), (40, 54), (45, 54), (46, 54), (47, 54), (41, 55), (42, 55), (43, 55), (44, 55)]
[(76, 30), (77, 30), (78, 30), (79, 30), (73, 31), (74, 31), (75, 31), (80, 31), (69, 32), (70, 32), (71, 32), (72, 32), (81, 32), (66, 33), (67, 33), (68, 33), (82, 33), (62, 34), (63, 34), (64, 34), (65, 34), (83, 34), (84, 35), (85, 36), (61, 37), (84, 39), (60, 40), (83, 42), (59, 44), (82, 46), (58, 47), (81, 49), (57, 51), (58, 51), (59, 52), (60, 53), (78, 53), (79, 53), (80, 53), (81, 53), (61, 54), (75, 54), (76, 54), (77, 54), (62, 55), (71, 55), (72, 55), (73, 55), (74, 55), (63, 56), (68, 56), (69, 56), (70, 56), (64, 57), (65, 57), (66, 57), (67, 57)]
[(78, 53), (79, 53), (80, 53), (81, 53), (75, 54), (76, 54), (77, 54), (82, 54), (71, 55), (72, 55), (73, 55), (74, 55), (83, 55), (68, 56), (69, 56), (70, 56), (84, 56), (64, 57), (65, 57), (66, 57), (67, 57), (85, 57), (86, 58), (87, 59), (63, 60), (86, 62), (62, 63), (85, 65), (61, 67), (84, 69), (60, 70), (83, 72), (59, 74), (60, 74), (61, 75), (62, 76), (80, 76), (81, 76), (82, 76), (83, 76), (63, 77), (77, 77), (78, 77), (79, 77), (64, 78), (73, 78), (74, 78), (75, 78), (76, 78), (65, 79), (70, 79), (71, 79), (72, 79), (66, 80), (67, 80), (68, 80), (69, 80)]
[(101, 55), (102, 55), (103, 55), (104, 55), (98, 56), (99, 56), (100, 56), (105, 56), (94, 57), (95, 57), (96, 57), (97, 57), (106, 57), (91, 58), (92, 58), (93, 58), (107, 58), (87, 59), (88, 59), (89, 59), (90, 59), (108, 59), (109, 60), (110, 61), (86, 62), (109, 64), (85, 65), (108, 67), (84, 69), (107, 71), (83, 72), (106, 74), (82, 76), (83, 76), (84, 77), (85, 78), (103, 78), (104, 78), (105, 78), (106, 78), (86, 79), (100, 79), (101, 79), (102, 79), (87, 80), (96, 80), (97, 80), (98, 80), (99, 80), (88, 81), (93, 81), (94, 81), (95, 81), (89, 82), (90, 82), (91, 82), (92, 82)]
[(103, 78), (104, 78), (105, 78), (106, 78), (100, 79), (101, 79), (102, 79), (107, 79), (96, 80), (97, 80), (98, 80), (99, 80), (108, 80), (93, 81), (94, 81), (95, 81), (109, 81), (89, 82), (90, 82), (91, 82), (92, 82), (110, 82), (111, 83), (112, 84), (88, 85), (111, 87), (87, 88), (110, 90), (86, 92), (109, 94), (85, 95), (108, 97), (84, 99), (85, 99), (86, 100), (87, 101), (105, 101), (106, 101), (107, 101), (108, 101), (88, 102), (102, 102), (103, 102), (104, 102), (89, 103), (98, 103), (99, 103), (100, 103), (101, 103), (90, 104), (95, 104), (96, 104), (97, 104), (91, 105), (92, 105), (93, 105), (94, 105)]
[(112, 84), (113, 84), (114, 84), (111, 87), (110, 90), (109, 94), (108, 97), (107, 101), (108, 101), (109, 102), (110, 103), (111, 104), (112, 105), (113, 106), (114, 107)]
[(55, 51), (56, 51), (57, 51), (58, 51), (52, 52), (53, 52), (54, 52), (59, 52), (48, 53), (49, 53), (50, 53), (51, 53), (60, 53), (45, 54), (46, 54), (47, 54), (61, 54), (41, 55), (42, 55), (43, 55), (44, 55), (62, 55), (63, 56), (64, 57), (40, 58), (63, 60), (39, 61), (62, 63), (38, 65), (61, 67), (37, 68), (60, 70), (36, 72), (37, 72), (38, 73), (39, 74), (57, 74), (58, 74), (59, 74), (60, 74), (40, 75), (54, 75), (55, 75), (56, 75), (41, 76), (50, 76), (51, 76), (52, 76), (53, 76), (42, 77), (47, 77), (48, 77), (49, 77), (43, 78), (44, 78), (45, 78), (46, 78)]
[(57, 74), (58, 74), (59, 74), (60, 74), (54, 75), (55, 75), (56, 75), (61, 75), (50, 76), (51, 76), (52, 76), (53, 76), (62, 76), (47, 77), (48, 77), (49, 77), (63, 77), (43, 78), (44, 78), (45, 78), (46, 78), (64, 78), (65, 79), (66, 80), (42, 81), (65, 83), (41, 84), (64, 86), (40, 88), (63, 90), (39, 91), (62, 93), (38, 95), (39, 95), (40, 96), (41, 97), (59, 97), (60, 97), (61, 97), (62, 97), (42, 98), (56, 98), (57, 98), (58, 98), (43, 99), (52, 99), (53, 99), (54, 99), (55, 99), (44, 100), (49, 100), (50, 100), (51, 100), (45, 101), (46, 101), (47, 101), (48, 101)]
[(80, 76), (81, 76), (82, 76), (83, 76), (77, 77), (78, 77), (79, 77), (84, 77), (73, 78), (74, 78), (75, 78), (76, 78), (85, 78), (70, 79), (71, 79), (72, 79), (86, 79), (66, 80), (67, 80), (68, 80), (69, 80), (87, 80), (88, 81), (89, 82), (65, 83), (88, 85), (64, 86), (87, 88), (63, 90), (86, 92), (62, 93), (85, 95), (61, 97), (62, 97), (63, 98), (64, 99), (82, 99), (83, 99), (84, 99), (85, 99), (65, 100), (79, 100), (80, 100), (81, 100), (66, 101), (75, 101), (76, 101), (77, 101), (78, 101), (67, 102), (72, 102), (73, 102), (74, 102), (68, 103), (69, 103), (70, 103), (71, 103)]
[(82, 99), (83, 99), (84, 99), (85, 99), (79, 100), (80, 100), (81, 100), (86, 100), (75, 101), (76, 101), (77, 101), (78, 101), (87, 101), (72, 102), (73, 102), (74, 102), (88, 102), (68, 103), (69, 103), (70, 103), (71, 103), (89, 103), (90, 104), (91, 105), (67, 106), (90, 108), (66, 109), (89, 111), (65, 113)]
[(105, 101), (106, 101), (107, 101), (108, 101), (102, 102), (103, 102), (104, 102), (109, 102), (98, 103), (99, 103), (100, 103), (101, 103), (110, 103), (95, 104), (96, 104), (97, 104), (111, 104), (91, 105), (92, 105), (93, 105), (94, 105), (112, 105), (113, 106), (114, 107), (90, 108), (113, 110), (89, 111), (112, 113)]
[(59, 97), (60, 97), (61, 97), (62, 97), (56, 98), (57, 98), (58, 98), (63, 98), (52, 99), (53, 99), (54, 99), (55, 99), (64, 99), (49, 100), (50, 100), (51, 100), (65, 100), (45, 101), (46, 101), (47, 101), (48, 101), (66, 101), (67, 102), (68, 103), (44, 104), (67, 106), (43, 107), (66, 109), (42, 111), (65, 113), (41, 114)]
