[(114, 21), (112, 22), (113, 22), (110, 23), (111, 23), (107, 24), (108, 24), (109, 24), (105, 25), (106, 25), (103, 26), (104, 26), (101, 27), (102, 27), (98, 28), (99, 28), (100, 28), (97, 30), (96, 32), (95, 34), (94, 36), (93, 39), (92, 41), (91, 43), (90, 45), (89, 48), (114, 48), (112, 49), (113, 49), (88, 50), (109, 50), (110, 50), (111, 50), (107, 51), (108, 51), (87, 52), (105, 52), (106, 52), (103, 53), (104, 53), (86, 54), (87, 54), (100, 54), (101, 54), (102, 54), (88, 55), (98, 55), (99, 55), (89, 56), (96, 56), (97, 56), (90, 57), (94, 57), (95, 57), (91, 58), (92, 58), (93, 58)]
[(114, 66), (113, 68), (112, 71), (111, 73), (110, 75), (109, 77), (110, 77), (111, 78), (112, 79), (113, 80), (114, 81)]
[(63, 31), (64, 31), (61, 32), (62, 32), (65, 32), (59, 33), (60, 33), (66, 33), (56, 34), (57, 34), (58, 34), (67, 34), (54, 35), (55, 35), (68, 35), (52, 36), (53, 36), (50, 37), (51, 37), (67, 37), (47, 38), (48, 38), (49, 38), (45, 39), (46, 39), (66, 39), (43, 40), (44, 40), (41, 41), (42, 41), (65, 41), (38, 42), (39, 42), (40, 42), (64, 43), (37, 44), (36, 46), (63, 46), (35, 48), (62, 48), (34, 50), (61, 50), (60, 52), (33, 53), (32, 55), (59, 55), (31, 57), (58, 57), (30, 59), (57, 59), (56, 61), (57, 61), (29, 62), (54, 62), (55, 62), (52, 63), (53, 63), (28, 64), (49, 64), (50, 64), (51, 64), (47, 65), (48, 65), (27, 66), (45, 66), (46, 66), (43, 67), (44, 67), (26, 68), (27, 68), (40, 68), (41, 68), (42, 68), (28, 69), (38, 69), (39, 69), (29, 70), (36, 70), (37, 70), (30, 71), (34, 71), (35, 71), (31, 72), (32, 72), (33, 72)]
[(93, 24), (94, 24), (91, 25), (92, 25), (95, 25), (89, 26), (90, 26), (96, 26), (86, 27), (87, 27), (88, 27), (97, 27), (84, 28), (85, 28), (98, 28), (82, 29), (83, 29), (80, 30), (81, 30), (97, 30), (77, 31), (78, 31), (79, 31), (75, 32), (76, 32), (96, 32), (73, 33), (74, 33), (71, 34), (72, 34), (95, 34), (68, 35), (69, 35), (70, 35), (94, 36), (67, 37), (66, 39), (93, 39), (65, 41), (92, 41), (64, 43), (91, 43), (90, 45), (63, 46), (62, 48), (89, 48), (61, 50), (88, 50), (60, 52), (87, 52), (86, 54), (87, 54), (59, 55), (84, 55), (85, 55), (82, 56), (83, 56), (58, 57), (79, 57), (80, 57), (81, 57), (77, 58), (78, 58), (57, 59), (75, 59), (76, 59), (73, 60), (74, 60), (56, 61), (57, 61), (70, 61), (71, 61), (72, 61), (58, 62), (68, 62), (69, 62), (59, 63), (66, 63), (67, 63), (60, 64), (64, 64), (65, 64), (61, 65), (62, 65), (63, 65)]
[(86, 54), (87, 54), (84, 55), (85, 55), (88, 55), (82, 56), (83, 56), (89, 56), (79, 57), (80, 57), (81, 57), (90, 57), (77, 58), (78, 58), (91, 58), (75, 59), (76, 59), (73, 60), (74, 60), (90, 60), (70, 61), (71, 61), (72, 61), (68, 62), (69, 62), (89, 62), (66, 63), (67, 63), (64, 64), (65, 64), (88, 64), (61, 65), (62, 65), (63, 65), (87, 66), (60, 67), (59, 69), (86, 69), (58, 71), (85, 71), (57, 73), (84, 73), (83, 75), (56, 76), (55, 78), (82, 78), (54, 80), (81, 80), (53, 82), (80, 82), (79, 84), (80, 84), (52, 85), (77, 85), (78, 85), (75, 86), (76, 86), (51, 87), (72, 87), (73, 87), (74, 87), (70, 88), (71, 88), (50, 89), (68, 89), (69, 89), (66, 90), (67, 90), (49, 91), (50, 91), (63, 91), (64, 91), (65, 91), (51, 92), (61, 92), (62, 92), (52, 93), (59, 93), (60, 93), (53, 94), (57, 94), (58, 94), (54, 95), (55, 95), (56, 95)]
[(114, 48), (112, 49), (113, 49), (109, 50), (110, 50), (111, 50), (107, 51), (108, 51), (105, 52), (106, 52), (103, 53), (104, 53), (100, 54), (101, 54), (102, 54), (98, 55), (99, 55), (96, 56), (97, 56), (94, 57), (95, 57), (91, 58), (92, 58), (93, 58), (90, 60), (89, 62), (88, 64), (87, 66), (114, 66), (113, 68), (86, 69), (85, 71), (112, 71), (84, 73), (111, 73), (83, 75), (110, 75), (109, 77), (110, 77), (82, 78), (107, 78), (108, 78), (105, 79), (106, 79), (81, 80), (102, 80), (103, 80), (104, 80), (100, 81), (101, 81), (80, 82), (98, 82), (99, 82), (96, 83), (97, 83), (79, 84), (80, 84), (93, 84), (94, 84), (95, 84), (81, 85), (91, 85), (92, 85), (82, 86), (89, 86), (90, 86), (83, 87), (87, 87), (88, 87), (84, 88), (85, 88), (86, 88)]
[(109, 77), (110, 77), (107, 78), (108, 78), (111, 78), (105, 79), (106, 79), (112, 79), (102, 80), (103, 80), (104, 80), (113, 80), (100, 81), (101, 81), (114, 81), (98, 82), (99, 82), (96, 83), (97, 83), (113, 83), (93, 84), (94, 84), (95, 84), (91, 85), (92, 85), (112, 85), (89, 86), (90, 86), (87, 87), (88, 87), (111, 87), (84, 88), (85, 88), (86, 88), (110, 89), (83, 90), (82, 92), (109, 92), (81, 94), (108, 94), (80, 96), (107, 96), (106, 98), (79, 99), (78, 101), (105, 101), (77, 103), (104, 103), (76, 105), (103, 105), (102, 107), (103, 107), (75, 108), (100, 108), (101, 108), (98, 109), (99, 109), (74, 110), (95, 110), (96, 110), (97, 110), (93, 111), (94, 111), (73, 112), (91, 112), (92, 112), (89, 113), (90, 113), (72, 114), (73, 114), (86, 114), (87, 114), (88, 114)]
[(114, 81), (113, 83), (112, 85), (111, 87), (110, 89), (109, 92), (108, 94), (107, 96), (106, 98), (105, 101), (104, 103), (103, 105), (102, 107), (103, 107), (104, 108), (114, 108), (105, 109), (112, 109), (113, 109), (106, 110), (110, 110), (111, 110), (107, 111), (108, 111), (109, 111)]
[(114, 108), (112, 109), (113, 109), (110, 110), (111, 110), (107, 111), (108, 111), (109, 111), (106, 113)]
[(26, 68), (27, 68), (24, 69), (25, 69), (28, 69), (22, 70), (23, 70), (29, 70), (19, 71), (20, 71), (21, 71), (30, 71), (17, 72), (18, 72), (31, 72), (15, 73), (16, 73), (13, 74), (14, 74), (30, 74), (10, 75), (11, 75), (12, 75), (8, 76), (9, 76), (29, 76), (6, 77), (7, 77), (4, 78), (5, 78), (28, 78), (1, 79), (2, 79), (3, 79), (27, 80), (0, 81), (26, 83), (25, 85), (24, 87), (23, 89), (22, 92), (21, 94), (20, 96), (19, 98), (20, 98), (17, 99), (18, 99), (15, 100), (16, 100), (12, 101), (13, 101), (14, 101), (10, 102), (11, 102), (8, 103), (9, 103), (6, 104), (7, 104), (3, 105), (4, 105), (5, 105), (1, 106), (2, 106), (0, 107)]
[(56, 61), (57, 61), (54, 62), (55, 62), (58, 62), (52, 63), (53, 63), (59, 63), (49, 64), (50, 64), (51, 64), (60, 64), (47, 65), (48, 65), (61, 65), (45, 66), (46, 66), (43, 67), (44, 67), (60, 67), (40, 68), (41, 68), (42, 68), (38, 69), (39, 69), (59, 69), (36, 70), (37, 70), (34, 71), (35, 71), (58, 71), (31, 72), (32, 72), (33, 72), (57, 73), (30, 74), (29, 76), (56, 76), (28, 78), (55, 78), (27, 80), (54, 80), (53, 82), (26, 83), (25, 85), (52, 85), (24, 87), (51, 87), (23, 89), (50, 89), (49, 91), (50, 91), (22, 92), (47, 92), (48, 92), (45, 93), (46, 93), (21, 94), (42, 94), (43, 94), (44, 94), (40, 95), (41, 95), (20, 96), (38, 96), (39, 96), (36, 97), (37, 97), (19, 98), (20, 98), (33, 98), (34, 98), (35, 98), (21, 99), (31, 99), (32, 99), (22, 100), (29, 100), (30, 100), (23, 101), (27, 101), (28, 101), (24, 102), (25, 102), (26, 102)]
[(49, 91), (50, 91), (47, 92), (48, 92), (51, 92), (45, 93), (46, 93), (52, 93), (42, 94), (43, 94), (44, 94), (53, 94), (40, 95), (41, 95), (54, 95), (38, 96), (39, 96), (36, 97), (37, 97), (53, 97), (33, 98), (34, 98), (35, 98), (31, 99), (32, 99), (52, 99), (29, 100), (30, 100), (27, 101), (28, 101), (51, 101), (24, 102), (25, 102), (26, 102), (50, 103), (23, 104), (22, 106), (49, 106), (21, 108), (48, 108), (20, 110), (47, 110), (46, 112), (19, 113)]
[(79, 84), (80, 84), (77, 85), (78, 85), (81, 85), (75, 86), (76, 86), (82, 86), (72, 87), (73, 87), (74, 87), (83, 87), (70, 88), (71, 88), (84, 88), (68, 89), (69, 89), (66, 90), (67, 90), (83, 90), (63, 91), (64, 91), (65, 91), (61, 92), (62, 92), (82, 92), (59, 93), (60, 93), (57, 94), (58, 94), (81, 94), (54, 95), (55, 95), (56, 95), (80, 96), (53, 97), (52, 99), (79, 99), (51, 101), (78, 101), (50, 103), (77, 103), (76, 105), (49, 106), (48, 108), (75, 108), (47, 110), (74, 110), (46, 112), (73, 112), (72, 114), (73, 114)]
[(72, 114), (73, 114)]
[(102, 107), (103, 107), (100, 108), (101, 108), (104, 108), (98, 109), (99, 109), (105, 109), (95, 110), (96, 110), (97, 110), (106, 110), (93, 111), (94, 111), (107, 111), (91, 112), (92, 112), (89, 113), (90, 113), (106, 113), (86, 114), (87, 114), (88, 114)]
[(19, 98), (20, 98), (17, 99), (18, 99), (21, 99), (15, 100), (16, 100), (22, 100), (12, 101), (13, 101), (14, 101), (23, 101), (10, 102), (11, 102), (24, 102), (8, 103), (9, 103), (6, 104), (7, 104), (23, 104), (3, 105), (4, 105), (5, 105), (1, 106), (2, 106), (22, 106), (0, 107), (21, 108), (20, 110), (19, 113)]
