[(114, 27), (110, 28), (111, 28), (112, 28), (113, 28), (106, 29), (107, 29), (108, 29), (109, 29), (102, 30), (103, 30), (104, 30), (105, 30), (101, 33), (100, 37), (99, 41), (98, 44), (97, 48), (98, 48), (99, 49), (114, 49), (100, 50), (110, 50), (111, 50), (112, 50), (113, 50), (101, 51), (106, 51), (107, 51), (108, 51), (109, 51), (102, 52), (103, 52), (104, 52), (105, 52)]
[(73, 26), (74, 26), (75, 26), (76, 26), (70, 27), (71, 27), (72, 27), (77, 27), (66, 28), (67, 28), (68, 28), (69, 28), (78, 28), (62, 29), (63, 29), (64, 29), (65, 29), (79, 29), (58, 30), (59, 30), (60, 30), (61, 30), (80, 30), (57, 33), (79, 33), (56, 37), (78, 37), (55, 41), (77, 41), (54, 44), (76, 44), (53, 48), (54, 48), (73, 48), (74, 48), (75, 48), (76, 48), (55, 49), (70, 49), (71, 49), (72, 49), (56, 50), (66, 50), (67, 50), (68, 50), (69, 50), (57, 51), (62, 51), (63, 51), (64, 51), (65, 51), (58, 52), (59, 52), (60, 52), (61, 52)]
[(95, 26), (96, 26), (97, 26), (98, 26), (92, 27), (93, 27), (94, 27), (99, 27), (88, 28), (89, 28), (90, 28), (91, 28), (100, 28), (84, 29), (85, 29), (86, 29), (87, 29), (101, 29), (80, 30), (81, 30), (82, 30), (83, 30), (102, 30), (79, 33), (101, 33), (78, 37), (100, 37), (77, 41), (99, 41), (76, 44), (98, 44), (75, 48), (76, 48), (95, 48), (96, 48), (97, 48), (98, 48), (77, 49), (92, 49), (93, 49), (94, 49), (78, 50), (88, 50), (89, 50), (90, 50), (91, 50), (79, 51), (84, 51), (85, 51), (86, 51), (87, 51), (80, 52), (81, 52), (82, 52), (83, 52)]
[(95, 48), (96, 48), (97, 48), (98, 48), (92, 49), (93, 49), (94, 49), (99, 49), (88, 50), (89, 50), (90, 50), (91, 50), (100, 50), (84, 51), (85, 51), (86, 51), (87, 51), (101, 51), (80, 52), (81, 52), (82, 52), (83, 52), (102, 52), (79, 55), (101, 55), (78, 59), (100, 59), (77, 63), (99, 63), (76, 66), (98, 66), (75, 70), (76, 70), (95, 70), (96, 70), (97, 70), (98, 70), (77, 71), (92, 71), (93, 71), (94, 71), (78, 72), (88, 72), (89, 72), (90, 72), (91, 72), (79, 73), (84, 73), (85, 73), (86, 73), (87, 73), (80, 74), (81, 74), (82, 74), (83, 74)]
[(114, 49), (110, 50), (111, 50), (112, 50), (113, 50), (106, 51), (107, 51), (108, 51), (109, 51), (102, 52), (103, 52), (104, 52), (105, 52), (101, 55), (100, 59), (99, 63), (98, 66), (97, 70), (98, 70), (99, 71), (114, 71), (100, 72), (110, 72), (111, 72), (112, 72), (113, 72), (101, 73), (106, 73), (107, 73), (108, 73), (109, 73), (102, 74), (103, 74), (104, 74), (105, 74)]
[(114, 71), (110, 72), (111, 72), (112, 72), (113, 72), (106, 73), (107, 73), (108, 73), (109, 73), (102, 74), (103, 74), (104, 74), (105, 74), (101, 77), (100, 81), (99, 85), (98, 88), (97, 92), (98, 92), (99, 93), (114, 93), (100, 94), (110, 94), (111, 94), (112, 94), (113, 94), (101, 95), (106, 95), (107, 95), (108, 95), (109, 95), (102, 96), (103, 96), (104, 96), (105, 96)]
[(51, 48), (52, 48), (53, 48), (54, 48), (48, 49), (49, 49), (50, 49), (55, 49), (44, 50), (45, 50), (46, 50), (47, 50), (56, 50), (40, 51), (41, 51), (42, 51), (43, 51), (57, 51), (36, 52), (37, 52), (38, 52), (39, 52), (58, 52), (35, 55), (57, 55), (34, 59), (56, 59), (33, 63), (55, 63), (32, 66), (54, 66), (31, 70), (32, 70), (51, 70), (52, 70), (53, 70), (54, 70), (33, 71), (48, 71), (49, 71), (50, 71), (34, 72), (44, 72), (45, 72), (46, 72), (47, 72), (35, 73), (40, 73), (41, 73), (42, 73), (43, 73), (36, 74), (37, 74), (38, 74), (39, 74)]
[(73, 48), (74, 48), (75, 48), (76, 48), (70, 49), (71, 49), (72, 49), (77, 49), (66, 50), (67, 50), (68, 50), (69, 50), (78, 50), (62, 51), (63, 51), (64, 51), (65, 51), (79, 51), (58, 52), (59, 52), (60, 52), (61, 52), (80, 52), (57, 55), (79, 55), (56, 59), (78, 59), (55, 63), (77, 63), (54, 66), (76, 66), (53, 70), (54, 70), (73, 70), (74, 70), (75, 70), (76, 70), (55, 71), (70, 71), (71, 71), (72, 71), (56, 72), (66, 72), (67, 72), (68, 72), (69, 72), (57, 73), (62, 73), (63, 73), (64, 73), (65, 73), (58, 74), (59, 74), (60, 74), (61, 74)]
[(73, 70), (74, 70), (75, 70), (76, 70), (70, 71), (71, 71), (72, 71), (77, 71), (66, 72), (67, 72), (68, 72), (69, 72), (78, 72), (62, 73), (63, 73), (64, 73), (65, 73), (79, 73), (58, 74), (59, 74), (60, 74), (61, 74), (80, 74), (57, 77), (79, 77), (56, 81), (78, 81), (55, 85), (77, 85), (54, 88), (76, 88), (53, 92), (54, 92), (73, 92), (74, 92), (75, 92), (76, 92), (55, 93), (70, 93), (71, 93), (72, 93), (56, 94), (66, 94), (67, 94), (68, 94), (69, 94), (57, 95), (62, 95), (63, 95), (64, 95), (65, 95), (58, 96), (59, 96), (60, 96), (61, 96)]
[(95, 70), (96, 70), (97, 70), (98, 70), (92, 71), (93, 71), (94, 71), (99, 71), (88, 72), (89, 72), (90, 72), (91, 72), (100, 72), (84, 73), (85, 73), (86, 73), (87, 73), (101, 73), (80, 74), (81, 74), (82, 74), (83, 74), (102, 74), (79, 77), (101, 77), (78, 81), (100, 81), (77, 85), (99, 85), (76, 88), (98, 88), (75, 92), (76, 92), (95, 92), (96, 92), (97, 92), (98, 92), (77, 93), (92, 93), (93, 93), (94, 93), (78, 94), (88, 94), (89, 94), (90, 94), (91, 94), (79, 95), (84, 95), (85, 95), (86, 95), (87, 95), (80, 96), (81, 96), (82, 96), (83, 96)]
[(95, 92), (96, 92), (97, 92), (98, 92), (92, 93), (93, 93), (94, 93), (99, 93), (88, 94), (89, 94), (90, 94), (91, 94), (100, 94), (84, 95), (85, 95), (86, 95), (87, 95), (101, 95), (80, 96), (81, 96), (82, 96), (83, 96), (102, 96), (79, 99), (101, 99), (78, 103), (100, 103), (77, 107), (99, 107), (76, 110), (98, 110), (75, 114), (76, 114), (95, 114), (96, 114), (97, 114), (98, 114)]
[(114, 93), (110, 94), (111, 94), (112, 94), (113, 94), (106, 95), (107, 95), (108, 95), (109, 95), (102, 96), (103, 96), (104, 96), (105, 96), (101, 99), (100, 103), (99, 107), (98, 110), (97, 114), (98, 114)]
[(51, 70), (52, 70), (53, 70), (54, 70), (48, 71), (49, 71), (50, 71), (55, 71), (44, 72), (45, 72), (46, 72), (47, 72), (56, 72), (40, 73), (41, 73), (42, 73), (43, 73), (57, 73), (36, 74), (37, 74), (38, 74), (39, 74), (58, 74), (35, 77), (57, 77), (34, 81), (56, 81), (33, 85), (55, 85), (32, 88), (54, 88), (31, 92), (32, 92), (51, 92), (52, 92), (53, 92), (54, 92), (33, 93), (48, 93), (49, 93), (50, 93), (34, 94), (44, 94), (45, 94), (46, 94), (47, 94), (35, 95), (40, 95), (41, 95), (42, 95), (43, 95), (36, 96), (37, 96), (38, 96), (39, 96)]
[(51, 92), (52, 92), (53, 92), (54, 92), (48, 93), (49, 93), (50, 93), (55, 93), (44, 94), (45, 94), (46, 94), (47, 94), (56, 94), (40, 95), (41, 95), (42, 95), (43, 95), (57, 95), (36, 96), (37, 96), (38, 96), (39, 96), (58, 96), (35, 99), (57, 99), (34, 103), (56, 103), (33, 107), (55, 107), (32, 110), (54, 110), (31, 114), (32, 114), (51, 114), (52, 114), (53, 114), (54, 114)]
[(73, 92), (74, 92), (75, 92), (76, 92), (70, 93), (71, 93), (72, 93), (77, 93), (66, 94), (67, 94), (68, 94), (69, 94), (78, 94), (62, 95), (63, 95), (64, 95), (65, 95), (79, 95), (58, 96), (59, 96), (60, 96), (61, 96), (80, 96), (57, 99), (79, 99), (56, 103), (78, 103), (55, 107), (77, 107), (54, 110), (76, 110), (53, 114), (54, 114), (73, 114), (74, 114), (75, 114), (76, 114)]
[(73, 114), (74, 114), (75, 114), (76, 114)]
[(95, 114), (96, 114), (97, 114), (98, 114)]
[(51, 114), (52, 114), (53, 114), (54, 114)]
