[(84, 15), (85, 15), (86, 15), (82, 16), (83, 16), (87, 16), (79, 17), (80, 17), (81, 17), (88, 17), (76, 18), (77, 18), (78, 18), (89, 18), (74, 19), (75, 19), (90, 19), (71, 20), (72, 20), (73, 20), (68, 21), (69, 21), (70, 21), (89, 21), (65, 22), (66, 22), (67, 22), (64, 24), (88, 24), (63, 27), (87, 27), (86, 29), (62, 30), (61, 32), (85, 32), (60, 35), (84, 35), (59, 38), (83, 38), (81, 40), (82, 40), (83, 40), (58, 41), (79, 41), (80, 41), (76, 42), (77, 42), (78, 42), (57, 43), (58, 43), (73, 43), (74, 43), (75, 43), (59, 44), (71, 44), (72, 44), (60, 45), (68, 45), (69, 45), (70, 45), (61, 46), (65, 46), (66, 46), (67, 46), (62, 47), (63, 47), (64, 47)]
[(109, 12), (110, 12), (111, 12), (107, 13), (108, 13), (112, 13), (104, 14), (105, 14), (106, 14), (113, 14), (101, 15), (102, 15), (103, 15), (114, 15), (99, 16), (100, 16), (96, 17), (97, 17), (98, 17), (93, 18), (94, 18), (95, 18), (114, 18), (90, 19), (91, 19), (92, 19), (89, 21), (113, 21), (88, 24), (112, 24), (111, 26), (87, 27), (86, 29), (110, 29), (85, 32), (109, 32), (84, 35), (108, 35), (106, 37), (107, 37), (108, 37), (83, 38), (104, 38), (105, 38), (101, 39), (102, 39), (103, 39), (82, 40), (83, 40), (98, 40), (99, 40), (100, 40), (84, 41), (96, 41), (97, 41), (85, 42), (93, 42), (94, 42), (95, 42), (86, 43), (90, 43), (91, 43), (92, 43), (87, 44), (88, 44), (89, 44)]
[(106, 37), (107, 37), (108, 37), (104, 38), (105, 38), (109, 38), (101, 39), (102, 39), (103, 39), (110, 39), (98, 40), (99, 40), (100, 40), (111, 40), (96, 41), (97, 41), (112, 41), (93, 42), (94, 42), (95, 42), (90, 43), (91, 43), (92, 43), (111, 43), (87, 44), (88, 44), (89, 44), (86, 46), (110, 46), (85, 49), (109, 49), (108, 51), (84, 52), (83, 54), (107, 54), (82, 57), (106, 57), (81, 60), (105, 60), (103, 62), (104, 62), (105, 62), (80, 63), (101, 63), (102, 63), (98, 64), (99, 64), (100, 64), (79, 65), (80, 65), (95, 65), (96, 65), (97, 65), (81, 66), (93, 66), (94, 66), (82, 67), (90, 67), (91, 67), (92, 67), (83, 68), (87, 68), (88, 68), (89, 68), (84, 69), (85, 69), (86, 69)]
[(112, 41), (113, 41), (114, 41), (111, 43), (110, 46), (109, 49), (108, 51), (107, 54), (106, 57), (105, 60), (104, 62), (105, 62), (106, 63), (107, 64), (108, 65), (112, 65), (113, 65), (114, 65), (109, 66), (110, 66), (111, 66)]
[(112, 65), (113, 65), (114, 65), (109, 66), (110, 66), (111, 66), (108, 68), (107, 71), (106, 74), (105, 76), (104, 79), (103, 82), (102, 85), (101, 87), (102, 87), (103, 88), (104, 89), (112, 89), (113, 89), (114, 89), (105, 90), (109, 90), (110, 90), (111, 90), (106, 91), (107, 91), (108, 91)]
[(34, 21), (35, 21), (36, 21), (32, 22), (33, 22), (37, 22), (29, 23), (30, 23), (31, 23), (38, 23), (26, 24), (27, 24), (28, 24), (39, 24), (24, 25), (25, 25), (40, 25), (21, 26), (22, 26), (23, 26), (18, 27), (19, 27), (20, 27), (39, 27), (15, 28), (16, 28), (17, 28), (14, 30), (38, 30), (13, 33), (37, 33), (36, 35), (12, 36), (11, 38), (35, 38), (10, 41), (34, 41), (9, 44), (33, 44), (31, 46), (32, 46), (33, 46), (8, 47), (29, 47), (30, 47), (26, 48), (27, 48), (28, 48), (7, 49), (8, 49), (23, 49), (24, 49), (25, 49), (9, 50), (21, 50), (22, 50), (10, 51), (18, 51), (19, 51), (20, 51), (11, 52), (15, 52), (16, 52), (17, 52), (12, 53), (13, 53), (14, 53)]
[(59, 18), (60, 18), (61, 18), (57, 19), (58, 19), (62, 19), (54, 20), (55, 20), (56, 20), (63, 20), (51, 21), (52, 21), (53, 21), (64, 21), (49, 22), (50, 22), (65, 22), (46, 23), (47, 23), (48, 23), (43, 24), (44, 24), (45, 24), (64, 24), (40, 25), (41, 25), (42, 25), (39, 27), (63, 27), (38, 30), (62, 30), (61, 32), (37, 33), (36, 35), (60, 35), (35, 38), (59, 38), (34, 41), (58, 41), (56, 43), (57, 43), (58, 43), (33, 44), (54, 44), (55, 44), (51, 45), (52, 45), (53, 45), (32, 46), (33, 46), (48, 46), (49, 46), (50, 46), (34, 47), (46, 47), (47, 47), (35, 48), (43, 48), (44, 48), (45, 48), (36, 49), (40, 49), (41, 49), (42, 49), (37, 50), (38, 50), (39, 50)]
[(56, 43), (57, 43), (58, 43), (54, 44), (55, 44), (59, 44), (51, 45), (52, 45), (53, 45), (60, 45), (48, 46), (49, 46), (50, 46), (61, 46), (46, 47), (47, 47), (62, 47), (43, 48), (44, 48), (45, 48), (40, 49), (41, 49), (42, 49), (61, 49), (37, 50), (38, 50), (39, 50), (36, 52), (60, 52), (35, 55), (59, 55), (58, 57), (34, 58), (33, 60), (57, 60), (32, 63), (56, 63), (31, 66), (55, 66), (53, 68), (54, 68), (55, 68), (30, 69), (51, 69), (52, 69), (48, 70), (49, 70), (50, 70), (29, 71), (30, 71), (45, 71), (46, 71), (47, 71), (31, 72), (43, 72), (44, 72), (32, 73), (40, 73), (41, 73), (42, 73), (33, 74), (37, 74), (38, 74), (39, 74), (34, 75), (35, 75), (36, 75)]
[(81, 40), (82, 40), (83, 40), (79, 41), (80, 41), (84, 41), (76, 42), (77, 42), (78, 42), (85, 42), (73, 43), (74, 43), (75, 43), (86, 43), (71, 44), (72, 44), (87, 44), (68, 45), (69, 45), (70, 45), (65, 46), (66, 46), (67, 46), (86, 46), (62, 47), (63, 47), (64, 47), (61, 49), (85, 49), (60, 52), (84, 52), (83, 54), (59, 55), (58, 57), (82, 57), (57, 60), (81, 60), (56, 63), (80, 63), (78, 65), (79, 65), (80, 65), (55, 66), (76, 66), (77, 66), (73, 67), (74, 67), (75, 67), (54, 68), (55, 68), (70, 68), (71, 68), (72, 68), (56, 69), (68, 69), (69, 69), (57, 70), (65, 70), (66, 70), (67, 70), (58, 71), (62, 71), (63, 71), (64, 71), (59, 72), (60, 72), (61, 72)]
[(78, 65), (79, 65), (80, 65), (76, 66), (77, 66), (81, 66), (73, 67), (74, 67), (75, 67), (82, 67), (70, 68), (71, 68), (72, 68), (83, 68), (68, 69), (69, 69), (84, 69), (65, 70), (66, 70), (67, 70), (62, 71), (63, 71), (64, 71), (83, 71), (59, 72), (60, 72), (61, 72), (58, 74), (82, 74), (57, 77), (81, 77), (80, 79), (56, 80), (55, 82), (79, 82), (54, 85), (78, 85), (53, 88), (77, 88), (75, 90), (76, 90), (77, 90), (52, 91), (73, 91), (74, 91), (70, 92), (71, 92), (72, 92), (51, 93), (52, 93), (67, 93), (68, 93), (69, 93), (53, 94), (65, 94), (66, 94), (54, 95), (62, 95), (63, 95), (64, 95), (55, 96), (59, 96), (60, 96), (61, 96), (56, 97), (57, 97), (58, 97)]
[(103, 62), (104, 62), (105, 62), (101, 63), (102, 63), (106, 63), (98, 64), (99, 64), (100, 64), (107, 64), (95, 65), (96, 65), (97, 65), (108, 65), (93, 66), (94, 66), (109, 66), (90, 67), (91, 67), (92, 67), (87, 68), (88, 68), (89, 68), (108, 68), (84, 69), (85, 69), (86, 69), (83, 71), (107, 71), (82, 74), (106, 74), (105, 76), (81, 77), (80, 79), (104, 79), (79, 82), (103, 82), (78, 85), (102, 85), (100, 87), (101, 87), (102, 87), (77, 88), (98, 88), (99, 88), (95, 89), (96, 89), (97, 89), (76, 90), (77, 90), (92, 90), (93, 90), (94, 90), (78, 91), (90, 91), (91, 91), (79, 92), (87, 92), (88, 92), (89, 92), (80, 93), (84, 93), (85, 93), (86, 93), (81, 94), (82, 94), (83, 94)]
[(100, 87), (101, 87), (102, 87), (98, 88), (99, 88), (103, 88), (95, 89), (96, 89), (97, 89), (104, 89), (92, 90), (93, 90), (94, 90), (105, 90), (90, 91), (91, 91), (106, 91), (87, 92), (88, 92), (89, 92), (84, 93), (85, 93), (86, 93), (105, 93), (81, 94), (82, 94), (83, 94), (80, 96), (104, 96), (79, 99), (103, 99), (102, 101), (78, 102), (77, 104), (101, 104), (76, 107), (100, 107), (75, 110), (99, 110), (97, 112), (98, 112), (99, 112), (74, 113), (95, 113), (96, 113), (92, 114), (93, 114), (94, 114)]
[(112, 89), (113, 89), (114, 89), (109, 90), (110, 90), (111, 90), (106, 91), (107, 91), (108, 91), (105, 93), (104, 96), (103, 99), (102, 101), (101, 104), (100, 107), (99, 110), (98, 112), (99, 112), (114, 112), (100, 113), (112, 113), (113, 113), (101, 114), (109, 114), (110, 114), (111, 114)]
[(6, 49), (7, 49), (8, 49), (4, 50), (5, 50), (9, 50), (1, 51), (2, 51), (3, 51), (10, 51), (0, 52), (11, 52), (12, 53), (11, 55), (10, 58), (9, 61), (8, 63), (7, 66), (6, 69), (5, 72), (3, 74), (4, 74), (5, 74), (1, 75), (2, 75), (0, 76)]
[(31, 46), (32, 46), (33, 46), (29, 47), (30, 47), (34, 47), (26, 48), (27, 48), (28, 48), (35, 48), (23, 49), (24, 49), (25, 49), (36, 49), (21, 50), (22, 50), (37, 50), (18, 51), (19, 51), (20, 51), (15, 52), (16, 52), (17, 52), (36, 52), (12, 53), (13, 53), (14, 53), (11, 55), (35, 55), (10, 58), (34, 58), (33, 60), (9, 61), (8, 63), (32, 63), (7, 66), (31, 66), (6, 69), (30, 69), (28, 71), (29, 71), (30, 71), (5, 72), (26, 72), (27, 72), (23, 73), (24, 73), (25, 73), (4, 74), (5, 74), (20, 74), (21, 74), (22, 74), (6, 75), (18, 75), (19, 75), (7, 76), (15, 76), (16, 76), (17, 76), (8, 77), (12, 77), (13, 77), (14, 77), (9, 78), (10, 78), (11, 78)]
[(28, 71), (29, 71), (30, 71), (26, 72), (27, 72), (31, 72), (23, 73), (24, 73), (25, 73), (32, 73), (20, 74), (21, 74), (22, 74), (33, 74), (18, 75), (19, 75), (34, 75), (15, 76), (16, 76), (17, 76), (12, 77), (13, 77), (14, 77), (33, 77), (9, 78), (10, 78), (11, 78), (8, 80), (32, 80), (7, 83), (31, 83), (30, 85), (6, 86), (5, 88), (29, 88), (4, 91), (28, 91), (3, 94), (27, 94), (25, 96), (26, 96), (27, 96), (2, 97), (23, 97), (24, 97), (20, 98), (21, 98), (22, 98), (1, 99), (2, 99), (17, 99), (18, 99), (19, 99), (3, 100), (15, 100), (16, 100), (4, 101), (12, 101), (13, 101), (14, 101), (5, 102), (9, 102), (10, 102), (11, 102), (6, 103), (7, 103), (8, 103)]
[(53, 68), (54, 68), (55, 68), (51, 69), (52, 69), (56, 69), (48, 70), (49, 70), (50, 70), (57, 70), (45, 71), (46, 71), (47, 71), (58, 71), (43, 72), (44, 72), (59, 72), (40, 73), (41, 73), (42, 73), (37, 74), (38, 74), (39, 74), (58, 74), (34, 75), (35, 75), (36, 75), (33, 77), (57, 77), (32, 80), (56, 80), (55, 82), (31, 83), (30, 85), (54, 85), (29, 88), (53, 88), (28, 91), (52, 91), (50, 93), (51, 93), (52, 93), (27, 94), (48, 94), (49, 94), (45, 95), (46, 95), (47, 95), (26, 96), (27, 96), (42, 96), (43, 96), (44, 96), (28, 97), (40, 97), (41, 97), (29, 98), (37, 98), (38, 98), (39, 98), (30, 99), (34, 99), (35, 99), (36, 99), (31, 100), (32, 100), (33, 100)]
[(50, 93), (51, 93), (52, 93), (48, 94), (49, 94), (53, 94), (45, 95), (46, 95), (47, 95), (54, 95), (42, 96), (43, 96), (44, 96), (55, 96), (40, 97), (41, 97), (56, 97), (37, 98), (38, 98), (39, 98), (34, 99), (35, 99), (36, 99), (55, 99), (31, 100), (32, 100), (33, 100), (30, 102), (54, 102), (29, 105), (53, 105), (52, 107), (28, 108), (27, 110), (51, 110), (26, 113), (50, 113)]
[(75, 90), (76, 90), (77, 90), (73, 91), (74, 91), (78, 91), (70, 92), (71, 92), (72, 92), (79, 92), (67, 93), (68, 93), (69, 93), (80, 93), (65, 94), (66, 94), (81, 94), (62, 95), (63, 95), (64, 95), (59, 96), (60, 96), (61, 96), (80, 96), (56, 97), (57, 97), (58, 97), (55, 99), (79, 99), (54, 102), (78, 102), (77, 104), (53, 105), (52, 107), (76, 107), (51, 110), (75, 110), (50, 113), (74, 113)]
[(97, 112), (98, 112), (99, 112), (95, 113), (96, 113), (100, 113), (92, 114), (93, 114), (94, 114), (101, 114)]
[(3, 74), (4, 74), (5, 74), (1, 75), (2, 75), (6, 75), (0, 76), (7, 76), (8, 77), (9, 78), (8, 80), (7, 83), (6, 86), (5, 88), (4, 91), (3, 94), (2, 97), (0, 99), (1, 99), (2, 99)]
[(0, 99), (1, 99), (2, 99), (3, 100), (4, 101), (5, 102), (6, 103), (5, 105), (4, 108), (3, 111), (2, 113)]
[(25, 96), (26, 96), (27, 96), (23, 97), (24, 97), (28, 97), (20, 98), (21, 98), (22, 98), (29, 98), (17, 99), (18, 99), (19, 99), (30, 99), (15, 100), (16, 100), (31, 100), (12, 101), (13, 101), (14, 101), (9, 102), (10, 102), (11, 102), (30, 102), (6, 103), (7, 103), (8, 103), (5, 105), (29, 105), (4, 108), (28, 108), (27, 110), (3, 111), (2, 113), (26, 113)]
