[(62, 0), (81, 0), (61, 2), (80, 2), (60, 4), (79, 4), (79, 5), (59, 6), (77, 6), (78, 6), (75, 7), (76, 7), (72, 8), (73, 8), (74, 8), (58, 9), (70, 9), (71, 9), (68, 10), (69, 10), (57, 11), (66, 11), (67, 11), (64, 12), (65, 12), (56, 13), (62, 13), (63, 13), (56, 14), (60, 14), (61, 14), (57, 15), (58, 15), (59, 15)]
[(81, 0), (93, 0), (94, 0), (91, 1), (92, 1), (80, 2), (89, 2), (90, 2), (87, 3), (88, 3), (79, 4), (85, 4), (86, 4), (79, 5), (83, 5), (84, 5), (80, 6), (81, 6), (82, 6)]
[(93, 0), (94, 0), (91, 1), (92, 1), (101, 1), (89, 2), (90, 2), (87, 3), (88, 3), (100, 3), (85, 4), (86, 4), (83, 5), (84, 5), (99, 5), (80, 6), (81, 6), (82, 6), (98, 7), (79, 8), (97, 9), (78, 10), (96, 11), (77, 12), (76, 14), (95, 14), (75, 16), (94, 16), (74, 18), (93, 18), (93, 19), (73, 20), (91, 20), (92, 20), (89, 21), (90, 21), (86, 22), (87, 22), (88, 22), (72, 23), (84, 23), (85, 23), (82, 24), (83, 24), (71, 25), (80, 25), (81, 25), (78, 26), (79, 26), (70, 27), (76, 27), (77, 27), (70, 28), (74, 28), (75, 28), (71, 29), (72, 29), (73, 29)]
[(101, 1), (100, 3), (99, 5), (98, 7), (97, 9), (96, 11), (114, 11), (112, 12), (113, 12), (109, 13), (110, 13), (111, 13), (95, 14), (107, 14), (108, 14), (105, 15), (106, 15), (94, 16), (103, 16), (104, 16), (101, 17), (102, 17), (93, 18), (99, 18), (100, 18), (93, 19), (97, 19), (98, 19), (94, 20), (95, 20), (96, 20)]
[(114, 11), (112, 12), (113, 12), (109, 13), (110, 13), (111, 13), (107, 14), (108, 14), (105, 15), (106, 15), (103, 16), (104, 16), (101, 17), (102, 17), (114, 17), (99, 18), (100, 18), (97, 19), (98, 19), (113, 19), (94, 20), (95, 20), (96, 20), (112, 21), (93, 22), (111, 23), (92, 24), (110, 25), (91, 26), (90, 28), (109, 28), (89, 30), (108, 30), (88, 32), (107, 32), (107, 33), (87, 34), (105, 34), (106, 34), (103, 35), (104, 35), (100, 36), (101, 36), (102, 36), (86, 37), (98, 37), (99, 37), (96, 38), (97, 38), (85, 39), (94, 39), (95, 39), (92, 40), (93, 40), (84, 41), (90, 41), (91, 41), (84, 42), (88, 42), (89, 42), (85, 43), (86, 43), (87, 43)]
[(114, 17), (113, 19), (112, 21), (111, 23), (110, 25), (109, 28), (108, 30), (107, 32), (113, 32), (114, 32), (107, 33), (111, 33), (112, 33), (108, 34), (109, 34), (110, 34)]
[(113, 32), (114, 32), (111, 33), (112, 33), (108, 34), (109, 34), (110, 34), (107, 36), (106, 38), (105, 40), (104, 42), (103, 44), (102, 46), (101, 48), (114, 50), (100, 51), (112, 51), (113, 51), (110, 52), (111, 52), (99, 53), (108, 53), (109, 53), (106, 54), (107, 54), (98, 55), (104, 55), (105, 55), (98, 56), (102, 56), (103, 56), (99, 57), (100, 57), (101, 57)]
[(114, 65), (113, 67), (112, 69), (112, 70), (113, 71), (114, 71)]
[(42, 0), (40, 1), (41, 1), (43, 1), (38, 2), (39, 2), (35, 3), (36, 3), (37, 3), (42, 3), (33, 4), (34, 4), (31, 5), (32, 5), (41, 5), (29, 6), (30, 6), (27, 7), (28, 7), (40, 7), (25, 8), (26, 8), (23, 9), (24, 9), (39, 9), (20, 10), (21, 10), (22, 10), (38, 11), (19, 12), (37, 13), (18, 14), (36, 15), (17, 16), (16, 18), (35, 18), (15, 20), (34, 20), (14, 22), (33, 22), (33, 23), (13, 24), (31, 24), (32, 24), (29, 25), (30, 25), (26, 26), (27, 26), (28, 26), (12, 27), (24, 27), (25, 27), (22, 28), (23, 28), (11, 29), (20, 29), (21, 29), (18, 30), (19, 30), (10, 31), (16, 31), (17, 31), (10, 32), (14, 32), (15, 32), (11, 33), (12, 33), (13, 33)]
[(46, 0), (47, 0), (62, 0), (43, 1), (44, 1), (45, 1), (61, 2), (42, 3), (60, 4), (41, 5), (59, 6), (40, 7), (39, 9), (58, 9), (38, 11), (57, 11), (37, 13), (56, 13), (56, 14), (36, 15), (54, 15), (55, 15), (52, 16), (53, 16), (49, 17), (50, 17), (51, 17), (35, 18), (47, 18), (48, 18), (45, 19), (46, 19), (34, 20), (43, 20), (44, 20), (41, 21), (42, 21), (33, 22), (39, 22), (40, 22), (33, 23), (37, 23), (38, 23), (34, 24), (35, 24), (36, 24)]
[(56, 14), (54, 15), (55, 15), (57, 15), (52, 16), (53, 16), (49, 17), (50, 17), (51, 17), (56, 17), (47, 18), (48, 18), (45, 19), (46, 19), (55, 19), (43, 20), (44, 20), (41, 21), (42, 21), (54, 21), (39, 22), (40, 22), (37, 23), (38, 23), (53, 23), (34, 24), (35, 24), (36, 24), (52, 25), (33, 26), (51, 27), (32, 28), (50, 29), (31, 30), (30, 32), (49, 32), (29, 34), (48, 34), (28, 36), (47, 36), (47, 37), (27, 38), (45, 38), (46, 38), (43, 39), (44, 39), (40, 40), (41, 40), (42, 40), (26, 41), (38, 41), (39, 41), (36, 42), (37, 42), (25, 43), (34, 43), (35, 43), (32, 44), (33, 44), (24, 45), (30, 45), (31, 45), (24, 46), (28, 46), (29, 46), (25, 47), (26, 47), (27, 47)]
[(79, 5), (77, 6), (78, 6), (80, 6), (75, 7), (76, 7), (72, 8), (73, 8), (74, 8), (79, 8), (70, 9), (71, 9), (68, 10), (69, 10), (78, 10), (66, 11), (67, 11), (64, 12), (65, 12), (77, 12), (62, 13), (63, 13), (60, 14), (61, 14), (76, 14), (57, 15), (58, 15), (59, 15), (75, 16), (56, 17), (74, 18), (55, 19), (73, 20), (54, 21), (53, 23), (72, 23), (52, 25), (71, 25), (51, 27), (70, 27), (70, 28), (50, 29), (68, 29), (69, 29), (66, 30), (67, 30), (63, 31), (64, 31), (65, 31), (49, 32), (61, 32), (62, 32), (59, 33), (60, 33), (48, 34), (57, 34), (58, 34), (55, 35), (56, 35), (47, 36), (53, 36), (54, 36), (47, 37), (51, 37), (52, 37), (48, 38), (49, 38), (50, 38)]
[(70, 28), (68, 29), (69, 29), (71, 29), (66, 30), (67, 30), (63, 31), (64, 31), (65, 31), (70, 31), (61, 32), (62, 32), (59, 33), (60, 33), (69, 33), (57, 34), (58, 34), (55, 35), (56, 35), (68, 35), (53, 36), (54, 36), (51, 37), (52, 37), (67, 37), (48, 38), (49, 38), (50, 38), (66, 39), (47, 40), (65, 41), (46, 42), (64, 43), (45, 44), (44, 46), (63, 46), (43, 48), (62, 48), (42, 50), (61, 50), (61, 51), (41, 52), (59, 52), (60, 52), (57, 53), (58, 53), (54, 54), (55, 54), (56, 54), (40, 55), (52, 55), (53, 55), (50, 56), (51, 56), (39, 57), (48, 57), (49, 57), (46, 58), (47, 58), (38, 59), (44, 59), (45, 59), (38, 60), (42, 60), (43, 60), (39, 61), (40, 61), (41, 61)]
[(93, 19), (91, 20), (92, 20), (94, 20), (89, 21), (90, 21), (86, 22), (87, 22), (88, 22), (93, 22), (84, 23), (85, 23), (82, 24), (83, 24), (92, 24), (80, 25), (81, 25), (78, 26), (79, 26), (91, 26), (76, 27), (77, 27), (74, 28), (75, 28), (90, 28), (71, 29), (72, 29), (73, 29), (89, 30), (70, 31), (88, 32), (69, 33), (87, 34), (68, 35), (67, 37), (86, 37), (66, 39), (85, 39), (65, 41), (84, 41), (84, 42), (64, 43), (82, 43), (83, 43), (80, 44), (81, 44), (77, 45), (78, 45), (79, 45), (63, 46), (75, 46), (76, 46), (73, 47), (74, 47), (62, 48), (71, 48), (72, 48), (69, 49), (70, 49), (61, 50), (67, 50), (68, 50), (61, 51), (65, 51), (66, 51), (62, 52), (63, 52), (64, 52)]
[(84, 42), (82, 43), (83, 43), (85, 43), (80, 44), (81, 44), (77, 45), (78, 45), (79, 45), (84, 45), (75, 46), (76, 46), (73, 47), (74, 47), (83, 47), (71, 48), (72, 48), (69, 49), (70, 49), (82, 49), (67, 50), (68, 50), (65, 51), (66, 51), (81, 51), (62, 52), (63, 52), (64, 52), (80, 53), (61, 54), (79, 55), (60, 56), (78, 57), (59, 58), (58, 60), (77, 60), (57, 62), (76, 62), (56, 64), (75, 64), (75, 65), (55, 66), (73, 66), (74, 66), (71, 67), (72, 67), (68, 68), (69, 68), (70, 68), (54, 69), (66, 69), (67, 69), (64, 70), (65, 70), (53, 71), (62, 71), (63, 71), (60, 72), (61, 72), (52, 73), (58, 73), (59, 73), (52, 74), (56, 74), (57, 74), (53, 75), (54, 75), (55, 75)]
[(107, 33), (105, 34), (106, 34), (108, 34), (103, 35), (104, 35), (100, 36), (101, 36), (102, 36), (107, 36), (98, 37), (99, 37), (96, 38), (97, 38), (106, 38), (94, 39), (95, 39), (92, 40), (93, 40), (105, 40), (90, 41), (91, 41), (88, 42), (89, 42), (104, 42), (85, 43), (86, 43), (87, 43), (103, 44), (84, 45), (102, 46), (83, 47), (101, 48), (82, 49), (81, 51), (100, 51), (80, 53), (99, 53), (79, 55), (98, 55), (98, 56), (78, 57), (96, 57), (97, 57), (94, 58), (95, 58), (91, 59), (92, 59), (93, 59), (77, 60), (89, 60), (90, 60), (87, 61), (88, 61), (76, 62), (85, 62), (86, 62), (83, 63), (84, 63), (75, 64), (81, 64), (82, 64), (75, 65), (79, 65), (80, 65), (76, 66), (77, 66), (78, 66)]
[(98, 56), (96, 57), (97, 57), (99, 57), (94, 58), (95, 58), (91, 59), (92, 59), (93, 59), (98, 59), (89, 60), (90, 60), (87, 61), (88, 61), (97, 61), (85, 62), (86, 62), (83, 63), (84, 63), (96, 63), (81, 64), (82, 64), (79, 65), (80, 65), (95, 65), (76, 66), (77, 66), (78, 66), (94, 67), (75, 68), (93, 69), (74, 70), (92, 71), (73, 72), (72, 74), (91, 74), (71, 76), (90, 76), (70, 78), (89, 78), (89, 79), (69, 80), (87, 80), (88, 80), (85, 81), (86, 81), (82, 82), (83, 82), (84, 82), (68, 83), (80, 83), (81, 83), (78, 84), (79, 84), (67, 85), (76, 85), (77, 85), (74, 86), (75, 86), (66, 87), (72, 87), (73, 87), (66, 88), (70, 88), (71, 88), (67, 89), (68, 89), (69, 89)]
[(114, 50), (112, 51), (113, 51), (110, 52), (111, 52), (108, 53), (109, 53), (106, 54), (107, 54), (104, 55), (105, 55), (102, 56), (103, 56), (99, 57), (100, 57), (101, 57), (98, 59), (97, 61), (96, 63), (95, 65), (114, 65), (94, 67), (113, 67), (93, 69), (112, 69), (112, 70), (92, 71), (110, 71), (111, 71), (108, 72), (109, 72), (105, 73), (106, 73), (107, 73), (91, 74), (103, 74), (104, 74), (101, 75), (102, 75), (90, 76), (99, 76), (100, 76), (97, 77), (98, 77), (89, 78), (95, 78), (96, 78), (89, 79), (93, 79), (94, 79), (90, 80), (91, 80), (92, 80)]
[(112, 70), (110, 71), (111, 71), (113, 71), (108, 72), (109, 72), (105, 73), (106, 73), (107, 73), (112, 73), (103, 74), (104, 74), (101, 75), (102, 75), (111, 75), (99, 76), (100, 76), (97, 77), (98, 77), (110, 77), (95, 78), (96, 78), (93, 79), (94, 79), (109, 79), (90, 80), (91, 80), (92, 80), (108, 81), (89, 82), (107, 83), (88, 84), (106, 85), (87, 86), (86, 88), (105, 88), (85, 90), (104, 90), (84, 92), (103, 92), (103, 93), (83, 94), (101, 94), (102, 94), (99, 95), (100, 95), (96, 96), (97, 96), (98, 96), (82, 97), (94, 97), (95, 97), (92, 98), (93, 98), (81, 99), (90, 99), (91, 99), (88, 100), (89, 100), (80, 101), (86, 101), (87, 101), (80, 102), (84, 102), (85, 102), (81, 103), (82, 103), (83, 103)]
[(113, 71), (114, 71), (112, 73), (111, 75), (110, 77), (109, 79), (108, 81), (107, 83), (106, 85), (105, 88), (104, 90), (113, 90), (114, 90), (111, 91), (112, 91), (103, 92), (109, 92), (110, 92), (103, 93), (107, 93), (108, 93), (104, 94), (105, 94), (106, 94)]
[(113, 90), (114, 90), (111, 91), (112, 91), (109, 92), (110, 92), (107, 93), (108, 93), (104, 94), (105, 94), (106, 94), (103, 96), (102, 98), (101, 100), (100, 102), (99, 104), (98, 106), (97, 108), (113, 109), (114, 109), (110, 110), (111, 110), (112, 110), (96, 111), (108, 111), (109, 111), (106, 112), (107, 112), (95, 113), (104, 113), (105, 113), (102, 114), (103, 114)]
[(10, 32), (8, 33), (9, 33), (11, 33), (6, 34), (7, 34), (3, 35), (4, 35), (5, 35), (10, 35), (1, 36), (2, 36), (0, 37), (9, 37), (8, 39), (7, 41), (6, 43), (5, 45), (4, 47), (3, 50), (2, 52), (1, 54), (1, 55), (0, 56)]
[(33, 23), (31, 24), (32, 24), (34, 24), (29, 25), (30, 25), (26, 26), (27, 26), (28, 26), (33, 26), (24, 27), (25, 27), (22, 28), (23, 28), (32, 28), (20, 29), (21, 29), (18, 30), (19, 30), (31, 30), (16, 31), (17, 31), (14, 32), (15, 32), (30, 32), (11, 33), (12, 33), (13, 33), (29, 34), (10, 35), (28, 36), (9, 37), (27, 38), (8, 39), (7, 41), (26, 41), (6, 43), (25, 43), (5, 45), (24, 45), (24, 46), (4, 47), (22, 47), (23, 47), (20, 48), (21, 48), (17, 49), (18, 49), (19, 49), (3, 50), (15, 50), (16, 50), (13, 51), (14, 51), (2, 52), (11, 52), (12, 52), (9, 53), (10, 53), (1, 54), (7, 54), (8, 54), (1, 55), (5, 55), (6, 55), (2, 56), (3, 56), (4, 56)]
[(24, 46), (22, 47), (23, 47), (25, 47), (20, 48), (21, 48), (17, 49), (18, 49), (19, 49), (24, 49), (15, 50), (16, 50), (13, 51), (14, 51), (23, 51), (11, 52), (12, 52), (9, 53), (10, 53), (22, 53), (7, 54), (8, 54), (5, 55), (6, 55), (21, 55), (2, 56), (3, 56), (4, 56), (20, 57), (1, 58), (19, 59), (0, 60), (18, 61), (17, 64), (16, 66), (15, 68), (15, 69), (13, 70), (14, 70), (11, 71), (12, 71), (8, 72), (9, 72), (10, 72), (6, 73), (7, 73), (4, 74), (5, 74), (2, 75), (3, 75), (0, 76), (1, 76)]
[(47, 37), (45, 38), (46, 38), (48, 38), (43, 39), (44, 39), (40, 40), (41, 40), (42, 40), (47, 40), (38, 41), (39, 41), (36, 42), (37, 42), (46, 42), (34, 43), (35, 43), (32, 44), (33, 44), (45, 44), (30, 45), (31, 45), (28, 46), (29, 46), (44, 46), (25, 47), (26, 47), (27, 47), (43, 48), (24, 49), (42, 50), (23, 51), (41, 52), (22, 53), (21, 55), (40, 55), (20, 57), (39, 57), (19, 59), (38, 59), (38, 60), (18, 61), (36, 61), (37, 61), (34, 62), (35, 62), (31, 63), (32, 63), (33, 63), (17, 64), (29, 64), (30, 64), (27, 65), (28, 65), (16, 66), (25, 66), (26, 66), (23, 67), (24, 67), (15, 68), (21, 68), (22, 68), (15, 69), (19, 69), (20, 69), (16, 70), (17, 70), (18, 70)]
[(38, 60), (36, 61), (37, 61), (39, 61), (34, 62), (35, 62), (31, 63), (32, 63), (33, 63), (38, 63), (29, 64), (30, 64), (27, 65), (28, 65), (37, 65), (25, 66), (26, 66), (23, 67), (24, 67), (36, 67), (21, 68), (22, 68), (19, 69), (20, 69), (35, 69), (16, 70), (17, 70), (18, 70), (34, 71), (15, 72), (33, 73), (14, 74), (32, 75), (13, 76), (12, 78), (31, 78), (11, 80), (30, 80), (10, 82), (29, 82), (29, 83), (9, 84), (27, 84), (28, 84), (25, 85), (26, 85), (22, 86), (23, 86), (24, 86), (8, 87), (20, 87), (21, 87), (18, 88), (19, 88), (7, 89), (16, 89), (17, 89), (14, 90), (15, 90), (6, 91), (12, 91), (13, 91), (6, 92), (10, 92), (11, 92), (7, 93), (8, 93), (9, 93)]
[(61, 51), (59, 52), (60, 52), (62, 52), (57, 53), (58, 53), (54, 54), (55, 54), (56, 54), (61, 54), (52, 55), (53, 55), (50, 56), (51, 56), (60, 56), (48, 57), (49, 57), (46, 58), (47, 58), (59, 58), (44, 59), (45, 59), (42, 60), (43, 60), (58, 60), (39, 61), (40, 61), (41, 61), (57, 62), (38, 63), (56, 64), (37, 65), (55, 66), (36, 67), (35, 69), (54, 69), (34, 71), (53, 71), (33, 73), (52, 73), (52, 74), (32, 75), (50, 75), (51, 75), (48, 76), (49, 76), (45, 77), (46, 77), (47, 77), (31, 78), (43, 78), (44, 78), (41, 79), (42, 79), (30, 80), (39, 80), (40, 80), (37, 81), (38, 81), (29, 82), (35, 82), (36, 82), (29, 83), (33, 83), (34, 83), (30, 84), (31, 84), (32, 84)]
[(52, 74), (50, 75), (51, 75), (53, 75), (48, 76), (49, 76), (45, 77), (46, 77), (47, 77), (52, 77), (43, 78), (44, 78), (41, 79), (42, 79), (51, 79), (39, 80), (40, 80), (37, 81), (38, 81), (50, 81), (35, 82), (36, 82), (33, 83), (34, 83), (49, 83), (30, 84), (31, 84), (32, 84), (48, 85), (29, 86), (47, 87), (28, 88), (46, 89), (27, 90), (26, 92), (45, 92), (25, 94), (44, 94), (24, 96), (43, 96), (43, 97), (23, 98), (41, 98), (42, 98), (39, 99), (40, 99), (36, 100), (37, 100), (38, 100), (22, 101), (34, 101), (35, 101), (32, 102), (33, 102), (21, 103), (30, 103), (31, 103), (28, 104), (29, 104), (20, 105), (26, 105), (27, 105), (20, 106), (24, 106), (25, 106), (21, 107), (22, 107), (23, 107)]
[(75, 65), (73, 66), (74, 66), (76, 66), (71, 67), (72, 67), (68, 68), (69, 68), (70, 68), (75, 68), (66, 69), (67, 69), (64, 70), (65, 70), (74, 70), (62, 71), (63, 71), (60, 72), (61, 72), (73, 72), (58, 73), (59, 73), (56, 74), (57, 74), (72, 74), (53, 75), (54, 75), (55, 75), (71, 76), (52, 77), (70, 78), (51, 79), (69, 80), (50, 81), (49, 83), (68, 83), (48, 85), (67, 85), (47, 87), (66, 87), (66, 88), (46, 89), (64, 89), (65, 89), (62, 90), (63, 90), (59, 91), (60, 91), (61, 91), (45, 92), (57, 92), (58, 92), (55, 93), (56, 93), (44, 94), (53, 94), (54, 94), (51, 95), (52, 95), (43, 96), (49, 96), (50, 96), (43, 97), (47, 97), (48, 97), (44, 98), (45, 98), (46, 98)]
[(66, 88), (64, 89), (65, 89), (67, 89), (62, 90), (63, 90), (59, 91), (60, 91), (61, 91), (66, 91), (57, 92), (58, 92), (55, 93), (56, 93), (65, 93), (53, 94), (54, 94), (51, 95), (52, 95), (64, 95), (49, 96), (50, 96), (47, 97), (48, 97), (63, 97), (44, 98), (45, 98), (46, 98), (62, 99), (43, 100), (61, 101), (42, 102), (60, 103), (41, 104), (40, 106), (59, 106), (39, 108), (58, 108), (38, 110), (57, 110), (57, 111), (37, 112), (55, 112), (56, 112), (53, 113), (54, 113), (50, 114), (51, 114), (52, 114)]
[(89, 79), (87, 80), (88, 80), (90, 80), (85, 81), (86, 81), (82, 82), (83, 82), (84, 82), (89, 82), (80, 83), (81, 83), (78, 84), (79, 84), (88, 84), (76, 85), (77, 85), (74, 86), (75, 86), (87, 86), (72, 87), (73, 87), (70, 88), (71, 88), (86, 88), (67, 89), (68, 89), (69, 89), (85, 90), (66, 91), (84, 92), (65, 93), (83, 94), (64, 95), (63, 97), (82, 97), (62, 99), (81, 99), (61, 101), (80, 101), (80, 102), (60, 103), (78, 103), (79, 103), (76, 104), (77, 104), (73, 105), (74, 105), (75, 105), (59, 106), (71, 106), (72, 106), (69, 107), (70, 107), (58, 108), (67, 108), (68, 108), (65, 109), (66, 109), (57, 110), (63, 110), (64, 110), (57, 111), (61, 111), (62, 111), (58, 112), (59, 112), (60, 112)]
[(80, 102), (78, 103), (79, 103), (81, 103), (76, 104), (77, 104), (73, 105), (74, 105), (75, 105), (80, 105), (71, 106), (72, 106), (69, 107), (70, 107), (79, 107), (67, 108), (68, 108), (65, 109), (66, 109), (78, 109), (63, 110), (64, 110), (61, 111), (62, 111), (77, 111), (58, 112), (59, 112), (60, 112), (76, 113), (57, 114)]
[(103, 93), (101, 94), (102, 94), (104, 94), (99, 95), (100, 95), (96, 96), (97, 96), (98, 96), (103, 96), (94, 97), (95, 97), (92, 98), (93, 98), (102, 98), (90, 99), (91, 99), (88, 100), (89, 100), (101, 100), (86, 101), (87, 101), (84, 102), (85, 102), (100, 102), (81, 103), (82, 103), (83, 103), (99, 104), (80, 105), (98, 106), (79, 107), (97, 108), (78, 109), (77, 111), (96, 111), (76, 113), (95, 113)]
[(113, 109), (114, 109), (110, 110), (111, 110), (112, 110), (108, 111), (109, 111), (106, 112), (107, 112), (104, 113), (105, 113), (102, 114), (103, 114)]
[(1, 55), (0, 56), (2, 56), (1, 58), (0, 60)]
[(15, 69), (13, 70), (14, 70), (16, 70), (11, 71), (12, 71), (8, 72), (9, 72), (10, 72), (15, 72), (6, 73), (7, 73), (4, 74), (5, 74), (14, 74), (2, 75), (3, 75), (0, 76), (1, 76), (13, 76), (12, 78), (11, 80), (10, 82), (9, 84), (8, 87), (7, 89), (6, 91), (6, 92), (4, 93), (5, 93), (2, 94), (3, 94), (0, 95), (1, 95)]
[(6, 92), (4, 93), (5, 93), (7, 93), (2, 94), (3, 94), (0, 95), (1, 95), (6, 95), (5, 97), (4, 99), (3, 101), (2, 103), (1, 105), (0, 107)]
[(29, 83), (27, 84), (28, 84), (30, 84), (25, 85), (26, 85), (22, 86), (23, 86), (24, 86), (29, 86), (20, 87), (21, 87), (18, 88), (19, 88), (28, 88), (16, 89), (17, 89), (14, 90), (15, 90), (27, 90), (12, 91), (13, 91), (10, 92), (11, 92), (26, 92), (7, 93), (8, 93), (9, 93), (25, 94), (6, 95), (24, 96), (5, 97), (23, 98), (4, 99), (3, 101), (22, 101), (2, 103), (21, 103), (1, 105), (20, 105), (20, 106), (0, 107), (18, 107), (19, 107), (16, 108), (17, 108), (13, 109), (14, 109), (15, 109), (11, 110), (12, 110), (9, 111), (10, 111), (7, 112), (8, 112), (5, 113), (6, 113), (3, 114), (4, 114)]
[(20, 106), (18, 107), (19, 107), (21, 107), (16, 108), (17, 108), (13, 109), (14, 109), (15, 109), (20, 109), (11, 110), (12, 110), (9, 111), (10, 111), (19, 111), (7, 112), (8, 112), (5, 113), (6, 113), (18, 113), (3, 114), (4, 114)]
[(43, 97), (41, 98), (42, 98), (44, 98), (39, 99), (40, 99), (36, 100), (37, 100), (38, 100), (43, 100), (34, 101), (35, 101), (32, 102), (33, 102), (42, 102), (30, 103), (31, 103), (28, 104), (29, 104), (41, 104), (26, 105), (27, 105), (24, 106), (25, 106), (40, 106), (21, 107), (22, 107), (23, 107), (39, 108), (20, 109), (38, 110), (19, 111), (37, 112), (18, 113)]
[(57, 111), (55, 112), (56, 112), (58, 112), (53, 113), (54, 113), (50, 114), (51, 114), (52, 114), (57, 114)]
