[(88, 0), (107, 0), (87, 2), (106, 2), (86, 4), (105, 4), (105, 5), (85, 6), (103, 6), (104, 6), (101, 7), (102, 7), (98, 8), (99, 8), (100, 8), (84, 9), (96, 9), (97, 9), (94, 10), (95, 10), (83, 11), (92, 11), (93, 11), (90, 12), (91, 12), (82, 13), (88, 13), (89, 13), (82, 14), (86, 14), (87, 14), (83, 15), (84, 15), (85, 15)]
[(107, 0), (106, 2), (113, 3), (114, 3), (105, 4), (111, 4), (112, 4), (105, 5), (109, 5), (110, 5), (106, 6), (107, 6), (108, 6)]
[(113, 3), (114, 3), (111, 4), (112, 4), (109, 5), (110, 5), (106, 6), (107, 6), (108, 6), (105, 8), (104, 10), (103, 12), (102, 14), (101, 16), (100, 18), (99, 20), (112, 22), (113, 22), (114, 22), (98, 23), (110, 23), (111, 23), (108, 24), (109, 24), (97, 25), (106, 25), (107, 25), (104, 26), (105, 26), (96, 27), (102, 27), (103, 27), (96, 28), (100, 28), (101, 28), (97, 29), (98, 29), (99, 29)]
[(114, 32), (113, 34), (112, 37), (111, 39), (110, 41), (110, 42), (114, 42), (111, 43), (112, 43), (113, 43)]
[(68, 0), (66, 1), (67, 1), (69, 1), (64, 2), (65, 2), (61, 3), (62, 3), (63, 3), (68, 3), (59, 4), (60, 4), (57, 5), (58, 5), (67, 5), (55, 6), (56, 6), (53, 7), (54, 7), (66, 7), (51, 8), (52, 8), (49, 9), (50, 9), (65, 9), (46, 10), (47, 10), (48, 10), (64, 11), (45, 12), (63, 13), (44, 14), (62, 15), (43, 16), (42, 18), (61, 18), (41, 20), (60, 20), (40, 22), (59, 22), (59, 23), (39, 24), (57, 24), (58, 24), (55, 25), (56, 25), (52, 26), (53, 26), (54, 26), (38, 27), (50, 27), (51, 27), (48, 28), (49, 28), (37, 29), (46, 29), (47, 29), (44, 30), (45, 30), (36, 31), (42, 31), (43, 31), (36, 32), (40, 32), (41, 32), (37, 33), (38, 33), (39, 33)]
[(72, 0), (73, 0), (88, 0), (69, 1), (70, 1), (71, 1), (87, 2), (68, 3), (86, 4), (67, 5), (85, 6), (66, 7), (65, 9), (84, 9), (64, 11), (83, 11), (63, 13), (82, 13), (82, 14), (62, 15), (80, 15), (81, 15), (78, 16), (79, 16), (75, 17), (76, 17), (77, 17), (61, 18), (73, 18), (74, 18), (71, 19), (72, 19), (60, 20), (69, 20), (70, 20), (67, 21), (68, 21), (59, 22), (65, 22), (66, 22), (59, 23), (63, 23), (64, 23), (60, 24), (61, 24), (62, 24)]
[(82, 14), (80, 15), (81, 15), (83, 15), (78, 16), (79, 16), (75, 17), (76, 17), (77, 17), (82, 17), (73, 18), (74, 18), (71, 19), (72, 19), (81, 19), (69, 20), (70, 20), (67, 21), (68, 21), (80, 21), (65, 22), (66, 22), (63, 23), (64, 23), (79, 23), (60, 24), (61, 24), (62, 24), (78, 25), (59, 26), (77, 27), (58, 28), (76, 29), (57, 30), (56, 32), (75, 32), (55, 34), (74, 34), (54, 36), (73, 36), (73, 37), (53, 38), (71, 38), (72, 38), (69, 39), (70, 39), (66, 40), (67, 40), (68, 40), (52, 41), (64, 41), (65, 41), (62, 42), (63, 42), (51, 43), (60, 43), (61, 43), (58, 44), (59, 44), (50, 45), (56, 45), (57, 45), (50, 46), (54, 46), (55, 46), (51, 47), (52, 47), (53, 47)]
[(105, 5), (103, 6), (104, 6), (106, 6), (101, 7), (102, 7), (98, 8), (99, 8), (100, 8), (105, 8), (96, 9), (97, 9), (94, 10), (95, 10), (104, 10), (92, 11), (93, 11), (90, 12), (91, 12), (103, 12), (88, 13), (89, 13), (86, 14), (87, 14), (102, 14), (83, 15), (84, 15), (85, 15), (101, 16), (82, 17), (100, 18), (81, 19), (99, 20), (80, 21), (79, 23), (98, 23), (78, 25), (97, 25), (77, 27), (96, 27), (96, 28), (76, 29), (94, 29), (95, 29), (92, 30), (93, 30), (89, 31), (90, 31), (91, 31), (75, 32), (87, 32), (88, 32), (85, 33), (86, 33), (74, 34), (83, 34), (84, 34), (81, 35), (82, 35), (73, 36), (79, 36), (80, 36), (73, 37), (77, 37), (78, 37), (74, 38), (75, 38), (76, 38)]
[(96, 28), (94, 29), (95, 29), (97, 29), (92, 30), (93, 30), (89, 31), (90, 31), (91, 31), (96, 31), (87, 32), (88, 32), (85, 33), (86, 33), (95, 33), (83, 34), (84, 34), (81, 35), (82, 35), (94, 35), (79, 36), (80, 36), (77, 37), (78, 37), (93, 37), (74, 38), (75, 38), (76, 38), (92, 39), (73, 40), (91, 41), (72, 42), (90, 43), (71, 44), (70, 46), (89, 46), (69, 48), (88, 48), (68, 50), (87, 50), (87, 51), (67, 52), (85, 52), (86, 52), (83, 53), (84, 53), (80, 54), (81, 54), (82, 54), (66, 55), (78, 55), (79, 55), (76, 56), (77, 56), (65, 57), (74, 57), (75, 57), (72, 58), (73, 58), (64, 59), (70, 59), (71, 59), (64, 60), (68, 60), (69, 60), (65, 61), (66, 61), (67, 61)]
[(112, 22), (113, 22), (114, 22), (110, 23), (111, 23), (108, 24), (109, 24), (106, 25), (107, 25), (104, 26), (105, 26), (102, 27), (103, 27), (100, 28), (101, 28), (97, 29), (98, 29), (99, 29), (96, 31), (114, 32), (95, 33), (113, 34), (94, 35), (93, 37), (112, 37), (92, 39), (111, 39), (91, 41), (110, 41), (110, 42), (90, 43), (108, 43), (109, 43), (106, 44), (107, 44), (103, 45), (104, 45), (105, 45), (89, 46), (101, 46), (102, 46), (99, 47), (100, 47), (88, 48), (97, 48), (98, 48), (95, 49), (96, 49), (87, 50), (93, 50), (94, 50), (87, 51), (91, 51), (92, 51), (88, 52), (89, 52), (90, 52)]
[(110, 42), (108, 43), (109, 43), (111, 43), (106, 44), (107, 44), (103, 45), (104, 45), (105, 45), (110, 45), (101, 46), (102, 46), (99, 47), (100, 47), (109, 47), (97, 48), (98, 48), (95, 49), (96, 49), (108, 49), (93, 50), (94, 50), (91, 51), (92, 51), (107, 51), (88, 52), (89, 52), (90, 52), (106, 53), (87, 54), (105, 55), (86, 56), (104, 57), (85, 58), (84, 60), (103, 60), (83, 62), (102, 62), (82, 64), (101, 64), (101, 65), (81, 66), (99, 66), (100, 66), (97, 67), (98, 67), (94, 68), (95, 68), (96, 68), (80, 69), (92, 69), (93, 69), (90, 70), (91, 70), (79, 71), (88, 71), (89, 71), (86, 72), (87, 72), (78, 73), (84, 73), (85, 73), (78, 74), (82, 74), (83, 74), (79, 75), (80, 75), (81, 75)]
[(114, 42), (111, 43), (112, 43), (113, 43), (110, 45), (109, 47), (108, 49), (107, 51), (106, 53), (105, 55), (104, 57), (103, 60), (113, 61), (114, 61), (102, 62), (111, 62), (112, 62), (109, 63), (110, 63), (101, 64), (107, 64), (108, 64), (101, 65), (105, 65), (106, 65), (102, 66), (103, 66), (104, 66)]
[(113, 61), (114, 61), (111, 62), (112, 62), (109, 63), (110, 63), (107, 64), (108, 64), (105, 65), (106, 65), (102, 66), (103, 66), (104, 66), (101, 68), (100, 70), (99, 72), (98, 74), (97, 76), (96, 78), (95, 80), (113, 80), (114, 80), (111, 81), (112, 81), (108, 82), (109, 82), (110, 82), (94, 83), (106, 83), (107, 83), (104, 84), (105, 84), (93, 85), (102, 85), (103, 85), (100, 86), (101, 86), (92, 87), (98, 87), (99, 87), (92, 88), (96, 88), (97, 88), (93, 89), (94, 89), (95, 89)]
[(36, 32), (34, 33), (35, 33), (37, 33), (32, 34), (33, 34), (29, 35), (30, 35), (31, 35), (36, 35), (27, 36), (28, 36), (25, 37), (26, 37), (35, 37), (23, 38), (24, 38), (21, 39), (22, 39), (34, 39), (19, 40), (20, 40), (17, 41), (18, 41), (33, 41), (14, 42), (15, 42), (16, 42), (32, 43), (13, 44), (31, 45), (12, 46), (30, 47), (11, 48), (10, 50), (29, 50), (9, 52), (28, 52), (8, 54), (27, 54), (27, 55), (7, 56), (25, 56), (26, 56), (23, 57), (24, 57), (20, 58), (21, 58), (22, 58), (6, 59), (18, 59), (19, 59), (16, 60), (17, 60), (5, 61), (14, 61), (15, 61), (12, 62), (13, 62), (4, 63), (10, 63), (11, 63), (4, 64), (8, 64), (9, 64), (5, 65), (6, 65), (7, 65)]
[(59, 23), (57, 24), (58, 24), (60, 24), (55, 25), (56, 25), (52, 26), (53, 26), (54, 26), (59, 26), (50, 27), (51, 27), (48, 28), (49, 28), (58, 28), (46, 29), (47, 29), (44, 30), (45, 30), (57, 30), (42, 31), (43, 31), (40, 32), (41, 32), (56, 32), (37, 33), (38, 33), (39, 33), (55, 34), (36, 35), (54, 36), (35, 37), (53, 38), (34, 39), (33, 41), (52, 41), (32, 43), (51, 43), (31, 45), (50, 45), (50, 46), (30, 47), (48, 47), (49, 47), (46, 48), (47, 48), (43, 49), (44, 49), (45, 49), (29, 50), (41, 50), (42, 50), (39, 51), (40, 51), (28, 52), (37, 52), (38, 52), (35, 53), (36, 53), (27, 54), (33, 54), (34, 54), (27, 55), (31, 55), (32, 55), (28, 56), (29, 56), (30, 56)]
[(50, 46), (48, 47), (49, 47), (51, 47), (46, 48), (47, 48), (43, 49), (44, 49), (45, 49), (50, 49), (41, 50), (42, 50), (39, 51), (40, 51), (49, 51), (37, 52), (38, 52), (35, 53), (36, 53), (48, 53), (33, 54), (34, 54), (31, 55), (32, 55), (47, 55), (28, 56), (29, 56), (30, 56), (46, 57), (27, 58), (45, 59), (26, 60), (44, 61), (25, 62), (24, 64), (43, 64), (23, 66), (42, 66), (22, 68), (41, 68), (41, 69), (21, 70), (39, 70), (40, 70), (37, 71), (38, 71), (34, 72), (35, 72), (36, 72), (20, 73), (32, 73), (33, 73), (30, 74), (31, 74), (19, 75), (28, 75), (29, 75), (26, 76), (27, 76), (18, 77), (24, 77), (25, 77), (18, 78), (22, 78), (23, 78), (19, 79), (20, 79), (21, 79)]
[(73, 37), (71, 38), (72, 38), (74, 38), (69, 39), (70, 39), (66, 40), (67, 40), (68, 40), (73, 40), (64, 41), (65, 41), (62, 42), (63, 42), (72, 42), (60, 43), (61, 43), (58, 44), (59, 44), (71, 44), (56, 45), (57, 45), (54, 46), (55, 46), (70, 46), (51, 47), (52, 47), (53, 47), (69, 48), (50, 49), (68, 50), (49, 51), (67, 52), (48, 53), (47, 55), (66, 55), (46, 57), (65, 57), (45, 59), (64, 59), (64, 60), (44, 61), (62, 61), (63, 61), (60, 62), (61, 62), (57, 63), (58, 63), (59, 63), (43, 64), (55, 64), (56, 64), (53, 65), (54, 65), (42, 66), (51, 66), (52, 66), (49, 67), (50, 67), (41, 68), (47, 68), (48, 68), (41, 69), (45, 69), (46, 69), (42, 70), (43, 70), (44, 70)]
[(64, 60), (62, 61), (63, 61), (65, 61), (60, 62), (61, 62), (57, 63), (58, 63), (59, 63), (64, 63), (55, 64), (56, 64), (53, 65), (54, 65), (63, 65), (51, 66), (52, 66), (49, 67), (50, 67), (62, 67), (47, 68), (48, 68), (45, 69), (46, 69), (61, 69), (42, 70), (43, 70), (44, 70), (60, 71), (41, 72), (59, 73), (40, 74), (58, 75), (39, 76), (38, 78), (57, 78), (37, 80), (56, 80), (36, 82), (55, 82), (55, 83), (35, 84), (53, 84), (54, 84), (51, 85), (52, 85), (48, 86), (49, 86), (50, 86), (34, 87), (46, 87), (47, 87), (44, 88), (45, 88), (33, 89), (42, 89), (43, 89), (40, 90), (41, 90), (32, 91), (38, 91), (39, 91), (32, 92), (36, 92), (37, 92), (33, 93), (34, 93), (35, 93)]
[(87, 51), (85, 52), (86, 52), (88, 52), (83, 53), (84, 53), (80, 54), (81, 54), (82, 54), (87, 54), (78, 55), (79, 55), (76, 56), (77, 56), (86, 56), (74, 57), (75, 57), (72, 58), (73, 58), (85, 58), (70, 59), (71, 59), (68, 60), (69, 60), (84, 60), (65, 61), (66, 61), (67, 61), (83, 62), (64, 63), (82, 64), (63, 65), (81, 66), (62, 67), (61, 69), (80, 69), (60, 71), (79, 71), (59, 73), (78, 73), (78, 74), (58, 75), (76, 75), (77, 75), (74, 76), (75, 76), (71, 77), (72, 77), (73, 77), (57, 78), (69, 78), (70, 78), (67, 79), (68, 79), (56, 80), (65, 80), (66, 80), (63, 81), (64, 81), (55, 82), (61, 82), (62, 82), (55, 83), (59, 83), (60, 83), (56, 84), (57, 84), (58, 84)]
[(78, 74), (76, 75), (77, 75), (79, 75), (74, 76), (75, 76), (71, 77), (72, 77), (73, 77), (78, 77), (69, 78), (70, 78), (67, 79), (68, 79), (77, 79), (65, 80), (66, 80), (63, 81), (64, 81), (76, 81), (61, 82), (62, 82), (59, 83), (60, 83), (75, 83), (56, 84), (57, 84), (58, 84), (74, 85), (55, 86), (73, 87), (54, 88), (72, 89), (53, 90), (52, 92), (71, 92), (51, 94), (70, 94), (50, 96), (69, 96), (69, 97), (49, 98), (67, 98), (68, 98), (65, 99), (66, 99), (62, 100), (63, 100), (64, 100), (48, 101), (60, 101), (61, 101), (58, 102), (59, 102), (47, 103), (56, 103), (57, 103), (54, 104), (55, 104), (46, 105), (52, 105), (53, 105), (46, 106), (50, 106), (51, 106), (47, 107), (48, 107), (49, 107)]
[(101, 65), (99, 66), (100, 66), (102, 66), (97, 67), (98, 67), (94, 68), (95, 68), (96, 68), (101, 68), (92, 69), (93, 69), (90, 70), (91, 70), (100, 70), (88, 71), (89, 71), (86, 72), (87, 72), (99, 72), (84, 73), (85, 73), (82, 74), (83, 74), (98, 74), (79, 75), (80, 75), (81, 75), (97, 76), (78, 77), (96, 78), (77, 79), (95, 80), (76, 81), (75, 83), (94, 83), (74, 85), (93, 85), (73, 87), (92, 87), (92, 88), (72, 89), (90, 89), (91, 89), (88, 90), (89, 90), (85, 91), (86, 91), (87, 91), (71, 92), (83, 92), (84, 92), (81, 93), (82, 93), (70, 94), (79, 94), (80, 94), (77, 95), (78, 95), (69, 96), (75, 96), (76, 96), (69, 97), (73, 97), (74, 97), (70, 98), (71, 98), (72, 98)]
[(92, 88), (90, 89), (91, 89), (93, 89), (88, 90), (89, 90), (85, 91), (86, 91), (87, 91), (92, 91), (83, 92), (84, 92), (81, 93), (82, 93), (91, 93), (79, 94), (80, 94), (77, 95), (78, 95), (90, 95), (75, 96), (76, 96), (73, 97), (74, 97), (89, 97), (70, 98), (71, 98), (72, 98), (88, 99), (69, 100), (87, 101), (68, 102), (86, 103), (67, 104), (66, 106), (85, 106), (65, 108), (84, 108), (64, 110), (83, 110), (83, 111), (63, 112), (81, 112), (82, 112), (79, 113), (80, 113), (76, 114), (77, 114), (78, 114)]
[(113, 80), (114, 80), (111, 81), (112, 81), (108, 82), (109, 82), (110, 82), (106, 83), (107, 83), (104, 84), (105, 84), (114, 84), (102, 85), (103, 85), (100, 86), (101, 86), (113, 86), (98, 87), (99, 87), (96, 88), (97, 88), (112, 88), (93, 89), (94, 89), (95, 89), (111, 90), (92, 91), (110, 92), (91, 93), (109, 94), (90, 95), (89, 97), (108, 97), (88, 99), (107, 99), (87, 101), (106, 101), (106, 102), (86, 103), (104, 103), (105, 103), (102, 104), (103, 104), (99, 105), (100, 105), (101, 105), (85, 106), (97, 106), (98, 106), (95, 107), (96, 107), (84, 108), (93, 108), (94, 108), (91, 109), (92, 109), (83, 110), (89, 110), (90, 110), (83, 111), (87, 111), (88, 111), (84, 112), (85, 112), (86, 112)]
[(27, 55), (25, 56), (26, 56), (28, 56), (23, 57), (24, 57), (20, 58), (21, 58), (22, 58), (27, 58), (18, 59), (19, 59), (16, 60), (17, 60), (26, 60), (14, 61), (15, 61), (12, 62), (13, 62), (25, 62), (10, 63), (11, 63), (8, 64), (9, 64), (24, 64), (5, 65), (6, 65), (7, 65), (23, 66), (4, 67), (22, 68), (3, 69), (21, 70), (2, 71), (1, 73), (20, 73), (0, 75), (19, 75), (18, 77), (18, 78), (16, 79), (17, 79), (14, 80), (15, 80), (11, 81), (12, 81), (13, 81), (9, 82), (10, 82), (7, 83), (8, 83), (5, 84), (6, 84), (3, 85), (4, 85), (1, 86), (2, 86), (0, 87)]
[(18, 78), (16, 79), (17, 79), (19, 79), (14, 80), (15, 80), (11, 81), (12, 81), (13, 81), (18, 81), (9, 82), (10, 82), (7, 83), (8, 83), (17, 83), (5, 84), (6, 84), (3, 85), (4, 85), (16, 85), (1, 86), (2, 86), (0, 87), (15, 87), (14, 89), (13, 91), (12, 93), (11, 96), (10, 98), (9, 100), (9, 101), (7, 102), (8, 102), (5, 103), (6, 103), (2, 104), (3, 104), (4, 104), (0, 105), (1, 105)]
[(41, 69), (39, 70), (40, 70), (42, 70), (37, 71), (38, 71), (34, 72), (35, 72), (36, 72), (41, 72), (32, 73), (33, 73), (30, 74), (31, 74), (40, 74), (28, 75), (29, 75), (26, 76), (27, 76), (39, 76), (24, 77), (25, 77), (22, 78), (23, 78), (38, 78), (19, 79), (20, 79), (21, 79), (37, 80), (18, 81), (36, 82), (17, 83), (35, 84), (16, 85), (15, 87), (34, 87), (14, 89), (33, 89), (13, 91), (32, 91), (32, 92), (12, 93), (30, 93), (31, 93), (28, 94), (29, 94), (25, 95), (26, 95), (27, 95), (11, 96), (23, 96), (24, 96), (21, 97), (22, 97), (10, 98), (19, 98), (20, 98), (17, 99), (18, 99), (9, 100), (15, 100), (16, 100), (9, 101), (13, 101), (14, 101), (10, 102), (11, 102), (12, 102)]
[(32, 92), (30, 93), (31, 93), (33, 93), (28, 94), (29, 94), (25, 95), (26, 95), (27, 95), (32, 95), (23, 96), (24, 96), (21, 97), (22, 97), (31, 97), (19, 98), (20, 98), (17, 99), (18, 99), (30, 99), (15, 100), (16, 100), (13, 101), (14, 101), (29, 101), (10, 102), (11, 102), (12, 102), (28, 103), (9, 104), (27, 105), (8, 106), (26, 107), (7, 108), (6, 110), (25, 110), (5, 112), (24, 112), (4, 114), (23, 114)]
[(55, 83), (53, 84), (54, 84), (56, 84), (51, 85), (52, 85), (48, 86), (49, 86), (50, 86), (55, 86), (46, 87), (47, 87), (44, 88), (45, 88), (54, 88), (42, 89), (43, 89), (40, 90), (41, 90), (53, 90), (38, 91), (39, 91), (36, 92), (37, 92), (52, 92), (33, 93), (34, 93), (35, 93), (51, 94), (32, 95), (50, 96), (31, 97), (49, 98), (30, 99), (29, 101), (48, 101), (28, 103), (47, 103), (27, 105), (46, 105), (46, 106), (26, 107), (44, 107), (45, 107), (42, 108), (43, 108), (39, 109), (40, 109), (41, 109), (25, 110), (37, 110), (38, 110), (35, 111), (36, 111), (24, 112), (33, 112), (34, 112), (31, 113), (32, 113), (23, 114), (29, 114), (30, 114)]
[(46, 106), (44, 107), (45, 107), (47, 107), (42, 108), (43, 108), (39, 109), (40, 109), (41, 109), (46, 109), (37, 110), (38, 110), (35, 111), (36, 111), (45, 111), (33, 112), (34, 112), (31, 113), (32, 113), (44, 113), (29, 114), (30, 114)]
[(69, 97), (67, 98), (68, 98), (70, 98), (65, 99), (66, 99), (62, 100), (63, 100), (64, 100), (69, 100), (60, 101), (61, 101), (58, 102), (59, 102), (68, 102), (56, 103), (57, 103), (54, 104), (55, 104), (67, 104), (52, 105), (53, 105), (50, 106), (51, 106), (66, 106), (47, 107), (48, 107), (49, 107), (65, 108), (46, 109), (64, 110), (45, 111), (63, 112), (44, 113)]
[(83, 111), (81, 112), (82, 112), (84, 112), (79, 113), (80, 113), (76, 114), (77, 114), (78, 114), (83, 114)]
[(9, 101), (7, 102), (8, 102), (10, 102), (5, 103), (6, 103), (2, 104), (3, 104), (4, 104), (9, 104), (0, 105), (1, 105), (8, 106), (7, 108), (6, 110), (5, 112), (4, 114)]
