[(89, 15), (86, 16), (87, 16), (88, 16), (90, 16), (82, 17), (83, 17), (84, 17), (85, 17), (79, 18), (80, 18), (81, 18), (76, 19), (77, 19), (78, 19), (89, 19), (73, 20), (74, 20), (75, 20), (69, 21), (70, 21), (71, 21), (72, 21), (88, 22), (68, 24), (87, 25), (67, 27), (86, 29), (66, 30), (85, 32), (65, 34), (84, 35), (84, 36), (64, 37), (81, 37), (82, 37), (83, 37), (77, 38), (78, 38), (79, 38), (80, 38), (74, 39), (75, 39), (76, 39), (63, 40), (71, 40), (72, 40), (73, 40), (63, 41), (68, 41), (69, 41), (70, 41), (64, 42), (65, 42), (66, 42), (67, 42)]
[(110, 10), (107, 11), (108, 11), (109, 11), (111, 11), (103, 12), (104, 12), (105, 12), (106, 12), (100, 13), (101, 13), (102, 13), (97, 14), (98, 14), (99, 14), (110, 14), (94, 15), (95, 15), (96, 15), (90, 16), (91, 16), (92, 16), (93, 16), (109, 17), (89, 19), (108, 20), (88, 22), (107, 24), (87, 25), (106, 27), (86, 29), (105, 30), (105, 31), (85, 32), (102, 32), (103, 32), (104, 32), (98, 33), (99, 33), (100, 33), (101, 33), (95, 34), (96, 34), (97, 34), (84, 35), (92, 35), (93, 35), (94, 35), (84, 36), (89, 36), (90, 36), (91, 36), (85, 37), (86, 37), (87, 37), (88, 37)]
[(105, 31), (102, 32), (103, 32), (104, 32), (106, 32), (98, 33), (99, 33), (100, 33), (101, 33), (95, 34), (96, 34), (97, 34), (92, 35), (93, 35), (94, 35), (105, 35), (89, 36), (90, 36), (91, 36), (85, 37), (86, 37), (87, 37), (88, 37), (104, 38), (84, 40), (103, 41), (83, 43), (102, 45), (82, 46), (101, 48), (81, 50), (100, 51), (100, 52), (80, 53), (97, 53), (98, 53), (99, 53), (93, 54), (94, 54), (95, 54), (96, 54), (90, 55), (91, 55), (92, 55), (79, 56), (87, 56), (88, 56), (89, 56), (79, 57), (84, 57), (85, 57), (86, 57), (80, 58), (81, 58), (82, 58), (83, 58)]
[(113, 30), (114, 30), (110, 31), (111, 31), (112, 31), (106, 32), (107, 32), (108, 32), (109, 32), (105, 35), (104, 38), (103, 41), (102, 45), (101, 48), (114, 49), (111, 50), (112, 50), (113, 50), (100, 51), (108, 51), (109, 51), (110, 51), (100, 52), (105, 52), (106, 52), (107, 52), (101, 53), (102, 53), (103, 53), (104, 53)]
[(114, 49), (111, 50), (112, 50), (113, 50), (108, 51), (109, 51), (110, 51), (105, 52), (106, 52), (107, 52), (101, 53), (102, 53), (103, 53), (104, 53), (100, 56), (99, 59), (98, 62), (97, 66), (96, 69), (113, 69), (114, 69), (109, 70), (110, 70), (111, 70), (112, 70), (106, 71), (107, 71), (108, 71), (95, 72), (103, 72), (104, 72), (105, 72), (95, 73), (100, 73), (101, 73), (102, 73), (96, 74), (97, 74), (98, 74), (99, 74)]
[(114, 78), (113, 82), (112, 85), (111, 88), (111, 89), (112, 90), (113, 90), (114, 90)]
[(47, 25), (44, 26), (45, 26), (46, 26), (48, 26), (40, 27), (41, 27), (42, 27), (43, 27), (37, 28), (38, 28), (39, 28), (34, 29), (35, 29), (36, 29), (47, 29), (31, 30), (32, 30), (33, 30), (27, 31), (28, 31), (29, 31), (30, 31), (46, 32), (26, 34), (45, 35), (25, 37), (44, 39), (24, 40), (43, 42), (23, 44), (42, 45), (42, 46), (22, 47), (39, 47), (40, 47), (41, 47), (35, 48), (36, 48), (37, 48), (38, 48), (32, 49), (33, 49), (34, 49), (21, 50), (29, 50), (30, 50), (31, 50), (21, 51), (26, 51), (27, 51), (28, 51), (22, 52), (23, 52), (24, 52), (25, 52)]
[(68, 20), (65, 21), (66, 21), (67, 21), (69, 21), (61, 22), (62, 22), (63, 22), (64, 22), (58, 23), (59, 23), (60, 23), (55, 24), (56, 24), (57, 24), (68, 24), (52, 25), (53, 25), (54, 25), (48, 26), (49, 26), (50, 26), (51, 26), (67, 27), (47, 29), (66, 30), (46, 32), (65, 34), (45, 35), (64, 37), (44, 39), (63, 40), (63, 41), (43, 42), (60, 42), (61, 42), (62, 42), (56, 43), (57, 43), (58, 43), (59, 43), (53, 44), (54, 44), (55, 44), (42, 45), (50, 45), (51, 45), (52, 45), (42, 46), (47, 46), (48, 46), (49, 46), (43, 47), (44, 47), (45, 47), (46, 47)]
[(63, 41), (60, 42), (61, 42), (62, 42), (64, 42), (56, 43), (57, 43), (58, 43), (59, 43), (53, 44), (54, 44), (55, 44), (50, 45), (51, 45), (52, 45), (63, 45), (47, 46), (48, 46), (49, 46), (43, 47), (44, 47), (45, 47), (46, 47), (62, 48), (42, 50), (61, 51), (41, 53), (60, 55), (40, 56), (59, 58), (39, 60), (58, 61), (58, 62), (38, 63), (55, 63), (56, 63), (57, 63), (51, 64), (52, 64), (53, 64), (54, 64), (48, 65), (49, 65), (50, 65), (37, 66), (45, 66), (46, 66), (47, 66), (37, 67), (42, 67), (43, 67), (44, 67), (38, 68), (39, 68), (40, 68), (41, 68)]
[(84, 36), (81, 37), (82, 37), (83, 37), (85, 37), (77, 38), (78, 38), (79, 38), (80, 38), (74, 39), (75, 39), (76, 39), (71, 40), (72, 40), (73, 40), (84, 40), (68, 41), (69, 41), (70, 41), (64, 42), (65, 42), (66, 42), (67, 42), (83, 43), (63, 45), (82, 46), (62, 48), (81, 50), (61, 51), (80, 53), (60, 55), (79, 56), (79, 57), (59, 58), (76, 58), (77, 58), (78, 58), (72, 59), (73, 59), (74, 59), (75, 59), (69, 60), (70, 60), (71, 60), (58, 61), (66, 61), (67, 61), (68, 61), (58, 62), (63, 62), (64, 62), (65, 62), (59, 63), (60, 63), (61, 63), (62, 63)]
[(79, 57), (76, 58), (77, 58), (78, 58), (80, 58), (72, 59), (73, 59), (74, 59), (75, 59), (69, 60), (70, 60), (71, 60), (66, 61), (67, 61), (68, 61), (79, 61), (63, 62), (64, 62), (65, 62), (59, 63), (60, 63), (61, 63), (62, 63), (78, 64), (58, 66), (77, 67), (57, 69), (76, 71), (56, 72), (75, 74), (55, 76), (74, 77), (74, 78), (54, 79), (71, 79), (72, 79), (73, 79), (67, 80), (68, 80), (69, 80), (70, 80), (64, 81), (65, 81), (66, 81), (53, 82), (61, 82), (62, 82), (63, 82), (53, 83), (58, 83), (59, 83), (60, 83), (54, 84), (55, 84), (56, 84), (57, 84)]
[(100, 52), (97, 53), (98, 53), (99, 53), (101, 53), (93, 54), (94, 54), (95, 54), (96, 54), (90, 55), (91, 55), (92, 55), (87, 56), (88, 56), (89, 56), (100, 56), (84, 57), (85, 57), (86, 57), (80, 58), (81, 58), (82, 58), (83, 58), (99, 59), (79, 61), (98, 62), (78, 64), (97, 66), (77, 67), (96, 69), (76, 71), (95, 72), (95, 73), (75, 74), (92, 74), (93, 74), (94, 74), (88, 75), (89, 75), (90, 75), (91, 75), (85, 76), (86, 76), (87, 76), (74, 77), (82, 77), (83, 77), (84, 77), (74, 78), (79, 78), (80, 78), (81, 78), (75, 79), (76, 79), (77, 79), (78, 79)]
[(95, 73), (92, 74), (93, 74), (94, 74), (96, 74), (88, 75), (89, 75), (90, 75), (91, 75), (85, 76), (86, 76), (87, 76), (82, 77), (83, 77), (84, 77), (95, 77), (79, 78), (80, 78), (81, 78), (75, 79), (76, 79), (77, 79), (78, 79), (94, 80), (74, 82), (93, 83), (73, 85), (92, 87), (72, 88), (91, 90), (71, 92), (90, 93), (90, 94), (70, 95), (87, 95), (88, 95), (89, 95), (83, 96), (84, 96), (85, 96), (86, 96), (80, 97), (81, 97), (82, 97), (69, 98), (77, 98), (78, 98), (79, 98), (69, 99), (74, 99), (75, 99), (76, 99), (70, 100), (71, 100), (72, 100), (73, 100)]
[(113, 69), (114, 69), (109, 70), (110, 70), (111, 70), (112, 70), (106, 71), (107, 71), (108, 71), (103, 72), (104, 72), (105, 72), (100, 73), (101, 73), (102, 73), (96, 74), (97, 74), (98, 74), (99, 74), (95, 77), (114, 78), (94, 80), (113, 82), (93, 83), (112, 85), (92, 87), (111, 88), (111, 89), (91, 90), (108, 90), (109, 90), (110, 90), (104, 91), (105, 91), (106, 91), (107, 91), (101, 92), (102, 92), (103, 92), (90, 93), (98, 93), (99, 93), (100, 93), (90, 94), (95, 94), (96, 94), (97, 94), (91, 95), (92, 95), (93, 95), (94, 95)]
[(111, 89), (108, 90), (109, 90), (110, 90), (112, 90), (104, 91), (105, 91), (106, 91), (107, 91), (101, 92), (102, 92), (103, 92), (98, 93), (99, 93), (100, 93), (111, 93), (95, 94), (96, 94), (97, 94), (91, 95), (92, 95), (93, 95), (94, 95), (110, 96), (90, 98), (109, 99), (89, 101), (108, 103), (88, 104), (107, 106), (87, 108), (106, 109), (106, 110), (86, 111), (103, 111), (104, 111), (105, 111), (99, 112), (100, 112), (101, 112), (102, 112), (96, 113), (97, 113), (98, 113), (85, 114), (93, 114), (94, 114), (95, 114)]
[(112, 90), (113, 90), (114, 90), (111, 93), (110, 96), (109, 99), (108, 103), (107, 106), (106, 109), (114, 109), (106, 110), (111, 110), (112, 110), (113, 110), (107, 111), (108, 111), (109, 111), (110, 111)]
[(114, 109), (111, 110), (112, 110), (113, 110), (107, 111), (108, 111), (109, 111), (110, 111), (106, 114)]
[(21, 51), (18, 52), (19, 52), (20, 52), (22, 52), (14, 53), (15, 53), (16, 53), (17, 53), (11, 54), (12, 54), (13, 54), (8, 55), (9, 55), (10, 55), (21, 55), (5, 56), (6, 56), (7, 56), (1, 57), (2, 57), (3, 57), (4, 57), (20, 58), (0, 60), (19, 61), (18, 65), (17, 68), (16, 71), (16, 72), (13, 73), (14, 73), (15, 73), (9, 74), (10, 74), (11, 74), (12, 74), (6, 75), (7, 75), (8, 75), (3, 76), (4, 76), (5, 76), (0, 77), (1, 77), (2, 77)]
[(42, 46), (39, 47), (40, 47), (41, 47), (43, 47), (35, 48), (36, 48), (37, 48), (38, 48), (32, 49), (33, 49), (34, 49), (29, 50), (30, 50), (31, 50), (42, 50), (26, 51), (27, 51), (28, 51), (22, 52), (23, 52), (24, 52), (25, 52), (41, 53), (21, 55), (40, 56), (20, 58), (39, 60), (19, 61), (38, 63), (18, 65), (37, 66), (37, 67), (17, 68), (34, 68), (35, 68), (36, 68), (30, 69), (31, 69), (32, 69), (33, 69), (27, 70), (28, 70), (29, 70), (16, 71), (24, 71), (25, 71), (26, 71), (16, 72), (21, 72), (22, 72), (23, 72), (17, 73), (18, 73), (19, 73), (20, 73)]
[(37, 67), (34, 68), (35, 68), (36, 68), (38, 68), (30, 69), (31, 69), (32, 69), (33, 69), (27, 70), (28, 70), (29, 70), (24, 71), (25, 71), (26, 71), (37, 71), (21, 72), (22, 72), (23, 72), (17, 73), (18, 73), (19, 73), (20, 73), (36, 74), (16, 76), (35, 77), (15, 79), (34, 81), (14, 82), (33, 84), (13, 86), (32, 87), (32, 88), (12, 89), (29, 89), (30, 89), (31, 89), (25, 90), (26, 90), (27, 90), (28, 90), (22, 91), (23, 91), (24, 91), (11, 92), (19, 92), (20, 92), (21, 92), (11, 93), (16, 93), (17, 93), (18, 93), (12, 94), (13, 94), (14, 94), (15, 94)]
[(58, 62), (55, 63), (56, 63), (57, 63), (59, 63), (51, 64), (52, 64), (53, 64), (54, 64), (48, 65), (49, 65), (50, 65), (45, 66), (46, 66), (47, 66), (58, 66), (42, 67), (43, 67), (44, 67), (38, 68), (39, 68), (40, 68), (41, 68), (57, 69), (37, 71), (56, 72), (36, 74), (55, 76), (35, 77), (54, 79), (34, 81), (53, 82), (53, 83), (33, 84), (50, 84), (51, 84), (52, 84), (46, 85), (47, 85), (48, 85), (49, 85), (43, 86), (44, 86), (45, 86), (32, 87), (40, 87), (41, 87), (42, 87), (32, 88), (37, 88), (38, 88), (39, 88), (33, 89), (34, 89), (35, 89), (36, 89)]
[(53, 83), (50, 84), (51, 84), (52, 84), (54, 84), (46, 85), (47, 85), (48, 85), (49, 85), (43, 86), (44, 86), (45, 86), (40, 87), (41, 87), (42, 87), (53, 87), (37, 88), (38, 88), (39, 88), (33, 89), (34, 89), (35, 89), (36, 89), (52, 90), (32, 92), (51, 93), (31, 95), (50, 97), (30, 98), (49, 100), (29, 102), (48, 103), (48, 104), (28, 105), (45, 105), (46, 105), (47, 105), (41, 106), (42, 106), (43, 106), (44, 106), (38, 107), (39, 107), (40, 107), (27, 108), (35, 108), (36, 108), (37, 108), (27, 109), (32, 109), (33, 109), (34, 109), (28, 110), (29, 110), (30, 110), (31, 110)]
[(74, 78), (71, 79), (72, 79), (73, 79), (75, 79), (67, 80), (68, 80), (69, 80), (70, 80), (64, 81), (65, 81), (66, 81), (61, 82), (62, 82), (63, 82), (74, 82), (58, 83), (59, 83), (60, 83), (54, 84), (55, 84), (56, 84), (57, 84), (73, 85), (53, 87), (72, 88), (52, 90), (71, 92), (51, 93), (70, 95), (50, 97), (69, 98), (69, 99), (49, 100), (66, 100), (67, 100), (68, 100), (62, 101), (63, 101), (64, 101), (65, 101), (59, 102), (60, 102), (61, 102), (48, 103), (56, 103), (57, 103), (58, 103), (48, 104), (53, 104), (54, 104), (55, 104), (49, 105), (50, 105), (51, 105), (52, 105)]
[(69, 99), (66, 100), (67, 100), (68, 100), (70, 100), (62, 101), (63, 101), (64, 101), (65, 101), (59, 102), (60, 102), (61, 102), (56, 103), (57, 103), (58, 103), (69, 103), (53, 104), (54, 104), (55, 104), (49, 105), (50, 105), (51, 105), (52, 105), (68, 106), (48, 108), (67, 109), (47, 111), (66, 113), (46, 114)]
[(90, 94), (87, 95), (88, 95), (89, 95), (91, 95), (83, 96), (84, 96), (85, 96), (86, 96), (80, 97), (81, 97), (82, 97), (77, 98), (78, 98), (79, 98), (90, 98), (74, 99), (75, 99), (76, 99), (70, 100), (71, 100), (72, 100), (73, 100), (89, 101), (69, 103), (88, 104), (68, 106), (87, 108), (67, 109), (86, 111), (66, 113), (85, 114)]
[(106, 110), (103, 111), (104, 111), (105, 111), (107, 111), (99, 112), (100, 112), (101, 112), (102, 112), (96, 113), (97, 113), (98, 113), (93, 114), (94, 114), (95, 114), (106, 114)]
[(16, 72), (13, 73), (14, 73), (15, 73), (17, 73), (9, 74), (10, 74), (11, 74), (12, 74), (6, 75), (7, 75), (8, 75), (3, 76), (4, 76), (5, 76), (16, 76), (0, 77), (1, 77), (2, 77), (15, 79), (14, 82), (13, 86), (12, 89), (11, 92), (11, 93), (8, 94), (9, 94), (10, 94), (4, 95), (5, 95), (6, 95), (7, 95), (1, 96), (2, 96), (3, 96), (0, 97)]
[(11, 93), (8, 94), (9, 94), (10, 94), (12, 94), (4, 95), (5, 95), (6, 95), (7, 95), (1, 96), (2, 96), (3, 96), (0, 97), (11, 97), (10, 100), (9, 103), (8, 107), (7, 110), (6, 113), (6, 114)]
[(32, 88), (29, 89), (30, 89), (31, 89), (33, 89), (25, 90), (26, 90), (27, 90), (28, 90), (22, 91), (23, 91), (24, 91), (19, 92), (20, 92), (21, 92), (32, 92), (16, 93), (17, 93), (18, 93), (12, 94), (13, 94), (14, 94), (15, 94), (31, 95), (11, 97), (30, 98), (10, 100), (29, 102), (9, 103), (28, 105), (8, 107), (27, 108), (27, 109), (7, 110), (24, 110), (25, 110), (26, 110), (20, 111), (21, 111), (22, 111), (23, 111), (17, 112), (18, 112), (19, 112), (6, 113), (14, 113), (15, 113), (16, 113), (6, 114), (11, 114), (12, 114), (13, 114)]
[(27, 109), (24, 110), (25, 110), (26, 110), (28, 110), (20, 111), (21, 111), (22, 111), (23, 111), (17, 112), (18, 112), (19, 112), (14, 113), (15, 113), (16, 113), (27, 113), (11, 114), (12, 114), (13, 114)]
[(48, 104), (45, 105), (46, 105), (47, 105), (49, 105), (41, 106), (42, 106), (43, 106), (44, 106), (38, 107), (39, 107), (40, 107), (35, 108), (36, 108), (37, 108), (48, 108), (32, 109), (33, 109), (34, 109), (28, 110), (29, 110), (30, 110), (31, 110), (47, 111), (27, 113), (46, 114)]
[(6, 114)]
