[(93, 11), (94, 11), (88, 12), (89, 12), (90, 12), (91, 12), (92, 12), (95, 12), (83, 13), (84, 13), (85, 13), (86, 13), (87, 13), (78, 14), (79, 14), (80, 14), (81, 14), (82, 14), (94, 16), (77, 18), (93, 21), (76, 23), (92, 26), (75, 28), (91, 28), (92, 28), (86, 29), (87, 29), (88, 29), (89, 29), (90, 29), (75, 30), (81, 30), (82, 30), (83, 30), (84, 30), (85, 30), (76, 31), (77, 31), (78, 31), (79, 31), (80, 31)]
[(110, 9), (111, 9), (105, 10), (106, 10), (107, 10), (108, 10), (109, 10), (112, 10), (100, 11), (101, 11), (102, 11), (103, 11), (104, 11), (95, 12), (96, 12), (97, 12), (98, 12), (99, 12), (111, 14), (94, 16), (110, 19), (93, 21), (109, 24), (92, 26), (108, 26), (109, 26), (103, 27), (104, 27), (105, 27), (106, 27), (107, 27), (92, 28), (98, 28), (99, 28), (100, 28), (101, 28), (102, 28), (93, 29), (94, 29), (95, 29), (96, 29), (97, 29)]
[(108, 26), (109, 26), (103, 27), (104, 27), (105, 27), (106, 27), (107, 27), (110, 27), (98, 28), (99, 28), (100, 28), (101, 28), (102, 28), (93, 29), (94, 29), (95, 29), (96, 29), (97, 29), (109, 31), (92, 33), (108, 36), (91, 38), (107, 41), (90, 43), (106, 43), (107, 43), (101, 44), (102, 44), (103, 44), (104, 44), (105, 44), (90, 45), (96, 45), (97, 45), (98, 45), (99, 45), (100, 45), (91, 46), (92, 46), (93, 46), (94, 46), (95, 46)]
[(110, 27), (111, 27), (112, 27), (113, 27), (114, 27), (109, 31), (108, 36), (107, 41), (107, 43), (113, 43), (114, 43), (108, 44), (109, 44), (110, 44), (111, 44), (112, 44)]
[(113, 43), (114, 43), (108, 44), (109, 44), (110, 44), (111, 44), (112, 44), (107, 48), (106, 53), (105, 58), (105, 60), (111, 60), (112, 60), (113, 60), (114, 60), (106, 61), (107, 61), (108, 61), (109, 61), (110, 61)]
[(59, 15), (60, 15), (54, 16), (55, 16), (56, 16), (57, 16), (58, 16), (61, 16), (49, 17), (50, 17), (51, 17), (52, 17), (53, 17), (44, 18), (45, 18), (46, 18), (47, 18), (48, 18), (60, 20), (43, 22), (59, 25), (42, 27), (58, 30), (41, 32), (57, 32), (58, 32), (52, 33), (53, 33), (54, 33), (55, 33), (56, 33), (41, 34), (47, 34), (48, 34), (49, 34), (50, 34), (51, 34), (42, 35), (43, 35), (44, 35), (45, 35), (46, 35)]
[(76, 13), (77, 13), (71, 14), (72, 14), (73, 14), (74, 14), (75, 14), (78, 14), (66, 15), (67, 15), (68, 15), (69, 15), (70, 15), (61, 16), (62, 16), (63, 16), (64, 16), (65, 16), (77, 18), (60, 20), (76, 23), (59, 25), (75, 28), (58, 30), (74, 30), (75, 30), (69, 31), (70, 31), (71, 31), (72, 31), (73, 31), (58, 32), (64, 32), (65, 32), (66, 32), (67, 32), (68, 32), (59, 33), (60, 33), (61, 33), (62, 33), (63, 33)]
[(74, 30), (75, 30), (69, 31), (70, 31), (71, 31), (72, 31), (73, 31), (76, 31), (64, 32), (65, 32), (66, 32), (67, 32), (68, 32), (59, 33), (60, 33), (61, 33), (62, 33), (63, 33), (75, 35), (58, 37), (74, 40), (57, 42), (73, 45), (56, 47), (72, 47), (73, 47), (67, 48), (68, 48), (69, 48), (70, 48), (71, 48), (56, 49), (62, 49), (63, 49), (64, 49), (65, 49), (66, 49), (57, 50), (58, 50), (59, 50), (60, 50), (61, 50)]
[(91, 28), (92, 28), (86, 29), (87, 29), (88, 29), (89, 29), (90, 29), (93, 29), (81, 30), (82, 30), (83, 30), (84, 30), (85, 30), (76, 31), (77, 31), (78, 31), (79, 31), (80, 31), (92, 33), (75, 35), (91, 38), (74, 40), (90, 43), (73, 45), (89, 45), (90, 45), (84, 46), (85, 46), (86, 46), (87, 46), (88, 46), (73, 47), (79, 47), (80, 47), (81, 47), (82, 47), (83, 47), (74, 48), (75, 48), (76, 48), (77, 48), (78, 48)]
[(89, 45), (90, 45), (84, 46), (85, 46), (86, 46), (87, 46), (88, 46), (91, 46), (79, 47), (80, 47), (81, 47), (82, 47), (83, 47), (74, 48), (75, 48), (76, 48), (77, 48), (78, 48), (90, 50), (73, 52), (89, 55), (72, 57), (88, 60), (71, 62), (87, 62), (88, 62), (82, 63), (83, 63), (84, 63), (85, 63), (86, 63), (71, 64), (77, 64), (78, 64), (79, 64), (80, 64), (81, 64), (72, 65), (73, 65), (74, 65), (75, 65), (76, 65)]
[(106, 43), (107, 43), (101, 44), (102, 44), (103, 44), (104, 44), (105, 44), (108, 44), (96, 45), (97, 45), (98, 45), (99, 45), (100, 45), (91, 46), (92, 46), (93, 46), (94, 46), (95, 46), (107, 48), (90, 50), (106, 53), (89, 55), (105, 58), (88, 60), (104, 60), (105, 60), (99, 61), (100, 61), (101, 61), (102, 61), (103, 61), (88, 62), (94, 62), (95, 62), (96, 62), (97, 62), (98, 62), (89, 63), (90, 63), (91, 63), (92, 63), (93, 63)]
[(104, 60), (105, 60), (99, 61), (100, 61), (101, 61), (102, 61), (103, 61), (106, 61), (94, 62), (95, 62), (96, 62), (97, 62), (98, 62), (89, 63), (90, 63), (91, 63), (92, 63), (93, 63), (105, 65), (88, 67), (104, 70), (87, 72), (103, 75), (86, 77), (102, 77), (103, 77), (97, 78), (98, 78), (99, 78), (100, 78), (101, 78), (86, 79), (92, 79), (93, 79), (94, 79), (95, 79), (96, 79), (87, 80), (88, 80), (89, 80), (90, 80), (91, 80)]
[(111, 60), (112, 60), (113, 60), (114, 60), (106, 61), (107, 61), (108, 61), (109, 61), (110, 61), (105, 65), (104, 70), (103, 75), (114, 76), (103, 77), (109, 77), (110, 77), (111, 77), (112, 77), (113, 77), (104, 78), (105, 78), (106, 78), (107, 78), (108, 78)]
[(114, 76), (109, 77), (110, 77), (111, 77), (112, 77), (113, 77), (104, 78), (105, 78), (106, 78), (107, 78), (108, 78), (103, 82), (102, 87), (101, 92), (112, 93), (113, 93), (114, 93), (101, 94), (107, 94), (108, 94), (109, 94), (110, 94), (111, 94), (102, 95), (103, 95), (104, 95), (105, 95), (106, 95)]
[(40, 34), (41, 34), (35, 35), (36, 35), (37, 35), (38, 35), (39, 35), (42, 35), (30, 36), (31, 36), (32, 36), (33, 36), (34, 36), (25, 37), (26, 37), (27, 37), (28, 37), (29, 37), (41, 39), (24, 41), (40, 44), (23, 46), (39, 49), (22, 51), (38, 51), (39, 51), (33, 52), (34, 52), (35, 52), (36, 52), (37, 52), (22, 53), (28, 53), (29, 53), (30, 53), (31, 53), (32, 53), (23, 54), (24, 54), (25, 54), (26, 54), (27, 54)]
[(57, 32), (58, 32), (52, 33), (53, 33), (54, 33), (55, 33), (56, 33), (59, 33), (47, 34), (48, 34), (49, 34), (50, 34), (51, 34), (42, 35), (43, 35), (44, 35), (45, 35), (46, 35), (58, 37), (41, 39), (57, 42), (40, 44), (56, 47), (39, 49), (55, 49), (56, 49), (50, 50), (51, 50), (52, 50), (53, 50), (54, 50), (39, 51), (45, 51), (46, 51), (47, 51), (48, 51), (49, 51), (40, 52), (41, 52), (42, 52), (43, 52), (44, 52)]
[(55, 49), (56, 49), (50, 50), (51, 50), (52, 50), (53, 50), (54, 50), (57, 50), (45, 51), (46, 51), (47, 51), (48, 51), (49, 51), (40, 52), (41, 52), (42, 52), (43, 52), (44, 52), (56, 54), (39, 56), (55, 59), (38, 61), (54, 64), (37, 66), (53, 66), (54, 66), (48, 67), (49, 67), (50, 67), (51, 67), (52, 67), (37, 68), (43, 68), (44, 68), (45, 68), (46, 68), (47, 68), (38, 69), (39, 69), (40, 69), (41, 69), (42, 69)]
[(72, 47), (73, 47), (67, 48), (68, 48), (69, 48), (70, 48), (71, 48), (74, 48), (62, 49), (63, 49), (64, 49), (65, 49), (66, 49), (57, 50), (58, 50), (59, 50), (60, 50), (61, 50), (73, 52), (56, 54), (72, 57), (55, 59), (71, 62), (54, 64), (70, 64), (71, 64), (65, 65), (66, 65), (67, 65), (68, 65), (69, 65), (54, 66), (60, 66), (61, 66), (62, 66), (63, 66), (64, 66), (55, 67), (56, 67), (57, 67), (58, 67), (59, 67)]
[(70, 64), (71, 64), (65, 65), (66, 65), (67, 65), (68, 65), (69, 65), (72, 65), (60, 66), (61, 66), (62, 66), (63, 66), (64, 66), (55, 67), (56, 67), (57, 67), (58, 67), (59, 67), (71, 69), (54, 71), (70, 74), (53, 76), (69, 79), (52, 81), (68, 81), (69, 81), (63, 82), (64, 82), (65, 82), (66, 82), (67, 82), (52, 83), (58, 83), (59, 83), (60, 83), (61, 83), (62, 83), (53, 84), (54, 84), (55, 84), (56, 84), (57, 84)]
[(87, 62), (88, 62), (82, 63), (83, 63), (84, 63), (85, 63), (86, 63), (89, 63), (77, 64), (78, 64), (79, 64), (80, 64), (81, 64), (72, 65), (73, 65), (74, 65), (75, 65), (76, 65), (88, 67), (71, 69), (87, 72), (70, 74), (86, 77), (69, 79), (85, 79), (86, 79), (80, 80), (81, 80), (82, 80), (83, 80), (84, 80), (69, 81), (75, 81), (76, 81), (77, 81), (78, 81), (79, 81), (70, 82), (71, 82), (72, 82), (73, 82), (74, 82)]
[(85, 79), (86, 79), (80, 80), (81, 80), (82, 80), (83, 80), (84, 80), (87, 80), (75, 81), (76, 81), (77, 81), (78, 81), (79, 81), (70, 82), (71, 82), (72, 82), (73, 82), (74, 82), (86, 84), (69, 86), (85, 89), (68, 91), (84, 94), (67, 96), (83, 96), (84, 96), (78, 97), (79, 97), (80, 97), (81, 97), (82, 97), (67, 98), (73, 98), (74, 98), (75, 98), (76, 98), (77, 98), (68, 99), (69, 99), (70, 99), (71, 99), (72, 99)]
[(102, 77), (103, 77), (97, 78), (98, 78), (99, 78), (100, 78), (101, 78), (104, 78), (92, 79), (93, 79), (94, 79), (95, 79), (96, 79), (87, 80), (88, 80), (89, 80), (90, 80), (91, 80), (103, 82), (86, 84), (102, 87), (85, 89), (101, 92), (84, 94), (100, 94), (101, 94), (95, 95), (96, 95), (97, 95), (98, 95), (99, 95), (84, 96), (90, 96), (91, 96), (92, 96), (93, 96), (94, 96), (85, 97), (86, 97), (87, 97), (88, 97), (89, 97)]
[(100, 94), (101, 94), (95, 95), (96, 95), (97, 95), (98, 95), (99, 95), (102, 95), (90, 96), (91, 96), (92, 96), (93, 96), (94, 96), (85, 97), (86, 97), (87, 97), (88, 97), (89, 97), (101, 99), (84, 101), (100, 104), (83, 106), (99, 109), (82, 111), (98, 111), (99, 111), (93, 112), (94, 112), (95, 112), (96, 112), (97, 112), (82, 113), (88, 113), (89, 113), (90, 113), (91, 113), (92, 113), (83, 114), (84, 114), (85, 114), (86, 114), (87, 114)]
[(112, 93), (113, 93), (114, 93), (107, 94), (108, 94), (109, 94), (110, 94), (111, 94), (102, 95), (103, 95), (104, 95), (105, 95), (106, 95), (101, 99), (100, 104), (99, 109), (110, 110), (111, 110), (112, 110), (113, 110), (114, 110), (99, 111), (105, 111), (106, 111), (107, 111), (108, 111), (109, 111), (100, 112), (101, 112), (102, 112), (103, 112), (104, 112)]
[(38, 51), (39, 51), (33, 52), (34, 52), (35, 52), (36, 52), (37, 52), (40, 52), (28, 53), (29, 53), (30, 53), (31, 53), (32, 53), (23, 54), (24, 54), (25, 54), (26, 54), (27, 54), (39, 56), (22, 58), (38, 61), (21, 63), (37, 66), (20, 68), (36, 68), (37, 68), (31, 69), (32, 69), (33, 69), (34, 69), (35, 69), (20, 70), (26, 70), (27, 70), (28, 70), (29, 70), (30, 70), (21, 71), (22, 71), (23, 71), (24, 71), (25, 71)]
[(36, 68), (37, 68), (31, 69), (32, 69), (33, 69), (34, 69), (35, 69), (38, 69), (26, 70), (27, 70), (28, 70), (29, 70), (30, 70), (21, 71), (22, 71), (23, 71), (24, 71), (25, 71), (37, 73), (20, 75), (36, 78), (19, 80), (35, 83), (18, 85), (34, 85), (35, 85), (29, 86), (30, 86), (31, 86), (32, 86), (33, 86), (18, 87), (24, 87), (25, 87), (26, 87), (27, 87), (28, 87), (19, 88), (20, 88), (21, 88), (22, 88), (23, 88)]
[(53, 66), (54, 66), (48, 67), (49, 67), (50, 67), (51, 67), (52, 67), (55, 67), (43, 68), (44, 68), (45, 68), (46, 68), (47, 68), (38, 69), (39, 69), (40, 69), (41, 69), (42, 69), (54, 71), (37, 73), (53, 76), (36, 78), (52, 81), (35, 83), (51, 83), (52, 83), (46, 84), (47, 84), (48, 84), (49, 84), (50, 84), (35, 85), (41, 85), (42, 85), (43, 85), (44, 85), (45, 85), (36, 86), (37, 86), (38, 86), (39, 86), (40, 86)]
[(51, 83), (52, 83), (46, 84), (47, 84), (48, 84), (49, 84), (50, 84), (53, 84), (41, 85), (42, 85), (43, 85), (44, 85), (45, 85), (36, 86), (37, 86), (38, 86), (39, 86), (40, 86), (52, 88), (35, 90), (51, 93), (34, 95), (50, 98), (33, 100), (49, 100), (50, 100), (44, 101), (45, 101), (46, 101), (47, 101), (48, 101), (33, 102), (39, 102), (40, 102), (41, 102), (42, 102), (43, 102), (34, 103), (35, 103), (36, 103), (37, 103), (38, 103)]
[(68, 81), (69, 81), (63, 82), (64, 82), (65, 82), (66, 82), (67, 82), (70, 82), (58, 83), (59, 83), (60, 83), (61, 83), (62, 83), (53, 84), (54, 84), (55, 84), (56, 84), (57, 84), (69, 86), (52, 88), (68, 91), (51, 93), (67, 96), (50, 98), (66, 98), (67, 98), (61, 99), (62, 99), (63, 99), (64, 99), (65, 99), (50, 100), (56, 100), (57, 100), (58, 100), (59, 100), (60, 100), (51, 101), (52, 101), (53, 101), (54, 101), (55, 101)]
[(66, 98), (67, 98), (61, 99), (62, 99), (63, 99), (64, 99), (65, 99), (68, 99), (56, 100), (57, 100), (58, 100), (59, 100), (60, 100), (51, 101), (52, 101), (53, 101), (54, 101), (55, 101), (67, 103), (50, 105), (66, 108), (49, 110), (65, 113)]
[(83, 96), (84, 96), (78, 97), (79, 97), (80, 97), (81, 97), (82, 97), (85, 97), (73, 98), (74, 98), (75, 98), (76, 98), (77, 98), (68, 99), (69, 99), (70, 99), (71, 99), (72, 99), (84, 101), (67, 103), (83, 106), (66, 108), (82, 111), (65, 113), (81, 113), (82, 113), (76, 114), (77, 114), (78, 114), (79, 114), (80, 114)]
[(81, 113), (82, 113), (76, 114), (77, 114), (78, 114), (79, 114), (80, 114), (83, 114)]
[(98, 111), (99, 111), (93, 112), (94, 112), (95, 112), (96, 112), (97, 112), (100, 112), (88, 113), (89, 113), (90, 113), (91, 113), (92, 113), (83, 114), (84, 114), (85, 114), (86, 114), (87, 114)]
[(34, 85), (35, 85), (29, 86), (30, 86), (31, 86), (32, 86), (33, 86), (36, 86), (24, 87), (25, 87), (26, 87), (27, 87), (28, 87), (19, 88), (20, 88), (21, 88), (22, 88), (23, 88), (35, 90), (18, 92), (34, 95), (17, 97), (33, 100), (16, 102), (32, 102), (33, 102), (27, 103), (28, 103), (29, 103), (30, 103), (31, 103), (16, 104), (22, 104), (23, 104), (24, 104), (25, 104), (26, 104), (17, 105), (18, 105), (19, 105), (20, 105), (21, 105)]
[(32, 102), (33, 102), (27, 103), (28, 103), (29, 103), (30, 103), (31, 103), (34, 103), (22, 104), (23, 104), (24, 104), (25, 104), (26, 104), (17, 105), (18, 105), (19, 105), (20, 105), (21, 105), (33, 107), (16, 109), (32, 112), (15, 114)]
[(49, 100), (50, 100), (44, 101), (45, 101), (46, 101), (47, 101), (48, 101), (51, 101), (39, 102), (40, 102), (41, 102), (42, 102), (43, 102), (34, 103), (35, 103), (36, 103), (37, 103), (38, 103), (50, 105), (33, 107), (49, 110), (32, 112)]
