[(90, 2), (91, 2), (88, 3), (89, 3), (92, 3), (85, 4), (86, 4), (87, 4), (93, 4), (83, 5), (84, 5), (94, 5), (80, 6), (81, 6), (82, 6), (95, 6), (78, 7), (79, 7), (96, 7), (75, 8), (76, 8), (77, 8), (97, 8), (72, 9), (73, 9), (74, 9), (96, 10), (71, 11), (95, 13), (70, 14), (94, 15), (69, 16), (93, 18), (68, 19), (92, 20), (67, 21), (91, 23), (66, 24), (90, 25), (65, 26), (89, 27), (90, 27), (65, 28), (87, 28), (88, 28), (66, 29), (84, 29), (85, 29), (86, 29), (67, 30), (82, 30), (83, 30), (68, 31), (79, 31), (80, 31), (81, 31), (69, 32), (77, 32), (78, 32), (70, 33), (74, 33), (75, 33), (76, 33), (71, 34), (72, 34), (73, 34)]
[(113, 2), (114, 2), (110, 3), (111, 3), (112, 3), (108, 4), (109, 4), (105, 5), (106, 5), (107, 5), (103, 6), (104, 6), (100, 7), (101, 7), (102, 7), (97, 8), (98, 8), (99, 8), (96, 10), (95, 13), (94, 15), (93, 18), (92, 20), (91, 23), (90, 25), (114, 26), (90, 27), (112, 27), (113, 27), (91, 28), (109, 28), (110, 28), (111, 28), (92, 29), (107, 29), (108, 29), (93, 30), (104, 30), (105, 30), (106, 30), (94, 31), (102, 31), (103, 31), (95, 32), (99, 32), (100, 32), (101, 32), (96, 33), (97, 33), (98, 33)]
[(114, 26), (112, 27), (113, 27), (109, 28), (110, 28), (111, 28), (107, 29), (108, 29), (104, 30), (105, 30), (106, 30), (102, 31), (103, 31), (99, 32), (100, 32), (101, 32), (96, 33), (97, 33), (98, 33), (95, 35), (94, 38), (93, 40), (92, 43), (91, 45), (90, 48), (114, 49), (89, 50), (113, 51), (114, 51), (89, 52), (111, 52), (112, 52), (90, 53), (108, 53), (109, 53), (110, 53), (91, 54), (106, 54), (107, 54), (92, 55), (103, 55), (104, 55), (105, 55), (93, 56), (101, 56), (102, 56), (94, 57), (98, 57), (99, 57), (100, 57), (95, 58), (96, 58), (97, 58)]
[(114, 49), (114, 51)]
[(114, 72), (113, 74), (113, 76), (114, 77)]
[(40, 4), (41, 4), (38, 5), (39, 5), (42, 5), (35, 6), (36, 6), (37, 6), (43, 6), (33, 7), (34, 7), (44, 7), (30, 8), (31, 8), (32, 8), (45, 8), (28, 9), (29, 9), (46, 9), (25, 10), (26, 10), (27, 10), (47, 10), (22, 11), (23, 11), (24, 11), (46, 12), (21, 13), (45, 15), (20, 16), (44, 17), (19, 18), (43, 20), (18, 21), (42, 22), (17, 23), (41, 25), (16, 26), (40, 27), (15, 28), (39, 29), (40, 29), (15, 30), (37, 30), (38, 30), (16, 31), (34, 31), (35, 31), (36, 31), (17, 32), (32, 32), (33, 32), (18, 33), (29, 33), (30, 33), (31, 33), (19, 34), (27, 34), (28, 34), (20, 35), (24, 35), (25, 35), (26, 35), (21, 36), (22, 36), (23, 36)]
[(65, 3), (66, 3), (63, 4), (64, 4), (67, 4), (60, 5), (61, 5), (62, 5), (68, 5), (58, 6), (59, 6), (69, 6), (55, 7), (56, 7), (57, 7), (70, 7), (53, 8), (54, 8), (71, 8), (50, 9), (51, 9), (52, 9), (72, 9), (47, 10), (48, 10), (49, 10), (71, 11), (46, 12), (70, 14), (45, 15), (69, 16), (44, 17), (68, 19), (43, 20), (67, 21), (42, 22), (66, 24), (41, 25), (65, 26), (40, 27), (64, 28), (65, 28), (40, 29), (62, 29), (63, 29), (41, 30), (59, 30), (60, 30), (61, 30), (42, 31), (57, 31), (58, 31), (43, 32), (54, 32), (55, 32), (56, 32), (44, 33), (52, 33), (53, 33), (45, 34), (49, 34), (50, 34), (51, 34), (46, 35), (47, 35), (48, 35)]
[(64, 28), (65, 28), (62, 29), (63, 29), (66, 29), (59, 30), (60, 30), (61, 30), (67, 30), (57, 31), (58, 31), (68, 31), (54, 32), (55, 32), (56, 32), (69, 32), (52, 33), (53, 33), (70, 33), (49, 34), (50, 34), (51, 34), (71, 34), (46, 35), (47, 35), (48, 35), (70, 36), (45, 37), (69, 39), (44, 40), (68, 41), (43, 42), (67, 44), (42, 45), (66, 46), (41, 47), (65, 49), (40, 50), (64, 51), (39, 52), (63, 53), (64, 53), (39, 54), (61, 54), (62, 54), (40, 55), (58, 55), (59, 55), (60, 55), (41, 56), (56, 56), (57, 56), (42, 57), (53, 57), (54, 57), (55, 57), (43, 58), (51, 58), (52, 58), (44, 59), (48, 59), (49, 59), (50, 59), (45, 60), (46, 60), (47, 60)]
[(89, 27), (90, 27), (87, 28), (88, 28), (91, 28), (84, 29), (85, 29), (86, 29), (92, 29), (82, 30), (83, 30), (93, 30), (79, 31), (80, 31), (81, 31), (94, 31), (77, 32), (78, 32), (95, 32), (74, 33), (75, 33), (76, 33), (96, 33), (71, 34), (72, 34), (73, 34), (95, 35), (70, 36), (94, 38), (69, 39), (93, 40), (68, 41), (92, 43), (67, 44), (91, 45), (66, 46), (90, 48), (65, 49), (89, 50), (64, 51), (88, 52), (89, 52), (64, 53), (86, 53), (87, 53), (65, 54), (83, 54), (84, 54), (85, 54), (66, 55), (81, 55), (82, 55), (67, 56), (78, 56), (79, 56), (80, 56), (68, 57), (76, 57), (77, 57), (69, 58), (73, 58), (74, 58), (75, 58), (70, 59), (71, 59), (72, 59)]
[(88, 52), (89, 52), (86, 53), (87, 53), (90, 53), (83, 54), (84, 54), (85, 54), (91, 54), (81, 55), (82, 55), (92, 55), (78, 56), (79, 56), (80, 56), (93, 56), (76, 57), (77, 57), (94, 57), (73, 58), (74, 58), (75, 58), (95, 58), (70, 59), (71, 59), (72, 59), (94, 60), (69, 61), (93, 63), (68, 64), (92, 65), (67, 66), (91, 68), (66, 69), (90, 70), (65, 71), (89, 73), (64, 74), (88, 75), (63, 76), (87, 77), (88, 77), (63, 78), (85, 78), (86, 78), (64, 79), (82, 79), (83, 79), (84, 79), (65, 80), (80, 80), (81, 80), (66, 81), (77, 81), (78, 81), (79, 81), (67, 82), (75, 82), (76, 82), (68, 83), (72, 83), (73, 83), (74, 83), (69, 84), (70, 84), (71, 84)]
[(113, 51), (114, 51), (111, 52), (112, 52), (108, 53), (109, 53), (110, 53), (106, 54), (107, 54), (103, 55), (104, 55), (105, 55), (101, 56), (102, 56), (98, 57), (99, 57), (100, 57), (95, 58), (96, 58), (97, 58), (94, 60), (93, 63), (92, 65), (91, 68), (90, 70), (114, 72), (89, 73), (113, 74), (88, 75), (112, 76), (113, 76), (88, 77), (110, 77), (111, 77), (89, 78), (107, 78), (108, 78), (109, 78), (90, 79), (105, 79), (106, 79), (91, 80), (102, 80), (103, 80), (104, 80), (92, 81), (100, 81), (101, 81), (93, 82), (97, 82), (98, 82), (99, 82), (94, 83), (95, 83), (96, 83)]
[(112, 76), (113, 76), (110, 77), (111, 77), (114, 77), (107, 78), (108, 78), (109, 78), (105, 79), (106, 79), (102, 80), (103, 80), (104, 80), (100, 81), (101, 81), (97, 82), (98, 82), (99, 82), (94, 83), (95, 83), (96, 83), (93, 85), (92, 88), (91, 90), (90, 93), (114, 94), (89, 95), (113, 97), (88, 98), (112, 99), (87, 100), (111, 101), (112, 101), (87, 102), (109, 102), (110, 102), (88, 103), (106, 103), (107, 103), (108, 103), (89, 104), (104, 104), (105, 104), (90, 105), (101, 105), (102, 105), (103, 105), (91, 106), (99, 106), (100, 106), (92, 107), (96, 107), (97, 107), (98, 107), (93, 108), (94, 108), (95, 108)]
[(114, 94), (113, 97), (112, 99), (112, 101), (113, 102), (114, 103)]
[(14, 30), (15, 30), (12, 31), (13, 31), (16, 31), (9, 32), (10, 32), (11, 32), (17, 32), (7, 33), (8, 33), (18, 33), (4, 34), (5, 34), (6, 34), (19, 34), (2, 35), (3, 35), (20, 35), (0, 36), (1, 36), (21, 36), (20, 38), (19, 41), (18, 43), (17, 46), (16, 48), (15, 51), (14, 53), (13, 55), (14, 55), (11, 56), (12, 56), (8, 57), (9, 57), (10, 57), (6, 58), (7, 58), (3, 59), (4, 59), (5, 59), (1, 60), (2, 60), (0, 61)]
[(39, 29), (40, 29), (37, 30), (38, 30), (41, 30), (34, 31), (35, 31), (36, 31), (42, 31), (32, 32), (33, 32), (43, 32), (29, 33), (30, 33), (31, 33), (44, 33), (27, 34), (28, 34), (45, 34), (24, 35), (25, 35), (26, 35), (46, 35), (21, 36), (22, 36), (23, 36), (45, 37), (20, 38), (44, 40), (19, 41), (43, 42), (18, 43), (42, 45), (17, 46), (41, 47), (16, 48), (40, 50), (15, 51), (39, 52), (14, 53), (38, 54), (39, 54), (14, 55), (36, 55), (37, 55), (15, 56), (33, 56), (34, 56), (35, 56), (16, 57), (31, 57), (32, 57), (17, 58), (28, 58), (29, 58), (30, 58), (18, 59), (26, 59), (27, 59), (19, 60), (23, 60), (24, 60), (25, 60), (20, 61), (21, 61), (22, 61)]
[(38, 54), (39, 54), (36, 55), (37, 55), (40, 55), (33, 56), (34, 56), (35, 56), (41, 56), (31, 57), (32, 57), (42, 57), (28, 58), (29, 58), (30, 58), (43, 58), (26, 59), (27, 59), (44, 59), (23, 60), (24, 60), (25, 60), (45, 60), (20, 61), (21, 61), (22, 61), (44, 62), (19, 63), (43, 65), (18, 66), (42, 67), (17, 68), (41, 70), (16, 71), (40, 72), (15, 73), (39, 75), (14, 76), (38, 77), (13, 78), (37, 79), (38, 79), (13, 80), (35, 80), (36, 80), (14, 81), (32, 81), (33, 81), (34, 81), (15, 82), (30, 82), (31, 82), (16, 83), (27, 83), (28, 83), (29, 83), (17, 84), (25, 84), (26, 84), (18, 85), (22, 85), (23, 85), (24, 85), (19, 86), (20, 86), (21, 86)]
[(63, 53), (64, 53), (61, 54), (62, 54), (65, 54), (58, 55), (59, 55), (60, 55), (66, 55), (56, 56), (57, 56), (67, 56), (53, 57), (54, 57), (55, 57), (68, 57), (51, 58), (52, 58), (69, 58), (48, 59), (49, 59), (50, 59), (70, 59), (45, 60), (46, 60), (47, 60), (69, 61), (44, 62), (68, 64), (43, 65), (67, 66), (42, 67), (66, 69), (41, 70), (65, 71), (40, 72), (64, 74), (39, 75), (63, 76), (38, 77), (62, 78), (63, 78), (38, 79), (60, 79), (61, 79), (39, 80), (57, 80), (58, 80), (59, 80), (40, 81), (55, 81), (56, 81), (41, 82), (52, 82), (53, 82), (54, 82), (42, 83), (50, 83), (51, 83), (43, 84), (47, 84), (48, 84), (49, 84), (44, 85), (45, 85), (46, 85)]
[(62, 78), (63, 78), (60, 79), (61, 79), (64, 79), (57, 80), (58, 80), (59, 80), (65, 80), (55, 81), (56, 81), (66, 81), (52, 82), (53, 82), (54, 82), (67, 82), (50, 83), (51, 83), (68, 83), (47, 84), (48, 84), (49, 84), (69, 84), (44, 85), (45, 85), (46, 85), (68, 86), (43, 87), (67, 89), (42, 90), (66, 91), (41, 92), (65, 94), (40, 95), (64, 96), (39, 97), (63, 99), (38, 100), (62, 101), (37, 102), (61, 103), (62, 103), (37, 104), (59, 104), (60, 104), (38, 105), (56, 105), (57, 105), (58, 105), (39, 106), (54, 106), (55, 106), (40, 107), (51, 107), (52, 107), (53, 107), (41, 108), (49, 108), (50, 108), (42, 109), (46, 109), (47, 109), (48, 109), (43, 110), (44, 110), (45, 110)]
[(87, 77), (88, 77), (85, 78), (86, 78), (89, 78), (82, 79), (83, 79), (84, 79), (90, 79), (80, 80), (81, 80), (91, 80), (77, 81), (78, 81), (79, 81), (92, 81), (75, 82), (76, 82), (93, 82), (72, 83), (73, 83), (74, 83), (94, 83), (69, 84), (70, 84), (71, 84), (93, 85), (68, 86), (92, 88), (67, 89), (91, 90), (66, 91), (90, 93), (65, 94), (89, 95), (64, 96), (88, 98), (63, 99), (87, 100), (62, 101), (86, 102), (87, 102), (62, 103), (84, 103), (85, 103), (63, 104), (81, 104), (82, 104), (83, 104), (64, 105), (79, 105), (80, 105), (65, 106), (76, 106), (77, 106), (78, 106), (66, 107), (74, 107), (75, 107), (67, 108), (71, 108), (72, 108), (73, 108), (68, 109), (69, 109), (70, 109)]
[(86, 102), (87, 102), (84, 103), (85, 103), (88, 103), (81, 104), (82, 104), (83, 104), (89, 104), (79, 105), (80, 105), (90, 105), (76, 106), (77, 106), (78, 106), (91, 106), (74, 107), (75, 107), (92, 107), (71, 108), (72, 108), (73, 108), (93, 108), (68, 109), (69, 109), (70, 109), (92, 110), (67, 111), (91, 113), (66, 114)]
[(111, 101), (112, 101), (109, 102), (110, 102), (113, 102), (106, 103), (107, 103), (108, 103), (114, 103), (104, 104), (105, 104), (101, 105), (102, 105), (103, 105), (99, 106), (100, 106), (96, 107), (97, 107), (98, 107), (93, 108), (94, 108), (95, 108), (92, 110), (91, 113)]
[(13, 55), (14, 55), (11, 56), (12, 56), (15, 56), (8, 57), (9, 57), (10, 57), (16, 57), (6, 58), (7, 58), (17, 58), (3, 59), (4, 59), (5, 59), (18, 59), (1, 60), (2, 60), (19, 60), (0, 61), (20, 61), (19, 63), (18, 66), (17, 68), (16, 71), (15, 73), (14, 76), (13, 78), (12, 80), (13, 80), (10, 81), (11, 81), (7, 82), (8, 82), (9, 82), (5, 83), (6, 83), (2, 84), (3, 84), (4, 84), (0, 85), (1, 85)]
[(12, 80), (13, 80), (10, 81), (11, 81), (14, 81), (7, 82), (8, 82), (9, 82), (15, 82), (5, 83), (6, 83), (16, 83), (2, 84), (3, 84), (4, 84), (17, 84), (0, 85), (1, 85), (18, 85), (19, 86), (18, 88), (17, 91), (16, 93), (15, 96), (14, 98), (13, 101), (12, 103), (11, 105), (12, 105), (9, 106), (10, 106), (6, 107), (7, 107), (8, 107), (4, 108), (5, 108), (1, 109), (2, 109), (3, 109), (0, 110)]
[(37, 79), (38, 79), (35, 80), (36, 80), (39, 80), (32, 81), (33, 81), (34, 81), (40, 81), (30, 82), (31, 82), (41, 82), (27, 83), (28, 83), (29, 83), (42, 83), (25, 84), (26, 84), (43, 84), (22, 85), (23, 85), (24, 85), (44, 85), (19, 86), (20, 86), (21, 86), (43, 87), (18, 88), (42, 90), (17, 91), (41, 92), (16, 93), (40, 95), (15, 96), (39, 97), (14, 98), (38, 100), (13, 101), (37, 102), (12, 103), (36, 104), (37, 104), (12, 105), (34, 105), (35, 105), (13, 106), (31, 106), (32, 106), (33, 106), (14, 107), (29, 107), (30, 107), (15, 108), (26, 108), (27, 108), (28, 108), (16, 109), (24, 109), (25, 109), (17, 110), (21, 110), (22, 110), (23, 110), (18, 111), (19, 111), (20, 111)]
[(36, 104), (37, 104), (34, 105), (35, 105), (38, 105), (31, 106), (32, 106), (33, 106), (39, 106), (29, 107), (30, 107), (40, 107), (26, 108), (27, 108), (28, 108), (41, 108), (24, 109), (25, 109), (42, 109), (21, 110), (22, 110), (23, 110), (43, 110), (18, 111), (19, 111), (20, 111), (42, 112), (17, 113)]
[(61, 103), (62, 103), (59, 104), (60, 104), (63, 104), (56, 105), (57, 105), (58, 105), (64, 105), (54, 106), (55, 106), (65, 106), (51, 107), (52, 107), (53, 107), (66, 107), (49, 108), (50, 108), (67, 108), (46, 109), (47, 109), (48, 109), (68, 109), (43, 110), (44, 110), (45, 110), (67, 111), (42, 112), (66, 114)]
[(11, 105), (12, 105), (9, 106), (10, 106), (13, 106), (6, 107), (7, 107), (8, 107), (14, 107), (4, 108), (5, 108), (15, 108), (1, 109), (2, 109), (3, 109), (16, 109), (0, 110), (17, 110), (18, 111), (17, 113)]
