[(62, 27), (63, 27), (57, 28), (58, 28), (59, 28), (60, 28), (61, 28), (64, 28), (53, 29), (54, 29), (55, 29), (56, 29), (48, 30), (49, 30), (50, 30), (51, 30), (52, 30), (63, 32), (47, 34), (62, 36), (46, 38), (61, 41), (45, 43), (60, 43), (61, 43), (55, 44), (56, 44), (57, 44), (58, 44), (59, 44), (45, 45), (51, 45), (52, 45), (53, 45), (54, 45), (46, 46), (47, 46), (48, 46), (49, 46), (50, 46)]
[(78, 25), (79, 25), (73, 26), (74, 26), (75, 26), (76, 26), (77, 26), (80, 26), (69, 27), (70, 27), (71, 27), (72, 27), (64, 28), (65, 28), (66, 28), (67, 28), (68, 28), (79, 30), (63, 32), (78, 34), (62, 36), (77, 39), (61, 41), (76, 41), (77, 41), (71, 42), (72, 42), (73, 42), (74, 42), (75, 42), (61, 43), (67, 43), (68, 43), (69, 43), (70, 43), (62, 44), (63, 44), (64, 44), (65, 44), (66, 44)]
[(76, 41), (77, 41), (71, 42), (72, 42), (73, 42), (74, 42), (75, 42), (78, 42), (67, 43), (68, 43), (69, 43), (70, 43), (62, 44), (63, 44), (64, 44), (65, 44), (66, 44), (77, 46), (61, 48), (76, 50), (60, 52), (75, 55), (59, 57), (74, 57), (75, 57), (69, 58), (70, 58), (71, 58), (72, 58), (73, 58), (59, 59), (65, 59), (66, 59), (67, 59), (68, 59), (60, 60), (61, 60), (62, 60), (63, 60), (64, 60)]
[(92, 39), (93, 39), (87, 40), (88, 40), (89, 40), (90, 40), (91, 40), (94, 40), (83, 41), (84, 41), (85, 41), (86, 41), (78, 42), (79, 42), (80, 42), (81, 42), (82, 42), (93, 44), (77, 46), (92, 48), (76, 50), (91, 53), (75, 55), (90, 55), (91, 55), (85, 56), (86, 56), (87, 56), (88, 56), (89, 56), (75, 57), (81, 57), (82, 57), (83, 57), (84, 57), (76, 58), (77, 58), (78, 58), (79, 58), (80, 58)]
[(90, 55), (91, 55), (85, 56), (86, 56), (87, 56), (88, 56), (89, 56), (92, 56), (81, 57), (82, 57), (83, 57), (84, 57), (76, 58), (77, 58), (78, 58), (79, 58), (80, 58), (91, 60), (75, 62), (90, 64), (74, 66), (89, 69), (73, 71), (88, 71), (89, 71), (83, 72), (84, 72), (85, 72), (86, 72), (87, 72), (73, 73), (79, 73), (80, 73), (81, 73), (82, 73), (74, 74), (75, 74), (76, 74), (77, 74), (78, 74)]
[(106, 53), (107, 53), (101, 54), (102, 54), (103, 54), (104, 54), (105, 54), (108, 54), (97, 55), (98, 55), (99, 55), (100, 55), (92, 56), (93, 56), (94, 56), (95, 56), (96, 56), (107, 58), (91, 60), (106, 62), (90, 64), (105, 67), (89, 69), (104, 69), (105, 69), (99, 70), (100, 70), (101, 70), (102, 70), (103, 70), (89, 71), (95, 71), (96, 71), (97, 71), (98, 71), (90, 72), (91, 72), (92, 72), (93, 72), (94, 72)]
[(104, 69), (105, 69), (99, 70), (100, 70), (101, 70), (102, 70), (103, 70), (106, 70), (95, 71), (96, 71), (97, 71), (98, 71), (90, 72), (91, 72), (92, 72), (93, 72), (94, 72), (105, 74), (89, 76), (104, 78), (88, 80), (103, 83), (87, 85), (102, 85), (103, 85), (97, 86), (98, 86), (99, 86), (100, 86), (101, 86), (87, 87), (93, 87), (94, 87), (95, 87), (96, 87), (88, 88), (89, 88), (90, 88), (91, 88), (92, 88)]
[(111, 69), (112, 69), (113, 69), (114, 69), (106, 70), (107, 70), (108, 70), (109, 70), (110, 70), (105, 74), (104, 78), (103, 83), (113, 84), (114, 84), (103, 85), (109, 85), (110, 85), (111, 85), (112, 85), (104, 86), (105, 86), (106, 86), (107, 86), (108, 86)]
[(113, 84), (114, 84), (109, 85), (110, 85), (111, 85), (112, 85), (104, 86), (105, 86), (106, 86), (107, 86), (108, 86), (103, 90), (102, 94), (101, 99), (111, 100), (112, 100), (113, 100), (114, 100), (101, 101), (107, 101), (108, 101), (109, 101), (110, 101), (102, 102), (103, 102), (104, 102), (105, 102), (106, 102)]
[(30, 31), (31, 31), (25, 32), (26, 32), (27, 32), (28, 32), (29, 32), (32, 32), (21, 33), (22, 33), (23, 33), (24, 33), (16, 34), (17, 34), (18, 34), (19, 34), (20, 34), (31, 36), (15, 38), (30, 40), (14, 42), (29, 45), (13, 47), (28, 47), (29, 47), (23, 48), (24, 48), (25, 48), (26, 48), (27, 48), (13, 49), (19, 49), (20, 49), (21, 49), (22, 49), (14, 50), (15, 50), (16, 50), (17, 50), (18, 50)]
[(46, 29), (47, 29), (41, 30), (42, 30), (43, 30), (44, 30), (45, 30), (48, 30), (37, 31), (38, 31), (39, 31), (40, 31), (32, 32), (33, 32), (34, 32), (35, 32), (36, 32), (47, 34), (31, 36), (46, 38), (30, 40), (45, 43), (29, 45), (44, 45), (45, 45), (39, 46), (40, 46), (41, 46), (42, 46), (43, 46), (29, 47), (35, 47), (36, 47), (37, 47), (38, 47), (30, 48), (31, 48), (32, 48), (33, 48), (34, 48)]
[(44, 45), (45, 45), (39, 46), (40, 46), (41, 46), (42, 46), (43, 46), (46, 46), (35, 47), (36, 47), (37, 47), (38, 47), (30, 48), (31, 48), (32, 48), (33, 48), (34, 48), (45, 50), (29, 52), (44, 54), (28, 56), (43, 59), (27, 61), (42, 61), (43, 61), (37, 62), (38, 62), (39, 62), (40, 62), (41, 62), (27, 63), (33, 63), (34, 63), (35, 63), (36, 63), (28, 64), (29, 64), (30, 64), (31, 64), (32, 64)]
[(60, 43), (61, 43), (55, 44), (56, 44), (57, 44), (58, 44), (59, 44), (62, 44), (51, 45), (52, 45), (53, 45), (54, 45), (46, 46), (47, 46), (48, 46), (49, 46), (50, 46), (61, 48), (45, 50), (60, 52), (44, 54), (59, 57), (43, 59), (58, 59), (59, 59), (53, 60), (54, 60), (55, 60), (56, 60), (57, 60), (43, 61), (49, 61), (50, 61), (51, 61), (52, 61), (44, 62), (45, 62), (46, 62), (47, 62), (48, 62)]
[(58, 59), (59, 59), (53, 60), (54, 60), (55, 60), (56, 60), (57, 60), (60, 60), (49, 61), (50, 61), (51, 61), (52, 61), (44, 62), (45, 62), (46, 62), (47, 62), (48, 62), (59, 64), (43, 66), (58, 68), (42, 70), (57, 73), (41, 75), (56, 75), (57, 75), (51, 76), (52, 76), (53, 76), (54, 76), (55, 76), (41, 77), (47, 77), (48, 77), (49, 77), (50, 77), (42, 78), (43, 78), (44, 78), (45, 78), (46, 78)]
[(74, 57), (75, 57), (69, 58), (70, 58), (71, 58), (72, 58), (73, 58), (76, 58), (65, 59), (66, 59), (67, 59), (68, 59), (60, 60), (61, 60), (62, 60), (63, 60), (64, 60), (75, 62), (59, 64), (74, 66), (58, 68), (73, 71), (57, 73), (72, 73), (73, 73), (67, 74), (68, 74), (69, 74), (70, 74), (71, 74), (57, 75), (63, 75), (64, 75), (65, 75), (66, 75), (58, 76), (59, 76), (60, 76), (61, 76), (62, 76)]
[(72, 73), (73, 73), (67, 74), (68, 74), (69, 74), (70, 74), (71, 74), (74, 74), (63, 75), (64, 75), (65, 75), (66, 75), (58, 76), (59, 76), (60, 76), (61, 76), (62, 76), (73, 78), (57, 80), (72, 82), (56, 84), (71, 87), (55, 89), (70, 89), (71, 89), (65, 90), (66, 90), (67, 90), (68, 90), (69, 90), (55, 91), (61, 91), (62, 91), (63, 91), (64, 91), (56, 92), (57, 92), (58, 92), (59, 92), (60, 92)]
[(88, 71), (89, 71), (83, 72), (84, 72), (85, 72), (86, 72), (87, 72), (90, 72), (79, 73), (80, 73), (81, 73), (82, 73), (74, 74), (75, 74), (76, 74), (77, 74), (78, 74), (89, 76), (73, 78), (88, 80), (72, 82), (87, 85), (71, 87), (86, 87), (87, 87), (81, 88), (82, 88), (83, 88), (84, 88), (85, 88), (71, 89), (77, 89), (78, 89), (79, 89), (80, 89), (72, 90), (73, 90), (74, 90), (75, 90), (76, 90)]
[(86, 87), (87, 87), (81, 88), (82, 88), (83, 88), (84, 88), (85, 88), (88, 88), (77, 89), (78, 89), (79, 89), (80, 89), (72, 90), (73, 90), (74, 90), (75, 90), (76, 90), (87, 92), (71, 94), (86, 96), (70, 98), (85, 101), (69, 103), (84, 103), (85, 103), (79, 104), (80, 104), (81, 104), (82, 104), (83, 104), (69, 105), (75, 105), (76, 105), (77, 105), (78, 105), (70, 106), (71, 106), (72, 106), (73, 106), (74, 106)]
[(102, 85), (103, 85), (97, 86), (98, 86), (99, 86), (100, 86), (101, 86), (104, 86), (93, 87), (94, 87), (95, 87), (96, 87), (88, 88), (89, 88), (90, 88), (91, 88), (92, 88), (103, 90), (87, 92), (102, 94), (86, 96), (101, 99), (85, 101), (100, 101), (101, 101), (95, 102), (96, 102), (97, 102), (98, 102), (99, 102), (85, 103), (91, 103), (92, 103), (93, 103), (94, 103), (86, 104), (87, 104), (88, 104), (89, 104), (90, 104)]
[(100, 101), (101, 101), (95, 102), (96, 102), (97, 102), (98, 102), (99, 102), (102, 102), (91, 103), (92, 103), (93, 103), (94, 103), (86, 104), (87, 104), (88, 104), (89, 104), (90, 104), (101, 106), (85, 108), (100, 110), (84, 112)]
[(111, 100), (112, 100), (113, 100), (114, 100), (107, 101), (108, 101), (109, 101), (110, 101), (102, 102), (103, 102), (104, 102), (105, 102), (106, 102), (101, 106), (100, 110)]
[(12, 49), (13, 49), (7, 50), (8, 50), (9, 50), (10, 50), (11, 50), (14, 50), (3, 51), (4, 51), (5, 51), (6, 51), (0, 52), (1, 52), (2, 52), (13, 54), (12, 58), (11, 63), (10, 65), (11, 65), (5, 66), (6, 66), (7, 66), (8, 66), (9, 66), (1, 67), (2, 67), (3, 67), (4, 67), (0, 68)]
[(28, 47), (29, 47), (23, 48), (24, 48), (25, 48), (26, 48), (27, 48), (30, 48), (19, 49), (20, 49), (21, 49), (22, 49), (14, 50), (15, 50), (16, 50), (17, 50), (18, 50), (29, 52), (13, 54), (28, 56), (12, 58), (27, 61), (11, 63), (26, 63), (27, 63), (21, 64), (22, 64), (23, 64), (24, 64), (25, 64), (11, 65), (17, 65), (18, 65), (19, 65), (20, 65), (12, 66), (13, 66), (14, 66), (15, 66), (16, 66)]
[(26, 63), (27, 63), (21, 64), (22, 64), (23, 64), (24, 64), (25, 64), (28, 64), (17, 65), (18, 65), (19, 65), (20, 65), (12, 66), (13, 66), (14, 66), (15, 66), (16, 66), (27, 68), (11, 70), (26, 72), (10, 74), (25, 77), (9, 79), (24, 79), (25, 79), (19, 80), (20, 80), (21, 80), (22, 80), (23, 80), (9, 81), (15, 81), (16, 81), (17, 81), (18, 81), (10, 82), (11, 82), (12, 82), (13, 82), (14, 82)]
[(42, 61), (43, 61), (37, 62), (38, 62), (39, 62), (40, 62), (41, 62), (44, 62), (33, 63), (34, 63), (35, 63), (36, 63), (28, 64), (29, 64), (30, 64), (31, 64), (32, 64), (43, 66), (27, 68), (42, 70), (26, 72), (41, 75), (25, 77), (40, 77), (41, 77), (35, 78), (36, 78), (37, 78), (38, 78), (39, 78), (25, 79), (31, 79), (32, 79), (33, 79), (34, 79), (26, 80), (27, 80), (28, 80), (29, 80), (30, 80)]
[(40, 77), (41, 77), (35, 78), (36, 78), (37, 78), (38, 78), (39, 78), (42, 78), (31, 79), (32, 79), (33, 79), (34, 79), (26, 80), (27, 80), (28, 80), (29, 80), (30, 80), (41, 82), (25, 84), (40, 86), (24, 88), (39, 91), (23, 93), (38, 93), (39, 93), (33, 94), (34, 94), (35, 94), (36, 94), (37, 94), (23, 95), (29, 95), (30, 95), (31, 95), (32, 95), (24, 96), (25, 96), (26, 96), (27, 96), (28, 96)]
[(56, 75), (57, 75), (51, 76), (52, 76), (53, 76), (54, 76), (55, 76), (58, 76), (47, 77), (48, 77), (49, 77), (50, 77), (42, 78), (43, 78), (44, 78), (45, 78), (46, 78), (57, 80), (41, 82), (56, 84), (40, 86), (55, 89), (39, 91), (54, 91), (55, 91), (49, 92), (50, 92), (51, 92), (52, 92), (53, 92), (39, 93), (45, 93), (46, 93), (47, 93), (48, 93), (40, 94), (41, 94), (42, 94), (43, 94), (44, 94)]
[(54, 91), (55, 91), (49, 92), (50, 92), (51, 92), (52, 92), (53, 92), (56, 92), (45, 93), (46, 93), (47, 93), (48, 93), (40, 94), (41, 94), (42, 94), (43, 94), (44, 94), (55, 96), (39, 98), (54, 100), (38, 102), (53, 105), (37, 107), (52, 107), (53, 107), (47, 108), (48, 108), (49, 108), (50, 108), (51, 108), (37, 109), (43, 109), (44, 109), (45, 109), (46, 109), (38, 110), (39, 110), (40, 110), (41, 110), (42, 110)]
[(70, 89), (71, 89), (65, 90), (66, 90), (67, 90), (68, 90), (69, 90), (72, 90), (61, 91), (62, 91), (63, 91), (64, 91), (56, 92), (57, 92), (58, 92), (59, 92), (60, 92), (71, 94), (55, 96), (70, 98), (54, 100), (69, 103), (53, 105), (68, 105), (69, 105), (63, 106), (64, 106), (65, 106), (66, 106), (67, 106), (53, 107), (59, 107), (60, 107), (61, 107), (62, 107), (54, 108), (55, 108), (56, 108), (57, 108), (58, 108)]
[(68, 105), (69, 105), (63, 106), (64, 106), (65, 106), (66, 106), (67, 106), (70, 106), (59, 107), (60, 107), (61, 107), (62, 107), (54, 108), (55, 108), (56, 108), (57, 108), (58, 108), (69, 110), (53, 112), (68, 114)]
[(84, 103), (85, 103), (79, 104), (80, 104), (81, 104), (82, 104), (83, 104), (86, 104), (75, 105), (76, 105), (77, 105), (78, 105), (70, 106), (71, 106), (72, 106), (73, 106), (74, 106), (85, 108), (69, 110), (84, 112), (68, 114)]
[(10, 65), (11, 65), (5, 66), (6, 66), (7, 66), (8, 66), (9, 66), (12, 66), (1, 67), (2, 67), (3, 67), (4, 67), (0, 68), (11, 70), (10, 74), (9, 79), (8, 81), (9, 81), (3, 82), (4, 82), (5, 82), (6, 82), (7, 82), (0, 83), (1, 83), (2, 83)]
[(8, 81), (9, 81), (3, 82), (4, 82), (5, 82), (6, 82), (7, 82), (10, 82), (0, 83), (1, 83), (2, 83), (9, 86), (8, 90), (7, 95), (6, 97), (7, 97), (1, 98), (2, 98), (3, 98), (4, 98), (5, 98), (0, 99)]
[(24, 79), (25, 79), (19, 80), (20, 80), (21, 80), (22, 80), (23, 80), (26, 80), (15, 81), (16, 81), (17, 81), (18, 81), (10, 82), (11, 82), (12, 82), (13, 82), (14, 82), (25, 84), (9, 86), (24, 88), (8, 90), (23, 93), (7, 95), (22, 95), (23, 95), (17, 96), (18, 96), (19, 96), (20, 96), (21, 96), (7, 97), (13, 97), (14, 97), (15, 97), (16, 97), (8, 98), (9, 98), (10, 98), (11, 98), (12, 98)]
[(22, 95), (23, 95), (17, 96), (18, 96), (19, 96), (20, 96), (21, 96), (24, 96), (13, 97), (14, 97), (15, 97), (16, 97), (8, 98), (9, 98), (10, 98), (11, 98), (12, 98), (23, 100), (7, 102), (22, 104), (6, 106), (21, 109), (5, 111), (20, 111), (21, 111), (15, 112), (16, 112), (17, 112), (18, 112), (19, 112), (5, 113), (11, 113), (12, 113), (13, 113), (14, 113), (6, 114), (7, 114), (8, 114), (9, 114), (10, 114)]
[(38, 93), (39, 93), (33, 94), (34, 94), (35, 94), (36, 94), (37, 94), (40, 94), (29, 95), (30, 95), (31, 95), (32, 95), (24, 96), (25, 96), (26, 96), (27, 96), (28, 96), (39, 98), (23, 100), (38, 102), (22, 104), (37, 107), (21, 109), (36, 109), (37, 109), (31, 110), (32, 110), (33, 110), (34, 110), (35, 110), (21, 111), (27, 111), (28, 111), (29, 111), (30, 111), (22, 112), (23, 112), (24, 112), (25, 112), (26, 112)]
[(36, 109), (37, 109), (31, 110), (32, 110), (33, 110), (34, 110), (35, 110), (38, 110), (27, 111), (28, 111), (29, 111), (30, 111), (22, 112), (23, 112), (24, 112), (25, 112), (26, 112), (37, 114)]
[(52, 107), (53, 107), (47, 108), (48, 108), (49, 108), (50, 108), (51, 108), (54, 108), (43, 109), (44, 109), (45, 109), (46, 109), (38, 110), (39, 110), (40, 110), (41, 110), (42, 110), (53, 112), (37, 114)]
[(6, 97), (7, 97), (1, 98), (2, 98), (3, 98), (4, 98), (5, 98), (8, 98), (0, 99), (7, 102), (6, 106), (5, 111), (4, 113), (5, 113), (0, 114), (1, 114), (2, 114), (3, 114)]
[(4, 113), (5, 113), (0, 114), (1, 114), (2, 114), (3, 114), (6, 114)]
[(20, 111), (21, 111), (15, 112), (16, 112), (17, 112), (18, 112), (19, 112), (22, 112), (11, 113), (12, 113), (13, 113), (14, 113), (6, 114), (7, 114), (8, 114), (9, 114), (10, 114)]
