[(114, 44), (112, 45), (113, 45), (109, 46), (110, 46), (111, 46), (106, 47), (107, 47), (108, 47), (105, 49), (104, 52), (103, 54), (102, 57), (101, 59), (100, 62), (100, 63), (101, 64), (102, 65), (113, 65), (114, 65), (103, 66), (111, 66), (112, 66), (104, 67), (108, 67), (109, 67), (110, 67), (105, 68), (106, 68), (107, 68)]
[(80, 43), (77, 44), (78, 44), (79, 44), (81, 44), (75, 45), (76, 45), (82, 45), (72, 46), (73, 46), (74, 46), (83, 46), (70, 47), (71, 47), (84, 47), (67, 48), (68, 48), (69, 48), (85, 48), (64, 49), (65, 49), (66, 49), (84, 50), (63, 51), (83, 53), (62, 54), (82, 55), (61, 56), (81, 58), (60, 59), (80, 60), (59, 61), (79, 63), (58, 64), (79, 64), (58, 65), (76, 65), (77, 65), (78, 65), (59, 66), (74, 66), (75, 66), (60, 67), (71, 67), (72, 67), (73, 67), (61, 68), (69, 68), (70, 68), (62, 69), (66, 69), (67, 69), (68, 69), (63, 70), (64, 70), (65, 70)]
[(101, 42), (98, 43), (99, 43), (100, 43), (102, 43), (96, 44), (97, 44), (103, 44), (93, 45), (94, 45), (95, 45), (104, 45), (91, 46), (92, 46), (105, 46), (88, 47), (89, 47), (90, 47), (106, 47), (85, 48), (86, 48), (87, 48), (105, 49), (84, 50), (104, 52), (83, 53), (103, 54), (82, 55), (102, 57), (81, 58), (101, 59), (80, 60), (100, 62), (79, 63), (100, 63), (79, 64), (97, 64), (98, 64), (99, 64), (80, 65), (95, 65), (96, 65), (81, 66), (92, 66), (93, 66), (94, 66), (82, 67), (90, 67), (91, 67), (83, 68), (87, 68), (88, 68), (89, 68), (84, 69), (85, 69), (86, 69)]
[(100, 63), (97, 64), (98, 64), (99, 64), (101, 64), (95, 65), (96, 65), (102, 65), (92, 66), (93, 66), (94, 66), (103, 66), (90, 67), (91, 67), (104, 67), (87, 68), (88, 68), (89, 68), (105, 68), (84, 69), (85, 69), (86, 69), (104, 70), (83, 71), (103, 73), (82, 74), (102, 75), (81, 76), (101, 78), (80, 79), (100, 80), (79, 81), (99, 83), (78, 84), (99, 84), (78, 85), (96, 85), (97, 85), (98, 85), (79, 86), (94, 86), (95, 86), (80, 87), (91, 87), (92, 87), (93, 87), (81, 88), (89, 88), (90, 88), (82, 89), (86, 89), (87, 89), (88, 89), (83, 90), (84, 90), (85, 90)]
[(113, 65), (114, 65), (111, 66), (112, 66), (108, 67), (109, 67), (110, 67), (105, 68), (106, 68), (107, 68), (104, 70), (103, 73), (102, 75), (101, 78), (100, 80), (99, 83), (99, 84), (100, 85), (101, 86), (112, 86), (113, 86), (114, 86), (102, 87), (110, 87), (111, 87), (103, 88), (107, 88), (108, 88), (109, 88), (104, 89), (105, 89), (106, 89)]
[(112, 86), (113, 86), (114, 86), (110, 87), (111, 87), (107, 88), (108, 88), (109, 88), (104, 89), (105, 89), (106, 89), (103, 91), (102, 94), (101, 96), (100, 99), (99, 101), (98, 104), (98, 105), (99, 106), (114, 106), (100, 107), (111, 107), (112, 107), (113, 107), (101, 108), (109, 108), (110, 108), (102, 109), (106, 109), (107, 109), (108, 109), (103, 110), (104, 110), (105, 110)]
[(58, 65), (55, 66), (56, 66), (57, 66), (59, 66), (53, 67), (54, 67), (60, 67), (50, 68), (51, 68), (52, 68), (61, 68), (48, 69), (49, 69), (62, 69), (45, 70), (46, 70), (47, 70), (63, 70), (42, 71), (43, 71), (44, 71), (62, 72), (41, 73), (61, 75), (40, 76), (60, 77), (39, 78), (59, 80), (38, 81), (58, 82), (37, 83), (57, 85), (36, 86), (57, 86), (36, 87), (54, 87), (55, 87), (56, 87), (37, 88), (52, 88), (53, 88), (38, 89), (49, 89), (50, 89), (51, 89), (39, 90), (47, 90), (48, 90), (40, 91), (44, 91), (45, 91), (46, 91), (41, 92), (42, 92), (43, 92)]
[(79, 64), (76, 65), (77, 65), (78, 65), (80, 65), (74, 66), (75, 66), (81, 66), (71, 67), (72, 67), (73, 67), (82, 67), (69, 68), (70, 68), (83, 68), (66, 69), (67, 69), (68, 69), (84, 69), (63, 70), (64, 70), (65, 70), (83, 71), (62, 72), (82, 74), (61, 75), (81, 76), (60, 77), (80, 79), (59, 80), (79, 81), (58, 82), (78, 84), (57, 85), (78, 85), (57, 86), (75, 86), (76, 86), (77, 86), (58, 87), (73, 87), (74, 87), (59, 88), (70, 88), (71, 88), (72, 88), (60, 89), (68, 89), (69, 89), (61, 90), (65, 90), (66, 90), (67, 90), (62, 91), (63, 91), (64, 91)]
[(78, 85), (75, 86), (76, 86), (77, 86), (79, 86), (73, 87), (74, 87), (80, 87), (70, 88), (71, 88), (72, 88), (81, 88), (68, 89), (69, 89), (82, 89), (65, 90), (66, 90), (67, 90), (83, 90), (62, 91), (63, 91), (64, 91), (82, 92), (61, 93), (81, 95), (60, 96), (80, 97), (59, 98), (79, 100), (58, 101), (78, 102), (57, 103), (77, 105), (56, 106), (77, 106), (56, 107), (74, 107), (75, 107), (76, 107), (57, 108), (72, 108), (73, 108), (58, 109), (69, 109), (70, 109), (71, 109), (59, 110), (67, 110), (68, 110), (60, 111), (64, 111), (65, 111), (66, 111), (61, 112), (62, 112), (63, 112)]
[(99, 84), (96, 85), (97, 85), (98, 85), (100, 85), (94, 86), (95, 86), (101, 86), (91, 87), (92, 87), (93, 87), (102, 87), (89, 88), (90, 88), (103, 88), (86, 89), (87, 89), (88, 89), (104, 89), (83, 90), (84, 90), (85, 90), (103, 91), (82, 92), (102, 94), (81, 95), (101, 96), (80, 97), (100, 99), (79, 100), (99, 101), (78, 102), (98, 104), (77, 105), (98, 105), (77, 106), (95, 106), (96, 106), (97, 106), (78, 107), (93, 107), (94, 107), (79, 108), (90, 108), (91, 108), (92, 108), (80, 109), (88, 109), (89, 109), (81, 110), (85, 110), (86, 110), (87, 110), (82, 111), (83, 111), (84, 111)]
[(98, 105), (95, 106), (96, 106), (97, 106), (99, 106), (93, 107), (94, 107), (100, 107), (90, 108), (91, 108), (92, 108), (101, 108), (88, 109), (89, 109), (102, 109), (85, 110), (86, 110), (87, 110), (103, 110), (82, 111), (83, 111), (84, 111), (102, 112), (81, 113)]
[(114, 106), (111, 107), (112, 107), (113, 107), (109, 108), (110, 108), (106, 109), (107, 109), (108, 109), (103, 110), (104, 110), (105, 110), (102, 112)]
[(57, 86), (54, 87), (55, 87), (56, 87), (58, 87), (52, 88), (53, 88), (59, 88), (49, 89), (50, 89), (51, 89), (60, 89), (47, 90), (48, 90), (61, 90), (44, 91), (45, 91), (46, 91), (62, 91), (41, 92), (42, 92), (43, 92), (61, 93), (40, 94), (60, 96), (39, 97), (59, 98), (38, 99), (58, 101), (37, 102), (57, 103), (36, 104), (56, 106), (35, 107), (56, 107), (35, 108), (53, 108), (54, 108), (55, 108), (36, 109), (51, 109), (52, 109), (37, 110), (48, 110), (49, 110), (50, 110), (38, 111), (46, 111), (47, 111), (39, 112), (43, 112), (44, 112), (45, 112), (40, 113), (41, 113), (42, 113)]
[(56, 107), (53, 108), (54, 108), (55, 108), (57, 108), (51, 109), (52, 109), (58, 109), (48, 110), (49, 110), (50, 110), (59, 110), (46, 111), (47, 111), (60, 111), (43, 112), (44, 112), (45, 112), (61, 112), (40, 113), (41, 113), (42, 113), (60, 114)]
[(77, 106), (74, 107), (75, 107), (76, 107), (78, 107), (72, 108), (73, 108), (79, 108), (69, 109), (70, 109), (71, 109), (80, 109), (67, 110), (68, 110), (81, 110), (64, 111), (65, 111), (66, 111), (82, 111), (61, 112), (62, 112), (63, 112), (81, 113), (60, 114)]
