[(112, 24), (113, 24), (114, 24), (110, 25), (111, 25), (107, 26), (108, 26), (109, 26), (104, 27), (105, 27), (106, 27), (103, 29), (102, 32), (101, 34), (100, 37), (99, 40), (98, 42), (98, 44), (99, 45), (114, 45), (100, 46), (111, 46), (112, 46), (113, 46), (101, 47), (109, 47), (110, 47), (102, 48), (106, 48), (107, 48), (108, 48), (103, 49), (104, 49), (105, 49)]
[(76, 23), (77, 23), (74, 24), (75, 24), (78, 24), (71, 25), (72, 25), (73, 25), (79, 25), (68, 26), (69, 26), (70, 26), (80, 26), (66, 27), (67, 27), (81, 27), (63, 28), (64, 28), (65, 28), (82, 28), (60, 29), (61, 29), (62, 29), (81, 30), (59, 31), (80, 33), (58, 34), (79, 35), (57, 36), (78, 38), (56, 39), (77, 41), (55, 42), (76, 43), (54, 44), (75, 45), (76, 45), (54, 46), (73, 46), (74, 46), (55, 47), (70, 47), (71, 47), (72, 47), (56, 48), (67, 48), (68, 48), (69, 48), (57, 49), (65, 49), (66, 49), (58, 50), (62, 50), (63, 50), (64, 50), (59, 51), (60, 51), (61, 51)]
[(98, 22), (99, 22), (96, 23), (97, 23), (100, 23), (93, 24), (94, 24), (95, 24), (101, 24), (90, 25), (91, 25), (92, 25), (102, 25), (88, 26), (89, 26), (103, 26), (85, 27), (86, 27), (87, 27), (104, 27), (82, 28), (83, 28), (84, 28), (103, 29), (81, 30), (102, 32), (80, 33), (101, 34), (79, 35), (100, 37), (78, 38), (99, 40), (77, 41), (98, 42), (76, 43), (97, 44), (98, 44), (76, 45), (95, 45), (96, 45), (77, 46), (92, 46), (93, 46), (94, 46), (78, 47), (89, 47), (90, 47), (91, 47), (79, 48), (87, 48), (88, 48), (80, 49), (84, 49), (85, 49), (86, 49), (81, 50), (82, 50), (83, 50)]
[(97, 44), (98, 44), (95, 45), (96, 45), (99, 45), (92, 46), (93, 46), (94, 46), (100, 46), (89, 47), (90, 47), (91, 47), (101, 47), (87, 48), (88, 48), (102, 48), (84, 49), (85, 49), (86, 49), (103, 49), (81, 50), (82, 50), (83, 50), (102, 51), (80, 52), (101, 54), (79, 55), (100, 56), (78, 57), (99, 59), (77, 60), (98, 62), (76, 63), (97, 64), (75, 65), (96, 66), (97, 66), (75, 67), (94, 67), (95, 67), (76, 68), (91, 68), (92, 68), (93, 68), (77, 69), (88, 69), (89, 69), (90, 69), (78, 70), (86, 70), (87, 70), (79, 71), (83, 71), (84, 71), (85, 71), (80, 72), (81, 72), (82, 72)]
[(114, 45), (111, 46), (112, 46), (113, 46), (109, 47), (110, 47), (106, 48), (107, 48), (108, 48), (103, 49), (104, 49), (105, 49), (102, 51), (101, 54), (100, 56), (99, 59), (98, 62), (97, 64), (97, 66), (98, 67), (113, 67), (114, 67), (99, 68), (110, 68), (111, 68), (112, 68), (100, 69), (108, 69), (109, 69), (101, 70), (105, 70), (106, 70), (107, 70), (102, 71), (103, 71), (104, 71)]
[(113, 67), (114, 67), (110, 68), (111, 68), (112, 68), (108, 69), (109, 69), (105, 70), (106, 70), (107, 70), (102, 71), (103, 71), (104, 71), (101, 73), (100, 76), (99, 78), (98, 81), (97, 84), (96, 86), (96, 88), (97, 89), (112, 89), (113, 89), (114, 89), (98, 90), (109, 90), (110, 90), (111, 90), (99, 91), (107, 91), (108, 91), (100, 92), (104, 92), (105, 92), (106, 92), (101, 93), (102, 93), (103, 93)]
[(53, 46), (54, 46), (51, 47), (52, 47), (55, 47), (48, 48), (49, 48), (50, 48), (56, 48), (45, 49), (46, 49), (47, 49), (57, 49), (43, 50), (44, 50), (58, 50), (40, 51), (41, 51), (42, 51), (59, 51), (37, 52), (38, 52), (39, 52), (58, 53), (36, 54), (57, 56), (35, 57), (56, 58), (34, 59), (55, 61), (33, 62), (54, 64), (32, 65), (53, 66), (31, 67), (52, 68), (53, 68), (31, 69), (50, 69), (51, 69), (32, 70), (47, 70), (48, 70), (49, 70), (33, 71), (44, 71), (45, 71), (46, 71), (34, 72), (42, 72), (43, 72), (35, 73), (39, 73), (40, 73), (41, 73), (36, 74), (37, 74), (38, 74)]
[(75, 45), (76, 45), (73, 46), (74, 46), (77, 46), (70, 47), (71, 47), (72, 47), (78, 47), (67, 48), (68, 48), (69, 48), (79, 48), (65, 49), (66, 49), (80, 49), (62, 50), (63, 50), (64, 50), (81, 50), (59, 51), (60, 51), (61, 51), (80, 52), (58, 53), (79, 55), (57, 56), (78, 57), (56, 58), (77, 60), (55, 61), (76, 63), (54, 64), (75, 65), (53, 66), (74, 67), (75, 67), (53, 68), (72, 68), (73, 68), (54, 69), (69, 69), (70, 69), (71, 69), (55, 70), (66, 70), (67, 70), (68, 70), (56, 71), (64, 71), (65, 71), (57, 72), (61, 72), (62, 72), (63, 72), (58, 73), (59, 73), (60, 73)]
[(74, 67), (75, 67), (72, 68), (73, 68), (76, 68), (69, 69), (70, 69), (71, 69), (77, 69), (66, 70), (67, 70), (68, 70), (78, 70), (64, 71), (65, 71), (79, 71), (61, 72), (62, 72), (63, 72), (80, 72), (58, 73), (59, 73), (60, 73), (79, 74), (57, 75), (78, 77), (56, 78), (77, 79), (55, 80), (76, 82), (54, 83), (75, 85), (53, 86), (74, 87), (52, 88), (73, 89), (74, 89), (52, 90), (71, 90), (72, 90), (53, 91), (68, 91), (69, 91), (70, 91), (54, 92), (65, 92), (66, 92), (67, 92), (55, 93), (63, 93), (64, 93), (56, 94), (60, 94), (61, 94), (62, 94), (57, 95), (58, 95), (59, 95)]
[(96, 66), (97, 66), (94, 67), (95, 67), (98, 67), (91, 68), (92, 68), (93, 68), (99, 68), (88, 69), (89, 69), (90, 69), (100, 69), (86, 70), (87, 70), (101, 70), (83, 71), (84, 71), (85, 71), (102, 71), (80, 72), (81, 72), (82, 72), (101, 73), (79, 74), (100, 76), (78, 77), (99, 78), (77, 79), (98, 81), (76, 82), (97, 84), (75, 85), (96, 86), (74, 87), (95, 88), (96, 88), (74, 89), (93, 89), (94, 89), (75, 90), (90, 90), (91, 90), (92, 90), (76, 91), (87, 91), (88, 91), (89, 91), (77, 92), (85, 92), (86, 92), (78, 93), (82, 93), (83, 93), (84, 93), (79, 94), (80, 94), (81, 94)]
[(95, 88), (96, 88), (93, 89), (94, 89), (97, 89), (90, 90), (91, 90), (92, 90), (98, 90), (87, 91), (88, 91), (89, 91), (99, 91), (85, 92), (86, 92), (100, 92), (82, 93), (83, 93), (84, 93), (101, 93), (79, 94), (80, 94), (81, 94), (100, 95), (78, 96), (99, 98), (77, 99), (98, 100), (76, 101), (97, 103), (75, 104), (96, 106), (74, 107), (95, 108), (73, 109), (94, 110), (95, 110), (73, 111), (92, 111), (93, 111), (74, 112), (89, 112), (90, 112), (91, 112), (75, 113), (86, 113), (87, 113), (88, 113), (76, 114), (84, 114), (85, 114)]
[(112, 89), (113, 89), (114, 89), (109, 90), (110, 90), (111, 90), (107, 91), (108, 91), (104, 92), (105, 92), (106, 92), (101, 93), (102, 93), (103, 93), (100, 95), (99, 98), (98, 100), (97, 103), (96, 106), (95, 108), (95, 110), (114, 110), (96, 111), (111, 111), (112, 111), (113, 111), (97, 112), (108, 112), (109, 112), (110, 112), (98, 113), (106, 113), (107, 113), (99, 114), (103, 114), (104, 114), (105, 114)]
[(52, 68), (53, 68), (50, 69), (51, 69), (54, 69), (47, 70), (48, 70), (49, 70), (55, 70), (44, 71), (45, 71), (46, 71), (56, 71), (42, 72), (43, 72), (57, 72), (39, 73), (40, 73), (41, 73), (58, 73), (36, 74), (37, 74), (38, 74), (57, 75), (35, 76), (56, 78), (34, 79), (55, 80), (33, 81), (54, 83), (32, 84), (53, 86), (31, 87), (52, 88), (30, 89), (51, 90), (52, 90), (30, 91), (49, 91), (50, 91), (31, 92), (46, 92), (47, 92), (48, 92), (32, 93), (43, 93), (44, 93), (45, 93), (33, 94), (41, 94), (42, 94), (34, 95), (38, 95), (39, 95), (40, 95), (35, 96), (36, 96), (37, 96)]
[(51, 90), (52, 90), (49, 91), (50, 91), (53, 91), (46, 92), (47, 92), (48, 92), (54, 92), (43, 93), (44, 93), (45, 93), (55, 93), (41, 94), (42, 94), (56, 94), (38, 95), (39, 95), (40, 95), (57, 95), (35, 96), (36, 96), (37, 96), (56, 97), (34, 98), (55, 100), (33, 101), (54, 102), (32, 103), (53, 105), (31, 106), (52, 108), (30, 109), (51, 110), (29, 111), (50, 112), (51, 112), (29, 113), (48, 113), (49, 113), (30, 114), (45, 114), (46, 114), (47, 114)]
[(73, 89), (74, 89), (71, 90), (72, 90), (75, 90), (68, 91), (69, 91), (70, 91), (76, 91), (65, 92), (66, 92), (67, 92), (77, 92), (63, 93), (64, 93), (78, 93), (60, 94), (61, 94), (62, 94), (79, 94), (57, 95), (58, 95), (59, 95), (78, 96), (56, 97), (77, 99), (55, 100), (76, 101), (54, 102), (75, 104), (53, 105), (74, 107), (52, 108), (73, 109), (51, 110), (72, 111), (73, 111), (51, 112), (70, 112), (71, 112), (52, 113), (67, 113), (68, 113), (69, 113), (53, 114), (64, 114), (65, 114), (66, 114)]
[(72, 111), (73, 111), (70, 112), (71, 112), (74, 112), (67, 113), (68, 113), (69, 113), (75, 113), (64, 114), (65, 114), (66, 114), (76, 114)]
[(94, 110), (95, 110), (92, 111), (93, 111), (96, 111), (89, 112), (90, 112), (91, 112), (97, 112), (86, 113), (87, 113), (88, 113), (98, 113), (84, 114), (85, 114), (99, 114)]
[(50, 112), (51, 112), (48, 113), (49, 113), (52, 113), (45, 114), (46, 114), (47, 114), (53, 114)]
