[(77, 11), (75, 12), (76, 12), (78, 12), (72, 13), (73, 13), (74, 13), (70, 14), (71, 14), (77, 14), (67, 15), (68, 15), (69, 15), (65, 16), (66, 16), (62, 17), (63, 17), (64, 17), (76, 17), (59, 18), (60, 18), (61, 18), (75, 19), (58, 20), (74, 22), (57, 23), (73, 24), (56, 25), (72, 27), (55, 28), (71, 29), (54, 30), (71, 30), (69, 31), (70, 31), (66, 32), (67, 32), (68, 32), (53, 33), (64, 33), (65, 33), (61, 34), (62, 34), (63, 34), (52, 35), (59, 35), (60, 35), (52, 36), (56, 36), (57, 36), (58, 36), (53, 37), (54, 37), (55, 37)]
[(96, 5), (94, 6), (95, 6), (97, 6), (91, 7), (92, 7), (93, 7), (89, 8), (90, 8), (96, 8), (86, 9), (87, 9), (88, 9), (84, 10), (85, 10), (81, 11), (82, 11), (83, 11), (95, 11), (78, 12), (79, 12), (80, 12), (94, 13), (77, 14), (93, 16), (76, 17), (92, 18), (75, 19), (91, 21), (74, 22), (90, 23), (73, 24), (90, 24), (88, 25), (89, 25), (85, 26), (86, 26), (87, 26), (72, 27), (83, 27), (84, 27), (80, 28), (81, 28), (82, 28), (71, 29), (78, 29), (79, 29), (71, 30), (75, 30), (76, 30), (77, 30), (72, 31), (73, 31), (74, 31)]
[(90, 24), (88, 25), (89, 25), (91, 25), (85, 26), (86, 26), (87, 26), (83, 27), (84, 27), (90, 27), (80, 28), (81, 28), (82, 28), (78, 29), (79, 29), (75, 30), (76, 30), (77, 30), (89, 30), (72, 31), (73, 31), (74, 31), (88, 32), (71, 33), (87, 35), (70, 36), (86, 37), (69, 38), (85, 40), (68, 41), (84, 42), (67, 43), (84, 43), (82, 44), (83, 44), (79, 45), (80, 45), (81, 45), (66, 46), (77, 46), (78, 46), (74, 47), (75, 47), (76, 47), (65, 48), (72, 48), (73, 48), (65, 49), (69, 49), (70, 49), (71, 49), (66, 50), (67, 50), (68, 50)]
[(109, 18), (107, 19), (108, 19), (110, 19), (104, 20), (105, 20), (106, 20), (102, 21), (103, 21), (109, 21), (99, 22), (100, 22), (101, 22), (97, 23), (98, 23), (94, 24), (95, 24), (96, 24), (108, 24), (91, 25), (92, 25), (93, 25), (107, 26), (90, 27), (106, 29), (89, 30), (105, 31), (88, 32), (104, 34), (87, 35), (103, 36), (86, 37), (103, 37), (101, 38), (102, 38), (98, 39), (99, 39), (100, 39), (85, 40), (96, 40), (97, 40), (93, 41), (94, 41), (95, 41), (84, 42), (91, 42), (92, 42), (84, 43), (88, 43), (89, 43), (90, 43), (85, 44), (86, 44), (87, 44)]
[(103, 37), (101, 38), (102, 38), (104, 38), (98, 39), (99, 39), (100, 39), (96, 40), (97, 40), (103, 40), (93, 41), (94, 41), (95, 41), (91, 42), (92, 42), (88, 43), (89, 43), (90, 43), (102, 43), (85, 44), (86, 44), (87, 44), (101, 45), (84, 46), (100, 48), (83, 49), (99, 50), (82, 51), (98, 53), (81, 54), (97, 55), (80, 56), (97, 56), (95, 57), (96, 57), (92, 58), (93, 58), (94, 58), (79, 59), (90, 59), (91, 59), (87, 60), (88, 60), (89, 60), (78, 61), (85, 61), (86, 61), (78, 62), (82, 62), (83, 62), (84, 62), (79, 63), (80, 63), (81, 63)]
[(112, 35), (113, 35), (114, 35), (110, 36), (111, 36), (107, 37), (108, 37), (109, 37), (104, 38), (105, 38), (106, 38), (103, 40), (102, 43), (101, 45), (100, 48), (99, 50), (114, 51), (111, 52), (112, 52), (113, 52), (98, 53), (109, 53), (110, 53), (106, 54), (107, 54), (108, 54), (97, 55), (104, 55), (105, 55), (97, 56), (101, 56), (102, 56), (103, 56), (98, 57), (99, 57), (100, 57)]
[(114, 51), (111, 52), (112, 52), (113, 52), (109, 53), (110, 53), (106, 54), (107, 54), (108, 54), (104, 55), (105, 55), (101, 56), (102, 56), (103, 56), (98, 57), (99, 57), (100, 57), (114, 58), (97, 59), (113, 61), (96, 62), (112, 63), (95, 64), (111, 66), (94, 67), (110, 68), (93, 69), (110, 69), (108, 70), (109, 70), (105, 71), (106, 71), (107, 71), (92, 72), (103, 72), (104, 72), (100, 73), (101, 73), (102, 73), (91, 74), (98, 74), (99, 74), (91, 75), (95, 75), (96, 75), (97, 75), (92, 76), (93, 76), (94, 76)]
[(114, 58), (113, 61), (112, 63), (111, 66), (110, 68), (110, 69), (114, 69), (111, 70), (112, 70), (113, 70)]
[(114, 69), (111, 70), (112, 70), (113, 70), (110, 72), (109, 75), (108, 77), (107, 80), (106, 82), (105, 85), (113, 86), (114, 86), (104, 87), (111, 87), (112, 87), (104, 88), (108, 88), (109, 88), (110, 88), (105, 89), (106, 89), (107, 89)]
[(39, 23), (37, 24), (38, 24), (40, 24), (34, 25), (35, 25), (36, 25), (32, 26), (33, 26), (39, 26), (29, 27), (30, 27), (31, 27), (27, 28), (28, 28), (24, 29), (25, 29), (26, 29), (38, 29), (21, 30), (22, 30), (23, 30), (37, 31), (20, 32), (36, 34), (19, 35), (35, 36), (18, 37), (34, 39), (17, 40), (33, 41), (16, 42), (33, 42), (31, 43), (32, 43), (28, 44), (29, 44), (30, 44), (15, 45), (26, 45), (27, 45), (23, 46), (24, 46), (25, 46), (14, 47), (21, 47), (22, 47), (14, 48), (18, 48), (19, 48), (20, 48), (15, 49), (16, 49), (17, 49)]
[(58, 17), (56, 18), (57, 18), (59, 18), (53, 19), (54, 19), (55, 19), (51, 20), (52, 20), (58, 20), (48, 21), (49, 21), (50, 21), (46, 22), (47, 22), (43, 23), (44, 23), (45, 23), (57, 23), (40, 24), (41, 24), (42, 24), (56, 25), (39, 26), (55, 28), (38, 29), (54, 30), (37, 31), (53, 33), (36, 34), (52, 35), (35, 36), (52, 36), (50, 37), (51, 37), (47, 38), (48, 38), (49, 38), (34, 39), (45, 39), (46, 39), (42, 40), (43, 40), (44, 40), (33, 41), (40, 41), (41, 41), (33, 42), (37, 42), (38, 42), (39, 42), (34, 43), (35, 43), (36, 43)]
[(52, 36), (50, 37), (51, 37), (53, 37), (47, 38), (48, 38), (49, 38), (45, 39), (46, 39), (52, 39), (42, 40), (43, 40), (44, 40), (40, 41), (41, 41), (37, 42), (38, 42), (39, 42), (51, 42), (34, 43), (35, 43), (36, 43), (50, 44), (33, 45), (49, 47), (32, 48), (48, 49), (31, 50), (47, 52), (30, 53), (46, 54), (29, 55), (46, 55), (44, 56), (45, 56), (41, 57), (42, 57), (43, 57), (28, 58), (39, 58), (40, 58), (36, 59), (37, 59), (38, 59), (27, 60), (34, 60), (35, 60), (27, 61), (31, 61), (32, 61), (33, 61), (28, 62), (29, 62), (30, 62)]
[(71, 30), (69, 31), (70, 31), (72, 31), (66, 32), (67, 32), (68, 32), (64, 33), (65, 33), (71, 33), (61, 34), (62, 34), (63, 34), (59, 35), (60, 35), (56, 36), (57, 36), (58, 36), (70, 36), (53, 37), (54, 37), (55, 37), (69, 38), (52, 39), (68, 41), (51, 42), (67, 43), (50, 44), (66, 46), (49, 47), (65, 48), (48, 49), (65, 49), (63, 50), (64, 50), (60, 51), (61, 51), (62, 51), (47, 52), (58, 52), (59, 52), (55, 53), (56, 53), (57, 53), (46, 54), (53, 54), (54, 54), (46, 55), (50, 55), (51, 55), (52, 55), (47, 56), (48, 56), (49, 56)]
[(65, 49), (63, 50), (64, 50), (66, 50), (60, 51), (61, 51), (62, 51), (58, 52), (59, 52), (65, 52), (55, 53), (56, 53), (57, 53), (53, 54), (54, 54), (50, 55), (51, 55), (52, 55), (64, 55), (47, 56), (48, 56), (49, 56), (63, 57), (46, 58), (62, 60), (45, 61), (61, 62), (44, 63), (60, 65), (43, 66), (59, 67), (42, 68), (59, 68), (57, 69), (58, 69), (54, 70), (55, 70), (56, 70), (41, 71), (52, 71), (53, 71), (49, 72), (50, 72), (51, 72), (40, 73), (47, 73), (48, 73), (40, 74), (44, 74), (45, 74), (46, 74), (41, 75), (42, 75), (43, 75)]
[(84, 43), (82, 44), (83, 44), (85, 44), (79, 45), (80, 45), (81, 45), (77, 46), (78, 46), (84, 46), (74, 47), (75, 47), (76, 47), (72, 48), (73, 48), (69, 49), (70, 49), (71, 49), (83, 49), (66, 50), (67, 50), (68, 50), (82, 51), (65, 52), (81, 54), (64, 55), (80, 56), (63, 57), (79, 59), (62, 60), (78, 61), (61, 62), (78, 62), (76, 63), (77, 63), (73, 64), (74, 64), (75, 64), (60, 65), (71, 65), (72, 65), (68, 66), (69, 66), (70, 66), (59, 67), (66, 67), (67, 67), (59, 68), (63, 68), (64, 68), (65, 68), (60, 69), (61, 69), (62, 69)]
[(78, 62), (76, 63), (77, 63), (79, 63), (73, 64), (74, 64), (75, 64), (71, 65), (72, 65), (78, 65), (68, 66), (69, 66), (70, 66), (66, 67), (67, 67), (63, 68), (64, 68), (65, 68), (77, 68), (60, 69), (61, 69), (62, 69), (76, 70), (59, 71), (75, 73), (58, 74), (74, 75), (57, 76), (73, 78), (56, 79), (72, 80), (55, 81), (72, 81), (70, 82), (71, 82), (67, 83), (68, 83), (69, 83), (54, 84), (65, 84), (66, 84), (62, 85), (63, 85), (64, 85), (53, 86), (60, 86), (61, 86), (53, 87), (57, 87), (58, 87), (59, 87), (54, 88), (55, 88), (56, 88)]
[(97, 56), (95, 57), (96, 57), (98, 57), (92, 58), (93, 58), (94, 58), (90, 59), (91, 59), (97, 59), (87, 60), (88, 60), (89, 60), (85, 61), (86, 61), (82, 62), (83, 62), (84, 62), (96, 62), (79, 63), (80, 63), (81, 63), (95, 64), (78, 65), (94, 67), (77, 68), (93, 69), (76, 70), (92, 72), (75, 73), (91, 74), (74, 75), (91, 75), (89, 76), (90, 76), (86, 77), (87, 77), (88, 77), (73, 78), (84, 78), (85, 78), (81, 79), (82, 79), (83, 79), (72, 80), (79, 80), (80, 80), (72, 81), (76, 81), (77, 81), (78, 81), (73, 82), (74, 82), (75, 82)]
[(91, 75), (89, 76), (90, 76), (92, 76), (86, 77), (87, 77), (88, 77), (84, 78), (85, 78), (91, 78), (81, 79), (82, 79), (83, 79), (79, 80), (80, 80), (76, 81), (77, 81), (78, 81), (90, 81), (73, 82), (74, 82), (75, 82), (89, 83), (72, 84), (88, 86), (71, 87), (87, 88), (70, 89), (86, 91), (69, 92), (85, 93), (68, 94), (85, 94), (83, 95), (84, 95), (80, 96), (81, 96), (82, 96), (67, 97), (78, 97), (79, 97), (75, 98), (76, 98), (77, 98), (66, 99), (73, 99), (74, 99), (66, 100), (70, 100), (71, 100), (72, 100), (67, 101), (68, 101), (69, 101)]
[(110, 69), (108, 70), (109, 70), (111, 70), (105, 71), (106, 71), (107, 71), (103, 72), (104, 72), (110, 72), (100, 73), (101, 73), (102, 73), (98, 74), (99, 74), (95, 75), (96, 75), (97, 75), (109, 75), (92, 76), (93, 76), (94, 76), (108, 77), (91, 78), (107, 80), (90, 81), (106, 82), (89, 83), (105, 85), (88, 86), (104, 87), (87, 88), (104, 88), (102, 89), (103, 89), (99, 90), (100, 90), (101, 90), (86, 91), (97, 91), (98, 91), (94, 92), (95, 92), (96, 92), (85, 93), (92, 93), (93, 93), (85, 94), (89, 94), (90, 94), (91, 94), (86, 95), (87, 95), (88, 95)]
[(104, 88), (102, 89), (103, 89), (105, 89), (99, 90), (100, 90), (101, 90), (97, 91), (98, 91), (104, 91), (94, 92), (95, 92), (96, 92), (92, 93), (93, 93), (89, 94), (90, 94), (91, 94), (103, 94), (86, 95), (87, 95), (88, 95), (102, 96), (85, 97), (101, 99), (84, 100), (100, 101), (83, 102), (99, 104), (82, 105), (98, 106), (81, 107), (98, 107), (96, 108), (97, 108), (93, 109), (94, 109), (95, 109), (80, 110), (91, 110), (92, 110), (88, 111), (89, 111), (90, 111), (79, 112), (86, 112), (87, 112), (79, 113), (83, 113), (84, 113), (85, 113), (80, 114), (81, 114), (82, 114)]
[(113, 86), (114, 86), (111, 87), (112, 87), (108, 88), (109, 88), (110, 88), (105, 89), (106, 89), (107, 89), (104, 91), (103, 94), (102, 96), (101, 99), (100, 101), (112, 103), (113, 103), (114, 103), (99, 104), (110, 104), (111, 104), (107, 105), (108, 105), (109, 105), (98, 106), (105, 106), (106, 106), (98, 107), (102, 107), (103, 107), (104, 107), (99, 108), (100, 108), (101, 108)]
[(112, 103), (113, 103), (114, 103), (110, 104), (111, 104), (107, 105), (108, 105), (109, 105), (105, 106), (106, 106), (102, 107), (103, 107), (104, 107), (99, 108), (100, 108), (101, 108), (98, 110), (114, 112), (97, 113), (113, 114)]
[(114, 112), (113, 114)]
[(14, 48), (12, 49), (13, 49), (15, 49), (9, 50), (10, 50), (11, 50), (7, 51), (8, 51), (14, 51), (4, 52), (5, 52), (6, 52), (2, 53), (3, 53), (0, 54), (1, 54), (13, 54), (12, 56), (11, 59), (10, 61), (9, 64), (8, 66), (8, 67), (6, 68), (7, 68), (3, 69), (4, 69), (5, 69), (1, 70), (2, 70), (0, 71)]
[(33, 42), (31, 43), (32, 43), (34, 43), (28, 44), (29, 44), (30, 44), (26, 45), (27, 45), (33, 45), (23, 46), (24, 46), (25, 46), (21, 47), (22, 47), (18, 48), (19, 48), (20, 48), (32, 48), (15, 49), (16, 49), (17, 49), (31, 50), (14, 51), (30, 53), (13, 54), (29, 55), (12, 56), (28, 58), (11, 59), (27, 60), (10, 61), (27, 61), (25, 62), (26, 62), (22, 63), (23, 63), (24, 63), (9, 64), (20, 64), (21, 64), (17, 65), (18, 65), (19, 65), (8, 66), (15, 66), (16, 66), (8, 67), (12, 67), (13, 67), (14, 67), (9, 68), (10, 68), (11, 68)]
[(27, 61), (25, 62), (26, 62), (28, 62), (22, 63), (23, 63), (24, 63), (20, 64), (21, 64), (27, 64), (17, 65), (18, 65), (19, 65), (15, 66), (16, 66), (12, 67), (13, 67), (14, 67), (26, 67), (9, 68), (10, 68), (11, 68), (25, 69), (8, 70), (24, 72), (7, 73), (23, 74), (6, 75), (22, 77), (5, 78), (21, 79), (4, 80), (21, 80), (19, 81), (20, 81), (16, 82), (17, 82), (18, 82), (3, 83), (14, 83), (15, 83), (11, 84), (12, 84), (13, 84), (2, 85), (9, 85), (10, 85), (2, 86), (6, 86), (7, 86), (8, 86), (3, 87), (4, 87), (5, 87)]
[(46, 55), (44, 56), (45, 56), (47, 56), (41, 57), (42, 57), (43, 57), (39, 58), (40, 58), (46, 58), (36, 59), (37, 59), (38, 59), (34, 60), (35, 60), (31, 61), (32, 61), (33, 61), (45, 61), (28, 62), (29, 62), (30, 62), (44, 63), (27, 64), (43, 66), (26, 67), (42, 68), (25, 69), (41, 71), (24, 72), (40, 73), (23, 74), (40, 74), (38, 75), (39, 75), (35, 76), (36, 76), (37, 76), (22, 77), (33, 77), (34, 77), (30, 78), (31, 78), (32, 78), (21, 79), (28, 79), (29, 79), (21, 80), (25, 80), (26, 80), (27, 80), (22, 81), (23, 81), (24, 81)]
[(40, 74), (38, 75), (39, 75), (41, 75), (35, 76), (36, 76), (37, 76), (33, 77), (34, 77), (40, 77), (30, 78), (31, 78), (32, 78), (28, 79), (29, 79), (25, 80), (26, 80), (27, 80), (39, 80), (22, 81), (23, 81), (24, 81), (38, 82), (21, 83), (37, 85), (20, 86), (36, 87), (19, 88), (35, 90), (18, 91), (34, 92), (17, 93), (34, 93), (32, 94), (33, 94), (29, 95), (30, 95), (31, 95), (16, 96), (27, 96), (28, 96), (24, 97), (25, 97), (26, 97), (15, 98), (22, 98), (23, 98), (15, 99), (19, 99), (20, 99), (21, 99), (16, 100), (17, 100), (18, 100)]
[(59, 68), (57, 69), (58, 69), (60, 69), (54, 70), (55, 70), (56, 70), (52, 71), (53, 71), (59, 71), (49, 72), (50, 72), (51, 72), (47, 73), (48, 73), (44, 74), (45, 74), (46, 74), (58, 74), (41, 75), (42, 75), (43, 75), (57, 76), (40, 77), (56, 79), (39, 80), (55, 81), (38, 82), (54, 84), (37, 85), (53, 86), (36, 87), (53, 87), (51, 88), (52, 88), (48, 89), (49, 89), (50, 89), (35, 90), (46, 90), (47, 90), (43, 91), (44, 91), (45, 91), (34, 92), (41, 92), (42, 92), (34, 93), (38, 93), (39, 93), (40, 93), (35, 94), (36, 94), (37, 94)]
[(53, 87), (51, 88), (52, 88), (54, 88), (48, 89), (49, 89), (50, 89), (46, 90), (47, 90), (53, 90), (43, 91), (44, 91), (45, 91), (41, 92), (42, 92), (38, 93), (39, 93), (40, 93), (52, 93), (35, 94), (36, 94), (37, 94), (51, 95), (34, 96), (50, 98), (33, 99), (49, 100), (32, 101), (48, 103), (31, 104), (47, 105), (30, 106), (47, 106), (45, 107), (46, 107), (42, 108), (43, 108), (44, 108), (29, 109), (40, 109), (41, 109), (37, 110), (38, 110), (39, 110), (28, 111), (35, 111), (36, 111), (28, 112), (32, 112), (33, 112), (34, 112), (29, 113), (30, 113), (31, 113)]
[(72, 81), (70, 82), (71, 82), (73, 82), (67, 83), (68, 83), (69, 83), (65, 84), (66, 84), (72, 84), (62, 85), (63, 85), (64, 85), (60, 86), (61, 86), (57, 87), (58, 87), (59, 87), (71, 87), (54, 88), (55, 88), (56, 88), (70, 89), (53, 90), (69, 92), (52, 93), (68, 94), (51, 95), (67, 97), (50, 98), (66, 99), (49, 100), (66, 100), (64, 101), (65, 101), (61, 102), (62, 102), (63, 102), (48, 103), (59, 103), (60, 103), (56, 104), (57, 104), (58, 104), (47, 105), (54, 105), (55, 105), (47, 106), (51, 106), (52, 106), (53, 106), (48, 107), (49, 107), (50, 107)]
[(66, 100), (64, 101), (65, 101), (67, 101), (61, 102), (62, 102), (63, 102), (59, 103), (60, 103), (66, 103), (56, 104), (57, 104), (58, 104), (54, 105), (55, 105), (51, 106), (52, 106), (53, 106), (65, 106), (48, 107), (49, 107), (50, 107), (64, 108), (47, 109), (63, 111), (46, 112), (62, 113), (45, 114)]
[(85, 94), (83, 95), (84, 95), (86, 95), (80, 96), (81, 96), (82, 96), (78, 97), (79, 97), (85, 97), (75, 98), (76, 98), (77, 98), (73, 99), (74, 99), (70, 100), (71, 100), (72, 100), (84, 100), (67, 101), (68, 101), (69, 101), (83, 102), (66, 103), (82, 105), (65, 106), (81, 107), (64, 108), (80, 110), (63, 111), (79, 112), (62, 113), (79, 113), (77, 114), (78, 114)]
[(79, 113), (77, 114), (78, 114), (80, 114)]
[(98, 107), (96, 108), (97, 108), (99, 108), (93, 109), (94, 109), (95, 109), (91, 110), (92, 110), (98, 110), (88, 111), (89, 111), (90, 111), (86, 112), (87, 112), (83, 113), (84, 113), (85, 113), (97, 113), (80, 114), (81, 114), (82, 114)]
[(8, 67), (6, 68), (7, 68), (9, 68), (3, 69), (4, 69), (5, 69), (1, 70), (2, 70), (8, 70), (0, 71), (7, 73), (6, 75), (5, 78), (4, 80), (3, 83), (2, 85), (2, 86), (0, 87), (1, 87)]
[(2, 86), (0, 87), (1, 87), (3, 87), (2, 89), (1, 92), (0, 94)]
[(21, 80), (19, 81), (20, 81), (22, 81), (16, 82), (17, 82), (18, 82), (14, 83), (15, 83), (21, 83), (11, 84), (12, 84), (13, 84), (9, 85), (10, 85), (6, 86), (7, 86), (8, 86), (20, 86), (3, 87), (4, 87), (5, 87), (19, 88), (2, 89), (18, 91), (1, 92), (17, 93), (0, 94), (16, 96), (15, 98), (15, 99), (13, 100), (14, 100), (10, 101), (11, 101), (12, 101), (8, 102), (9, 102), (5, 103), (6, 103), (7, 103), (3, 104), (4, 104), (0, 105), (1, 105), (2, 105)]
[(15, 99), (13, 100), (14, 100), (16, 100), (10, 101), (11, 101), (12, 101), (8, 102), (9, 102), (15, 102), (5, 103), (6, 103), (7, 103), (3, 104), (4, 104), (0, 105), (1, 105), (2, 105), (14, 105), (13, 107), (12, 110), (11, 112)]
[(34, 93), (32, 94), (33, 94), (35, 94), (29, 95), (30, 95), (31, 95), (27, 96), (28, 96), (34, 96), (24, 97), (25, 97), (26, 97), (22, 98), (23, 98), (19, 99), (20, 99), (21, 99), (33, 99), (16, 100), (17, 100), (18, 100), (32, 101), (15, 102), (31, 104), (14, 105), (30, 106), (13, 107), (29, 109), (12, 110), (28, 111), (11, 112), (28, 112), (26, 113), (27, 113), (23, 114), (24, 114), (25, 114)]
[(28, 112), (26, 113), (27, 113), (29, 113), (23, 114), (24, 114), (25, 114)]
[(47, 106), (45, 107), (46, 107), (48, 107), (42, 108), (43, 108), (44, 108), (40, 109), (41, 109), (47, 109), (37, 110), (38, 110), (39, 110), (35, 111), (36, 111), (32, 112), (33, 112), (34, 112), (46, 112), (29, 113), (30, 113), (31, 113), (45, 114)]
