[(114, 58), (113, 61), (112, 63), (112, 65), (113, 66), (114, 67)]
[(72, 26), (73, 26), (70, 27), (71, 27), (74, 27), (67, 28), (68, 28), (69, 28), (75, 28), (65, 29), (66, 29), (76, 29), (62, 30), (63, 30), (64, 30), (77, 30), (60, 31), (61, 31), (78, 31), (58, 32), (59, 32), (79, 32), (55, 33), (56, 33), (57, 33), (80, 33), (53, 34), (54, 34), (81, 34), (50, 35), (51, 35), (52, 35), (82, 35), (48, 36), (49, 36), (83, 36), (45, 37), (46, 37), (47, 37), (84, 37), (44, 39), (83, 39), (43, 41), (82, 41), (42, 44), (81, 44), (41, 46), (80, 46), (40, 49), (79, 49), (39, 51), (78, 51), (38, 54), (77, 54), (37, 56), (76, 56), (36, 58), (75, 58), (35, 61), (74, 61), (34, 63), (73, 63), (34, 65), (72, 65), (73, 65), (35, 66), (70, 66), (71, 66), (36, 67), (67, 67), (68, 67), (69, 67), (37, 68), (65, 68), (66, 68), (38, 69), (62, 69), (63, 69), (64, 69), (39, 70), (60, 70), (61, 70), (40, 71), (58, 71), (59, 71), (41, 72), (55, 72), (56, 72), (57, 72), (42, 73), (53, 73), (54, 73), (43, 74), (50, 74), (51, 74), (52, 74), (44, 75), (48, 75), (49, 75), (45, 76), (46, 76), (47, 76)]
[(111, 26), (112, 26), (109, 27), (110, 27), (113, 27), (106, 28), (107, 28), (108, 28), (114, 28), (104, 29), (105, 29), (101, 30), (102, 30), (103, 30), (99, 31), (100, 31), (97, 32), (98, 32), (94, 33), (95, 33), (96, 33), (92, 34), (93, 34), (89, 35), (90, 35), (91, 35), (87, 36), (88, 36), (84, 37), (85, 37), (86, 37), (83, 39), (82, 41), (81, 44), (80, 46), (79, 49), (78, 51), (77, 54), (76, 56), (75, 58), (114, 58), (74, 61), (113, 61), (73, 63), (112, 63), (73, 65), (111, 65), (112, 65), (74, 66), (109, 66), (110, 66), (75, 67), (106, 67), (107, 67), (108, 67), (76, 68), (104, 68), (105, 68), (77, 69), (101, 69), (102, 69), (103, 69), (78, 70), (99, 70), (100, 70), (79, 71), (97, 71), (98, 71), (80, 72), (94, 72), (95, 72), (96, 72), (81, 73), (92, 73), (93, 73), (82, 74), (89, 74), (90, 74), (91, 74), (83, 75), (87, 75), (88, 75), (84, 76), (85, 76), (86, 76)]
[(111, 65), (112, 65), (109, 66), (110, 66), (113, 66), (106, 67), (107, 67), (108, 67), (114, 67), (104, 68), (105, 68), (101, 69), (102, 69), (103, 69), (99, 70), (100, 70), (97, 71), (98, 71), (94, 72), (95, 72), (96, 72), (92, 73), (93, 73), (89, 74), (90, 74), (91, 74), (87, 75), (88, 75), (84, 76), (85, 76), (86, 76), (83, 78), (82, 80), (81, 83), (80, 85), (79, 88), (78, 90), (77, 93), (76, 95), (75, 97), (114, 97), (74, 100), (113, 100), (73, 102), (112, 102), (73, 104), (111, 104), (112, 104), (74, 105), (109, 105), (110, 105), (75, 106), (106, 106), (107, 106), (108, 106), (76, 107), (104, 107), (105, 107), (77, 108), (101, 108), (102, 108), (103, 108), (78, 109), (99, 109), (100, 109), (79, 110), (97, 110), (98, 110), (80, 111), (94, 111), (95, 111), (96, 111), (81, 112), (92, 112), (93, 112), (82, 113), (89, 113), (90, 113), (91, 113), (83, 114), (87, 114), (88, 114)]
[(114, 97), (113, 100), (112, 102), (112, 104), (113, 105), (114, 106)]
[(33, 65), (34, 65), (31, 66), (32, 66), (35, 66), (28, 67), (29, 67), (30, 67), (36, 67), (26, 68), (27, 68), (37, 68), (23, 69), (24, 69), (25, 69), (38, 69), (21, 70), (22, 70), (39, 70), (19, 71), (20, 71), (40, 71), (16, 72), (17, 72), (18, 72), (41, 72), (14, 73), (15, 73), (42, 73), (11, 74), (12, 74), (13, 74), (43, 74), (9, 75), (10, 75), (44, 75), (6, 76), (7, 76), (8, 76), (45, 76), (5, 78), (44, 78), (4, 80), (43, 80), (3, 83), (42, 83), (2, 85), (41, 85), (1, 88), (40, 88), (0, 90), (39, 90), (38, 93), (37, 95), (36, 97), (35, 100), (34, 102), (33, 104), (34, 104), (31, 105), (32, 105), (28, 106), (29, 106), (30, 106), (26, 107), (27, 107), (23, 108), (24, 108), (25, 108), (0, 109), (21, 109), (22, 109), (1, 110), (19, 110), (20, 110), (2, 111), (16, 111), (17, 111), (18, 111), (3, 112), (14, 112), (15, 112), (4, 113), (11, 113), (12, 113), (13, 113), (5, 114), (9, 114), (10, 114)]
[(72, 65), (73, 65), (70, 66), (71, 66), (74, 66), (67, 67), (68, 67), (69, 67), (75, 67), (65, 68), (66, 68), (76, 68), (62, 69), (63, 69), (64, 69), (77, 69), (60, 70), (61, 70), (78, 70), (58, 71), (59, 71), (79, 71), (55, 72), (56, 72), (57, 72), (80, 72), (53, 73), (54, 73), (81, 73), (50, 74), (51, 74), (52, 74), (82, 74), (48, 75), (49, 75), (83, 75), (45, 76), (46, 76), (47, 76), (84, 76), (44, 78), (83, 78), (43, 80), (82, 80), (42, 83), (81, 83), (41, 85), (80, 85), (40, 88), (79, 88), (39, 90), (78, 90), (38, 93), (77, 93), (37, 95), (76, 95), (36, 97), (75, 97), (35, 100), (74, 100), (34, 102), (73, 102), (34, 104), (72, 104), (73, 104), (35, 105), (70, 105), (71, 105), (36, 106), (67, 106), (68, 106), (69, 106), (37, 107), (65, 107), (66, 107), (38, 108), (62, 108), (63, 108), (64, 108), (39, 109), (60, 109), (61, 109), (40, 110), (58, 110), (59, 110), (41, 111), (55, 111), (56, 111), (57, 111), (42, 112), (53, 112), (54, 112), (43, 113), (50, 113), (51, 113), (52, 113), (44, 114), (48, 114), (49, 114)]
[(72, 104), (73, 104), (70, 105), (71, 105), (74, 105), (67, 106), (68, 106), (69, 106), (75, 106), (65, 107), (66, 107), (76, 107), (62, 108), (63, 108), (64, 108), (77, 108), (60, 109), (61, 109), (78, 109), (58, 110), (59, 110), (79, 110), (55, 111), (56, 111), (57, 111), (80, 111), (53, 112), (54, 112), (81, 112), (50, 113), (51, 113), (52, 113), (82, 113), (48, 114), (49, 114), (83, 114)]
[(111, 104), (112, 104), (109, 105), (110, 105), (113, 105), (106, 106), (107, 106), (108, 106), (114, 106), (104, 107), (105, 107), (101, 108), (102, 108), (103, 108), (99, 109), (100, 109), (97, 110), (98, 110), (94, 111), (95, 111), (96, 111), (92, 112), (93, 112), (89, 113), (90, 113), (91, 113), (87, 114), (88, 114)]
[(33, 104), (34, 104), (31, 105), (32, 105), (35, 105), (28, 106), (29, 106), (30, 106), (36, 106), (26, 107), (27, 107), (37, 107), (23, 108), (24, 108), (25, 108), (38, 108), (21, 109), (22, 109), (39, 109), (19, 110), (20, 110), (40, 110), (16, 111), (17, 111), (18, 111), (41, 111), (14, 112), (15, 112), (42, 112), (11, 113), (12, 113), (13, 113), (43, 113), (9, 114), (10, 114), (44, 114)]
