[(84, 12), (85, 12), (86, 12), (82, 13), (83, 13), (87, 13), (79, 14), (80, 14), (81, 14), (76, 15), (77, 15), (78, 15), (86, 15), (74, 16), (75, 16), (71, 17), (72, 17), (73, 17), (68, 18), (69, 18), (70, 18), (85, 18), (67, 20), (84, 20), (66, 23), (83, 23), (65, 25), (82, 26), (64, 28), (81, 28), (63, 31), (79, 31), (80, 31), (81, 31), (77, 32), (78, 32), (62, 33), (74, 33), (75, 33), (76, 33), (71, 34), (72, 34), (73, 34), (69, 35), (70, 35), (61, 36), (62, 36), (66, 36), (67, 36), (68, 36), (63, 37), (64, 37), (65, 37)]
[(103, 7), (104, 7), (105, 7), (101, 8), (102, 8), (106, 8), (98, 9), (99, 9), (100, 9), (95, 10), (96, 10), (97, 10), (105, 10), (93, 11), (94, 11), (90, 12), (91, 12), (92, 12), (87, 13), (88, 13), (89, 13), (104, 13), (86, 15), (103, 15), (85, 18), (102, 18), (84, 20), (101, 21), (83, 23), (100, 23), (82, 26), (98, 26), (99, 26), (100, 26), (96, 27), (97, 27), (81, 28), (93, 28), (94, 28), (95, 28), (90, 29), (91, 29), (92, 29), (88, 30), (89, 30), (80, 31), (81, 31), (85, 31), (86, 31), (87, 31), (82, 32), (83, 32), (84, 32)]
[(98, 26), (99, 26), (100, 26), (96, 27), (97, 27), (101, 27), (93, 28), (94, 28), (95, 28), (90, 29), (91, 29), (92, 29), (100, 29), (88, 30), (89, 30), (85, 31), (86, 31), (87, 31), (82, 32), (83, 32), (84, 32), (99, 32), (81, 34), (98, 34), (80, 37), (97, 37), (79, 39), (96, 40), (78, 42), (95, 42), (77, 45), (93, 45), (94, 45), (95, 45), (91, 46), (92, 46), (76, 47), (88, 47), (89, 47), (90, 47), (85, 48), (86, 48), (87, 48), (83, 49), (84, 49), (75, 50), (76, 50), (80, 50), (81, 50), (82, 50), (77, 51), (78, 51), (79, 51)]
[(112, 23), (113, 23), (114, 23), (109, 24), (110, 24), (111, 24), (107, 25), (108, 25), (104, 26), (105, 26), (106, 26), (101, 27), (102, 27), (103, 27), (100, 29), (99, 32), (98, 34), (97, 37), (114, 37), (96, 40), (112, 40), (113, 40), (114, 40), (110, 41), (111, 41), (95, 42), (107, 42), (108, 42), (109, 42), (104, 43), (105, 43), (106, 43), (102, 44), (103, 44), (94, 45), (95, 45), (99, 45), (100, 45), (101, 45), (96, 46), (97, 46), (98, 46)]
[(112, 40), (113, 40), (114, 40), (110, 41), (111, 41), (107, 42), (108, 42), (109, 42), (104, 43), (105, 43), (106, 43), (114, 43), (102, 44), (103, 44), (99, 45), (100, 45), (101, 45), (96, 46), (97, 46), (98, 46), (113, 46), (95, 48), (112, 48), (94, 51), (111, 51), (93, 53), (110, 54), (92, 56), (109, 56), (91, 59), (107, 59), (108, 59), (109, 59), (105, 60), (106, 60), (90, 61), (102, 61), (103, 61), (104, 61), (99, 62), (100, 62), (101, 62), (97, 63), (98, 63), (89, 64), (90, 64), (94, 64), (95, 64), (96, 64), (91, 65), (92, 65), (93, 65)]
[(114, 43), (113, 46), (112, 48), (111, 51), (110, 54), (109, 56), (108, 59), (109, 59), (113, 59), (114, 59), (110, 60), (111, 60), (112, 60)]
[(113, 59), (114, 59), (110, 60), (111, 60), (112, 60), (109, 62), (108, 65), (107, 67), (106, 70), (105, 73), (104, 75), (113, 76), (114, 76), (111, 77), (112, 77), (103, 78), (104, 78), (108, 78), (109, 78), (110, 78), (105, 79), (106, 79), (107, 79)]
[(46, 22), (47, 22), (48, 22), (44, 23), (45, 23), (49, 23), (41, 24), (42, 24), (43, 24), (38, 25), (39, 25), (40, 25), (48, 25), (36, 26), (37, 26), (33, 27), (34, 27), (35, 27), (30, 28), (31, 28), (32, 28), (47, 28), (29, 30), (46, 30), (28, 33), (45, 33), (27, 35), (44, 36), (26, 38), (43, 38), (25, 41), (41, 41), (42, 41), (43, 41), (39, 42), (40, 42), (24, 43), (36, 43), (37, 43), (38, 43), (33, 44), (34, 44), (35, 44), (31, 45), (32, 45), (23, 46), (24, 46), (28, 46), (29, 46), (30, 46), (25, 47), (26, 47), (27, 47)]
[(65, 17), (66, 17), (67, 17), (63, 18), (64, 18), (68, 18), (60, 19), (61, 19), (62, 19), (57, 20), (58, 20), (59, 20), (67, 20), (55, 21), (56, 21), (52, 22), (53, 22), (54, 22), (49, 23), (50, 23), (51, 23), (66, 23), (48, 25), (65, 25), (47, 28), (64, 28), (46, 30), (63, 31), (45, 33), (62, 33), (44, 36), (60, 36), (61, 36), (62, 36), (58, 37), (59, 37), (43, 38), (55, 38), (56, 38), (57, 38), (52, 39), (53, 39), (54, 39), (50, 40), (51, 40), (42, 41), (43, 41), (47, 41), (48, 41), (49, 41), (44, 42), (45, 42), (46, 42)]
[(60, 36), (61, 36), (62, 36), (58, 37), (59, 37), (63, 37), (55, 38), (56, 38), (57, 38), (52, 39), (53, 39), (54, 39), (62, 39), (50, 40), (51, 40), (47, 41), (48, 41), (49, 41), (44, 42), (45, 42), (46, 42), (61, 42), (43, 44), (60, 44), (42, 47), (59, 47), (41, 49), (58, 50), (40, 52), (57, 52), (39, 55), (55, 55), (56, 55), (57, 55), (53, 56), (54, 56), (38, 57), (50, 57), (51, 57), (52, 57), (47, 58), (48, 58), (49, 58), (45, 59), (46, 59), (37, 60), (38, 60), (42, 60), (43, 60), (44, 60), (39, 61), (40, 61), (41, 61)]
[(79, 31), (80, 31), (81, 31), (77, 32), (78, 32), (82, 32), (74, 33), (75, 33), (76, 33), (71, 34), (72, 34), (73, 34), (81, 34), (69, 35), (70, 35), (66, 36), (67, 36), (68, 36), (63, 37), (64, 37), (65, 37), (80, 37), (62, 39), (79, 39), (61, 42), (78, 42), (60, 44), (77, 45), (59, 47), (76, 47), (58, 50), (74, 50), (75, 50), (76, 50), (72, 51), (73, 51), (57, 52), (69, 52), (70, 52), (71, 52), (66, 53), (67, 53), (68, 53), (64, 54), (65, 54), (56, 55), (57, 55), (61, 55), (62, 55), (63, 55), (58, 56), (59, 56), (60, 56)]
[(74, 50), (75, 50), (76, 50), (72, 51), (73, 51), (77, 51), (69, 52), (70, 52), (71, 52), (66, 53), (67, 53), (68, 53), (76, 53), (64, 54), (65, 54), (61, 55), (62, 55), (63, 55), (58, 56), (59, 56), (60, 56), (75, 56), (57, 58), (74, 58), (56, 61), (73, 61), (55, 63), (72, 64), (54, 66), (71, 66), (53, 69), (69, 69), (70, 69), (71, 69), (67, 70), (68, 70), (52, 71), (64, 71), (65, 71), (66, 71), (61, 72), (62, 72), (63, 72), (59, 73), (60, 73), (51, 74), (52, 74), (56, 74), (57, 74), (58, 74), (53, 75), (54, 75), (55, 75)]
[(93, 45), (94, 45), (95, 45), (91, 46), (92, 46), (96, 46), (88, 47), (89, 47), (90, 47), (85, 48), (86, 48), (87, 48), (95, 48), (83, 49), (84, 49), (80, 50), (81, 50), (82, 50), (77, 51), (78, 51), (79, 51), (94, 51), (76, 53), (93, 53), (75, 56), (92, 56), (74, 58), (91, 59), (73, 61), (90, 61), (72, 64), (88, 64), (89, 64), (90, 64), (86, 65), (87, 65), (71, 66), (83, 66), (84, 66), (85, 66), (80, 67), (81, 67), (82, 67), (78, 68), (79, 68), (70, 69), (71, 69), (75, 69), (76, 69), (77, 69), (72, 70), (73, 70), (74, 70)]
[(88, 64), (89, 64), (90, 64), (86, 65), (87, 65), (91, 65), (83, 66), (84, 66), (85, 66), (80, 67), (81, 67), (82, 67), (90, 67), (78, 68), (79, 68), (75, 69), (76, 69), (77, 69), (72, 70), (73, 70), (74, 70), (89, 70), (71, 72), (88, 72), (70, 75), (87, 75), (69, 77), (86, 78), (68, 80), (85, 80), (67, 83), (83, 83), (84, 83), (85, 83), (81, 84), (82, 84), (66, 85), (78, 85), (79, 85), (80, 85), (75, 86), (76, 86), (77, 86), (73, 87), (74, 87), (65, 88), (66, 88), (70, 88), (71, 88), (72, 88), (67, 89), (68, 89), (69, 89)]
[(107, 59), (108, 59), (109, 59), (105, 60), (106, 60), (110, 60), (102, 61), (103, 61), (104, 61), (99, 62), (100, 62), (101, 62), (109, 62), (97, 63), (98, 63), (94, 64), (95, 64), (96, 64), (91, 65), (92, 65), (93, 65), (108, 65), (90, 67), (107, 67), (89, 70), (106, 70), (88, 72), (105, 73), (87, 75), (104, 75), (86, 78), (102, 78), (103, 78), (104, 78), (100, 79), (101, 79), (85, 80), (97, 80), (98, 80), (99, 80), (94, 81), (95, 81), (96, 81), (92, 82), (93, 82), (84, 83), (85, 83), (89, 83), (90, 83), (91, 83), (86, 84), (87, 84), (88, 84)]
[(102, 78), (103, 78), (104, 78), (100, 79), (101, 79), (105, 79), (97, 80), (98, 80), (99, 80), (94, 81), (95, 81), (96, 81), (104, 81), (92, 82), (93, 82), (89, 83), (90, 83), (91, 83), (86, 84), (87, 84), (88, 84), (103, 84), (85, 86), (102, 86), (84, 89), (101, 89), (83, 91), (100, 92), (82, 94), (99, 94), (81, 97), (97, 97), (98, 97), (99, 97), (95, 98), (96, 98), (80, 99), (92, 99), (93, 99), (94, 99), (89, 100), (90, 100), (91, 100), (87, 101), (88, 101), (79, 102), (80, 102), (84, 102), (85, 102), (86, 102), (81, 103), (82, 103), (83, 103)]
[(113, 76), (114, 76), (111, 77), (112, 77), (108, 78), (109, 78), (110, 78), (105, 79), (106, 79), (107, 79), (104, 81), (103, 84), (102, 86), (101, 89), (100, 92), (114, 93), (99, 94), (111, 94), (112, 94), (113, 94), (108, 95), (109, 95), (110, 95), (106, 96), (107, 96), (98, 97), (99, 97), (103, 97), (104, 97), (105, 97), (100, 98), (101, 98), (102, 98)]
[(114, 93), (111, 94), (112, 94), (113, 94), (108, 95), (109, 95), (110, 95), (106, 96), (107, 96), (103, 97), (104, 97), (105, 97), (100, 98), (101, 98), (102, 98), (99, 100), (98, 103), (97, 105), (114, 106), (96, 108), (113, 108), (95, 111), (111, 111), (112, 111), (113, 111), (109, 112), (110, 112), (94, 113), (106, 113), (107, 113), (108, 113), (103, 114), (104, 114), (105, 114)]
[(114, 106), (113, 108), (112, 111), (113, 111), (114, 112)]
[(22, 46), (23, 46), (24, 46), (20, 47), (21, 47), (25, 47), (17, 48), (18, 48), (19, 48), (14, 49), (15, 49), (16, 49), (24, 49), (12, 50), (13, 50), (9, 51), (10, 51), (11, 51), (6, 52), (7, 52), (8, 52), (23, 52), (5, 54), (22, 54), (4, 57), (21, 57), (3, 59), (20, 60), (2, 62), (19, 62), (1, 65), (17, 65), (18, 65), (19, 65), (15, 66), (16, 66), (0, 67), (12, 67), (13, 67), (14, 67), (9, 68), (10, 68), (11, 68), (7, 69), (8, 69), (0, 70), (4, 70), (5, 70), (6, 70), (1, 71), (2, 71), (3, 71)]
[(41, 41), (42, 41), (43, 41), (39, 42), (40, 42), (44, 42), (36, 43), (37, 43), (38, 43), (33, 44), (34, 44), (35, 44), (43, 44), (31, 45), (32, 45), (28, 46), (29, 46), (30, 46), (25, 47), (26, 47), (27, 47), (42, 47), (24, 49), (41, 49), (23, 52), (40, 52), (22, 54), (39, 55), (21, 57), (38, 57), (20, 60), (36, 60), (37, 60), (38, 60), (34, 61), (35, 61), (19, 62), (31, 62), (32, 62), (33, 62), (28, 63), (29, 63), (30, 63), (26, 64), (27, 64), (18, 65), (19, 65), (23, 65), (24, 65), (25, 65), (20, 66), (21, 66), (22, 66)]
[(36, 60), (37, 60), (38, 60), (34, 61), (35, 61), (39, 61), (31, 62), (32, 62), (33, 62), (28, 63), (29, 63), (30, 63), (38, 63), (26, 64), (27, 64), (23, 65), (24, 65), (25, 65), (20, 66), (21, 66), (22, 66), (37, 66), (19, 68), (36, 68), (18, 71), (35, 71), (17, 73), (34, 74), (16, 76), (33, 76), (15, 79), (31, 79), (32, 79), (33, 79), (29, 80), (30, 80), (14, 81), (26, 81), (27, 81), (28, 81), (23, 82), (24, 82), (25, 82), (21, 83), (22, 83), (13, 84), (14, 84), (18, 84), (19, 84), (20, 84), (15, 85), (16, 85), (17, 85)]
[(55, 55), (56, 55), (57, 55), (53, 56), (54, 56), (58, 56), (50, 57), (51, 57), (52, 57), (47, 58), (48, 58), (49, 58), (57, 58), (45, 59), (46, 59), (42, 60), (43, 60), (44, 60), (39, 61), (40, 61), (41, 61), (56, 61), (38, 63), (55, 63), (37, 66), (54, 66), (36, 68), (53, 69), (35, 71), (52, 71), (34, 74), (50, 74), (51, 74), (52, 74), (48, 75), (49, 75), (33, 76), (45, 76), (46, 76), (47, 76), (42, 77), (43, 77), (44, 77), (40, 78), (41, 78), (32, 79), (33, 79), (37, 79), (38, 79), (39, 79), (34, 80), (35, 80), (36, 80)]
[(50, 74), (51, 74), (52, 74), (48, 75), (49, 75), (53, 75), (45, 76), (46, 76), (47, 76), (42, 77), (43, 77), (44, 77), (52, 77), (40, 78), (41, 78), (37, 79), (38, 79), (39, 79), (34, 80), (35, 80), (36, 80), (51, 80), (33, 82), (50, 82), (32, 85), (49, 85), (31, 87), (48, 88), (30, 90), (47, 90), (29, 93), (45, 93), (46, 93), (47, 93), (43, 94), (44, 94), (28, 95), (40, 95), (41, 95), (42, 95), (37, 96), (38, 96), (39, 96), (35, 97), (36, 97), (27, 98), (28, 98), (32, 98), (33, 98), (34, 98), (29, 99), (30, 99), (31, 99)]
[(69, 69), (70, 69), (71, 69), (67, 70), (68, 70), (72, 70), (64, 71), (65, 71), (66, 71), (61, 72), (62, 72), (63, 72), (71, 72), (59, 73), (60, 73), (56, 74), (57, 74), (58, 74), (53, 75), (54, 75), (55, 75), (70, 75), (52, 77), (69, 77), (51, 80), (68, 80), (50, 82), (67, 83), (49, 85), (66, 85), (48, 88), (64, 88), (65, 88), (66, 88), (62, 89), (63, 89), (47, 90), (59, 90), (60, 90), (61, 90), (56, 91), (57, 91), (58, 91), (54, 92), (55, 92), (46, 93), (47, 93), (51, 93), (52, 93), (53, 93), (48, 94), (49, 94), (50, 94)]
[(64, 88), (65, 88), (66, 88), (62, 89), (63, 89), (67, 89), (59, 90), (60, 90), (61, 90), (56, 91), (57, 91), (58, 91), (66, 91), (54, 92), (55, 92), (51, 93), (52, 93), (53, 93), (48, 94), (49, 94), (50, 94), (65, 94), (47, 96), (64, 96), (46, 99), (63, 99), (45, 101), (62, 102), (44, 104), (61, 104), (43, 107), (59, 107), (60, 107), (61, 107), (57, 108), (58, 108), (42, 109), (54, 109), (55, 109), (56, 109), (51, 110), (52, 110), (53, 110), (49, 111), (50, 111), (41, 112), (42, 112), (46, 112), (47, 112), (48, 112), (43, 113), (44, 113), (45, 113)]
[(83, 83), (84, 83), (85, 83), (81, 84), (82, 84), (86, 84), (78, 85), (79, 85), (80, 85), (75, 86), (76, 86), (77, 86), (85, 86), (73, 87), (74, 87), (70, 88), (71, 88), (72, 88), (67, 89), (68, 89), (69, 89), (84, 89), (66, 91), (83, 91), (65, 94), (82, 94), (64, 96), (81, 97), (63, 99), (80, 99), (62, 102), (78, 102), (79, 102), (80, 102), (76, 103), (77, 103), (61, 104), (73, 104), (74, 104), (75, 104), (70, 105), (71, 105), (72, 105), (68, 106), (69, 106), (60, 107), (61, 107), (65, 107), (66, 107), (67, 107), (62, 108), (63, 108), (64, 108)]
[(78, 102), (79, 102), (80, 102), (76, 103), (77, 103), (81, 103), (73, 104), (74, 104), (75, 104), (70, 105), (71, 105), (72, 105), (80, 105), (68, 106), (69, 106), (65, 107), (66, 107), (67, 107), (62, 108), (63, 108), (64, 108), (79, 108), (61, 110), (78, 110), (60, 113), (77, 113)]
[(97, 97), (98, 97), (99, 97), (95, 98), (96, 98), (100, 98), (92, 99), (93, 99), (94, 99), (89, 100), (90, 100), (91, 100), (99, 100), (87, 101), (88, 101), (84, 102), (85, 102), (86, 102), (81, 103), (82, 103), (83, 103), (98, 103), (80, 105), (97, 105), (79, 108), (96, 108), (78, 110), (95, 111), (77, 113), (94, 113)]
[(111, 111), (112, 111), (113, 111), (109, 112), (110, 112), (114, 112), (106, 113), (107, 113), (108, 113), (103, 114), (104, 114), (105, 114), (113, 114)]
[(17, 65), (18, 65), (19, 65), (15, 66), (16, 66), (20, 66), (12, 67), (13, 67), (14, 67), (9, 68), (10, 68), (11, 68), (19, 68), (7, 69), (8, 69), (4, 70), (5, 70), (6, 70), (1, 71), (2, 71), (3, 71), (18, 71), (0, 73), (17, 73), (16, 76), (15, 79), (14, 81), (12, 84), (13, 84), (14, 84), (10, 85), (11, 85), (7, 86), (8, 86), (9, 86), (4, 87), (5, 87), (6, 87), (2, 88), (3, 88), (0, 89), (1, 89)]
[(12, 84), (13, 84), (14, 84), (10, 85), (11, 85), (15, 85), (7, 86), (8, 86), (9, 86), (4, 87), (5, 87), (6, 87), (14, 87), (2, 88), (3, 88), (0, 89), (1, 89), (13, 90), (12, 92), (11, 95), (10, 98), (9, 100), (7, 103), (8, 103), (9, 103), (5, 104), (6, 104), (2, 105), (3, 105), (4, 105), (0, 106), (1, 106)]
[(31, 79), (32, 79), (33, 79), (29, 80), (30, 80), (34, 80), (26, 81), (27, 81), (28, 81), (23, 82), (24, 82), (25, 82), (33, 82), (21, 83), (22, 83), (18, 84), (19, 84), (20, 84), (15, 85), (16, 85), (17, 85), (32, 85), (14, 87), (31, 87), (13, 90), (30, 90), (12, 92), (29, 93), (11, 95), (28, 95), (10, 98), (26, 98), (27, 98), (28, 98), (24, 99), (25, 99), (9, 100), (21, 100), (22, 100), (23, 100), (18, 101), (19, 101), (20, 101), (16, 102), (17, 102), (8, 103), (9, 103), (13, 103), (14, 103), (15, 103), (10, 104), (11, 104), (12, 104)]
[(26, 98), (27, 98), (28, 98), (24, 99), (25, 99), (29, 99), (21, 100), (22, 100), (23, 100), (18, 101), (19, 101), (20, 101), (28, 101), (16, 102), (17, 102), (13, 103), (14, 103), (15, 103), (10, 104), (11, 104), (12, 104), (27, 104), (9, 106), (26, 106), (8, 109), (25, 109), (7, 111), (24, 112), (6, 114), (23, 114)]
[(45, 93), (46, 93), (47, 93), (43, 94), (44, 94), (48, 94), (40, 95), (41, 95), (42, 95), (37, 96), (38, 96), (39, 96), (47, 96), (35, 97), (36, 97), (32, 98), (33, 98), (34, 98), (29, 99), (30, 99), (31, 99), (46, 99), (28, 101), (45, 101), (27, 104), (44, 104), (26, 106), (43, 107), (25, 109), (42, 109), (24, 112), (40, 112), (41, 112), (42, 112), (38, 113), (39, 113), (23, 114), (35, 114), (36, 114), (37, 114)]
[(40, 112), (41, 112), (42, 112), (38, 113), (39, 113), (43, 113), (35, 114), (36, 114), (37, 114)]
[(59, 107), (60, 107), (61, 107), (57, 108), (58, 108), (62, 108), (54, 109), (55, 109), (56, 109), (51, 110), (52, 110), (53, 110), (61, 110), (49, 111), (50, 111), (46, 112), (47, 112), (48, 112), (43, 113), (44, 113), (45, 113), (60, 113)]
[(7, 103), (8, 103), (9, 103), (5, 104), (6, 104), (10, 104), (2, 105), (3, 105), (4, 105), (0, 106), (1, 106), (9, 106), (8, 109), (7, 111), (6, 114)]
