[(79, 41), (80, 41), (81, 41), (75, 42), (76, 42), (77, 42), (78, 42), (82, 42), (72, 43), (73, 43), (74, 43), (83, 43), (68, 44), (69, 44), (70, 44), (71, 44), (84, 44), (64, 45), (65, 45), (66, 45), (67, 45), (83, 47), (63, 48), (82, 51), (62, 52), (81, 54), (61, 55), (80, 58), (60, 59), (78, 61), (79, 61), (80, 61), (60, 62), (74, 62), (75, 62), (76, 62), (77, 62), (61, 63), (71, 63), (72, 63), (73, 63), (62, 64), (67, 64), (68, 64), (69, 64), (70, 64), (63, 65), (64, 65), (65, 65), (66, 65)]
[(99, 40), (100, 40), (101, 40), (95, 41), (96, 41), (97, 41), (98, 41), (102, 41), (92, 42), (93, 42), (94, 42), (103, 42), (88, 43), (89, 43), (90, 43), (91, 43), (104, 43), (84, 44), (85, 44), (86, 44), (87, 44), (103, 46), (83, 47), (102, 50), (82, 51), (101, 53), (81, 54), (100, 57), (80, 58), (98, 60), (99, 60), (100, 60), (80, 61), (94, 61), (95, 61), (96, 61), (97, 61), (81, 62), (91, 62), (92, 62), (93, 62), (82, 63), (87, 63), (88, 63), (89, 63), (90, 63), (83, 64), (84, 64), (85, 64), (86, 64)]
[(98, 60), (99, 60), (100, 60), (94, 61), (95, 61), (96, 61), (97, 61), (101, 61), (91, 62), (92, 62), (93, 62), (102, 62), (87, 63), (88, 63), (89, 63), (90, 63), (103, 63), (83, 64), (84, 64), (85, 64), (86, 64), (102, 66), (82, 67), (101, 70), (81, 71), (100, 73), (80, 74), (99, 77), (79, 78), (97, 80), (98, 80), (99, 80), (79, 81), (93, 81), (94, 81), (95, 81), (96, 81), (80, 82), (90, 82), (91, 82), (92, 82), (81, 83), (86, 83), (87, 83), (88, 83), (89, 83), (82, 84), (83, 84), (84, 84), (85, 84)]
[(114, 60), (111, 61), (112, 61), (113, 61), (107, 62), (108, 62), (109, 62), (110, 62), (103, 63), (104, 63), (105, 63), (106, 63), (102, 66), (101, 70), (100, 73), (99, 77), (99, 80), (113, 80), (114, 80), (100, 81), (110, 81), (111, 81), (112, 81), (101, 82), (106, 82), (107, 82), (108, 82), (109, 82), (102, 83), (103, 83), (104, 83), (105, 83)]
[(113, 80), (114, 80), (110, 81), (111, 81), (112, 81), (106, 82), (107, 82), (108, 82), (109, 82), (102, 83), (103, 83), (104, 83), (105, 83), (101, 86), (100, 90), (99, 93), (98, 97), (98, 100), (112, 100), (113, 100), (114, 100), (99, 101), (109, 101), (110, 101), (111, 101), (100, 102), (105, 102), (106, 102), (107, 102), (108, 102), (101, 103), (102, 103), (103, 103), (104, 103)]
[(39, 43), (40, 43), (41, 43), (35, 44), (36, 44), (37, 44), (38, 44), (42, 44), (32, 45), (33, 45), (34, 45), (43, 45), (28, 46), (29, 46), (30, 46), (31, 46), (44, 46), (24, 47), (25, 47), (26, 47), (27, 47), (43, 49), (23, 50), (42, 53), (22, 54), (41, 56), (21, 57), (40, 60), (20, 61), (38, 63), (39, 63), (40, 63), (20, 64), (34, 64), (35, 64), (36, 64), (37, 64), (21, 65), (31, 65), (32, 65), (33, 65), (22, 66), (27, 66), (28, 66), (29, 66), (30, 66), (23, 67), (24, 67), (25, 67), (26, 67)]
[(59, 42), (60, 42), (61, 42), (55, 43), (56, 43), (57, 43), (58, 43), (62, 43), (52, 44), (53, 44), (54, 44), (63, 44), (48, 45), (49, 45), (50, 45), (51, 45), (64, 45), (44, 46), (45, 46), (46, 46), (47, 46), (63, 48), (43, 49), (62, 52), (42, 53), (61, 55), (41, 56), (60, 59), (40, 60), (58, 62), (59, 62), (60, 62), (40, 63), (54, 63), (55, 63), (56, 63), (57, 63), (41, 64), (51, 64), (52, 64), (53, 64), (42, 65), (47, 65), (48, 65), (49, 65), (50, 65), (43, 66), (44, 66), (45, 66), (46, 66)]
[(58, 62), (59, 62), (60, 62), (54, 63), (55, 63), (56, 63), (57, 63), (61, 63), (51, 64), (52, 64), (53, 64), (62, 64), (47, 65), (48, 65), (49, 65), (50, 65), (63, 65), (43, 66), (44, 66), (45, 66), (46, 66), (62, 68), (42, 69), (61, 72), (41, 73), (60, 75), (40, 76), (59, 79), (39, 80), (57, 82), (58, 82), (59, 82), (39, 83), (53, 83), (54, 83), (55, 83), (56, 83), (40, 84), (50, 84), (51, 84), (52, 84), (41, 85), (46, 85), (47, 85), (48, 85), (49, 85), (42, 86), (43, 86), (44, 86), (45, 86)]
[(78, 61), (79, 61), (80, 61), (74, 62), (75, 62), (76, 62), (77, 62), (81, 62), (71, 63), (72, 63), (73, 63), (82, 63), (67, 64), (68, 64), (69, 64), (70, 64), (83, 64), (63, 65), (64, 65), (65, 65), (66, 65), (82, 67), (62, 68), (81, 71), (61, 72), (80, 74), (60, 75), (79, 78), (59, 79), (77, 81), (78, 81), (79, 81), (59, 82), (73, 82), (74, 82), (75, 82), (76, 82), (60, 83), (70, 83), (71, 83), (72, 83), (61, 84), (66, 84), (67, 84), (68, 84), (69, 84), (62, 85), (63, 85), (64, 85), (65, 85)]
[(77, 81), (78, 81), (79, 81), (73, 82), (74, 82), (75, 82), (76, 82), (80, 82), (70, 83), (71, 83), (72, 83), (81, 83), (66, 84), (67, 84), (68, 84), (69, 84), (82, 84), (62, 85), (63, 85), (64, 85), (65, 85), (81, 87), (61, 88), (80, 91), (60, 92), (79, 94), (59, 95), (78, 98), (58, 99), (76, 101), (77, 101), (78, 101), (58, 102), (72, 102), (73, 102), (74, 102), (75, 102), (59, 103), (69, 103), (70, 103), (71, 103), (60, 104), (65, 104), (66, 104), (67, 104), (68, 104), (61, 105), (62, 105), (63, 105), (64, 105)]
[(97, 80), (98, 80), (99, 80), (93, 81), (94, 81), (95, 81), (96, 81), (100, 81), (90, 82), (91, 82), (92, 82), (101, 82), (86, 83), (87, 83), (88, 83), (89, 83), (102, 83), (82, 84), (83, 84), (84, 84), (85, 84), (101, 86), (81, 87), (100, 90), (80, 91), (99, 93), (79, 94), (98, 97), (78, 98), (96, 100), (97, 100), (98, 100), (78, 101), (92, 101), (93, 101), (94, 101), (95, 101), (79, 102), (89, 102), (90, 102), (91, 102), (80, 103), (85, 103), (86, 103), (87, 103), (88, 103), (81, 104), (82, 104), (83, 104), (84, 104)]
[(96, 100), (97, 100), (98, 100), (92, 101), (93, 101), (94, 101), (95, 101), (99, 101), (89, 102), (90, 102), (91, 102), (100, 102), (85, 103), (86, 103), (87, 103), (88, 103), (101, 103), (81, 104), (82, 104), (83, 104), (84, 104), (100, 106), (80, 107), (99, 110), (79, 111), (98, 113), (78, 114)]
[(112, 100), (113, 100), (114, 100), (109, 101), (110, 101), (111, 101), (105, 102), (106, 102), (107, 102), (108, 102), (101, 103), (102, 103), (103, 103), (104, 103), (100, 106), (99, 110), (98, 113)]
[(18, 64), (19, 64), (20, 64), (14, 65), (15, 65), (16, 65), (17, 65), (21, 65), (11, 66), (12, 66), (13, 66), (22, 66), (7, 67), (8, 67), (9, 67), (10, 67), (23, 67), (3, 68), (4, 68), (5, 68), (6, 68), (22, 70), (2, 71), (21, 74), (1, 75), (20, 77), (0, 78), (19, 81), (17, 84), (18, 84), (19, 84), (13, 85), (14, 85), (15, 85), (16, 85), (0, 86), (10, 86), (11, 86), (12, 86), (1, 87), (6, 87), (7, 87), (8, 87), (9, 87), (2, 88), (3, 88), (4, 88), (5, 88)]
[(38, 63), (39, 63), (40, 63), (34, 64), (35, 64), (36, 64), (37, 64), (41, 64), (31, 65), (32, 65), (33, 65), (42, 65), (27, 66), (28, 66), (29, 66), (30, 66), (43, 66), (23, 67), (24, 67), (25, 67), (26, 67), (42, 69), (22, 70), (41, 73), (21, 74), (40, 76), (20, 77), (39, 80), (19, 81), (37, 83), (38, 83), (39, 83), (19, 84), (33, 84), (34, 84), (35, 84), (36, 84), (20, 85), (30, 85), (31, 85), (32, 85), (21, 86), (26, 86), (27, 86), (28, 86), (29, 86), (22, 87), (23, 87), (24, 87), (25, 87)]
[(37, 83), (38, 83), (39, 83), (33, 84), (34, 84), (35, 84), (36, 84), (40, 84), (30, 85), (31, 85), (32, 85), (41, 85), (26, 86), (27, 86), (28, 86), (29, 86), (42, 86), (22, 87), (23, 87), (24, 87), (25, 87), (41, 89), (21, 90), (40, 93), (20, 94), (39, 96), (19, 97), (38, 100), (18, 101), (36, 103), (37, 103), (38, 103), (18, 104), (32, 104), (33, 104), (34, 104), (35, 104), (19, 105), (29, 105), (30, 105), (31, 105), (20, 106), (25, 106), (26, 106), (27, 106), (28, 106), (21, 107), (22, 107), (23, 107), (24, 107)]
[(57, 82), (58, 82), (59, 82), (53, 83), (54, 83), (55, 83), (56, 83), (60, 83), (50, 84), (51, 84), (52, 84), (61, 84), (46, 85), (47, 85), (48, 85), (49, 85), (62, 85), (42, 86), (43, 86), (44, 86), (45, 86), (61, 88), (41, 89), (60, 92), (40, 93), (59, 95), (39, 96), (58, 99), (38, 100), (56, 102), (57, 102), (58, 102), (38, 103), (52, 103), (53, 103), (54, 103), (55, 103), (39, 104), (49, 104), (50, 104), (51, 104), (40, 105), (45, 105), (46, 105), (47, 105), (48, 105), (41, 106), (42, 106), (43, 106), (44, 106)]
[(56, 102), (57, 102), (58, 102), (52, 103), (53, 103), (54, 103), (55, 103), (59, 103), (49, 104), (50, 104), (51, 104), (60, 104), (45, 105), (46, 105), (47, 105), (48, 105), (61, 105), (41, 106), (42, 106), (43, 106), (44, 106), (60, 108), (40, 109), (59, 112), (39, 113)]
[(76, 101), (77, 101), (78, 101), (72, 102), (73, 102), (74, 102), (75, 102), (79, 102), (69, 103), (70, 103), (71, 103), (80, 103), (65, 104), (66, 104), (67, 104), (68, 104), (81, 104), (61, 105), (62, 105), (63, 105), (64, 105), (80, 107), (60, 108), (79, 111), (59, 112), (78, 114)]
[(17, 84), (18, 84), (19, 84), (13, 85), (14, 85), (15, 85), (16, 85), (20, 85), (10, 86), (11, 86), (12, 86), (21, 86), (6, 87), (7, 87), (8, 87), (9, 87), (22, 87), (2, 88), (3, 88), (4, 88), (5, 88), (21, 90), (1, 91), (20, 94), (0, 95), (19, 97), (18, 101), (16, 104), (17, 104), (18, 104), (12, 105), (13, 105), (14, 105), (15, 105), (9, 106), (10, 106), (11, 106), (0, 107), (5, 107), (6, 107), (7, 107), (8, 107), (1, 108), (2, 108), (3, 108), (4, 108)]
[(16, 104), (17, 104), (18, 104), (12, 105), (13, 105), (14, 105), (15, 105), (19, 105), (9, 106), (10, 106), (11, 106), (20, 106), (5, 107), (6, 107), (7, 107), (8, 107), (21, 107), (1, 108), (2, 108), (3, 108), (4, 108), (20, 110), (0, 111), (19, 114)]
[(36, 103), (37, 103), (38, 103), (32, 104), (33, 104), (34, 104), (35, 104), (39, 104), (29, 105), (30, 105), (31, 105), (40, 105), (25, 106), (26, 106), (27, 106), (28, 106), (41, 106), (21, 107), (22, 107), (23, 107), (24, 107), (40, 109), (20, 110), (39, 113), (19, 114)]
