[(110, 0), (111, 0), (107, 1), (108, 1), (109, 1), (106, 3), (105, 5), (104, 7), (103, 9), (102, 11), (101, 13), (100, 15), (113, 17), (114, 17), (99, 18), (111, 18), (112, 18), (109, 19), (110, 19), (98, 20), (107, 20), (108, 20), (105, 21), (106, 21), (97, 22), (103, 22), (104, 22), (97, 23), (101, 23), (102, 23), (98, 24), (99, 24), (100, 24)]
[(114, 29), (113, 32), (112, 34), (111, 36), (111, 37), (112, 38), (113, 38), (114, 38)]
[(83, 9), (81, 10), (82, 10), (84, 10), (79, 11), (80, 11), (76, 12), (77, 12), (78, 12), (83, 12), (74, 13), (75, 13), (72, 14), (73, 14), (82, 14), (70, 15), (71, 15), (68, 16), (69, 16), (81, 16), (66, 17), (67, 17), (64, 18), (65, 18), (80, 18), (61, 19), (62, 19), (63, 19), (79, 20), (60, 21), (78, 22), (59, 23), (77, 24), (58, 25), (57, 27), (76, 27), (56, 29), (75, 29), (55, 31), (74, 31), (74, 32), (54, 33), (72, 33), (73, 33), (70, 34), (71, 34), (67, 35), (68, 35), (69, 35), (53, 36), (65, 36), (66, 36), (63, 37), (64, 37), (52, 38), (61, 38), (62, 38), (59, 39), (60, 39), (51, 40), (57, 40), (58, 40), (51, 41), (55, 41), (56, 41), (52, 42), (53, 42), (54, 42)]
[(106, 0), (104, 1), (105, 1), (107, 1), (102, 2), (103, 2), (99, 3), (100, 3), (101, 3), (106, 3), (97, 4), (98, 4), (95, 5), (96, 5), (105, 5), (93, 6), (94, 6), (91, 7), (92, 7), (104, 7), (89, 8), (90, 8), (87, 9), (88, 9), (103, 9), (84, 10), (85, 10), (86, 10), (102, 11), (83, 12), (101, 13), (82, 14), (100, 15), (81, 16), (80, 18), (99, 18), (79, 20), (98, 20), (78, 22), (97, 22), (97, 23), (77, 24), (95, 24), (96, 24), (93, 25), (94, 25), (90, 26), (91, 26), (92, 26), (76, 27), (88, 27), (89, 27), (86, 28), (87, 28), (75, 29), (84, 29), (85, 29), (82, 30), (83, 30), (74, 31), (80, 31), (81, 31), (74, 32), (78, 32), (79, 32), (75, 33), (76, 33), (77, 33)]
[(97, 23), (95, 24), (96, 24), (98, 24), (93, 25), (94, 25), (90, 26), (91, 26), (92, 26), (97, 26), (88, 27), (89, 27), (86, 28), (87, 28), (96, 28), (84, 29), (85, 29), (82, 30), (83, 30), (95, 30), (80, 31), (81, 31), (78, 32), (79, 32), (94, 32), (75, 33), (76, 33), (77, 33), (93, 34), (74, 35), (92, 36), (73, 37), (91, 38), (72, 39), (71, 41), (90, 41), (70, 43), (89, 43), (69, 45), (88, 45), (88, 46), (68, 47), (86, 47), (87, 47), (84, 48), (85, 48), (81, 49), (82, 49), (83, 49), (67, 50), (79, 50), (80, 50), (77, 51), (78, 51), (66, 52), (75, 52), (76, 52), (73, 53), (74, 53), (65, 54), (71, 54), (72, 54), (65, 55), (69, 55), (70, 55), (66, 56), (67, 56), (68, 56)]
[(113, 17), (114, 17), (111, 18), (112, 18), (109, 19), (110, 19), (107, 20), (108, 20), (105, 21), (106, 21), (103, 22), (104, 22), (101, 23), (102, 23), (98, 24), (99, 24), (100, 24), (97, 26), (96, 28), (114, 29), (95, 30), (94, 32), (113, 32), (93, 34), (112, 34), (92, 36), (111, 36), (111, 37), (91, 38), (109, 38), (110, 38), (107, 39), (108, 39), (104, 40), (105, 40), (106, 40), (90, 41), (102, 41), (103, 41), (100, 42), (101, 42), (89, 43), (98, 43), (99, 43), (96, 44), (97, 44), (88, 45), (94, 45), (95, 45), (88, 46), (92, 46), (93, 46), (89, 47), (90, 47), (91, 47)]
[(111, 37), (109, 38), (110, 38), (112, 38), (107, 39), (108, 39), (104, 40), (105, 40), (106, 40), (111, 40), (102, 41), (103, 41), (100, 42), (101, 42), (110, 42), (98, 43), (99, 43), (96, 44), (97, 44), (109, 44), (94, 45), (95, 45), (92, 46), (93, 46), (108, 46), (89, 47), (90, 47), (91, 47), (107, 48), (88, 49), (106, 50), (87, 51), (105, 52), (86, 53), (85, 55), (104, 55), (84, 57), (103, 57), (83, 59), (102, 59), (102, 60), (82, 61), (100, 61), (101, 61), (98, 62), (99, 62), (95, 63), (96, 63), (97, 63), (81, 64), (93, 64), (94, 64), (91, 65), (92, 65), (80, 66), (89, 66), (90, 66), (87, 67), (88, 67), (79, 68), (85, 68), (86, 68), (79, 69), (83, 69), (84, 69), (80, 70), (81, 70), (82, 70)]
[(112, 38), (113, 38), (114, 38), (111, 40), (110, 42), (109, 44), (108, 46), (107, 48), (106, 50), (105, 52), (104, 55), (114, 56), (103, 57), (112, 57), (113, 57), (110, 58), (111, 58), (102, 59), (108, 59), (109, 59), (102, 60), (106, 60), (107, 60), (103, 61), (104, 61), (105, 61)]
[(114, 56), (112, 57), (113, 57), (110, 58), (111, 58), (108, 59), (109, 59), (106, 60), (107, 60), (103, 61), (104, 61), (105, 61), (102, 63), (101, 65), (100, 67), (99, 69), (98, 71), (97, 73), (96, 75), (114, 75), (112, 76), (113, 76), (109, 77), (110, 77), (111, 77), (95, 78), (107, 78), (108, 78), (105, 79), (106, 79), (94, 80), (103, 80), (104, 80), (101, 81), (102, 81), (93, 82), (99, 82), (100, 82), (93, 83), (97, 83), (98, 83), (94, 84), (95, 84), (96, 84)]
[(51, 41), (49, 42), (50, 42), (52, 42), (47, 43), (48, 43), (44, 44), (45, 44), (46, 44), (51, 44), (42, 45), (43, 45), (40, 46), (41, 46), (50, 46), (38, 47), (39, 47), (36, 48), (37, 48), (49, 48), (34, 49), (35, 49), (32, 50), (33, 50), (48, 50), (29, 51), (30, 51), (31, 51), (47, 52), (28, 53), (46, 54), (27, 55), (45, 56), (26, 57), (25, 59), (44, 59), (24, 61), (43, 61), (23, 63), (42, 63), (42, 64), (22, 65), (40, 65), (41, 65), (38, 66), (39, 66), (35, 67), (36, 67), (37, 67), (21, 68), (33, 68), (34, 68), (31, 69), (32, 69), (20, 70), (29, 70), (30, 70), (27, 71), (28, 71), (19, 72), (25, 72), (26, 72), (19, 73), (23, 73), (24, 73), (20, 74), (21, 74), (22, 74)]
[(74, 32), (72, 33), (73, 33), (75, 33), (70, 34), (71, 34), (67, 35), (68, 35), (69, 35), (74, 35), (65, 36), (66, 36), (63, 37), (64, 37), (73, 37), (61, 38), (62, 38), (59, 39), (60, 39), (72, 39), (57, 40), (58, 40), (55, 41), (56, 41), (71, 41), (52, 42), (53, 42), (54, 42), (70, 43), (51, 44), (69, 45), (50, 46), (68, 47), (49, 48), (48, 50), (67, 50), (47, 52), (66, 52), (46, 54), (65, 54), (65, 55), (45, 56), (63, 56), (64, 56), (61, 57), (62, 57), (58, 58), (59, 58), (60, 58), (44, 59), (56, 59), (57, 59), (54, 60), (55, 60), (43, 61), (52, 61), (53, 61), (50, 62), (51, 62), (42, 63), (48, 63), (49, 63), (42, 64), (46, 64), (47, 64), (43, 65), (44, 65), (45, 65)]
[(65, 55), (63, 56), (64, 56), (66, 56), (61, 57), (62, 57), (58, 58), (59, 58), (60, 58), (65, 58), (56, 59), (57, 59), (54, 60), (55, 60), (64, 60), (52, 61), (53, 61), (50, 62), (51, 62), (63, 62), (48, 63), (49, 63), (46, 64), (47, 64), (62, 64), (43, 65), (44, 65), (45, 65), (61, 66), (42, 67), (60, 68), (41, 69), (59, 70), (40, 71), (39, 73), (58, 73), (38, 75), (57, 75), (37, 77), (56, 77), (56, 78), (36, 79), (54, 79), (55, 79), (52, 80), (53, 80), (49, 81), (50, 81), (51, 81), (35, 82), (47, 82), (48, 82), (45, 83), (46, 83), (34, 84), (43, 84), (44, 84), (41, 85), (42, 85), (33, 86), (39, 86), (40, 86), (33, 87), (37, 87), (38, 87), (34, 88), (35, 88), (36, 88)]
[(88, 46), (86, 47), (87, 47), (89, 47), (84, 48), (85, 48), (81, 49), (82, 49), (83, 49), (88, 49), (79, 50), (80, 50), (77, 51), (78, 51), (87, 51), (75, 52), (76, 52), (73, 53), (74, 53), (86, 53), (71, 54), (72, 54), (69, 55), (70, 55), (85, 55), (66, 56), (67, 56), (68, 56), (84, 57), (65, 58), (83, 59), (64, 60), (82, 61), (63, 62), (62, 64), (81, 64), (61, 66), (80, 66), (60, 68), (79, 68), (79, 69), (59, 70), (77, 70), (78, 70), (75, 71), (76, 71), (72, 72), (73, 72), (74, 72), (58, 73), (70, 73), (71, 73), (68, 74), (69, 74), (57, 75), (66, 75), (67, 75), (64, 76), (65, 76), (56, 77), (62, 77), (63, 77), (56, 78), (60, 78), (61, 78), (57, 79), (58, 79), (59, 79)]
[(79, 69), (77, 70), (78, 70), (80, 70), (75, 71), (76, 71), (72, 72), (73, 72), (74, 72), (79, 72), (70, 73), (71, 73), (68, 74), (69, 74), (78, 74), (66, 75), (67, 75), (64, 76), (65, 76), (77, 76), (62, 77), (63, 77), (60, 78), (61, 78), (76, 78), (57, 79), (58, 79), (59, 79), (75, 80), (56, 81), (74, 82), (55, 83), (73, 84), (54, 85), (53, 87), (72, 87), (52, 89), (71, 89), (51, 91), (70, 91), (70, 92), (50, 93), (68, 93), (69, 93), (66, 94), (67, 94), (63, 95), (64, 95), (65, 95), (49, 96), (61, 96), (62, 96), (59, 97), (60, 97), (48, 98), (57, 98), (58, 98), (55, 99), (56, 99), (47, 100), (53, 100), (54, 100), (47, 101), (51, 101), (52, 101), (48, 102), (49, 102), (50, 102)]
[(102, 60), (100, 61), (101, 61), (103, 61), (98, 62), (99, 62), (95, 63), (96, 63), (97, 63), (102, 63), (93, 64), (94, 64), (91, 65), (92, 65), (101, 65), (89, 66), (90, 66), (87, 67), (88, 67), (100, 67), (85, 68), (86, 68), (83, 69), (84, 69), (99, 69), (80, 70), (81, 70), (82, 70), (98, 71), (79, 72), (97, 73), (78, 74), (96, 75), (77, 76), (76, 78), (95, 78), (75, 80), (94, 80), (74, 82), (93, 82), (93, 83), (73, 84), (91, 84), (92, 84), (89, 85), (90, 85), (86, 86), (87, 86), (88, 86), (72, 87), (84, 87), (85, 87), (82, 88), (83, 88), (71, 89), (80, 89), (81, 89), (78, 90), (79, 90), (70, 91), (76, 91), (77, 91), (70, 92), (74, 92), (75, 92), (71, 93), (72, 93), (73, 93)]
[(93, 83), (91, 84), (92, 84), (94, 84), (89, 85), (90, 85), (86, 86), (87, 86), (88, 86), (93, 86), (84, 87), (85, 87), (82, 88), (83, 88), (92, 88), (80, 89), (81, 89), (78, 90), (79, 90), (91, 90), (76, 91), (77, 91), (74, 92), (75, 92), (90, 92), (71, 93), (72, 93), (73, 93), (89, 94), (70, 95), (88, 96), (69, 97), (87, 98), (68, 99), (67, 101), (86, 101), (66, 103), (85, 103), (65, 105), (84, 105), (84, 106), (64, 107), (82, 107), (83, 107), (80, 108), (81, 108), (77, 109), (78, 109), (79, 109), (63, 110), (75, 110), (76, 110), (73, 111), (74, 111), (62, 112), (71, 112), (72, 112), (69, 113), (70, 113), (61, 114), (67, 114), (68, 114)]
[(114, 75), (112, 76), (113, 76), (109, 77), (110, 77), (111, 77), (107, 78), (108, 78), (105, 79), (106, 79), (103, 80), (104, 80), (101, 81), (102, 81), (114, 81), (99, 82), (100, 82), (97, 83), (98, 83), (113, 83), (94, 84), (95, 84), (96, 84), (112, 85), (93, 86), (111, 87), (92, 88), (110, 89), (91, 90), (90, 92), (109, 92), (89, 94), (108, 94), (88, 96), (107, 96), (107, 97), (87, 98), (105, 98), (106, 98), (103, 99), (104, 99), (100, 100), (101, 100), (102, 100), (86, 101), (98, 101), (99, 101), (96, 102), (97, 102), (85, 103), (94, 103), (95, 103), (92, 104), (93, 104), (84, 105), (90, 105), (91, 105), (84, 106), (88, 106), (89, 106), (85, 107), (86, 107), (87, 107)]
[(42, 64), (40, 65), (41, 65), (43, 65), (38, 66), (39, 66), (35, 67), (36, 67), (37, 67), (42, 67), (33, 68), (34, 68), (31, 69), (32, 69), (41, 69), (29, 70), (30, 70), (27, 71), (28, 71), (40, 71), (25, 72), (26, 72), (23, 73), (24, 73), (39, 73), (20, 74), (21, 74), (22, 74), (38, 75), (19, 76), (37, 77), (18, 78), (36, 79), (17, 80), (16, 82), (35, 82), (15, 84), (34, 84), (14, 86), (33, 86), (33, 87), (13, 88), (31, 88), (32, 88), (29, 89), (30, 89), (26, 90), (27, 90), (28, 90), (12, 91), (24, 91), (25, 91), (22, 92), (23, 92), (11, 93), (20, 93), (21, 93), (18, 94), (19, 94), (10, 95), (16, 95), (17, 95), (10, 96), (14, 96), (15, 96), (11, 97), (12, 97), (13, 97)]
[(33, 87), (31, 88), (32, 88), (34, 88), (29, 89), (30, 89), (26, 90), (27, 90), (28, 90), (33, 90), (24, 91), (25, 91), (22, 92), (23, 92), (32, 92), (20, 93), (21, 93), (18, 94), (19, 94), (31, 94), (16, 95), (17, 95), (14, 96), (15, 96), (30, 96), (11, 97), (12, 97), (13, 97), (29, 98), (10, 99), (28, 100), (9, 101), (27, 102), (8, 103), (7, 105), (26, 105), (6, 107), (25, 107), (5, 109), (24, 109), (24, 110), (4, 111), (22, 111), (23, 111), (20, 112), (21, 112), (17, 113), (18, 113), (19, 113), (3, 114), (15, 114), (16, 114)]
[(56, 78), (54, 79), (55, 79), (57, 79), (52, 80), (53, 80), (49, 81), (50, 81), (51, 81), (56, 81), (47, 82), (48, 82), (45, 83), (46, 83), (55, 83), (43, 84), (44, 84), (41, 85), (42, 85), (54, 85), (39, 86), (40, 86), (37, 87), (38, 87), (53, 87), (34, 88), (35, 88), (36, 88), (52, 89), (33, 90), (51, 91), (32, 92), (50, 93), (31, 94), (30, 96), (49, 96), (29, 98), (48, 98), (28, 100), (47, 100), (47, 101), (27, 102), (45, 102), (46, 102), (43, 103), (44, 103), (40, 104), (41, 104), (42, 104), (26, 105), (38, 105), (39, 105), (36, 106), (37, 106), (25, 107), (34, 107), (35, 107), (32, 108), (33, 108), (24, 109), (30, 109), (31, 109), (24, 110), (28, 110), (29, 110), (25, 111), (26, 111), (27, 111)]
[(47, 101), (45, 102), (46, 102), (48, 102), (43, 103), (44, 103), (40, 104), (41, 104), (42, 104), (47, 104), (38, 105), (39, 105), (36, 106), (37, 106), (46, 106), (34, 107), (35, 107), (32, 108), (33, 108), (45, 108), (30, 109), (31, 109), (28, 110), (29, 110), (44, 110), (25, 111), (26, 111), (27, 111), (43, 112), (24, 113), (42, 114)]
[(70, 92), (68, 93), (69, 93), (71, 93), (66, 94), (67, 94), (63, 95), (64, 95), (65, 95), (70, 95), (61, 96), (62, 96), (59, 97), (60, 97), (69, 97), (57, 98), (58, 98), (55, 99), (56, 99), (68, 99), (53, 100), (54, 100), (51, 101), (52, 101), (67, 101), (48, 102), (49, 102), (50, 102), (66, 103), (47, 104), (65, 105), (46, 106), (64, 107), (45, 108), (44, 110), (63, 110), (43, 112), (62, 112), (42, 114), (61, 114)]
[(84, 106), (82, 107), (83, 107), (85, 107), (80, 108), (81, 108), (77, 109), (78, 109), (79, 109), (84, 109), (75, 110), (76, 110), (73, 111), (74, 111), (83, 111), (71, 112), (72, 112), (69, 113), (70, 113), (82, 113), (67, 114), (68, 114)]
[(24, 110), (22, 111), (23, 111), (25, 111), (20, 112), (21, 112), (17, 113), (18, 113), (19, 113), (24, 113), (15, 114), (16, 114)]
