[(112, 37), (113, 37), (114, 37), (107, 38), (108, 38), (109, 38), (110, 38), (111, 38), (106, 42), (105, 46), (104, 50), (104, 54), (105, 55), (106, 56), (107, 57), (108, 58), (109, 59), (110, 60), (111, 60), (112, 60), (113, 60), (114, 60)]
[(76, 29), (77, 29), (78, 29), (79, 29), (72, 30), (73, 30), (74, 30), (75, 30), (80, 30), (68, 31), (69, 31), (70, 31), (71, 31), (81, 31), (63, 32), (64, 32), (65, 32), (66, 32), (67, 32), (82, 32), (83, 33), (84, 34), (85, 35), (62, 36), (84, 39), (61, 40), (83, 43), (60, 44), (82, 47), (60, 48), (61, 49), (62, 50), (63, 51), (79, 51), (80, 51), (81, 51), (82, 51), (64, 52), (75, 52), (76, 52), (77, 52), (78, 52), (65, 53), (71, 53), (72, 53), (73, 53), (74, 53), (66, 54), (67, 54), (68, 54), (69, 54), (70, 54)]
[(98, 32), (99, 32), (100, 32), (101, 32), (94, 33), (95, 33), (96, 33), (97, 33), (102, 33), (90, 34), (91, 34), (92, 34), (93, 34), (103, 34), (85, 35), (86, 35), (87, 35), (88, 35), (89, 35), (104, 35), (105, 36), (106, 37), (107, 38), (84, 39), (106, 42), (83, 43), (105, 46), (82, 47), (104, 50), (82, 51), (83, 52), (84, 53), (85, 54), (101, 54), (102, 54), (103, 54), (104, 54), (86, 55), (97, 55), (98, 55), (99, 55), (100, 55), (87, 56), (93, 56), (94, 56), (95, 56), (96, 56), (88, 57), (89, 57), (90, 57), (91, 57), (92, 57)]
[(101, 54), (102, 54), (103, 54), (104, 54), (97, 55), (98, 55), (99, 55), (100, 55), (105, 55), (93, 56), (94, 56), (95, 56), (96, 56), (106, 56), (88, 57), (89, 57), (90, 57), (91, 57), (92, 57), (107, 57), (108, 58), (109, 59), (110, 60), (87, 61), (109, 64), (86, 65), (108, 68), (85, 69), (107, 72), (85, 73), (86, 74), (87, 75), (88, 76), (104, 76), (105, 76), (106, 76), (107, 76), (89, 77), (100, 77), (101, 77), (102, 77), (103, 77), (90, 78), (96, 78), (97, 78), (98, 78), (99, 78), (91, 79), (92, 79), (93, 79), (94, 79), (95, 79)]
[(110, 60), (111, 60), (112, 60), (113, 60), (114, 60), (109, 64), (108, 68), (107, 72), (107, 76), (108, 77), (109, 78), (110, 79), (111, 80), (112, 81), (113, 82), (114, 82)]
[(113, 82), (114, 82), (112, 86), (111, 90), (110, 94), (110, 98), (111, 99), (112, 100), (113, 101), (114, 102)]
[(57, 48), (58, 48), (59, 48), (60, 48), (53, 49), (54, 49), (55, 49), (56, 49), (61, 49), (49, 50), (50, 50), (51, 50), (52, 50), (62, 50), (44, 51), (45, 51), (46, 51), (47, 51), (48, 51), (63, 51), (64, 52), (65, 53), (66, 54), (43, 55), (65, 58), (42, 59), (64, 62), (41, 63), (63, 66), (41, 67), (42, 68), (43, 69), (44, 70), (60, 70), (61, 70), (62, 70), (63, 70), (45, 71), (56, 71), (57, 71), (58, 71), (59, 71), (46, 72), (52, 72), (53, 72), (54, 72), (55, 72), (47, 73), (48, 73), (49, 73), (50, 73), (51, 73)]
[(79, 51), (80, 51), (81, 51), (82, 51), (75, 52), (76, 52), (77, 52), (78, 52), (83, 52), (71, 53), (72, 53), (73, 53), (74, 53), (84, 53), (66, 54), (67, 54), (68, 54), (69, 54), (70, 54), (85, 54), (86, 55), (87, 56), (88, 57), (65, 58), (87, 61), (64, 62), (86, 65), (63, 66), (85, 69), (63, 70), (64, 71), (65, 72), (66, 73), (82, 73), (83, 73), (84, 73), (85, 73), (67, 74), (78, 74), (79, 74), (80, 74), (81, 74), (68, 75), (74, 75), (75, 75), (76, 75), (77, 75), (69, 76), (70, 76), (71, 76), (72, 76), (73, 76)]
[(82, 73), (83, 73), (84, 73), (85, 73), (78, 74), (79, 74), (80, 74), (81, 74), (86, 74), (74, 75), (75, 75), (76, 75), (77, 75), (87, 75), (69, 76), (70, 76), (71, 76), (72, 76), (73, 76), (88, 76), (89, 77), (90, 78), (91, 79), (68, 80), (90, 83), (67, 84), (89, 87), (66, 88), (88, 91), (66, 92), (67, 93), (68, 94), (69, 95), (85, 95), (86, 95), (87, 95), (88, 95), (70, 96), (81, 96), (82, 96), (83, 96), (84, 96), (71, 97), (77, 97), (78, 97), (79, 97), (80, 97), (72, 98), (73, 98), (74, 98), (75, 98), (76, 98)]
[(104, 76), (105, 76), (106, 76), (107, 76), (100, 77), (101, 77), (102, 77), (103, 77), (108, 77), (96, 78), (97, 78), (98, 78), (99, 78), (109, 78), (91, 79), (92, 79), (93, 79), (94, 79), (95, 79), (110, 79), (111, 80), (112, 81), (113, 82), (90, 83), (112, 86), (89, 87), (111, 90), (88, 91), (110, 94), (88, 95), (89, 96), (90, 97), (91, 98), (107, 98), (108, 98), (109, 98), (110, 98), (92, 99), (103, 99), (104, 99), (105, 99), (106, 99), (93, 100), (99, 100), (100, 100), (101, 100), (102, 100), (94, 101), (95, 101), (96, 101), (97, 101), (98, 101)]
[(107, 98), (108, 98), (109, 98), (110, 98), (103, 99), (104, 99), (105, 99), (106, 99), (111, 99), (99, 100), (100, 100), (101, 100), (102, 100), (112, 100), (94, 101), (95, 101), (96, 101), (97, 101), (98, 101), (113, 101), (114, 102), (93, 105), (92, 109), (114, 112), (91, 113)]
[(114, 112)]
[(60, 70), (61, 70), (62, 70), (63, 70), (56, 71), (57, 71), (58, 71), (59, 71), (64, 71), (52, 72), (53, 72), (54, 72), (55, 72), (65, 72), (47, 73), (48, 73), (49, 73), (50, 73), (51, 73), (66, 73), (67, 74), (68, 75), (69, 76), (46, 77), (68, 80), (45, 81), (67, 84), (44, 85), (66, 88), (44, 89), (45, 90), (46, 91), (47, 92), (63, 92), (64, 92), (65, 92), (66, 92), (48, 93), (59, 93), (60, 93), (61, 93), (62, 93), (49, 94), (55, 94), (56, 94), (57, 94), (58, 94), (50, 95), (51, 95), (52, 95), (53, 95), (54, 95)]
[(63, 92), (64, 92), (65, 92), (66, 92), (59, 93), (60, 93), (61, 93), (62, 93), (67, 93), (55, 94), (56, 94), (57, 94), (58, 94), (68, 94), (50, 95), (51, 95), (52, 95), (53, 95), (54, 95), (69, 95), (70, 96), (71, 97), (72, 98), (49, 99), (71, 102), (48, 103), (70, 106), (47, 107), (69, 110), (47, 111), (48, 112), (49, 113), (50, 114), (66, 114), (67, 114), (68, 114), (69, 114)]
[(85, 95), (86, 95), (87, 95), (88, 95), (81, 96), (82, 96), (83, 96), (84, 96), (89, 96), (77, 97), (78, 97), (79, 97), (80, 97), (90, 97), (72, 98), (73, 98), (74, 98), (75, 98), (76, 98), (91, 98), (92, 99), (93, 100), (94, 101), (71, 102), (93, 105), (70, 106), (92, 109), (69, 110), (91, 113), (69, 114)]
[(66, 114), (67, 114), (68, 114), (69, 114)]
