[(111, 35), (112, 35), (113, 35), (114, 35), (107, 36), (108, 36), (109, 36), (110, 36), (103, 37), (104, 37), (105, 37), (106, 37), (99, 38), (100, 38), (101, 38), (102, 38), (98, 41), (97, 45), (96, 49), (95, 53), (95, 56), (96, 57), (111, 57), (112, 57), (113, 57), (114, 57), (97, 58), (107, 58), (108, 58), (109, 58), (110, 58), (98, 59), (103, 59), (104, 59), (105, 59), (106, 59), (99, 60), (100, 60), (101, 60), (102, 60)]
[(71, 34), (72, 34), (73, 34), (67, 35), (68, 35), (69, 35), (70, 35), (74, 35), (63, 36), (64, 36), (65, 36), (66, 36), (75, 36), (59, 37), (60, 37), (61, 37), (62, 37), (76, 37), (55, 38), (56, 38), (57, 38), (58, 38), (77, 38), (54, 41), (76, 41), (53, 45), (75, 45), (52, 49), (74, 49), (51, 53), (73, 53), (51, 56), (71, 56), (72, 56), (73, 56), (52, 57), (67, 57), (68, 57), (69, 57), (70, 57), (53, 58), (63, 58), (64, 58), (65, 58), (66, 58), (54, 59), (59, 59), (60, 59), (61, 59), (62, 59), (55, 60), (56, 60), (57, 60), (58, 60)]
[(93, 34), (94, 34), (95, 34), (89, 35), (90, 35), (91, 35), (92, 35), (96, 35), (85, 36), (86, 36), (87, 36), (88, 36), (97, 36), (81, 37), (82, 37), (83, 37), (84, 37), (98, 37), (77, 38), (78, 38), (79, 38), (80, 38), (99, 38), (76, 41), (98, 41), (75, 45), (97, 45), (74, 49), (96, 49), (73, 53), (95, 53), (73, 56), (93, 56), (94, 56), (95, 56), (74, 57), (89, 57), (90, 57), (91, 57), (92, 57), (75, 58), (85, 58), (86, 58), (87, 58), (88, 58), (76, 59), (81, 59), (82, 59), (83, 59), (84, 59), (77, 60), (78, 60), (79, 60), (80, 60)]
[(93, 56), (94, 56), (95, 56), (89, 57), (90, 57), (91, 57), (92, 57), (96, 57), (85, 58), (86, 58), (87, 58), (88, 58), (97, 58), (81, 59), (82, 59), (83, 59), (84, 59), (98, 59), (77, 60), (78, 60), (79, 60), (80, 60), (99, 60), (76, 63), (98, 63), (75, 67), (97, 67), (74, 71), (96, 71), (73, 75), (95, 75), (73, 78), (93, 78), (94, 78), (95, 78), (74, 79), (89, 79), (90, 79), (91, 79), (92, 79), (75, 80), (85, 80), (86, 80), (87, 80), (88, 80), (76, 81), (81, 81), (82, 81), (83, 81), (84, 81), (77, 82), (78, 82), (79, 82), (80, 82)]
[(111, 57), (112, 57), (113, 57), (114, 57), (107, 58), (108, 58), (109, 58), (110, 58), (103, 59), (104, 59), (105, 59), (106, 59), (99, 60), (100, 60), (101, 60), (102, 60), (98, 63), (97, 67), (96, 71), (95, 75), (95, 78), (96, 79), (111, 79), (112, 79), (113, 79), (114, 79), (97, 80), (107, 80), (108, 80), (109, 80), (110, 80), (98, 81), (103, 81), (104, 81), (105, 81), (106, 81), (99, 82), (100, 82), (101, 82), (102, 82)]
[(111, 79), (112, 79), (113, 79), (114, 79), (107, 80), (108, 80), (109, 80), (110, 80), (103, 81), (104, 81), (105, 81), (106, 81), (99, 82), (100, 82), (101, 82), (102, 82), (98, 85), (97, 89), (96, 93), (95, 97), (95, 100), (96, 101), (111, 101), (112, 101), (113, 101), (114, 101), (97, 102), (107, 102), (108, 102), (109, 102), (110, 102), (98, 103), (103, 103), (104, 103), (105, 103), (106, 103), (99, 104), (100, 104), (101, 104), (102, 104)]
[(49, 56), (50, 56), (51, 56), (45, 57), (46, 57), (47, 57), (48, 57), (52, 57), (41, 58), (42, 58), (43, 58), (44, 58), (53, 58), (37, 59), (38, 59), (39, 59), (40, 59), (54, 59), (33, 60), (34, 60), (35, 60), (36, 60), (55, 60), (32, 63), (54, 63), (31, 67), (53, 67), (30, 71), (52, 71), (29, 75), (51, 75), (29, 78), (49, 78), (50, 78), (51, 78), (30, 79), (45, 79), (46, 79), (47, 79), (48, 79), (31, 80), (41, 80), (42, 80), (43, 80), (44, 80), (32, 81), (37, 81), (38, 81), (39, 81), (40, 81), (33, 82), (34, 82), (35, 82), (36, 82)]
[(71, 56), (72, 56), (73, 56), (67, 57), (68, 57), (69, 57), (70, 57), (74, 57), (63, 58), (64, 58), (65, 58), (66, 58), (75, 58), (59, 59), (60, 59), (61, 59), (62, 59), (76, 59), (55, 60), (56, 60), (57, 60), (58, 60), (77, 60), (54, 63), (76, 63), (53, 67), (75, 67), (52, 71), (74, 71), (51, 75), (73, 75), (51, 78), (71, 78), (72, 78), (73, 78), (52, 79), (67, 79), (68, 79), (69, 79), (70, 79), (53, 80), (63, 80), (64, 80), (65, 80), (66, 80), (54, 81), (59, 81), (60, 81), (61, 81), (62, 81), (55, 82), (56, 82), (57, 82), (58, 82)]
[(71, 78), (72, 78), (73, 78), (67, 79), (68, 79), (69, 79), (70, 79), (74, 79), (63, 80), (64, 80), (65, 80), (66, 80), (75, 80), (59, 81), (60, 81), (61, 81), (62, 81), (76, 81), (55, 82), (56, 82), (57, 82), (58, 82), (77, 82), (54, 85), (76, 85), (53, 89), (75, 89), (52, 93), (74, 93), (51, 97), (73, 97), (51, 100), (71, 100), (72, 100), (73, 100), (52, 101), (67, 101), (68, 101), (69, 101), (70, 101), (53, 102), (63, 102), (64, 102), (65, 102), (66, 102), (54, 103), (59, 103), (60, 103), (61, 103), (62, 103), (55, 104), (56, 104), (57, 104), (58, 104)]
[(93, 78), (94, 78), (95, 78), (89, 79), (90, 79), (91, 79), (92, 79), (96, 79), (85, 80), (86, 80), (87, 80), (88, 80), (97, 80), (81, 81), (82, 81), (83, 81), (84, 81), (98, 81), (77, 82), (78, 82), (79, 82), (80, 82), (99, 82), (76, 85), (98, 85), (75, 89), (97, 89), (74, 93), (96, 93), (73, 97), (95, 97), (73, 100), (93, 100), (94, 100), (95, 100), (74, 101), (89, 101), (90, 101), (91, 101), (92, 101), (75, 102), (85, 102), (86, 102), (87, 102), (88, 102), (76, 103), (81, 103), (82, 103), (83, 103), (84, 103), (77, 104), (78, 104), (79, 104), (80, 104)]
[(93, 100), (94, 100), (95, 100), (89, 101), (90, 101), (91, 101), (92, 101), (96, 101), (85, 102), (86, 102), (87, 102), (88, 102), (97, 102), (81, 103), (82, 103), (83, 103), (84, 103), (98, 103), (77, 104), (78, 104), (79, 104), (80, 104), (99, 104), (76, 107), (98, 107), (75, 111), (97, 111)]
[(111, 101), (112, 101), (113, 101), (114, 101), (107, 102), (108, 102), (109, 102), (110, 102), (103, 103), (104, 103), (105, 103), (106, 103), (99, 104), (100, 104), (101, 104), (102, 104), (98, 107), (97, 111)]
[(49, 78), (50, 78), (51, 78), (45, 79), (46, 79), (47, 79), (48, 79), (52, 79), (41, 80), (42, 80), (43, 80), (44, 80), (53, 80), (37, 81), (38, 81), (39, 81), (40, 81), (54, 81), (33, 82), (34, 82), (35, 82), (36, 82), (55, 82), (32, 85), (54, 85), (31, 89), (53, 89), (30, 93), (52, 93), (29, 97), (51, 97), (29, 100), (49, 100), (50, 100), (51, 100), (30, 101), (45, 101), (46, 101), (47, 101), (48, 101), (31, 102), (41, 102), (42, 102), (43, 102), (44, 102), (32, 103), (37, 103), (38, 103), (39, 103), (40, 103), (33, 104), (34, 104), (35, 104), (36, 104)]
[(49, 100), (50, 100), (51, 100), (45, 101), (46, 101), (47, 101), (48, 101), (52, 101), (41, 102), (42, 102), (43, 102), (44, 102), (53, 102), (37, 103), (38, 103), (39, 103), (40, 103), (54, 103), (33, 104), (34, 104), (35, 104), (36, 104), (55, 104), (32, 107), (54, 107), (31, 111), (53, 111)]
[(71, 100), (72, 100), (73, 100), (67, 101), (68, 101), (69, 101), (70, 101), (74, 101), (63, 102), (64, 102), (65, 102), (66, 102), (75, 102), (59, 103), (60, 103), (61, 103), (62, 103), (76, 103), (55, 104), (56, 104), (57, 104), (58, 104), (77, 104), (54, 107), (76, 107), (53, 111), (75, 111)]
