[(109, 10), (110, 10), (111, 10), (106, 11), (107, 11), (108, 11), (112, 11), (103, 12), (104, 12), (105, 12), (113, 12), (100, 13), (101, 13), (102, 13), (114, 13), (97, 14), (98, 14), (99, 14), (94, 15), (95, 15), (96, 15), (91, 16), (92, 16), (93, 16), (88, 17), (89, 17), (90, 17), (87, 19), (86, 22), (85, 25), (84, 28), (83, 31), (114, 32), (82, 34), (113, 35), (81, 37), (112, 38), (80, 40), (81, 40), (82, 41), (110, 41), (111, 41), (112, 41), (83, 42), (107, 42), (108, 42), (109, 42), (84, 43), (104, 43), (105, 43), (106, 43), (85, 44), (101, 44), (102, 44), (103, 44), (86, 45), (98, 45), (99, 45), (100, 45), (87, 46), (95, 46), (96, 46), (97, 46), (88, 47), (92, 47), (93, 47), (94, 47), (89, 48), (90, 48), (91, 48)]
[(114, 32), (113, 35), (112, 38), (111, 41), (112, 41), (113, 42), (114, 43)]
[(114, 66), (113, 69), (112, 72), (113, 72), (114, 73)]
[(47, 8), (48, 8), (49, 8), (44, 9), (45, 9), (46, 9), (50, 9), (41, 10), (42, 10), (43, 10), (51, 10), (38, 11), (39, 11), (40, 11), (52, 11), (35, 12), (36, 12), (37, 12), (53, 12), (32, 13), (33, 13), (34, 13), (54, 13), (29, 14), (30, 14), (31, 14), (55, 14), (26, 15), (27, 15), (28, 15), (56, 15), (57, 16), (25, 17), (56, 18), (24, 20), (55, 21), (23, 23), (54, 24), (22, 26), (53, 27), (21, 29), (52, 30), (20, 32), (51, 33), (19, 35), (50, 36), (18, 38), (19, 38), (20, 39), (48, 39), (49, 39), (50, 39), (21, 40), (45, 40), (46, 40), (47, 40), (22, 41), (42, 41), (43, 41), (44, 41), (23, 42), (39, 42), (40, 42), (41, 42), (24, 43), (36, 43), (37, 43), (38, 43), (25, 44), (33, 44), (34, 44), (35, 44), (26, 45), (30, 45), (31, 45), (32, 45), (27, 46), (28, 46), (29, 46)]
[(78, 9), (79, 9), (80, 9), (75, 10), (76, 10), (77, 10), (81, 10), (72, 11), (73, 11), (74, 11), (82, 11), (69, 12), (70, 12), (71, 12), (83, 12), (66, 13), (67, 13), (68, 13), (84, 13), (63, 14), (64, 14), (65, 14), (85, 14), (60, 15), (61, 15), (62, 15), (86, 15), (57, 16), (58, 16), (59, 16), (87, 16), (88, 17), (56, 18), (87, 19), (55, 21), (86, 22), (54, 24), (85, 25), (53, 27), (84, 28), (52, 30), (83, 31), (51, 33), (82, 34), (50, 36), (81, 37), (49, 39), (50, 39), (51, 40), (79, 40), (80, 40), (81, 40), (52, 41), (76, 41), (77, 41), (78, 41), (53, 42), (73, 42), (74, 42), (75, 42), (54, 43), (70, 43), (71, 43), (72, 43), (55, 44), (67, 44), (68, 44), (69, 44), (56, 45), (64, 45), (65, 45), (66, 45), (57, 46), (61, 46), (62, 46), (63, 46), (58, 47), (59, 47), (60, 47)]
[(79, 40), (80, 40), (81, 40), (76, 41), (77, 41), (78, 41), (82, 41), (73, 42), (74, 42), (75, 42), (83, 42), (70, 43), (71, 43), (72, 43), (84, 43), (67, 44), (68, 44), (69, 44), (85, 44), (64, 45), (65, 45), (66, 45), (86, 45), (61, 46), (62, 46), (63, 46), (87, 46), (58, 47), (59, 47), (60, 47), (88, 47), (89, 48), (57, 49), (88, 50), (56, 52), (87, 53), (55, 55), (86, 56), (54, 58), (85, 59), (53, 61), (84, 62), (52, 64), (83, 65), (51, 67), (82, 68), (50, 70), (51, 70), (52, 71), (80, 71), (81, 71), (82, 71), (53, 72), (77, 72), (78, 72), (79, 72), (54, 73), (74, 73), (75, 73), (76, 73), (55, 74), (71, 74), (72, 74), (73, 74), (56, 75), (68, 75), (69, 75), (70, 75), (57, 76), (65, 76), (66, 76), (67, 76), (58, 77), (62, 77), (63, 77), (64, 77), (59, 78), (60, 78), (61, 78)]
[(110, 41), (111, 41), (112, 41), (107, 42), (108, 42), (109, 42), (113, 42), (104, 43), (105, 43), (106, 43), (114, 43), (101, 44), (102, 44), (103, 44), (98, 45), (99, 45), (100, 45), (95, 46), (96, 46), (97, 46), (92, 47), (93, 47), (94, 47), (89, 48), (90, 48), (91, 48), (88, 50), (87, 53), (86, 56), (85, 59), (84, 62), (83, 65), (114, 66), (82, 68), (113, 69), (81, 71), (82, 71), (83, 72), (111, 72), (112, 72), (113, 72), (84, 73), (108, 73), (109, 73), (110, 73), (85, 74), (105, 74), (106, 74), (107, 74), (86, 75), (102, 75), (103, 75), (104, 75), (87, 76), (99, 76), (100, 76), (101, 76), (88, 77), (96, 77), (97, 77), (98, 77), (89, 78), (93, 78), (94, 78), (95, 78), (90, 79), (91, 79), (92, 79)]
[(111, 72), (112, 72), (113, 72), (108, 73), (109, 73), (110, 73), (114, 73), (105, 74), (106, 74), (107, 74), (102, 75), (103, 75), (104, 75), (99, 76), (100, 76), (101, 76), (96, 77), (97, 77), (98, 77), (93, 78), (94, 78), (95, 78), (90, 79), (91, 79), (92, 79), (89, 81), (88, 84), (87, 87), (86, 90), (85, 93), (84, 96), (83, 99), (114, 100), (82, 102), (83, 102), (84, 103), (112, 103), (113, 103), (114, 103), (85, 104), (109, 104), (110, 104), (111, 104), (86, 105), (106, 105), (107, 105), (108, 105), (87, 106), (103, 106), (104, 106), (105, 106), (88, 107), (100, 107), (101, 107), (102, 107), (89, 108), (97, 108), (98, 108), (99, 108), (90, 109), (94, 109), (95, 109), (96, 109), (91, 110), (92, 110), (93, 110)]
[(114, 100), (113, 103), (114, 103)]
[(17, 38), (18, 38), (19, 38), (14, 39), (15, 39), (16, 39), (20, 39), (11, 40), (12, 40), (13, 40), (21, 40), (8, 41), (9, 41), (10, 41), (22, 41), (5, 42), (6, 42), (7, 42), (23, 42), (2, 43), (3, 43), (4, 43), (24, 43), (0, 44), (1, 44), (25, 44), (26, 45), (27, 46), (26, 48), (25, 51), (24, 54), (23, 57), (22, 60), (21, 63), (20, 66), (18, 69), (19, 69), (20, 69), (15, 70), (16, 70), (17, 70), (12, 71), (13, 71), (14, 71), (9, 72), (10, 72), (11, 72), (6, 73), (7, 73), (8, 73), (3, 74), (4, 74), (5, 74), (0, 75), (1, 75), (2, 75)]
[(48, 39), (49, 39), (50, 39), (45, 40), (46, 40), (47, 40), (51, 40), (42, 41), (43, 41), (44, 41), (52, 41), (39, 42), (40, 42), (41, 42), (53, 42), (36, 43), (37, 43), (38, 43), (54, 43), (33, 44), (34, 44), (35, 44), (55, 44), (30, 45), (31, 45), (32, 45), (56, 45), (27, 46), (28, 46), (29, 46), (57, 46), (58, 47), (26, 48), (57, 49), (25, 51), (56, 52), (24, 54), (55, 55), (23, 57), (54, 58), (22, 60), (53, 61), (21, 63), (52, 64), (20, 66), (51, 67), (19, 69), (20, 69), (21, 70), (49, 70), (50, 70), (51, 70), (22, 71), (46, 71), (47, 71), (48, 71), (23, 72), (43, 72), (44, 72), (45, 72), (24, 73), (40, 73), (41, 73), (42, 73), (25, 74), (37, 74), (38, 74), (39, 74), (26, 75), (34, 75), (35, 75), (36, 75), (27, 76), (31, 76), (32, 76), (33, 76), (28, 77), (29, 77), (30, 77)]
[(49, 70), (50, 70), (51, 70), (46, 71), (47, 71), (48, 71), (52, 71), (43, 72), (44, 72), (45, 72), (53, 72), (40, 73), (41, 73), (42, 73), (54, 73), (37, 74), (38, 74), (39, 74), (55, 74), (34, 75), (35, 75), (36, 75), (56, 75), (31, 76), (32, 76), (33, 76), (57, 76), (28, 77), (29, 77), (30, 77), (58, 77), (59, 78), (27, 79), (58, 80), (26, 82), (57, 83), (25, 85), (56, 86), (24, 88), (55, 89), (23, 91), (54, 92), (22, 94), (53, 95), (21, 97), (52, 98), (20, 100), (21, 100), (22, 101), (50, 101), (51, 101), (52, 101), (23, 102), (47, 102), (48, 102), (49, 102), (24, 103), (44, 103), (45, 103), (46, 103), (25, 104), (41, 104), (42, 104), (43, 104), (26, 105), (38, 105), (39, 105), (40, 105), (27, 106), (35, 106), (36, 106), (37, 106), (28, 107), (32, 107), (33, 107), (34, 107), (29, 108), (30, 108), (31, 108)]
[(80, 71), (81, 71), (82, 71), (77, 72), (78, 72), (79, 72), (83, 72), (74, 73), (75, 73), (76, 73), (84, 73), (71, 74), (72, 74), (73, 74), (85, 74), (68, 75), (69, 75), (70, 75), (86, 75), (65, 76), (66, 76), (67, 76), (87, 76), (62, 77), (63, 77), (64, 77), (88, 77), (59, 78), (60, 78), (61, 78), (89, 78), (90, 79), (58, 80), (89, 81), (57, 83), (88, 84), (56, 86), (87, 87), (55, 89), (86, 90), (54, 92), (85, 93), (53, 95), (84, 96), (52, 98), (83, 99), (51, 101), (52, 101), (53, 102), (81, 102), (82, 102), (83, 102), (54, 103), (78, 103), (79, 103), (80, 103), (55, 104), (75, 104), (76, 104), (77, 104), (56, 105), (72, 105), (73, 105), (74, 105), (57, 106), (69, 106), (70, 106), (71, 106), (58, 107), (66, 107), (67, 107), (68, 107), (59, 108), (63, 108), (64, 108), (65, 108), (60, 109), (61, 109), (62, 109)]
[(81, 102), (82, 102), (83, 102), (78, 103), (79, 103), (80, 103), (84, 103), (75, 104), (76, 104), (77, 104), (85, 104), (72, 105), (73, 105), (74, 105), (86, 105), (69, 106), (70, 106), (71, 106), (87, 106), (66, 107), (67, 107), (68, 107), (88, 107), (63, 108), (64, 108), (65, 108), (89, 108), (60, 109), (61, 109), (62, 109), (90, 109), (91, 110), (59, 111), (90, 112), (58, 114)]
[(112, 103), (113, 103), (114, 103), (109, 104), (110, 104), (111, 104), (106, 105), (107, 105), (108, 105), (103, 106), (104, 106), (105, 106), (100, 107), (101, 107), (102, 107), (97, 108), (98, 108), (99, 108), (94, 109), (95, 109), (96, 109), (91, 110), (92, 110), (93, 110), (90, 112)]
[(18, 69), (19, 69), (20, 69), (15, 70), (16, 70), (17, 70), (21, 70), (12, 71), (13, 71), (14, 71), (22, 71), (9, 72), (10, 72), (11, 72), (23, 72), (6, 73), (7, 73), (8, 73), (24, 73), (3, 74), (4, 74), (5, 74), (25, 74), (0, 75), (1, 75), (2, 75), (26, 75), (27, 76), (28, 77), (27, 79), (26, 82), (25, 85), (24, 88), (23, 91), (22, 94), (21, 97), (19, 100), (20, 100), (21, 100), (16, 101), (17, 101), (18, 101), (13, 102), (14, 102), (15, 102), (10, 103), (11, 103), (12, 103), (7, 104), (8, 104), (9, 104), (4, 105), (5, 105), (6, 105), (1, 106), (2, 106), (3, 106), (0, 107)]
[(19, 100), (20, 100), (21, 100), (16, 101), (17, 101), (18, 101), (22, 101), (13, 102), (14, 102), (15, 102), (23, 102), (10, 103), (11, 103), (12, 103), (24, 103), (7, 104), (8, 104), (9, 104), (25, 104), (4, 105), (5, 105), (6, 105), (26, 105), (1, 106), (2, 106), (3, 106), (27, 106), (0, 107), (28, 107), (29, 108), (28, 110), (27, 113)]
[(50, 101), (51, 101), (52, 101), (47, 102), (48, 102), (49, 102), (53, 102), (44, 103), (45, 103), (46, 103), (54, 103), (41, 104), (42, 104), (43, 104), (55, 104), (38, 105), (39, 105), (40, 105), (56, 105), (35, 106), (36, 106), (37, 106), (57, 106), (32, 107), (33, 107), (34, 107), (58, 107), (29, 108), (30, 108), (31, 108), (59, 108), (60, 109), (28, 110), (59, 111), (27, 113), (58, 114)]
