[(113, 4), (114, 4), (109, 5), (110, 5), (111, 5), (112, 5), (105, 6), (106, 6), (107, 6), (108, 6), (101, 7), (102, 7), (103, 7), (104, 7), (100, 11), (99, 15), (98, 19), (97, 23), (114, 23), (110, 24), (111, 24), (112, 24), (113, 24), (106, 25), (107, 25), (108, 25), (109, 25), (97, 26), (102, 26), (103, 26), (104, 26), (105, 26), (98, 27), (99, 27), (100, 27), (101, 27)]
[(114, 40), (114, 43)]
[(77, 9), (78, 9), (79, 9), (80, 9), (73, 10), (74, 10), (75, 10), (76, 10), (81, 10), (69, 11), (70, 11), (71, 11), (72, 11), (65, 12), (66, 12), (67, 12), (68, 12), (61, 13), (62, 13), (63, 13), (64, 13), (80, 14), (60, 17), (79, 18), (59, 21), (78, 22), (58, 25), (77, 26), (57, 29), (74, 29), (75, 29), (76, 29), (77, 29), (70, 30), (71, 30), (72, 30), (73, 30), (66, 31), (67, 31), (68, 31), (69, 31), (57, 32), (62, 32), (63, 32), (64, 32), (65, 32), (58, 33), (59, 33), (60, 33), (61, 33)]
[(97, 6), (98, 6), (99, 6), (100, 6), (93, 7), (94, 7), (95, 7), (96, 7), (101, 7), (89, 8), (90, 8), (91, 8), (92, 8), (85, 9), (86, 9), (87, 9), (88, 9), (81, 10), (82, 10), (83, 10), (84, 10), (100, 11), (80, 14), (99, 15), (79, 18), (98, 19), (78, 22), (97, 23), (77, 26), (94, 26), (95, 26), (96, 26), (97, 26), (90, 27), (91, 27), (92, 27), (93, 27), (86, 28), (87, 28), (88, 28), (89, 28), (77, 29), (82, 29), (83, 29), (84, 29), (85, 29), (78, 30), (79, 30), (80, 30), (81, 30)]
[(94, 26), (95, 26), (96, 26), (97, 26), (90, 27), (91, 27), (92, 27), (93, 27), (98, 27), (86, 28), (87, 28), (88, 28), (89, 28), (82, 29), (83, 29), (84, 29), (85, 29), (78, 30), (79, 30), (80, 30), (81, 30), (97, 31), (77, 34), (96, 35), (76, 38), (95, 39), (75, 42), (94, 43), (74, 46), (91, 46), (92, 46), (93, 46), (94, 46), (87, 47), (88, 47), (89, 47), (90, 47), (83, 48), (84, 48), (85, 48), (86, 48), (74, 49), (79, 49), (80, 49), (81, 49), (82, 49), (75, 50), (76, 50), (77, 50), (78, 50)]
[(114, 23), (110, 24), (111, 24), (112, 24), (113, 24), (106, 25), (107, 25), (108, 25), (109, 25), (102, 26), (103, 26), (104, 26), (105, 26), (98, 27), (99, 27), (100, 27), (101, 27), (97, 31), (96, 35), (95, 39), (114, 40), (94, 43), (111, 43), (112, 43), (113, 43), (114, 43), (107, 44), (108, 44), (109, 44), (110, 44), (103, 45), (104, 45), (105, 45), (106, 45), (94, 46), (99, 46), (100, 46), (101, 46), (102, 46), (95, 47), (96, 47), (97, 47), (98, 47)]
[(111, 43), (112, 43), (113, 43), (114, 43), (107, 44), (108, 44), (109, 44), (110, 44), (103, 45), (104, 45), (105, 45), (106, 45), (99, 46), (100, 46), (101, 46), (102, 46), (95, 47), (96, 47), (97, 47), (98, 47), (114, 48), (94, 51), (113, 52), (93, 55), (112, 56), (92, 59), (111, 60), (91, 63), (108, 63), (109, 63), (110, 63), (111, 63), (104, 64), (105, 64), (106, 64), (107, 64), (100, 65), (101, 65), (102, 65), (103, 65), (91, 66), (96, 66), (97, 66), (98, 66), (99, 66), (92, 67), (93, 67), (94, 67), (95, 67)]
[(114, 48), (113, 52), (112, 56), (111, 60), (111, 63), (112, 64), (113, 64), (114, 64)]
[(112, 64), (113, 64), (114, 64), (111, 68), (110, 72), (109, 76), (108, 80), (108, 83), (113, 83), (114, 83), (109, 84), (110, 84), (111, 84), (112, 84)]
[(54, 32), (55, 32), (56, 32), (57, 32), (50, 33), (51, 33), (52, 33), (53, 33), (58, 33), (46, 34), (47, 34), (48, 34), (49, 34), (42, 35), (43, 35), (44, 35), (45, 35), (38, 36), (39, 36), (40, 36), (41, 36), (57, 37), (37, 40), (56, 41), (36, 44), (55, 45), (35, 48), (54, 49), (34, 52), (51, 52), (52, 52), (53, 52), (54, 52), (47, 53), (48, 53), (49, 53), (50, 53), (43, 54), (44, 54), (45, 54), (46, 54), (34, 55), (39, 55), (40, 55), (41, 55), (42, 55), (35, 56), (36, 56), (37, 56), (38, 56)]
[(74, 29), (75, 29), (76, 29), (77, 29), (70, 30), (71, 30), (72, 30), (73, 30), (78, 30), (66, 31), (67, 31), (68, 31), (69, 31), (62, 32), (63, 32), (64, 32), (65, 32), (58, 33), (59, 33), (60, 33), (61, 33), (77, 34), (57, 37), (76, 38), (56, 41), (75, 42), (55, 45), (74, 46), (54, 49), (71, 49), (72, 49), (73, 49), (74, 49), (67, 50), (68, 50), (69, 50), (70, 50), (63, 51), (64, 51), (65, 51), (66, 51), (54, 52), (59, 52), (60, 52), (61, 52), (62, 52), (55, 53), (56, 53), (57, 53), (58, 53)]
[(71, 49), (72, 49), (73, 49), (74, 49), (67, 50), (68, 50), (69, 50), (70, 50), (75, 50), (63, 51), (64, 51), (65, 51), (66, 51), (59, 52), (60, 52), (61, 52), (62, 52), (55, 53), (56, 53), (57, 53), (58, 53), (74, 54), (54, 57), (73, 58), (53, 61), (72, 62), (52, 65), (71, 66), (51, 69), (68, 69), (69, 69), (70, 69), (71, 69), (64, 70), (65, 70), (66, 70), (67, 70), (60, 71), (61, 71), (62, 71), (63, 71), (51, 72), (56, 72), (57, 72), (58, 72), (59, 72), (52, 73), (53, 73), (54, 73), (55, 73)]
[(91, 46), (92, 46), (93, 46), (94, 46), (87, 47), (88, 47), (89, 47), (90, 47), (95, 47), (83, 48), (84, 48), (85, 48), (86, 48), (79, 49), (80, 49), (81, 49), (82, 49), (75, 50), (76, 50), (77, 50), (78, 50), (94, 51), (74, 54), (93, 55), (73, 58), (92, 59), (72, 62), (91, 63), (71, 66), (88, 66), (89, 66), (90, 66), (91, 66), (84, 67), (85, 67), (86, 67), (87, 67), (80, 68), (81, 68), (82, 68), (83, 68), (71, 69), (76, 69), (77, 69), (78, 69), (79, 69), (72, 70), (73, 70), (74, 70), (75, 70)]
[(88, 66), (89, 66), (90, 66), (91, 66), (84, 67), (85, 67), (86, 67), (87, 67), (92, 67), (80, 68), (81, 68), (82, 68), (83, 68), (76, 69), (77, 69), (78, 69), (79, 69), (72, 70), (73, 70), (74, 70), (75, 70), (91, 71), (71, 74), (90, 75), (70, 78), (89, 79), (69, 82), (88, 83), (68, 86), (85, 86), (86, 86), (87, 86), (88, 86), (81, 87), (82, 87), (83, 87), (84, 87), (77, 88), (78, 88), (79, 88), (80, 88), (68, 89), (73, 89), (74, 89), (75, 89), (76, 89), (69, 90), (70, 90), (71, 90), (72, 90)]
[(108, 63), (109, 63), (110, 63), (111, 63), (104, 64), (105, 64), (106, 64), (107, 64), (112, 64), (100, 65), (101, 65), (102, 65), (103, 65), (96, 66), (97, 66), (98, 66), (99, 66), (92, 67), (93, 67), (94, 67), (95, 67), (111, 68), (91, 71), (110, 72), (90, 75), (109, 76), (89, 79), (108, 80), (88, 83), (105, 83), (106, 83), (107, 83), (108, 83), (101, 84), (102, 84), (103, 84), (104, 84), (97, 85), (98, 85), (99, 85), (100, 85), (88, 86), (93, 86), (94, 86), (95, 86), (96, 86), (89, 87), (90, 87), (91, 87), (92, 87)]
[(105, 83), (106, 83), (107, 83), (108, 83), (101, 84), (102, 84), (103, 84), (104, 84), (109, 84), (97, 85), (98, 85), (99, 85), (100, 85), (93, 86), (94, 86), (95, 86), (96, 86), (89, 87), (90, 87), (91, 87), (92, 87), (108, 88), (88, 91), (107, 92), (87, 95), (106, 96), (86, 99), (105, 100), (85, 103), (102, 103), (103, 103), (104, 103), (105, 103), (98, 104), (99, 104), (100, 104), (101, 104), (94, 105), (95, 105), (96, 105), (97, 105), (85, 106), (90, 106), (91, 106), (92, 106), (93, 106), (86, 107), (87, 107), (88, 107), (89, 107)]
[(113, 83), (114, 83), (109, 84), (110, 84), (111, 84), (112, 84), (108, 88), (107, 92), (106, 96), (105, 100), (114, 102), (105, 103), (110, 103), (111, 103), (112, 103), (113, 103), (106, 104), (107, 104), (108, 104), (109, 104)]
[(51, 52), (52, 52), (53, 52), (54, 52), (47, 53), (48, 53), (49, 53), (50, 53), (55, 53), (43, 54), (44, 54), (45, 54), (46, 54), (39, 55), (40, 55), (41, 55), (42, 55), (35, 56), (36, 56), (37, 56), (38, 56), (54, 57), (34, 60), (53, 61), (33, 64), (52, 65), (32, 68), (51, 69), (31, 72), (48, 72), (49, 72), (50, 72), (51, 72), (44, 73), (45, 73), (46, 73), (47, 73), (40, 74), (41, 74), (42, 74), (43, 74), (31, 75), (36, 75), (37, 75), (38, 75), (39, 75), (32, 76), (33, 76), (34, 76), (35, 76)]
[(48, 72), (49, 72), (50, 72), (51, 72), (44, 73), (45, 73), (46, 73), (47, 73), (52, 73), (40, 74), (41, 74), (42, 74), (43, 74), (36, 75), (37, 75), (38, 75), (39, 75), (32, 76), (33, 76), (34, 76), (35, 76), (51, 77), (31, 80), (50, 81), (30, 84), (49, 85), (29, 88), (48, 89), (28, 92), (45, 92), (46, 92), (47, 92), (48, 92), (41, 93), (42, 93), (43, 93), (44, 93), (37, 94), (38, 94), (39, 94), (40, 94), (28, 95), (33, 95), (34, 95), (35, 95), (36, 95), (29, 96), (30, 96), (31, 96), (32, 96)]
[(68, 69), (69, 69), (70, 69), (71, 69), (64, 70), (65, 70), (66, 70), (67, 70), (72, 70), (60, 71), (61, 71), (62, 71), (63, 71), (56, 72), (57, 72), (58, 72), (59, 72), (52, 73), (53, 73), (54, 73), (55, 73), (71, 74), (51, 77), (70, 78), (50, 81), (69, 82), (49, 85), (68, 86), (48, 89), (65, 89), (66, 89), (67, 89), (68, 89), (61, 90), (62, 90), (63, 90), (64, 90), (57, 91), (58, 91), (59, 91), (60, 91), (48, 92), (53, 92), (54, 92), (55, 92), (56, 92), (49, 93), (50, 93), (51, 93), (52, 93)]
[(65, 89), (66, 89), (67, 89), (68, 89), (61, 90), (62, 90), (63, 90), (64, 90), (69, 90), (57, 91), (58, 91), (59, 91), (60, 91), (53, 92), (54, 92), (55, 92), (56, 92), (49, 93), (50, 93), (51, 93), (52, 93), (68, 94), (48, 97), (67, 98), (47, 101), (66, 102), (46, 105), (65, 106), (45, 109), (62, 109), (63, 109), (64, 109), (65, 109), (58, 110), (59, 110), (60, 110), (61, 110), (54, 111), (55, 111), (56, 111), (57, 111), (45, 112), (50, 112), (51, 112), (52, 112), (53, 112), (46, 113), (47, 113), (48, 113), (49, 113)]
[(85, 86), (86, 86), (87, 86), (88, 86), (81, 87), (82, 87), (83, 87), (84, 87), (89, 87), (77, 88), (78, 88), (79, 88), (80, 88), (73, 89), (74, 89), (75, 89), (76, 89), (69, 90), (70, 90), (71, 90), (72, 90), (88, 91), (68, 94), (87, 95), (67, 98), (86, 99), (66, 102), (85, 103), (65, 106), (82, 106), (83, 106), (84, 106), (85, 106), (78, 107), (79, 107), (80, 107), (81, 107), (74, 108), (75, 108), (76, 108), (77, 108), (65, 109), (70, 109), (71, 109), (72, 109), (73, 109), (66, 110), (67, 110), (68, 110), (69, 110)]
[(82, 106), (83, 106), (84, 106), (85, 106), (78, 107), (79, 107), (80, 107), (81, 107), (86, 107), (74, 108), (75, 108), (76, 108), (77, 108), (70, 109), (71, 109), (72, 109), (73, 109), (66, 110), (67, 110), (68, 110), (69, 110), (85, 111), (65, 114)]
[(102, 103), (103, 103), (104, 103), (105, 103), (98, 104), (99, 104), (100, 104), (101, 104), (106, 104), (94, 105), (95, 105), (96, 105), (97, 105), (90, 106), (91, 106), (92, 106), (93, 106), (86, 107), (87, 107), (88, 107), (89, 107), (105, 108), (85, 111), (104, 112)]
[(45, 92), (46, 92), (47, 92), (48, 92), (41, 93), (42, 93), (43, 93), (44, 93), (49, 93), (37, 94), (38, 94), (39, 94), (40, 94), (33, 95), (34, 95), (35, 95), (36, 95), (29, 96), (30, 96), (31, 96), (32, 96), (48, 97), (28, 100), (47, 101), (27, 104), (46, 105), (26, 108), (45, 109), (25, 112), (42, 112), (43, 112), (44, 112), (45, 112), (38, 113), (39, 113), (40, 113), (41, 113), (34, 114), (35, 114), (36, 114), (37, 114)]
[(42, 112), (43, 112), (44, 112), (45, 112), (38, 113), (39, 113), (40, 113), (41, 113), (46, 113), (34, 114), (35, 114), (36, 114), (37, 114)]
[(62, 109), (63, 109), (64, 109), (65, 109), (58, 110), (59, 110), (60, 110), (61, 110), (66, 110), (54, 111), (55, 111), (56, 111), (57, 111), (50, 112), (51, 112), (52, 112), (53, 112), (46, 113), (47, 113), (48, 113), (49, 113), (65, 114)]
