[(80, 8), (78, 9), (79, 9), (81, 9), (76, 10), (77, 10), (82, 10), (74, 11), (75, 11), (71, 12), (72, 12), (73, 12), (81, 12), (69, 13), (70, 13), (67, 14), (68, 14), (80, 14), (65, 15), (66, 15), (62, 16), (63, 16), (64, 16), (79, 16), (61, 18), (78, 18), (60, 20), (77, 21), (59, 22), (76, 23), (58, 24), (75, 25), (57, 27), (74, 27), (74, 28), (56, 29), (72, 29), (73, 29), (70, 30), (71, 30), (55, 31), (68, 31), (69, 31), (65, 32), (66, 32), (67, 32), (54, 33), (63, 33), (64, 33), (54, 34), (61, 34), (62, 34), (55, 35), (59, 35), (60, 35), (56, 36), (57, 36), (58, 36)]
[(100, 2), (98, 3), (99, 3), (101, 3), (96, 4), (97, 4), (102, 4), (94, 5), (95, 5), (91, 6), (92, 6), (93, 6), (101, 6), (89, 7), (90, 7), (87, 8), (88, 8), (100, 8), (85, 9), (86, 9), (82, 10), (83, 10), (84, 10), (99, 10), (81, 12), (98, 12), (80, 14), (97, 15), (79, 16), (96, 17), (78, 18), (95, 19), (77, 21), (94, 21), (94, 22), (76, 23), (92, 23), (93, 23), (90, 24), (91, 24), (75, 25), (88, 25), (89, 25), (85, 26), (86, 26), (87, 26), (74, 27), (83, 27), (84, 27), (74, 28), (81, 28), (82, 28), (75, 29), (79, 29), (80, 29), (76, 30), (77, 30), (78, 30)]
[(94, 22), (92, 23), (93, 23), (95, 23), (90, 24), (91, 24), (96, 24), (88, 25), (89, 25), (85, 26), (86, 26), (87, 26), (95, 26), (83, 27), (84, 27), (81, 28), (82, 28), (94, 28), (79, 29), (80, 29), (76, 30), (77, 30), (78, 30), (93, 30), (75, 32), (92, 32), (74, 34), (91, 35), (73, 36), (90, 37), (72, 38), (89, 39), (71, 41), (88, 41), (88, 42), (70, 43), (86, 43), (87, 43), (84, 44), (85, 44), (69, 45), (82, 45), (83, 45), (79, 46), (80, 46), (81, 46), (68, 47), (77, 47), (78, 47), (68, 48), (75, 48), (76, 48), (69, 49), (73, 49), (74, 49), (70, 50), (71, 50), (72, 50)]
[(114, 16), (112, 17), (113, 17), (110, 18), (111, 18), (108, 19), (109, 19), (105, 20), (106, 20), (107, 20), (103, 21), (104, 21), (101, 22), (102, 22), (114, 22), (99, 23), (100, 23), (96, 24), (97, 24), (98, 24), (113, 24), (95, 26), (112, 26), (94, 28), (111, 29), (93, 30), (110, 31), (92, 32), (109, 33), (91, 35), (108, 35), (108, 36), (90, 37), (106, 37), (107, 37), (104, 38), (105, 38), (89, 39), (102, 39), (103, 39), (99, 40), (100, 40), (101, 40), (88, 41), (97, 41), (98, 41), (88, 42), (95, 42), (96, 42), (89, 43), (93, 43), (94, 43), (90, 44), (91, 44), (92, 44)]
[(108, 36), (106, 37), (107, 37), (109, 37), (104, 38), (105, 38), (110, 38), (102, 39), (103, 39), (99, 40), (100, 40), (101, 40), (109, 40), (97, 41), (98, 41), (95, 42), (96, 42), (108, 42), (93, 43), (94, 43), (90, 44), (91, 44), (92, 44), (107, 44), (89, 46), (106, 46), (88, 48), (105, 49), (87, 50), (104, 51), (86, 52), (103, 53), (85, 55), (102, 55), (102, 56), (84, 57), (100, 57), (101, 57), (98, 58), (99, 58), (83, 59), (96, 59), (97, 59), (93, 60), (94, 60), (95, 60), (82, 61), (91, 61), (92, 61), (82, 62), (89, 62), (90, 62), (83, 63), (87, 63), (88, 63), (84, 64), (85, 64), (86, 64)]
[(113, 37), (114, 37), (110, 38), (111, 38), (112, 38), (109, 40), (108, 42), (107, 44), (106, 46), (105, 49), (104, 51), (103, 53), (113, 54), (114, 54), (102, 55), (111, 55), (112, 55), (102, 56), (109, 56), (110, 56), (103, 57), (107, 57), (108, 57), (104, 58), (105, 58), (106, 58)]
[(113, 54), (114, 54), (111, 55), (112, 55), (109, 56), (110, 56), (107, 57), (108, 57), (104, 58), (105, 58), (106, 58), (103, 60), (102, 62), (101, 64), (100, 66), (99, 69), (98, 71), (114, 71), (112, 72), (113, 72), (97, 73), (110, 73), (111, 73), (107, 74), (108, 74), (109, 74), (96, 75), (105, 75), (106, 75), (96, 76), (103, 76), (104, 76), (97, 77), (101, 77), (102, 77), (98, 78), (99, 78), (100, 78)]
[(114, 80), (113, 83), (112, 85), (111, 87), (110, 89), (110, 90), (111, 91), (112, 92), (113, 92), (114, 92)]
[(40, 20), (38, 21), (39, 21), (41, 21), (36, 22), (37, 22), (42, 22), (34, 23), (35, 23), (31, 24), (32, 24), (33, 24), (41, 24), (29, 25), (30, 25), (27, 26), (28, 26), (40, 26), (25, 27), (26, 27), (22, 28), (23, 28), (24, 28), (39, 28), (21, 30), (38, 30), (20, 32), (37, 33), (19, 34), (36, 35), (18, 36), (35, 37), (17, 39), (34, 39), (34, 40), (16, 41), (32, 41), (33, 41), (30, 42), (31, 42), (15, 43), (28, 43), (29, 43), (25, 44), (26, 44), (27, 44), (14, 45), (23, 45), (24, 45), (14, 46), (21, 46), (22, 46), (15, 47), (19, 47), (20, 47), (16, 48), (17, 48), (18, 48)]
[(60, 14), (58, 15), (59, 15), (61, 15), (56, 16), (57, 16), (62, 16), (54, 17), (55, 17), (51, 18), (52, 18), (53, 18), (61, 18), (49, 19), (50, 19), (47, 20), (48, 20), (60, 20), (45, 21), (46, 21), (42, 22), (43, 22), (44, 22), (59, 22), (41, 24), (58, 24), (40, 26), (57, 27), (39, 28), (56, 29), (38, 30), (55, 31), (37, 33), (54, 33), (54, 34), (36, 35), (52, 35), (53, 35), (50, 36), (51, 36), (35, 37), (48, 37), (49, 37), (45, 38), (46, 38), (47, 38), (34, 39), (43, 39), (44, 39), (34, 40), (41, 40), (42, 40), (35, 41), (39, 41), (40, 41), (36, 42), (37, 42), (38, 42)]
[(54, 34), (52, 35), (53, 35), (55, 35), (50, 36), (51, 36), (56, 36), (48, 37), (49, 37), (45, 38), (46, 38), (47, 38), (55, 38), (43, 39), (44, 39), (41, 40), (42, 40), (54, 40), (39, 41), (40, 41), (36, 42), (37, 42), (38, 42), (53, 42), (35, 44), (52, 44), (34, 46), (51, 47), (33, 48), (50, 49), (32, 50), (49, 51), (31, 53), (48, 53), (48, 54), (30, 55), (46, 55), (47, 55), (44, 56), (45, 56), (29, 57), (42, 57), (43, 57), (39, 58), (40, 58), (41, 58), (28, 59), (37, 59), (38, 59), (28, 60), (35, 60), (36, 60), (29, 61), (33, 61), (34, 61), (30, 62), (31, 62), (32, 62)]
[(74, 28), (72, 29), (73, 29), (75, 29), (70, 30), (71, 30), (76, 30), (68, 31), (69, 31), (65, 32), (66, 32), (67, 32), (75, 32), (63, 33), (64, 33), (61, 34), (62, 34), (74, 34), (59, 35), (60, 35), (56, 36), (57, 36), (58, 36), (73, 36), (55, 38), (72, 38), (54, 40), (71, 41), (53, 42), (70, 43), (52, 44), (69, 45), (51, 47), (68, 47), (68, 48), (50, 49), (66, 49), (67, 49), (64, 50), (65, 50), (49, 51), (62, 51), (63, 51), (59, 52), (60, 52), (61, 52), (48, 53), (57, 53), (58, 53), (48, 54), (55, 54), (56, 54), (49, 55), (53, 55), (54, 55), (50, 56), (51, 56), (52, 56)]
[(68, 48), (66, 49), (67, 49), (69, 49), (64, 50), (65, 50), (70, 50), (62, 51), (63, 51), (59, 52), (60, 52), (61, 52), (69, 52), (57, 53), (58, 53), (55, 54), (56, 54), (68, 54), (53, 55), (54, 55), (50, 56), (51, 56), (52, 56), (67, 56), (49, 58), (66, 58), (48, 60), (65, 61), (47, 62), (64, 63), (46, 64), (63, 65), (45, 67), (62, 67), (62, 68), (44, 69), (60, 69), (61, 69), (58, 70), (59, 70), (43, 71), (56, 71), (57, 71), (53, 72), (54, 72), (55, 72), (42, 73), (51, 73), (52, 73), (42, 74), (49, 74), (50, 74), (43, 75), (47, 75), (48, 75), (44, 76), (45, 76), (46, 76)]
[(88, 42), (86, 43), (87, 43), (89, 43), (84, 44), (85, 44), (90, 44), (82, 45), (83, 45), (79, 46), (80, 46), (81, 46), (89, 46), (77, 47), (78, 47), (75, 48), (76, 48), (88, 48), (73, 49), (74, 49), (70, 50), (71, 50), (72, 50), (87, 50), (69, 52), (86, 52), (68, 54), (85, 55), (67, 56), (84, 57), (66, 58), (83, 59), (65, 61), (82, 61), (82, 62), (64, 63), (80, 63), (81, 63), (78, 64), (79, 64), (63, 65), (76, 65), (77, 65), (73, 66), (74, 66), (75, 66), (62, 67), (71, 67), (72, 67), (62, 68), (69, 68), (70, 68), (63, 69), (67, 69), (68, 69), (64, 70), (65, 70), (66, 70)]
[(82, 62), (80, 63), (81, 63), (83, 63), (78, 64), (79, 64), (84, 64), (76, 65), (77, 65), (73, 66), (74, 66), (75, 66), (83, 66), (71, 67), (72, 67), (69, 68), (70, 68), (82, 68), (67, 69), (68, 69), (64, 70), (65, 70), (66, 70), (81, 70), (63, 72), (80, 72), (62, 74), (79, 75), (61, 76), (78, 77), (60, 78), (77, 79), (59, 81), (76, 81), (76, 82), (58, 83), (74, 83), (75, 83), (72, 84), (73, 84), (57, 85), (70, 85), (71, 85), (67, 86), (68, 86), (69, 86), (56, 87), (65, 87), (66, 87), (56, 88), (63, 88), (64, 88), (57, 89), (61, 89), (62, 89), (58, 90), (59, 90), (60, 90)]
[(102, 56), (100, 57), (101, 57), (103, 57), (98, 58), (99, 58), (104, 58), (96, 59), (97, 59), (93, 60), (94, 60), (95, 60), (103, 60), (91, 61), (92, 61), (89, 62), (90, 62), (102, 62), (87, 63), (88, 63), (84, 64), (85, 64), (86, 64), (101, 64), (83, 66), (100, 66), (82, 68), (99, 69), (81, 70), (98, 71), (80, 72), (97, 73), (79, 75), (96, 75), (96, 76), (78, 77), (94, 77), (95, 77), (92, 78), (93, 78), (77, 79), (90, 79), (91, 79), (87, 80), (88, 80), (89, 80), (76, 81), (85, 81), (86, 81), (76, 82), (83, 82), (84, 82), (77, 83), (81, 83), (82, 83), (78, 84), (79, 84), (80, 84)]
[(96, 76), (94, 77), (95, 77), (97, 77), (92, 78), (93, 78), (98, 78), (90, 79), (91, 79), (87, 80), (88, 80), (89, 80), (97, 80), (85, 81), (86, 81), (83, 82), (84, 82), (96, 82), (81, 83), (82, 83), (78, 84), (79, 84), (80, 84), (95, 84), (77, 86), (94, 86), (76, 88), (93, 89), (75, 90), (92, 91), (74, 92), (91, 93), (73, 95), (90, 95), (90, 96), (72, 97), (88, 97), (89, 97), (86, 98), (87, 98), (71, 99), (84, 99), (85, 99), (81, 100), (82, 100), (83, 100), (70, 101), (79, 101), (80, 101), (70, 102), (77, 102), (78, 102), (71, 103), (75, 103), (76, 103), (72, 104), (73, 104), (74, 104)]
[(114, 71), (112, 72), (113, 72), (110, 73), (111, 73), (107, 74), (108, 74), (109, 74), (105, 75), (106, 75), (103, 76), (104, 76), (101, 77), (102, 77), (98, 78), (99, 78), (100, 78), (97, 80), (114, 80), (96, 82), (113, 83), (95, 84), (112, 85), (94, 86), (111, 87), (93, 89), (110, 89), (110, 90), (92, 91), (108, 91), (109, 91), (106, 92), (107, 92), (91, 93), (104, 93), (105, 93), (101, 94), (102, 94), (103, 94), (90, 95), (99, 95), (100, 95), (90, 96), (97, 96), (98, 96), (91, 97), (95, 97), (96, 97), (92, 98), (93, 98), (94, 98)]
[(110, 90), (108, 91), (109, 91), (111, 91), (106, 92), (107, 92), (112, 92), (104, 93), (105, 93), (101, 94), (102, 94), (103, 94), (111, 94), (99, 95), (100, 95), (97, 96), (98, 96), (110, 96), (95, 97), (96, 97), (92, 98), (93, 98), (94, 98), (109, 98), (91, 100), (108, 100), (90, 102), (107, 103), (89, 104), (106, 105), (88, 106), (105, 107), (87, 109), (104, 109), (104, 110), (86, 111), (102, 111), (103, 111), (100, 112), (101, 112), (85, 113), (98, 113), (99, 113), (95, 114), (96, 114), (97, 114)]
[(112, 92), (113, 92), (114, 92), (111, 94), (110, 96), (109, 98), (108, 100), (107, 103), (106, 105), (105, 107), (104, 109), (113, 109), (114, 109), (104, 110), (111, 110), (112, 110), (105, 111), (109, 111), (110, 111), (106, 112), (107, 112), (108, 112)]
[(113, 109), (114, 109), (111, 110), (112, 110), (109, 111), (110, 111), (106, 112), (107, 112), (108, 112), (105, 114)]
[(14, 46), (12, 47), (13, 47), (15, 47), (10, 48), (11, 48), (16, 48), (8, 49), (9, 49), (5, 50), (6, 50), (7, 50), (15, 50), (3, 51), (4, 51), (1, 52), (2, 52), (14, 52), (0, 53), (13, 54), (12, 56), (11, 59), (10, 61), (9, 63), (8, 65), (8, 66), (6, 67), (7, 67), (4, 68), (5, 68), (2, 69), (3, 69), (0, 70), (1, 70)]
[(34, 40), (32, 41), (33, 41), (35, 41), (30, 42), (31, 42), (36, 42), (28, 43), (29, 43), (25, 44), (26, 44), (27, 44), (35, 44), (23, 45), (24, 45), (21, 46), (22, 46), (34, 46), (19, 47), (20, 47), (16, 48), (17, 48), (18, 48), (33, 48), (15, 50), (32, 50), (14, 52), (31, 53), (13, 54), (30, 55), (12, 56), (29, 57), (11, 59), (28, 59), (28, 60), (10, 61), (26, 61), (27, 61), (24, 62), (25, 62), (9, 63), (22, 63), (23, 63), (19, 64), (20, 64), (21, 64), (8, 65), (17, 65), (18, 65), (8, 66), (15, 66), (16, 66), (9, 67), (13, 67), (14, 67), (10, 68), (11, 68), (12, 68)]
[(28, 60), (26, 61), (27, 61), (29, 61), (24, 62), (25, 62), (30, 62), (22, 63), (23, 63), (19, 64), (20, 64), (21, 64), (29, 64), (17, 65), (18, 65), (15, 66), (16, 66), (28, 66), (13, 67), (14, 67), (10, 68), (11, 68), (12, 68), (27, 68), (9, 70), (26, 70), (8, 72), (25, 73), (7, 74), (24, 75), (6, 76), (23, 77), (5, 79), (22, 79), (22, 80), (4, 81), (20, 81), (21, 81), (18, 82), (19, 82), (3, 83), (16, 83), (17, 83), (13, 84), (14, 84), (15, 84), (2, 85), (11, 85), (12, 85), (2, 86), (9, 86), (10, 86), (3, 87), (7, 87), (8, 87), (4, 88), (5, 88), (6, 88)]
[(48, 54), (46, 55), (47, 55), (49, 55), (44, 56), (45, 56), (50, 56), (42, 57), (43, 57), (39, 58), (40, 58), (41, 58), (49, 58), (37, 59), (38, 59), (35, 60), (36, 60), (48, 60), (33, 61), (34, 61), (30, 62), (31, 62), (32, 62), (47, 62), (29, 64), (46, 64), (28, 66), (45, 67), (27, 68), (44, 69), (26, 70), (43, 71), (25, 73), (42, 73), (42, 74), (24, 75), (40, 75), (41, 75), (38, 76), (39, 76), (23, 77), (36, 77), (37, 77), (33, 78), (34, 78), (35, 78), (22, 79), (31, 79), (32, 79), (22, 80), (29, 80), (30, 80), (23, 81), (27, 81), (28, 81), (24, 82), (25, 82), (26, 82)]
[(42, 74), (40, 75), (41, 75), (43, 75), (38, 76), (39, 76), (44, 76), (36, 77), (37, 77), (33, 78), (34, 78), (35, 78), (43, 78), (31, 79), (32, 79), (29, 80), (30, 80), (42, 80), (27, 81), (28, 81), (24, 82), (25, 82), (26, 82), (41, 82), (23, 84), (40, 84), (22, 86), (39, 87), (21, 88), (38, 89), (20, 90), (37, 91), (19, 93), (36, 93), (36, 94), (18, 95), (34, 95), (35, 95), (32, 96), (33, 96), (17, 97), (30, 97), (31, 97), (27, 98), (28, 98), (29, 98), (16, 99), (25, 99), (26, 99), (16, 100), (23, 100), (24, 100), (17, 101), (21, 101), (22, 101), (18, 102), (19, 102), (20, 102)]
[(62, 68), (60, 69), (61, 69), (63, 69), (58, 70), (59, 70), (64, 70), (56, 71), (57, 71), (53, 72), (54, 72), (55, 72), (63, 72), (51, 73), (52, 73), (49, 74), (50, 74), (62, 74), (47, 75), (48, 75), (44, 76), (45, 76), (46, 76), (61, 76), (43, 78), (60, 78), (42, 80), (59, 81), (41, 82), (58, 83), (40, 84), (57, 85), (39, 87), (56, 87), (56, 88), (38, 89), (54, 89), (55, 89), (52, 90), (53, 90), (37, 91), (50, 91), (51, 91), (47, 92), (48, 92), (49, 92), (36, 93), (45, 93), (46, 93), (36, 94), (43, 94), (44, 94), (37, 95), (41, 95), (42, 95), (38, 96), (39, 96), (40, 96)]
[(56, 88), (54, 89), (55, 89), (57, 89), (52, 90), (53, 90), (58, 90), (50, 91), (51, 91), (47, 92), (48, 92), (49, 92), (57, 92), (45, 93), (46, 93), (43, 94), (44, 94), (56, 94), (41, 95), (42, 95), (38, 96), (39, 96), (40, 96), (55, 96), (37, 98), (54, 98), (36, 100), (53, 101), (35, 102), (52, 103), (34, 104), (51, 105), (33, 107), (50, 107), (50, 108), (32, 109), (48, 109), (49, 109), (46, 110), (47, 110), (31, 111), (44, 111), (45, 111), (41, 112), (42, 112), (43, 112), (30, 113), (39, 113), (40, 113), (30, 114), (37, 114), (38, 114)]
[(76, 82), (74, 83), (75, 83), (77, 83), (72, 84), (73, 84), (78, 84), (70, 85), (71, 85), (67, 86), (68, 86), (69, 86), (77, 86), (65, 87), (66, 87), (63, 88), (64, 88), (76, 88), (61, 89), (62, 89), (58, 90), (59, 90), (60, 90), (75, 90), (57, 92), (74, 92), (56, 94), (73, 95), (55, 96), (72, 97), (54, 98), (71, 99), (53, 101), (70, 101), (70, 102), (52, 103), (68, 103), (69, 103), (66, 104), (67, 104), (51, 105), (64, 105), (65, 105), (61, 106), (62, 106), (63, 106), (50, 107), (59, 107), (60, 107), (50, 108), (57, 108), (58, 108), (51, 109), (55, 109), (56, 109), (52, 110), (53, 110), (54, 110)]
[(70, 102), (68, 103), (69, 103), (71, 103), (66, 104), (67, 104), (72, 104), (64, 105), (65, 105), (61, 106), (62, 106), (63, 106), (71, 106), (59, 107), (60, 107), (57, 108), (58, 108), (70, 108), (55, 109), (56, 109), (52, 110), (53, 110), (54, 110), (69, 110), (51, 112), (68, 112), (50, 114)]
[(90, 96), (88, 97), (89, 97), (91, 97), (86, 98), (87, 98), (92, 98), (84, 99), (85, 99), (81, 100), (82, 100), (83, 100), (91, 100), (79, 101), (80, 101), (77, 102), (78, 102), (90, 102), (75, 103), (76, 103), (72, 104), (73, 104), (74, 104), (89, 104), (71, 106), (88, 106), (70, 108), (87, 109), (69, 110), (86, 111), (68, 112), (85, 113)]
[(104, 110), (102, 111), (103, 111), (105, 111), (100, 112), (101, 112), (106, 112), (98, 113), (99, 113), (95, 114), (96, 114), (97, 114), (105, 114)]
[(8, 66), (6, 67), (7, 67), (9, 67), (4, 68), (5, 68), (10, 68), (2, 69), (3, 69), (0, 70), (1, 70), (9, 70), (8, 72), (7, 74), (6, 76), (5, 79), (4, 81), (3, 83), (2, 85), (2, 86), (0, 87), (1, 87)]
[(2, 86), (0, 87), (1, 87), (3, 87), (4, 88), (3, 90), (2, 92), (1, 94), (0, 96)]
[(22, 80), (20, 81), (21, 81), (23, 81), (18, 82), (19, 82), (24, 82), (16, 83), (17, 83), (13, 84), (14, 84), (15, 84), (23, 84), (11, 85), (12, 85), (9, 86), (10, 86), (22, 86), (7, 87), (8, 87), (4, 88), (5, 88), (6, 88), (21, 88), (3, 90), (20, 90), (2, 92), (19, 93), (1, 94), (18, 95), (0, 96), (17, 97), (16, 99), (16, 100), (14, 101), (15, 101), (12, 102), (13, 102), (10, 103), (11, 103), (7, 104), (8, 104), (9, 104), (5, 105), (6, 105), (3, 106), (4, 106), (1, 107), (2, 107), (0, 108)]
[(16, 100), (14, 101), (15, 101), (17, 101), (12, 102), (13, 102), (18, 102), (10, 103), (11, 103), (7, 104), (8, 104), (9, 104), (17, 104), (5, 105), (6, 105), (3, 106), (4, 106), (16, 106), (1, 107), (2, 107), (0, 108), (15, 108), (14, 110), (13, 113)]
[(36, 94), (34, 95), (35, 95), (37, 95), (32, 96), (33, 96), (38, 96), (30, 97), (31, 97), (27, 98), (28, 98), (29, 98), (37, 98), (25, 99), (26, 99), (23, 100), (24, 100), (36, 100), (21, 101), (22, 101), (18, 102), (19, 102), (20, 102), (35, 102), (17, 104), (34, 104), (16, 106), (33, 107), (15, 108), (32, 109), (14, 110), (31, 111), (13, 113), (30, 113), (30, 114)]
[(30, 114)]
[(50, 108), (48, 109), (49, 109), (51, 109), (46, 110), (47, 110), (52, 110), (44, 111), (45, 111), (41, 112), (42, 112), (43, 112), (51, 112), (39, 113), (40, 113), (37, 114), (38, 114), (50, 114)]
