[(97, 35), (95, 36), (96, 36), (98, 36), (92, 37), (93, 37), (94, 37), (99, 37), (90, 38), (91, 38), (100, 38), (88, 39), (89, 39), (101, 39), (85, 40), (86, 40), (87, 40), (102, 40), (83, 41), (84, 41), (103, 41), (81, 42), (82, 42), (104, 42), (78, 43), (79, 43), (80, 43), (105, 43), (106, 44), (77, 45), (105, 46), (76, 47), (104, 48), (75, 49), (103, 50), (74, 52), (102, 53), (73, 54), (101, 55), (72, 56), (100, 57), (71, 59), (99, 60), (70, 61), (70, 62), (98, 62), (71, 63), (98, 63), (72, 64), (96, 64), (97, 64), (73, 65), (93, 65), (94, 65), (95, 65), (74, 66), (91, 66), (92, 66), (75, 67), (89, 67), (90, 67), (76, 68), (86, 68), (87, 68), (88, 68), (77, 69), (84, 69), (85, 69), (78, 70), (82, 70), (83, 70), (79, 71), (80, 71), (81, 71)]
[(113, 41), (114, 41), (111, 42), (112, 42), (109, 43), (110, 43), (106, 44), (107, 44), (108, 44), (105, 46), (104, 48), (103, 50), (102, 53), (101, 55), (100, 57), (99, 60), (98, 62), (98, 63), (99, 64), (100, 65), (101, 66), (102, 67), (103, 68), (104, 69), (114, 69), (105, 70), (112, 70), (113, 70), (106, 71), (110, 71), (111, 71), (107, 72), (108, 72), (109, 72)]
[(114, 69), (112, 70), (113, 70), (110, 71), (111, 71), (107, 72), (108, 72), (109, 72), (106, 74), (105, 76), (104, 78), (103, 81), (102, 83), (101, 85), (100, 88), (99, 90), (99, 91), (100, 92), (101, 93), (102, 94), (103, 95), (104, 96), (105, 97), (106, 98), (113, 98), (114, 98), (107, 99), (111, 99), (112, 99), (108, 100), (109, 100), (110, 100)]
[(41, 33), (39, 34), (40, 34), (42, 34), (36, 35), (37, 35), (38, 35), (43, 35), (34, 36), (35, 36), (44, 36), (32, 37), (33, 37), (45, 37), (29, 38), (30, 38), (31, 38), (46, 38), (27, 39), (28, 39), (47, 39), (25, 40), (26, 40), (48, 40), (22, 41), (23, 41), (24, 41), (49, 41), (50, 42), (21, 43), (49, 44), (20, 45), (48, 46), (19, 47), (47, 48), (18, 50), (46, 51), (17, 52), (45, 53), (16, 54), (44, 55), (15, 57), (43, 58), (14, 59), (14, 60), (42, 60), (15, 61), (42, 61), (16, 62), (40, 62), (41, 62), (17, 63), (37, 63), (38, 63), (39, 63), (18, 64), (35, 64), (36, 64), (19, 65), (33, 65), (34, 65), (20, 66), (30, 66), (31, 66), (32, 66), (21, 67), (28, 67), (29, 67), (22, 68), (26, 68), (27, 68), (23, 69), (24, 69), (25, 69)]
[(69, 34), (67, 35), (68, 35), (70, 35), (64, 36), (65, 36), (66, 36), (71, 36), (62, 37), (63, 37), (72, 37), (60, 38), (61, 38), (73, 38), (57, 39), (58, 39), (59, 39), (74, 39), (55, 40), (56, 40), (75, 40), (53, 41), (54, 41), (76, 41), (50, 42), (51, 42), (52, 42), (77, 42), (78, 43), (49, 44), (77, 45), (48, 46), (76, 47), (47, 48), (75, 49), (46, 51), (74, 52), (45, 53), (73, 54), (44, 55), (72, 56), (43, 58), (71, 59), (42, 60), (42, 61), (70, 61), (43, 62), (70, 62), (44, 63), (68, 63), (69, 63), (45, 64), (65, 64), (66, 64), (67, 64), (46, 65), (63, 65), (64, 65), (47, 66), (61, 66), (62, 66), (48, 67), (58, 67), (59, 67), (60, 67), (49, 68), (56, 68), (57, 68), (50, 69), (54, 69), (55, 69), (51, 70), (52, 70), (53, 70)]
[(70, 62), (68, 63), (69, 63), (71, 63), (65, 64), (66, 64), (67, 64), (72, 64), (63, 65), (64, 65), (73, 65), (61, 66), (62, 66), (74, 66), (58, 67), (59, 67), (60, 67), (75, 67), (56, 68), (57, 68), (76, 68), (54, 69), (55, 69), (77, 69), (51, 70), (52, 70), (53, 70), (78, 70), (79, 71), (50, 72), (78, 73), (49, 74), (77, 75), (48, 76), (76, 77), (47, 79), (75, 80), (46, 81), (74, 82), (45, 83), (73, 84), (44, 86), (72, 87), (43, 88), (43, 89), (71, 89), (44, 90), (71, 90), (45, 91), (69, 91), (70, 91), (46, 92), (66, 92), (67, 92), (68, 92), (47, 93), (64, 93), (65, 93), (48, 94), (62, 94), (63, 94), (49, 95), (59, 95), (60, 95), (61, 95), (50, 96), (57, 96), (58, 96), (51, 97), (55, 97), (56, 97), (52, 98), (53, 98), (54, 98)]
[(98, 63), (96, 64), (97, 64), (99, 64), (93, 65), (94, 65), (95, 65), (100, 65), (91, 66), (92, 66), (101, 66), (89, 67), (90, 67), (102, 67), (86, 68), (87, 68), (88, 68), (103, 68), (84, 69), (85, 69), (104, 69), (82, 70), (83, 70), (105, 70), (79, 71), (80, 71), (81, 71), (106, 71), (107, 72), (78, 73), (106, 74), (77, 75), (105, 76), (76, 77), (104, 78), (75, 80), (103, 81), (74, 82), (102, 83), (73, 84), (101, 85), (72, 87), (100, 88), (71, 89), (71, 90), (99, 90), (72, 91), (99, 91), (73, 92), (97, 92), (98, 92), (74, 93), (94, 93), (95, 93), (96, 93), (75, 94), (92, 94), (93, 94), (76, 95), (90, 95), (91, 95), (77, 96), (87, 96), (88, 96), (89, 96), (78, 97), (85, 97), (86, 97), (79, 98), (83, 98), (84, 98), (80, 99), (81, 99), (82, 99)]
[(99, 91), (97, 92), (98, 92), (100, 92), (94, 93), (95, 93), (96, 93), (101, 93), (92, 94), (93, 94), (102, 94), (90, 95), (91, 95), (103, 95), (87, 96), (88, 96), (89, 96), (104, 96), (85, 97), (86, 97), (105, 97), (83, 98), (84, 98), (106, 98), (80, 99), (81, 99), (82, 99), (107, 99), (108, 100), (79, 101), (107, 102), (78, 103), (106, 104), (77, 105), (105, 106), (76, 108), (104, 109), (75, 110), (103, 111), (74, 112), (102, 113)]
[(113, 98), (114, 98), (111, 99), (112, 99), (108, 100), (109, 100), (110, 100), (107, 102), (106, 104), (105, 106), (104, 109), (103, 111), (102, 113)]
[(14, 60), (12, 61), (13, 61), (15, 61), (9, 62), (10, 62), (11, 62), (16, 62), (7, 63), (8, 63), (17, 63), (5, 64), (6, 64), (18, 64), (2, 65), (3, 65), (4, 65), (19, 65), (0, 66), (1, 66), (20, 66), (21, 67), (22, 68), (23, 69), (22, 71), (21, 73), (20, 75), (19, 78), (18, 80), (17, 82), (16, 85), (15, 87), (15, 88), (13, 89), (14, 89), (10, 90), (11, 90), (12, 90), (8, 91), (9, 91), (6, 92), (7, 92), (3, 93), (4, 93), (5, 93), (1, 94), (2, 94), (0, 95)]
[(42, 61), (40, 62), (41, 62), (43, 62), (37, 63), (38, 63), (39, 63), (44, 63), (35, 64), (36, 64), (45, 64), (33, 65), (34, 65), (46, 65), (30, 66), (31, 66), (32, 66), (47, 66), (28, 67), (29, 67), (48, 67), (26, 68), (27, 68), (49, 68), (23, 69), (24, 69), (25, 69), (50, 69), (51, 70), (22, 71), (50, 72), (21, 73), (49, 74), (20, 75), (48, 76), (19, 78), (47, 79), (18, 80), (46, 81), (17, 82), (45, 83), (16, 85), (44, 86), (15, 87), (15, 88), (43, 88), (16, 89), (43, 89), (17, 90), (41, 90), (42, 90), (18, 91), (38, 91), (39, 91), (40, 91), (19, 92), (36, 92), (37, 92), (20, 93), (34, 93), (35, 93), (21, 94), (31, 94), (32, 94), (33, 94), (22, 95), (29, 95), (30, 95), (23, 96), (27, 96), (28, 96), (24, 97), (25, 97), (26, 97)]
[(43, 89), (41, 90), (42, 90), (44, 90), (38, 91), (39, 91), (40, 91), (45, 91), (36, 92), (37, 92), (46, 92), (34, 93), (35, 93), (47, 93), (31, 94), (32, 94), (33, 94), (48, 94), (29, 95), (30, 95), (49, 95), (27, 96), (28, 96), (50, 96), (24, 97), (25, 97), (26, 97), (51, 97), (52, 98), (23, 99), (51, 100), (22, 101), (50, 102), (21, 103), (49, 104), (20, 106), (48, 107), (19, 108), (47, 109), (18, 110), (46, 111), (17, 113), (45, 114)]
[(71, 90), (69, 91), (70, 91), (72, 91), (66, 92), (67, 92), (68, 92), (73, 92), (64, 93), (65, 93), (74, 93), (62, 94), (63, 94), (75, 94), (59, 95), (60, 95), (61, 95), (76, 95), (57, 96), (58, 96), (77, 96), (55, 97), (56, 97), (78, 97), (52, 98), (53, 98), (54, 98), (79, 98), (80, 99), (51, 100), (79, 101), (50, 102), (78, 103), (49, 104), (77, 105), (48, 107), (76, 108), (47, 109), (75, 110), (46, 111), (74, 112), (45, 114)]
[(15, 88), (13, 89), (14, 89), (16, 89), (10, 90), (11, 90), (12, 90), (17, 90), (8, 91), (9, 91), (18, 91), (6, 92), (7, 92), (19, 92), (3, 93), (4, 93), (5, 93), (20, 93), (1, 94), (2, 94), (21, 94), (0, 95), (22, 95), (23, 96), (24, 97), (23, 99), (22, 101), (21, 103), (20, 106), (19, 108), (18, 110), (17, 113)]
