[(72, 35), (68, 36), (69, 36), (70, 36), (71, 36), (73, 36), (64, 37), (65, 37), (66, 37), (67, 37), (74, 37), (60, 38), (61, 38), (62, 38), (63, 38), (75, 38), (56, 39), (57, 39), (58, 39), (59, 39), (76, 39), (55, 42), (75, 42), (54, 46), (74, 46), (53, 50), (73, 50), (52, 54), (72, 54), (52, 55), (72, 55), (53, 56), (68, 56), (69, 56), (70, 56), (71, 56), (54, 57), (64, 57), (65, 57), (66, 57), (67, 57), (55, 58), (60, 58), (61, 58), (62, 58), (63, 58), (56, 59), (57, 59), (58, 59), (59, 59)]
[(92, 35), (88, 36), (89, 36), (90, 36), (91, 36), (93, 36), (84, 37), (85, 37), (86, 37), (87, 37), (94, 37), (80, 38), (81, 38), (82, 38), (83, 38), (95, 38), (76, 39), (77, 39), (78, 39), (79, 39), (96, 39), (75, 42), (95, 42), (74, 46), (94, 46), (73, 50), (93, 50), (72, 54), (92, 54), (72, 55), (92, 55), (73, 56), (88, 56), (89, 56), (90, 56), (91, 56), (74, 57), (84, 57), (85, 57), (86, 57), (87, 57), (75, 58), (80, 58), (81, 58), (82, 58), (83, 58), (76, 59), (77, 59), (78, 59), (79, 59)]
[(92, 55), (88, 56), (89, 56), (90, 56), (91, 56), (93, 56), (84, 57), (85, 57), (86, 57), (87, 57), (94, 57), (80, 58), (81, 58), (82, 58), (83, 58), (95, 58), (76, 59), (77, 59), (78, 59), (79, 59), (96, 59), (75, 62), (95, 62), (74, 66), (94, 66), (73, 70), (93, 70), (72, 74), (92, 74), (72, 75), (92, 75), (73, 76), (88, 76), (89, 76), (90, 76), (91, 76), (74, 77), (84, 77), (85, 77), (86, 77), (87, 77), (75, 78), (80, 78), (81, 78), (82, 78), (83, 78), (76, 79), (77, 79), (78, 79), (79, 79)]
[(112, 55), (108, 56), (109, 56), (110, 56), (111, 56), (113, 56), (104, 57), (105, 57), (106, 57), (107, 57), (114, 57), (100, 58), (101, 58), (102, 58), (103, 58), (96, 59), (97, 59), (98, 59), (99, 59), (95, 62), (94, 66), (114, 66), (93, 70), (113, 70), (92, 74), (112, 74), (92, 75), (112, 75), (93, 76), (108, 76), (109, 76), (110, 76), (111, 76), (94, 77), (104, 77), (105, 77), (106, 77), (107, 77), (95, 78), (100, 78), (101, 78), (102, 78), (103, 78), (96, 79), (97, 79), (98, 79), (99, 79)]
[(112, 75), (108, 76), (109, 76), (110, 76), (111, 76), (113, 76), (104, 77), (105, 77), (106, 77), (107, 77), (114, 77), (100, 78), (101, 78), (102, 78), (103, 78), (96, 79), (97, 79), (98, 79), (99, 79), (95, 82), (94, 86), (114, 86), (93, 90), (113, 90), (92, 94), (112, 94), (92, 95), (112, 95), (93, 96), (108, 96), (109, 96), (110, 96), (111, 96), (94, 97), (104, 97), (105, 97), (106, 97), (107, 97), (95, 98), (100, 98), (101, 98), (102, 98), (103, 98), (96, 99), (97, 99), (98, 99), (99, 99)]
[(114, 86), (113, 90), (112, 94), (112, 95), (113, 96), (114, 97)]
[(32, 35), (28, 36), (29, 36), (30, 36), (31, 36), (33, 36), (24, 37), (25, 37), (26, 37), (27, 37), (34, 37), (20, 38), (21, 38), (22, 38), (23, 38), (35, 38), (16, 39), (17, 39), (18, 39), (19, 39), (36, 39), (15, 42), (35, 42), (14, 46), (34, 46), (13, 50), (33, 50), (12, 54), (32, 54), (12, 55), (32, 55), (13, 56), (28, 56), (29, 56), (30, 56), (31, 56), (14, 57), (24, 57), (25, 57), (26, 57), (27, 57), (15, 58), (20, 58), (21, 58), (22, 58), (23, 58), (16, 59), (17, 59), (18, 59), (19, 59)]
[(52, 35), (48, 36), (49, 36), (50, 36), (51, 36), (53, 36), (44, 37), (45, 37), (46, 37), (47, 37), (54, 37), (40, 38), (41, 38), (42, 38), (43, 38), (55, 38), (36, 39), (37, 39), (38, 39), (39, 39), (56, 39), (35, 42), (55, 42), (34, 46), (54, 46), (33, 50), (53, 50), (32, 54), (52, 54), (32, 55), (52, 55), (33, 56), (48, 56), (49, 56), (50, 56), (51, 56), (34, 57), (44, 57), (45, 57), (46, 57), (47, 57), (35, 58), (40, 58), (41, 58), (42, 58), (43, 58), (36, 59), (37, 59), (38, 59), (39, 59)]
[(52, 55), (48, 56), (49, 56), (50, 56), (51, 56), (53, 56), (44, 57), (45, 57), (46, 57), (47, 57), (54, 57), (40, 58), (41, 58), (42, 58), (43, 58), (55, 58), (36, 59), (37, 59), (38, 59), (39, 59), (56, 59), (35, 62), (55, 62), (34, 66), (54, 66), (33, 70), (53, 70), (32, 74), (52, 74), (32, 75), (52, 75), (33, 76), (48, 76), (49, 76), (50, 76), (51, 76), (34, 77), (44, 77), (45, 77), (46, 77), (47, 77), (35, 78), (40, 78), (41, 78), (42, 78), (43, 78), (36, 79), (37, 79), (38, 79), (39, 79)]
[(72, 55), (68, 56), (69, 56), (70, 56), (71, 56), (73, 56), (64, 57), (65, 57), (66, 57), (67, 57), (74, 57), (60, 58), (61, 58), (62, 58), (63, 58), (75, 58), (56, 59), (57, 59), (58, 59), (59, 59), (76, 59), (55, 62), (75, 62), (54, 66), (74, 66), (53, 70), (73, 70), (52, 74), (72, 74), (52, 75), (72, 75), (53, 76), (68, 76), (69, 76), (70, 76), (71, 76), (54, 77), (64, 77), (65, 77), (66, 77), (67, 77), (55, 78), (60, 78), (61, 78), (62, 78), (63, 78), (56, 79), (57, 79), (58, 79), (59, 79)]
[(72, 75), (68, 76), (69, 76), (70, 76), (71, 76), (73, 76), (64, 77), (65, 77), (66, 77), (67, 77), (74, 77), (60, 78), (61, 78), (62, 78), (63, 78), (75, 78), (56, 79), (57, 79), (58, 79), (59, 79), (76, 79), (55, 82), (75, 82), (54, 86), (74, 86), (53, 90), (73, 90), (52, 94), (72, 94), (52, 95), (72, 95), (53, 96), (68, 96), (69, 96), (70, 96), (71, 96), (54, 97), (64, 97), (65, 97), (66, 97), (67, 97), (55, 98), (60, 98), (61, 98), (62, 98), (63, 98), (56, 99), (57, 99), (58, 99), (59, 99)]
[(92, 75), (88, 76), (89, 76), (90, 76), (91, 76), (93, 76), (84, 77), (85, 77), (86, 77), (87, 77), (94, 77), (80, 78), (81, 78), (82, 78), (83, 78), (95, 78), (76, 79), (77, 79), (78, 79), (79, 79), (96, 79), (75, 82), (95, 82), (74, 86), (94, 86), (73, 90), (93, 90), (72, 94), (92, 94), (72, 95), (92, 95), (73, 96), (88, 96), (89, 96), (90, 96), (91, 96), (74, 97), (84, 97), (85, 97), (86, 97), (87, 97), (75, 98), (80, 98), (81, 98), (82, 98), (83, 98), (76, 99), (77, 99), (78, 99), (79, 99)]
[(92, 95), (88, 96), (89, 96), (90, 96), (91, 96), (93, 96), (84, 97), (85, 97), (86, 97), (87, 97), (94, 97), (80, 98), (81, 98), (82, 98), (83, 98), (95, 98), (76, 99), (77, 99), (78, 99), (79, 99), (96, 99), (75, 102), (95, 102), (74, 106), (94, 106), (73, 110), (93, 110), (72, 114), (92, 114)]
[(112, 95), (108, 96), (109, 96), (110, 96), (111, 96), (113, 96), (104, 97), (105, 97), (106, 97), (107, 97), (114, 97), (100, 98), (101, 98), (102, 98), (103, 98), (96, 99), (97, 99), (98, 99), (99, 99), (95, 102), (94, 106), (114, 106), (93, 110), (113, 110), (92, 114), (112, 114)]
[(12, 55), (8, 56), (9, 56), (10, 56), (11, 56), (13, 56), (4, 57), (5, 57), (6, 57), (7, 57), (14, 57), (0, 58), (1, 58), (2, 58), (3, 58), (15, 58), (16, 59), (15, 62), (14, 66), (13, 70), (12, 74), (12, 75), (8, 76), (9, 76), (10, 76), (11, 76), (4, 77), (5, 77), (6, 77), (7, 77), (0, 78), (1, 78), (2, 78), (3, 78)]
[(32, 55), (28, 56), (29, 56), (30, 56), (31, 56), (33, 56), (24, 57), (25, 57), (26, 57), (27, 57), (34, 57), (20, 58), (21, 58), (22, 58), (23, 58), (35, 58), (16, 59), (17, 59), (18, 59), (19, 59), (36, 59), (15, 62), (35, 62), (14, 66), (34, 66), (13, 70), (33, 70), (12, 74), (32, 74), (12, 75), (32, 75), (13, 76), (28, 76), (29, 76), (30, 76), (31, 76), (14, 77), (24, 77), (25, 77), (26, 77), (27, 77), (15, 78), (20, 78), (21, 78), (22, 78), (23, 78), (16, 79), (17, 79), (18, 79), (19, 79)]
[(32, 75), (28, 76), (29, 76), (30, 76), (31, 76), (33, 76), (24, 77), (25, 77), (26, 77), (27, 77), (34, 77), (20, 78), (21, 78), (22, 78), (23, 78), (35, 78), (16, 79), (17, 79), (18, 79), (19, 79), (36, 79), (15, 82), (35, 82), (14, 86), (34, 86), (13, 90), (33, 90), (12, 94), (32, 94), (12, 95), (32, 95), (13, 96), (28, 96), (29, 96), (30, 96), (31, 96), (14, 97), (24, 97), (25, 97), (26, 97), (27, 97), (15, 98), (20, 98), (21, 98), (22, 98), (23, 98), (16, 99), (17, 99), (18, 99), (19, 99)]
[(52, 75), (48, 76), (49, 76), (50, 76), (51, 76), (53, 76), (44, 77), (45, 77), (46, 77), (47, 77), (54, 77), (40, 78), (41, 78), (42, 78), (43, 78), (55, 78), (36, 79), (37, 79), (38, 79), (39, 79), (56, 79), (35, 82), (55, 82), (34, 86), (54, 86), (33, 90), (53, 90), (32, 94), (52, 94), (32, 95), (52, 95), (33, 96), (48, 96), (49, 96), (50, 96), (51, 96), (34, 97), (44, 97), (45, 97), (46, 97), (47, 97), (35, 98), (40, 98), (41, 98), (42, 98), (43, 98), (36, 99), (37, 99), (38, 99), (39, 99)]
[(52, 95), (48, 96), (49, 96), (50, 96), (51, 96), (53, 96), (44, 97), (45, 97), (46, 97), (47, 97), (54, 97), (40, 98), (41, 98), (42, 98), (43, 98), (55, 98), (36, 99), (37, 99), (38, 99), (39, 99), (56, 99), (35, 102), (55, 102), (34, 106), (54, 106), (33, 110), (53, 110), (32, 114), (52, 114)]
[(72, 95), (68, 96), (69, 96), (70, 96), (71, 96), (73, 96), (64, 97), (65, 97), (66, 97), (67, 97), (74, 97), (60, 98), (61, 98), (62, 98), (63, 98), (75, 98), (56, 99), (57, 99), (58, 99), (59, 99), (76, 99), (55, 102), (75, 102), (54, 106), (74, 106), (53, 110), (73, 110), (52, 114), (72, 114)]
[(12, 75), (8, 76), (9, 76), (10, 76), (11, 76), (13, 76), (4, 77), (5, 77), (6, 77), (7, 77), (14, 77), (0, 78), (1, 78), (2, 78), (3, 78), (15, 78), (16, 79), (15, 82), (14, 86), (13, 90), (12, 94), (12, 95), (8, 96), (9, 96), (10, 96), (11, 96), (4, 97), (5, 97), (6, 97), (7, 97), (0, 98), (1, 98), (2, 98), (3, 98)]
[(12, 95), (8, 96), (9, 96), (10, 96), (11, 96), (13, 96), (4, 97), (5, 97), (6, 97), (7, 97), (14, 97), (0, 98), (1, 98), (2, 98), (3, 98), (15, 98), (16, 99), (15, 102), (14, 106), (13, 110), (12, 114)]
[(32, 95), (28, 96), (29, 96), (30, 96), (31, 96), (33, 96), (24, 97), (25, 97), (26, 97), (27, 97), (34, 97), (20, 98), (21, 98), (22, 98), (23, 98), (35, 98), (16, 99), (17, 99), (18, 99), (19, 99), (36, 99), (15, 102), (35, 102), (14, 106), (34, 106), (13, 110), (33, 110), (12, 114), (32, 114)]
