[(95, 20), (96, 20), (92, 21), (93, 21), (94, 21), (97, 21), (89, 22), (90, 22), (91, 22), (86, 23), (87, 23), (88, 23), (83, 24), (84, 24), (85, 24), (96, 24), (80, 25), (81, 25), (82, 25), (76, 26), (77, 26), (78, 26), (79, 26), (95, 27), (75, 29), (94, 30), (74, 32), (93, 33), (73, 35), (92, 36), (72, 38), (91, 39), (71, 41), (90, 41), (91, 41), (87, 42), (88, 42), (89, 42), (84, 43), (85, 43), (86, 43), (70, 44), (81, 44), (82, 44), (83, 44), (78, 45), (79, 45), (80, 45), (70, 46), (75, 46), (76, 46), (77, 46), (71, 47), (72, 47), (73, 47), (74, 47)]
[(113, 16), (114, 16), (110, 17), (111, 17), (112, 17), (107, 18), (108, 18), (109, 18), (104, 19), (105, 19), (106, 19), (101, 20), (102, 20), (103, 20), (97, 21), (98, 21), (99, 21), (100, 21), (96, 24), (95, 27), (114, 28), (94, 30), (113, 31), (93, 33), (112, 34), (92, 36), (111, 36), (112, 36), (108, 37), (109, 37), (110, 37), (105, 38), (106, 38), (107, 38), (91, 39), (102, 39), (103, 39), (104, 39), (99, 40), (100, 40), (101, 40), (91, 41), (96, 41), (97, 41), (98, 41), (92, 42), (93, 42), (94, 42), (95, 42)]
[(111, 36), (112, 36), (108, 37), (109, 37), (110, 37), (113, 37), (105, 38), (106, 38), (107, 38), (102, 39), (103, 39), (104, 39), (99, 40), (100, 40), (101, 40), (112, 40), (96, 41), (97, 41), (98, 41), (92, 42), (93, 42), (94, 42), (95, 42), (111, 43), (91, 45), (110, 46), (90, 48), (109, 49), (89, 51), (108, 52), (88, 54), (107, 55), (87, 57), (106, 57), (107, 57), (103, 58), (104, 58), (105, 58), (100, 59), (101, 59), (102, 59), (86, 60), (97, 60), (98, 60), (99, 60), (94, 61), (95, 61), (96, 61), (86, 62), (91, 62), (92, 62), (93, 62), (87, 63), (88, 63), (89, 63), (90, 63)]
[(113, 37), (114, 37), (112, 40), (111, 43), (110, 46), (109, 49), (108, 52), (107, 55), (107, 57), (112, 57), (113, 57), (114, 57), (108, 58), (109, 58), (110, 58), (111, 58)]
[(112, 57), (113, 57), (114, 57), (108, 58), (109, 58), (110, 58), (111, 58), (107, 61), (106, 64), (105, 67), (104, 70), (103, 73), (102, 76), (113, 76), (114, 76), (110, 77), (111, 77), (112, 77), (102, 78), (107, 78), (108, 78), (109, 78), (103, 79), (104, 79), (105, 79), (106, 79)]
[(53, 30), (54, 30), (50, 31), (51, 31), (52, 31), (55, 31), (47, 32), (48, 32), (49, 32), (44, 33), (45, 33), (46, 33), (41, 34), (42, 34), (43, 34), (54, 34), (38, 35), (39, 35), (40, 35), (34, 36), (35, 36), (36, 36), (37, 36), (53, 37), (33, 39), (52, 40), (32, 42), (51, 43), (31, 45), (50, 46), (30, 48), (49, 49), (29, 51), (48, 51), (49, 51), (45, 52), (46, 52), (47, 52), (42, 53), (43, 53), (44, 53), (28, 54), (39, 54), (40, 54), (41, 54), (36, 55), (37, 55), (38, 55), (28, 56), (33, 56), (34, 56), (35, 56), (29, 57), (30, 57), (31, 57), (32, 57)]
[(74, 25), (75, 25), (71, 26), (72, 26), (73, 26), (76, 26), (68, 27), (69, 27), (70, 27), (65, 28), (66, 28), (67, 28), (62, 29), (63, 29), (64, 29), (75, 29), (59, 30), (60, 30), (61, 30), (55, 31), (56, 31), (57, 31), (58, 31), (74, 32), (54, 34), (73, 35), (53, 37), (72, 38), (52, 40), (71, 41), (51, 43), (70, 44), (50, 46), (69, 46), (70, 46), (66, 47), (67, 47), (68, 47), (63, 48), (64, 48), (65, 48), (49, 49), (60, 49), (61, 49), (62, 49), (57, 50), (58, 50), (59, 50), (49, 51), (54, 51), (55, 51), (56, 51), (50, 52), (51, 52), (52, 52), (53, 52)]
[(69, 46), (70, 46), (66, 47), (67, 47), (68, 47), (71, 47), (63, 48), (64, 48), (65, 48), (60, 49), (61, 49), (62, 49), (57, 50), (58, 50), (59, 50), (70, 50), (54, 51), (55, 51), (56, 51), (50, 52), (51, 52), (52, 52), (53, 52), (69, 53), (49, 55), (68, 56), (48, 58), (67, 59), (47, 61), (66, 62), (46, 64), (65, 65), (45, 67), (64, 67), (65, 67), (61, 68), (62, 68), (63, 68), (58, 69), (59, 69), (60, 69), (44, 70), (55, 70), (56, 70), (57, 70), (52, 71), (53, 71), (54, 71), (44, 72), (49, 72), (50, 72), (51, 72), (45, 73), (46, 73), (47, 73), (48, 73)]
[(90, 41), (91, 41), (87, 42), (88, 42), (89, 42), (92, 42), (84, 43), (85, 43), (86, 43), (81, 44), (82, 44), (83, 44), (78, 45), (79, 45), (80, 45), (91, 45), (75, 46), (76, 46), (77, 46), (71, 47), (72, 47), (73, 47), (74, 47), (90, 48), (70, 50), (89, 51), (69, 53), (88, 54), (68, 56), (87, 57), (67, 59), (86, 60), (66, 62), (85, 62), (86, 62), (82, 63), (83, 63), (84, 63), (79, 64), (80, 64), (81, 64), (65, 65), (76, 65), (77, 65), (78, 65), (73, 66), (74, 66), (75, 66), (65, 67), (70, 67), (71, 67), (72, 67), (66, 68), (67, 68), (68, 68), (69, 68)]
[(85, 62), (86, 62), (82, 63), (83, 63), (84, 63), (87, 63), (79, 64), (80, 64), (81, 64), (76, 65), (77, 65), (78, 65), (73, 66), (74, 66), (75, 66), (86, 66), (70, 67), (71, 67), (72, 67), (66, 68), (67, 68), (68, 68), (69, 68), (85, 69), (65, 71), (84, 72), (64, 74), (83, 75), (63, 77), (82, 78), (62, 80), (81, 81), (61, 83), (80, 83), (81, 83), (77, 84), (78, 84), (79, 84), (74, 85), (75, 85), (76, 85), (60, 86), (71, 86), (72, 86), (73, 86), (68, 87), (69, 87), (70, 87), (60, 88), (65, 88), (66, 88), (67, 88), (61, 89), (62, 89), (63, 89), (64, 89)]
[(106, 57), (107, 57), (103, 58), (104, 58), (105, 58), (108, 58), (100, 59), (101, 59), (102, 59), (97, 60), (98, 60), (99, 60), (94, 61), (95, 61), (96, 61), (107, 61), (91, 62), (92, 62), (93, 62), (87, 63), (88, 63), (89, 63), (90, 63), (106, 64), (86, 66), (105, 67), (85, 69), (104, 70), (84, 72), (103, 73), (83, 75), (102, 76), (82, 78), (101, 78), (102, 78), (98, 79), (99, 79), (100, 79), (95, 80), (96, 80), (97, 80), (81, 81), (92, 81), (93, 81), (94, 81), (89, 82), (90, 82), (91, 82), (81, 83), (86, 83), (87, 83), (88, 83), (82, 84), (83, 84), (84, 84), (85, 84)]
[(101, 78), (102, 78), (98, 79), (99, 79), (100, 79), (103, 79), (95, 80), (96, 80), (97, 80), (92, 81), (93, 81), (94, 81), (89, 82), (90, 82), (91, 82), (102, 82), (86, 83), (87, 83), (88, 83), (82, 84), (83, 84), (84, 84), (85, 84), (101, 85), (81, 87), (100, 88), (80, 90), (99, 91), (79, 93), (98, 94), (78, 96), (97, 97), (77, 99), (96, 99), (97, 99), (93, 100), (94, 100), (95, 100), (90, 101), (91, 101), (92, 101), (76, 102), (87, 102), (88, 102), (89, 102), (84, 103), (85, 103), (86, 103), (76, 104), (81, 104), (82, 104), (83, 104), (77, 105), (78, 105), (79, 105), (80, 105)]
[(113, 76), (114, 76), (110, 77), (111, 77), (112, 77), (107, 78), (108, 78), (109, 78), (103, 79), (104, 79), (105, 79), (106, 79), (102, 82), (101, 85), (100, 88), (99, 91), (98, 94), (114, 95), (111, 96), (112, 96), (113, 96), (97, 97), (108, 97), (109, 97), (110, 97), (105, 98), (106, 98), (107, 98), (97, 99), (102, 99), (103, 99), (104, 99), (98, 100), (99, 100), (100, 100), (101, 100)]
[(114, 95), (111, 96), (112, 96), (113, 96), (108, 97), (109, 97), (110, 97), (105, 98), (106, 98), (107, 98), (102, 99), (103, 99), (104, 99), (98, 100), (99, 100), (100, 100), (101, 100), (97, 103), (96, 106), (95, 109), (114, 110), (94, 112), (113, 113)]
[(114, 110), (113, 113)]
[(27, 56), (28, 56), (24, 57), (25, 57), (26, 57), (29, 57), (21, 58), (22, 58), (23, 58), (18, 59), (19, 59), (20, 59), (15, 60), (16, 60), (17, 60), (28, 60), (12, 61), (13, 61), (14, 61), (8, 62), (9, 62), (10, 62), (11, 62), (27, 63), (7, 65), (26, 66), (6, 68), (25, 69), (5, 71), (24, 72), (4, 74), (23, 75), (3, 77), (22, 77), (23, 77), (19, 78), (20, 78), (21, 78), (16, 79), (17, 79), (18, 79), (2, 80), (13, 80), (14, 80), (15, 80), (10, 81), (11, 81), (12, 81), (2, 82), (7, 82), (8, 82), (9, 82), (3, 83), (4, 83), (5, 83), (6, 83)]
[(48, 51), (49, 51), (45, 52), (46, 52), (47, 52), (50, 52), (42, 53), (43, 53), (44, 53), (39, 54), (40, 54), (41, 54), (36, 55), (37, 55), (38, 55), (49, 55), (33, 56), (34, 56), (35, 56), (29, 57), (30, 57), (31, 57), (32, 57), (48, 58), (28, 60), (47, 61), (27, 63), (46, 64), (26, 66), (45, 67), (25, 69), (44, 70), (24, 72), (43, 72), (44, 72), (40, 73), (41, 73), (42, 73), (37, 74), (38, 74), (39, 74), (23, 75), (34, 75), (35, 75), (36, 75), (31, 76), (32, 76), (33, 76), (23, 77), (28, 77), (29, 77), (30, 77), (24, 78), (25, 78), (26, 78), (27, 78)]
[(43, 72), (44, 72), (40, 73), (41, 73), (42, 73), (45, 73), (37, 74), (38, 74), (39, 74), (34, 75), (35, 75), (36, 75), (31, 76), (32, 76), (33, 76), (44, 76), (28, 77), (29, 77), (30, 77), (24, 78), (25, 78), (26, 78), (27, 78), (43, 79), (23, 81), (42, 82), (22, 84), (41, 85), (21, 87), (40, 88), (20, 90), (39, 91), (19, 93), (38, 93), (39, 93), (35, 94), (36, 94), (37, 94), (32, 95), (33, 95), (34, 95), (18, 96), (29, 96), (30, 96), (31, 96), (26, 97), (27, 97), (28, 97), (18, 98), (23, 98), (24, 98), (25, 98), (19, 99), (20, 99), (21, 99), (22, 99)]
[(64, 67), (65, 67), (61, 68), (62, 68), (63, 68), (66, 68), (58, 69), (59, 69), (60, 69), (55, 70), (56, 70), (57, 70), (52, 71), (53, 71), (54, 71), (65, 71), (49, 72), (50, 72), (51, 72), (45, 73), (46, 73), (47, 73), (48, 73), (64, 74), (44, 76), (63, 77), (43, 79), (62, 80), (42, 82), (61, 83), (41, 85), (60, 86), (40, 88), (59, 88), (60, 88), (56, 89), (57, 89), (58, 89), (53, 90), (54, 90), (55, 90), (39, 91), (50, 91), (51, 91), (52, 91), (47, 92), (48, 92), (49, 92), (39, 93), (44, 93), (45, 93), (46, 93), (40, 94), (41, 94), (42, 94), (43, 94)]
[(59, 88), (60, 88), (56, 89), (57, 89), (58, 89), (61, 89), (53, 90), (54, 90), (55, 90), (50, 91), (51, 91), (52, 91), (47, 92), (48, 92), (49, 92), (60, 92), (44, 93), (45, 93), (46, 93), (40, 94), (41, 94), (42, 94), (43, 94), (59, 95), (39, 97), (58, 98), (38, 100), (57, 101), (37, 103), (56, 104), (36, 106), (55, 107), (35, 109), (54, 109), (55, 109), (51, 110), (52, 110), (53, 110), (48, 111), (49, 111), (50, 111), (34, 112), (45, 112), (46, 112), (47, 112), (42, 113), (43, 113), (44, 113), (34, 114), (39, 114), (40, 114), (41, 114)]
[(80, 83), (81, 83), (77, 84), (78, 84), (79, 84), (82, 84), (74, 85), (75, 85), (76, 85), (71, 86), (72, 86), (73, 86), (68, 87), (69, 87), (70, 87), (81, 87), (65, 88), (66, 88), (67, 88), (61, 89), (62, 89), (63, 89), (64, 89), (80, 90), (60, 92), (79, 93), (59, 95), (78, 96), (58, 98), (77, 99), (57, 101), (76, 102), (56, 104), (75, 104), (76, 104), (72, 105), (73, 105), (74, 105), (69, 106), (70, 106), (71, 106), (55, 107), (66, 107), (67, 107), (68, 107), (63, 108), (64, 108), (65, 108), (55, 109), (60, 109), (61, 109), (62, 109), (56, 110), (57, 110), (58, 110), (59, 110)]
[(75, 104), (76, 104), (72, 105), (73, 105), (74, 105), (77, 105), (69, 106), (70, 106), (71, 106), (66, 107), (67, 107), (68, 107), (63, 108), (64, 108), (65, 108), (76, 108), (60, 109), (61, 109), (62, 109), (56, 110), (57, 110), (58, 110), (59, 110), (75, 111), (55, 113), (74, 114)]
[(96, 99), (97, 99), (93, 100), (94, 100), (95, 100), (98, 100), (90, 101), (91, 101), (92, 101), (87, 102), (88, 102), (89, 102), (84, 103), (85, 103), (86, 103), (97, 103), (81, 104), (82, 104), (83, 104), (77, 105), (78, 105), (79, 105), (80, 105), (96, 106), (76, 108), (95, 109), (75, 111), (94, 112), (74, 114)]
[(22, 77), (23, 77), (19, 78), (20, 78), (21, 78), (24, 78), (16, 79), (17, 79), (18, 79), (13, 80), (14, 80), (15, 80), (10, 81), (11, 81), (12, 81), (23, 81), (7, 82), (8, 82), (9, 82), (3, 83), (4, 83), (5, 83), (6, 83), (22, 84), (2, 86), (21, 87), (1, 89), (20, 90), (0, 92), (19, 93), (18, 96), (17, 98), (18, 98), (14, 99), (15, 99), (16, 99), (11, 100), (12, 100), (13, 100), (8, 101), (9, 101), (10, 101), (5, 102), (6, 102), (7, 102), (2, 103), (3, 103), (4, 103), (0, 104), (1, 104)]
[(17, 98), (18, 98), (14, 99), (15, 99), (16, 99), (19, 99), (11, 100), (12, 100), (13, 100), (8, 101), (9, 101), (10, 101), (5, 102), (6, 102), (7, 102), (18, 102), (2, 103), (3, 103), (4, 103), (0, 104), (1, 104), (17, 105), (16, 108), (15, 111), (14, 114)]
[(38, 93), (39, 93), (35, 94), (36, 94), (37, 94), (40, 94), (32, 95), (33, 95), (34, 95), (29, 96), (30, 96), (31, 96), (26, 97), (27, 97), (28, 97), (39, 97), (23, 98), (24, 98), (25, 98), (19, 99), (20, 99), (21, 99), (22, 99), (38, 100), (18, 102), (37, 103), (17, 105), (36, 106), (16, 108), (35, 109), (15, 111), (34, 112), (14, 114), (33, 114), (34, 114)]
[(33, 114), (34, 114)]
[(54, 109), (55, 109), (51, 110), (52, 110), (53, 110), (56, 110), (48, 111), (49, 111), (50, 111), (45, 112), (46, 112), (47, 112), (42, 113), (43, 113), (44, 113), (55, 113), (39, 114), (40, 114), (41, 114)]
