[(114, 18), (112, 19), (113, 19), (109, 20), (110, 20), (111, 20), (106, 21), (107, 21), (108, 21), (103, 22), (104, 22), (105, 22), (100, 23), (101, 23), (102, 23), (97, 24), (98, 24), (99, 24), (94, 25), (95, 25), (96, 25), (93, 27), (92, 30), (91, 33), (90, 36), (114, 38), (89, 39), (113, 41), (88, 42), (87, 44), (111, 44), (112, 44), (113, 44), (108, 45), (109, 45), (110, 45), (106, 46), (107, 46), (86, 47), (103, 47), (104, 47), (105, 47), (100, 48), (101, 48), (102, 48), (97, 49), (98, 49), (99, 49), (85, 50), (86, 50), (94, 50), (95, 50), (96, 50), (87, 51), (91, 51), (92, 51), (93, 51), (88, 52), (89, 52), (90, 52)]
[(114, 38), (113, 41), (112, 44), (113, 44), (114, 45)]
[(114, 48), (113, 51), (112, 54), (111, 57), (110, 60), (109, 63), (108, 65), (107, 68), (106, 71), (107, 71), (108, 72), (112, 72), (113, 72), (114, 72), (109, 73), (110, 73), (111, 73)]
[(63, 29), (64, 29), (65, 29), (60, 30), (61, 30), (62, 30), (66, 30), (58, 31), (59, 31), (67, 31), (55, 32), (56, 32), (57, 32), (52, 33), (53, 33), (54, 33), (66, 33), (49, 34), (50, 34), (51, 34), (46, 35), (47, 35), (48, 35), (43, 36), (44, 36), (45, 36), (65, 36), (40, 37), (41, 37), (42, 37), (39, 39), (64, 39), (38, 42), (63, 42), (37, 45), (62, 45), (36, 48), (61, 48), (60, 50), (35, 51), (59, 53), (34, 54), (33, 56), (57, 56), (58, 56), (59, 56), (54, 57), (55, 57), (56, 57), (52, 58), (53, 58), (32, 59), (49, 59), (50, 59), (51, 59), (46, 60), (47, 60), (48, 60), (43, 61), (44, 61), (45, 61), (31, 62), (32, 62), (40, 62), (41, 62), (42, 62), (33, 63), (37, 63), (38, 63), (39, 63), (34, 64), (35, 64), (36, 64)]
[(90, 23), (91, 23), (92, 23), (87, 24), (88, 24), (89, 24), (93, 24), (85, 25), (86, 25), (94, 25), (82, 26), (83, 26), (84, 26), (79, 27), (80, 27), (81, 27), (93, 27), (76, 28), (77, 28), (78, 28), (73, 29), (74, 29), (75, 29), (70, 30), (71, 30), (72, 30), (92, 30), (67, 31), (68, 31), (69, 31), (66, 33), (91, 33), (65, 36), (90, 36), (64, 39), (89, 39), (63, 42), (88, 42), (87, 44), (62, 45), (86, 47), (61, 48), (60, 50), (84, 50), (85, 50), (86, 50), (81, 51), (82, 51), (83, 51), (79, 52), (80, 52), (59, 53), (76, 53), (77, 53), (78, 53), (73, 54), (74, 54), (75, 54), (70, 55), (71, 55), (72, 55), (58, 56), (59, 56), (67, 56), (68, 56), (69, 56), (60, 57), (64, 57), (65, 57), (66, 57), (61, 58), (62, 58), (63, 58)]
[(84, 50), (85, 50), (86, 50), (81, 51), (82, 51), (83, 51), (87, 51), (79, 52), (80, 52), (88, 52), (76, 53), (77, 53), (78, 53), (73, 54), (74, 54), (75, 54), (87, 54), (70, 55), (71, 55), (72, 55), (67, 56), (68, 56), (69, 56), (64, 57), (65, 57), (66, 57), (86, 57), (61, 58), (62, 58), (63, 58), (60, 60), (85, 60), (59, 63), (84, 63), (58, 66), (83, 66), (57, 69), (82, 69), (81, 71), (56, 72), (80, 74), (55, 75), (54, 77), (78, 77), (79, 77), (80, 77), (75, 78), (76, 78), (77, 78), (73, 79), (74, 79), (53, 80), (70, 80), (71, 80), (72, 80), (67, 81), (68, 81), (69, 81), (64, 82), (65, 82), (66, 82), (52, 83), (53, 83), (61, 83), (62, 83), (63, 83), (54, 84), (58, 84), (59, 84), (60, 84), (55, 85), (56, 85), (57, 85)]
[(111, 44), (112, 44), (113, 44), (108, 45), (109, 45), (110, 45), (114, 45), (106, 46), (107, 46), (103, 47), (104, 47), (105, 47), (100, 48), (101, 48), (102, 48), (114, 48), (97, 49), (98, 49), (99, 49), (94, 50), (95, 50), (96, 50), (91, 51), (92, 51), (93, 51), (113, 51), (88, 52), (89, 52), (90, 52), (87, 54), (112, 54), (86, 57), (111, 57), (85, 60), (110, 60), (84, 63), (109, 63), (108, 65), (83, 66), (107, 68), (82, 69), (81, 71), (105, 71), (106, 71), (107, 71), (102, 72), (103, 72), (104, 72), (100, 73), (101, 73), (80, 74), (97, 74), (98, 74), (99, 74), (94, 75), (95, 75), (96, 75), (91, 76), (92, 76), (93, 76), (79, 77), (80, 77), (88, 77), (89, 77), (90, 77), (81, 78), (85, 78), (86, 78), (87, 78), (82, 79), (83, 79), (84, 79)]
[(105, 71), (106, 71), (107, 71), (102, 72), (103, 72), (104, 72), (108, 72), (100, 73), (101, 73), (109, 73), (97, 74), (98, 74), (99, 74), (94, 75), (95, 75), (96, 75), (108, 75), (91, 76), (92, 76), (93, 76), (88, 77), (89, 77), (90, 77), (85, 78), (86, 78), (87, 78), (107, 78), (82, 79), (83, 79), (84, 79), (81, 81), (106, 81), (80, 84), (105, 84), (79, 87), (104, 87), (78, 90), (103, 90), (102, 92), (77, 93), (101, 95), (76, 96), (75, 98), (99, 98), (100, 98), (101, 98), (96, 99), (97, 99), (98, 99), (94, 100), (95, 100), (74, 101), (91, 101), (92, 101), (93, 101), (88, 102), (89, 102), (90, 102), (85, 103), (86, 103), (87, 103), (73, 104), (74, 104), (82, 104), (83, 104), (84, 104), (75, 105), (79, 105), (80, 105), (81, 105), (76, 106), (77, 106), (78, 106)]
[(112, 72), (113, 72), (114, 72), (109, 73), (110, 73), (111, 73), (108, 75), (107, 78), (106, 81), (105, 84), (104, 87), (103, 90), (102, 92), (101, 95), (112, 97), (113, 97), (114, 97), (100, 98), (101, 98), (109, 98), (110, 98), (111, 98), (102, 99), (106, 99), (107, 99), (108, 99), (103, 100), (104, 100), (105, 100)]
[(112, 97), (113, 97), (114, 97), (109, 98), (110, 98), (111, 98), (106, 99), (107, 99), (108, 99), (103, 100), (104, 100), (105, 100), (102, 102), (101, 105), (100, 108), (99, 111), (98, 114)]
[(30, 62), (31, 62), (32, 62), (27, 63), (28, 63), (29, 63), (33, 63), (25, 64), (26, 64), (34, 64), (22, 65), (23, 65), (24, 65), (19, 66), (20, 66), (21, 66), (33, 66), (16, 67), (17, 67), (18, 67), (13, 68), (14, 68), (15, 68), (10, 69), (11, 69), (12, 69), (32, 69), (7, 70), (8, 70), (9, 70), (6, 72), (31, 72), (5, 75), (30, 75), (4, 78), (29, 78), (3, 81), (28, 81), (27, 83), (2, 84), (26, 86), (1, 87), (0, 89), (24, 89), (25, 89), (26, 89), (21, 90), (22, 90), (23, 90), (19, 91), (20, 91), (16, 92), (17, 92), (18, 92), (13, 93), (14, 93), (15, 93), (10, 94), (11, 94), (12, 94), (7, 95), (8, 95), (9, 95), (0, 96), (4, 96), (5, 96), (6, 96), (1, 97), (2, 97), (3, 97)]
[(57, 56), (58, 56), (59, 56), (54, 57), (55, 57), (56, 57), (60, 57), (52, 58), (53, 58), (61, 58), (49, 59), (50, 59), (51, 59), (46, 60), (47, 60), (48, 60), (60, 60), (43, 61), (44, 61), (45, 61), (40, 62), (41, 62), (42, 62), (37, 63), (38, 63), (39, 63), (59, 63), (34, 64), (35, 64), (36, 64), (33, 66), (58, 66), (32, 69), (57, 69), (31, 72), (56, 72), (30, 75), (55, 75), (54, 77), (29, 78), (53, 80), (28, 81), (27, 83), (51, 83), (52, 83), (53, 83), (48, 84), (49, 84), (50, 84), (46, 85), (47, 85), (26, 86), (43, 86), (44, 86), (45, 86), (40, 87), (41, 87), (42, 87), (37, 88), (38, 88), (39, 88), (25, 89), (26, 89), (34, 89), (35, 89), (36, 89), (27, 90), (31, 90), (32, 90), (33, 90), (28, 91), (29, 91), (30, 91)]
[(51, 83), (52, 83), (53, 83), (48, 84), (49, 84), (50, 84), (54, 84), (46, 85), (47, 85), (55, 85), (43, 86), (44, 86), (45, 86), (40, 87), (41, 87), (42, 87), (54, 87), (37, 88), (38, 88), (39, 88), (34, 89), (35, 89), (36, 89), (31, 90), (32, 90), (33, 90), (53, 90), (28, 91), (29, 91), (30, 91), (27, 93), (52, 93), (26, 96), (51, 96), (25, 99), (50, 99), (24, 102), (49, 102), (48, 104), (23, 105), (47, 107), (22, 108), (21, 110), (45, 110), (46, 110), (47, 110), (42, 111), (43, 111), (44, 111), (40, 112), (41, 112), (20, 113), (37, 113), (38, 113), (39, 113), (34, 114), (35, 114), (36, 114)]
[(78, 77), (79, 77), (80, 77), (75, 78), (76, 78), (77, 78), (81, 78), (73, 79), (74, 79), (82, 79), (70, 80), (71, 80), (72, 80), (67, 81), (68, 81), (69, 81), (81, 81), (64, 82), (65, 82), (66, 82), (61, 83), (62, 83), (63, 83), (58, 84), (59, 84), (60, 84), (80, 84), (55, 85), (56, 85), (57, 85), (54, 87), (79, 87), (53, 90), (78, 90), (52, 93), (77, 93), (51, 96), (76, 96), (75, 98), (50, 99), (74, 101), (49, 102), (48, 104), (72, 104), (73, 104), (74, 104), (69, 105), (70, 105), (71, 105), (67, 106), (68, 106), (47, 107), (64, 107), (65, 107), (66, 107), (61, 108), (62, 108), (63, 108), (58, 109), (59, 109), (60, 109), (46, 110), (47, 110), (55, 110), (56, 110), (57, 110), (48, 111), (52, 111), (53, 111), (54, 111), (49, 112), (50, 112), (51, 112)]
[(72, 104), (73, 104), (74, 104), (69, 105), (70, 105), (71, 105), (75, 105), (67, 106), (68, 106), (76, 106), (64, 107), (65, 107), (66, 107), (61, 108), (62, 108), (63, 108), (75, 108), (58, 109), (59, 109), (60, 109), (55, 110), (56, 110), (57, 110), (52, 111), (53, 111), (54, 111), (74, 111), (49, 112), (50, 112), (51, 112), (48, 114), (73, 114)]
[(99, 98), (100, 98), (101, 98), (96, 99), (97, 99), (98, 99), (102, 99), (94, 100), (95, 100), (103, 100), (91, 101), (92, 101), (93, 101), (88, 102), (89, 102), (90, 102), (102, 102), (85, 103), (86, 103), (87, 103), (82, 104), (83, 104), (84, 104), (79, 105), (80, 105), (81, 105), (101, 105), (76, 106), (77, 106), (78, 106), (75, 108), (100, 108), (74, 111), (99, 111), (73, 114), (98, 114)]
[(24, 89), (25, 89), (26, 89), (21, 90), (22, 90), (23, 90), (27, 90), (19, 91), (20, 91), (28, 91), (16, 92), (17, 92), (18, 92), (13, 93), (14, 93), (15, 93), (27, 93), (10, 94), (11, 94), (12, 94), (7, 95), (8, 95), (9, 95), (4, 96), (5, 96), (6, 96), (26, 96), (1, 97), (2, 97), (3, 97), (0, 99), (25, 99), (24, 102), (23, 105), (22, 108), (21, 110), (20, 113)]
[(45, 110), (46, 110), (47, 110), (42, 111), (43, 111), (44, 111), (48, 111), (40, 112), (41, 112), (49, 112), (37, 113), (38, 113), (39, 113), (34, 114), (35, 114), (36, 114), (48, 114)]
