[(112, 26), (113, 26), (114, 26), (110, 27), (111, 27), (107, 28), (108, 28), (109, 28), (105, 29), (106, 29), (102, 30), (103, 30), (104, 30), (100, 31), (101, 31), (97, 32), (98, 32), (99, 32), (94, 33), (95, 33), (96, 33), (93, 35), (92, 38), (91, 40), (90, 43), (89, 45), (88, 48), (87, 50), (114, 50), (86, 53), (87, 53), (112, 53), (113, 53), (114, 53), (88, 54), (110, 54), (111, 54), (89, 55), (107, 55), (108, 55), (109, 55), (90, 56), (105, 56), (106, 56), (91, 57), (102, 57), (103, 57), (104, 57), (92, 58), (100, 58), (101, 58), (93, 59), (97, 59), (98, 59), (99, 59), (94, 60), (95, 60), (96, 60)]
[(114, 50), (113, 53), (114, 53)]
[(114, 77), (113, 80), (114, 80)]
[(58, 26), (59, 26), (60, 26), (56, 27), (57, 27), (61, 27), (53, 28), (54, 28), (55, 28), (62, 28), (51, 29), (52, 29), (63, 29), (48, 30), (49, 30), (50, 30), (64, 30), (46, 31), (47, 31), (65, 31), (43, 32), (44, 32), (45, 32), (66, 32), (40, 33), (41, 33), (42, 33), (67, 33), (39, 35), (66, 35), (38, 38), (65, 38), (37, 40), (64, 40), (36, 43), (63, 43), (35, 45), (62, 45), (34, 48), (61, 48), (33, 50), (60, 50), (32, 53), (33, 53), (58, 53), (59, 53), (60, 53), (34, 54), (56, 54), (57, 54), (35, 55), (53, 55), (54, 55), (55, 55), (36, 56), (51, 56), (52, 56), (37, 57), (48, 57), (49, 57), (50, 57), (38, 58), (46, 58), (47, 58), (39, 59), (43, 59), (44, 59), (45, 59), (40, 60), (41, 60), (42, 60)]
[(85, 26), (86, 26), (87, 26), (83, 27), (84, 27), (88, 27), (80, 28), (81, 28), (82, 28), (89, 28), (78, 29), (79, 29), (90, 29), (75, 30), (76, 30), (77, 30), (91, 30), (73, 31), (74, 31), (92, 31), (70, 32), (71, 32), (72, 32), (93, 32), (67, 33), (68, 33), (69, 33), (94, 33), (66, 35), (93, 35), (65, 38), (92, 38), (64, 40), (91, 40), (63, 43), (90, 43), (62, 45), (89, 45), (61, 48), (88, 48), (60, 50), (87, 50), (59, 53), (60, 53), (85, 53), (86, 53), (87, 53), (61, 54), (83, 54), (84, 54), (62, 55), (80, 55), (81, 55), (82, 55), (63, 56), (78, 56), (79, 56), (64, 57), (75, 57), (76, 57), (77, 57), (65, 58), (73, 58), (74, 58), (66, 59), (70, 59), (71, 59), (72, 59), (67, 60), (68, 60), (69, 60)]
[(85, 53), (86, 53), (87, 53), (83, 54), (84, 54), (88, 54), (80, 55), (81, 55), (82, 55), (89, 55), (78, 56), (79, 56), (90, 56), (75, 57), (76, 57), (77, 57), (91, 57), (73, 58), (74, 58), (92, 58), (70, 59), (71, 59), (72, 59), (93, 59), (67, 60), (68, 60), (69, 60), (94, 60), (66, 62), (93, 62), (65, 65), (92, 65), (64, 67), (91, 67), (63, 70), (90, 70), (62, 72), (89, 72), (61, 75), (88, 75), (60, 77), (87, 77), (59, 80), (60, 80), (85, 80), (86, 80), (87, 80), (61, 81), (83, 81), (84, 81), (62, 82), (80, 82), (81, 82), (82, 82), (63, 83), (78, 83), (79, 83), (64, 84), (75, 84), (76, 84), (77, 84), (65, 85), (73, 85), (74, 85), (66, 86), (70, 86), (71, 86), (72, 86), (67, 87), (68, 87), (69, 87)]
[(112, 53), (113, 53), (114, 53), (110, 54), (111, 54), (107, 55), (108, 55), (109, 55), (105, 56), (106, 56), (102, 57), (103, 57), (104, 57), (100, 58), (101, 58), (97, 59), (98, 59), (99, 59), (94, 60), (95, 60), (96, 60), (93, 62), (92, 65), (91, 67), (90, 70), (89, 72), (88, 75), (87, 77), (114, 77), (86, 80), (87, 80), (112, 80), (113, 80), (114, 80), (88, 81), (110, 81), (111, 81), (89, 82), (107, 82), (108, 82), (109, 82), (90, 83), (105, 83), (106, 83), (91, 84), (102, 84), (103, 84), (104, 84), (92, 85), (100, 85), (101, 85), (93, 86), (97, 86), (98, 86), (99, 86), (94, 87), (95, 87), (96, 87)]
[(112, 80), (113, 80), (114, 80), (110, 81), (111, 81), (107, 82), (108, 82), (109, 82), (105, 83), (106, 83), (102, 84), (103, 84), (104, 84), (100, 85), (101, 85), (97, 86), (98, 86), (99, 86), (94, 87), (95, 87), (96, 87), (93, 89), (92, 92), (91, 94), (90, 97), (89, 99), (88, 102), (87, 104), (114, 104), (86, 107), (87, 107), (112, 107), (113, 107), (114, 107), (88, 108), (110, 108), (111, 108), (89, 109), (107, 109), (108, 109), (109, 109), (90, 110), (105, 110), (106, 110), (91, 111), (102, 111), (103, 111), (104, 111), (92, 112), (100, 112), (101, 112), (93, 113), (97, 113), (98, 113), (99, 113), (94, 114), (95, 114), (96, 114)]
[(114, 104), (113, 107), (114, 107)]
[(31, 53), (32, 53), (33, 53), (29, 54), (30, 54), (34, 54), (26, 55), (27, 55), (28, 55), (35, 55), (24, 56), (25, 56), (36, 56), (21, 57), (22, 57), (23, 57), (37, 57), (19, 58), (20, 58), (38, 58), (16, 59), (17, 59), (18, 59), (39, 59), (13, 60), (14, 60), (15, 60), (40, 60), (12, 62), (39, 62), (11, 65), (38, 65), (10, 67), (37, 67), (9, 70), (36, 70), (8, 72), (35, 72), (7, 75), (34, 75), (6, 77), (33, 77), (5, 80), (6, 80), (31, 80), (32, 80), (33, 80), (7, 81), (29, 81), (30, 81), (8, 82), (26, 82), (27, 82), (28, 82), (9, 83), (24, 83), (25, 83), (10, 84), (21, 84), (22, 84), (23, 84), (11, 85), (19, 85), (20, 85), (12, 86), (16, 86), (17, 86), (18, 86), (13, 87), (14, 87), (15, 87)]
[(58, 53), (59, 53), (60, 53), (56, 54), (57, 54), (61, 54), (53, 55), (54, 55), (55, 55), (62, 55), (51, 56), (52, 56), (63, 56), (48, 57), (49, 57), (50, 57), (64, 57), (46, 58), (47, 58), (65, 58), (43, 59), (44, 59), (45, 59), (66, 59), (40, 60), (41, 60), (42, 60), (67, 60), (39, 62), (66, 62), (38, 65), (65, 65), (37, 67), (64, 67), (36, 70), (63, 70), (35, 72), (62, 72), (34, 75), (61, 75), (33, 77), (60, 77), (32, 80), (33, 80), (58, 80), (59, 80), (60, 80), (34, 81), (56, 81), (57, 81), (35, 82), (53, 82), (54, 82), (55, 82), (36, 83), (51, 83), (52, 83), (37, 84), (48, 84), (49, 84), (50, 84), (38, 85), (46, 85), (47, 85), (39, 86), (43, 86), (44, 86), (45, 86), (40, 87), (41, 87), (42, 87)]
[(58, 80), (59, 80), (60, 80), (56, 81), (57, 81), (61, 81), (53, 82), (54, 82), (55, 82), (62, 82), (51, 83), (52, 83), (63, 83), (48, 84), (49, 84), (50, 84), (64, 84), (46, 85), (47, 85), (65, 85), (43, 86), (44, 86), (45, 86), (66, 86), (40, 87), (41, 87), (42, 87), (67, 87), (39, 89), (66, 89), (38, 92), (65, 92), (37, 94), (64, 94), (36, 97), (63, 97), (35, 99), (62, 99), (34, 102), (61, 102), (33, 104), (60, 104), (32, 107), (33, 107), (58, 107), (59, 107), (60, 107), (34, 108), (56, 108), (57, 108), (35, 109), (53, 109), (54, 109), (55, 109), (36, 110), (51, 110), (52, 110), (37, 111), (48, 111), (49, 111), (50, 111), (38, 112), (46, 112), (47, 112), (39, 113), (43, 113), (44, 113), (45, 113), (40, 114), (41, 114), (42, 114)]
[(85, 80), (86, 80), (87, 80), (83, 81), (84, 81), (88, 81), (80, 82), (81, 82), (82, 82), (89, 82), (78, 83), (79, 83), (90, 83), (75, 84), (76, 84), (77, 84), (91, 84), (73, 85), (74, 85), (92, 85), (70, 86), (71, 86), (72, 86), (93, 86), (67, 87), (68, 87), (69, 87), (94, 87), (66, 89), (93, 89), (65, 92), (92, 92), (64, 94), (91, 94), (63, 97), (90, 97), (62, 99), (89, 99), (61, 102), (88, 102), (60, 104), (87, 104), (59, 107), (60, 107), (85, 107), (86, 107), (87, 107), (61, 108), (83, 108), (84, 108), (62, 109), (80, 109), (81, 109), (82, 109), (63, 110), (78, 110), (79, 110), (64, 111), (75, 111), (76, 111), (77, 111), (65, 112), (73, 112), (74, 112), (66, 113), (70, 113), (71, 113), (72, 113), (67, 114), (68, 114), (69, 114)]
[(85, 107), (86, 107), (87, 107), (83, 108), (84, 108), (88, 108), (80, 109), (81, 109), (82, 109), (89, 109), (78, 110), (79, 110), (90, 110), (75, 111), (76, 111), (77, 111), (91, 111), (73, 112), (74, 112), (92, 112), (70, 113), (71, 113), (72, 113), (93, 113), (67, 114), (68, 114), (69, 114), (94, 114)]
[(112, 107), (113, 107), (114, 107), (110, 108), (111, 108), (107, 109), (108, 109), (109, 109), (105, 110), (106, 110), (102, 111), (103, 111), (104, 111), (100, 112), (101, 112), (97, 113), (98, 113), (99, 113), (94, 114), (95, 114), (96, 114)]
[(31, 80), (32, 80), (33, 80), (29, 81), (30, 81), (34, 81), (26, 82), (27, 82), (28, 82), (35, 82), (24, 83), (25, 83), (36, 83), (21, 84), (22, 84), (23, 84), (37, 84), (19, 85), (20, 85), (38, 85), (16, 86), (17, 86), (18, 86), (39, 86), (13, 87), (14, 87), (15, 87), (40, 87), (12, 89), (39, 89), (11, 92), (38, 92), (10, 94), (37, 94), (9, 97), (36, 97), (8, 99), (35, 99), (7, 102), (34, 102), (6, 104), (33, 104), (5, 107), (6, 107), (31, 107), (32, 107), (33, 107), (7, 108), (29, 108), (30, 108), (8, 109), (26, 109), (27, 109), (28, 109), (9, 110), (24, 110), (25, 110), (10, 111), (21, 111), (22, 111), (23, 111), (11, 112), (19, 112), (20, 112), (12, 113), (16, 113), (17, 113), (18, 113), (13, 114), (14, 114), (15, 114)]
[(31, 107), (32, 107), (33, 107), (29, 108), (30, 108), (34, 108), (26, 109), (27, 109), (28, 109), (35, 109), (24, 110), (25, 110), (36, 110), (21, 111), (22, 111), (23, 111), (37, 111), (19, 112), (20, 112), (38, 112), (16, 113), (17, 113), (18, 113), (39, 113), (13, 114), (14, 114), (15, 114), (40, 114)]
[(58, 107), (59, 107), (60, 107), (56, 108), (57, 108), (61, 108), (53, 109), (54, 109), (55, 109), (62, 109), (51, 110), (52, 110), (63, 110), (48, 111), (49, 111), (50, 111), (64, 111), (46, 112), (47, 112), (65, 112), (43, 113), (44, 113), (45, 113), (66, 113), (40, 114), (41, 114), (42, 114), (67, 114)]
