[(83, 29), (84, 29), (78, 30), (79, 30), (80, 30), (81, 30), (82, 30), (85, 30), (74, 31), (75, 31), (76, 31), (77, 31), (69, 32), (70, 32), (71, 32), (72, 32), (73, 32), (84, 34), (68, 36), (83, 38), (67, 40), (82, 43), (66, 45), (81, 45), (82, 45), (76, 46), (77, 46), (78, 46), (79, 46), (80, 46), (66, 47), (72, 47), (73, 47), (74, 47), (75, 47), (67, 48), (68, 48), (69, 48), (70, 48), (71, 48)]
[(99, 27), (100, 27), (94, 28), (95, 28), (96, 28), (97, 28), (98, 28), (101, 28), (90, 29), (91, 29), (92, 29), (93, 29), (85, 30), (86, 30), (87, 30), (88, 30), (89, 30), (100, 32), (84, 34), (99, 36), (83, 38), (98, 41), (82, 43), (97, 43), (98, 43), (92, 44), (93, 44), (94, 44), (95, 44), (96, 44), (82, 45), (88, 45), (89, 45), (90, 45), (91, 45), (83, 46), (84, 46), (85, 46), (86, 46), (87, 46)]
[(97, 43), (98, 43), (92, 44), (93, 44), (94, 44), (95, 44), (96, 44), (99, 44), (88, 45), (89, 45), (90, 45), (91, 45), (83, 46), (84, 46), (85, 46), (86, 46), (87, 46), (98, 48), (82, 50), (97, 52), (81, 54), (96, 57), (80, 59), (95, 59), (96, 59), (90, 60), (91, 60), (92, 60), (93, 60), (94, 60), (80, 61), (86, 61), (87, 61), (88, 61), (89, 61), (81, 62), (82, 62), (83, 62), (84, 62), (85, 62)]
[(113, 41), (114, 41), (108, 42), (109, 42), (110, 42), (111, 42), (112, 42), (104, 43), (105, 43), (106, 43), (107, 43), (99, 44), (100, 44), (101, 44), (102, 44), (103, 44), (114, 46), (98, 48), (113, 50), (97, 52), (112, 55), (96, 57), (111, 57), (112, 57), (106, 58), (107, 58), (108, 58), (109, 58), (110, 58), (96, 59), (102, 59), (103, 59), (104, 59), (105, 59), (97, 60), (98, 60), (99, 60), (100, 60), (101, 60)]
[(111, 57), (112, 57), (106, 58), (107, 58), (108, 58), (109, 58), (110, 58), (113, 58), (102, 59), (103, 59), (104, 59), (105, 59), (97, 60), (98, 60), (99, 60), (100, 60), (101, 60), (112, 62), (96, 64), (111, 66), (95, 68), (110, 71), (94, 73), (109, 73), (110, 73), (104, 74), (105, 74), (106, 74), (107, 74), (108, 74), (94, 75), (100, 75), (101, 75), (102, 75), (103, 75), (95, 76), (96, 76), (97, 76), (98, 76), (99, 76)]
[(113, 58), (114, 58), (112, 62), (111, 66), (110, 71), (110, 73), (111, 74), (112, 74), (113, 74), (114, 74)]
[(111, 74), (112, 74), (113, 74), (114, 74), (110, 78), (109, 82), (108, 87), (108, 89), (114, 89), (109, 90), (110, 90), (111, 90), (112, 90), (113, 90)]
[(51, 33), (52, 33), (46, 34), (47, 34), (48, 34), (49, 34), (50, 34), (53, 34), (42, 35), (43, 35), (44, 35), (45, 35), (37, 36), (38, 36), (39, 36), (40, 36), (41, 36), (52, 38), (36, 40), (51, 42), (35, 44), (50, 47), (34, 49), (49, 49), (50, 49), (44, 50), (45, 50), (46, 50), (47, 50), (48, 50), (34, 51), (40, 51), (41, 51), (42, 51), (43, 51), (35, 52), (36, 52), (37, 52), (38, 52), (39, 52)]
[(67, 31), (68, 31), (62, 32), (63, 32), (64, 32), (65, 32), (66, 32), (69, 32), (58, 33), (59, 33), (60, 33), (61, 33), (53, 34), (54, 34), (55, 34), (56, 34), (57, 34), (68, 36), (52, 38), (67, 40), (51, 42), (66, 45), (50, 47), (65, 47), (66, 47), (60, 48), (61, 48), (62, 48), (63, 48), (64, 48), (50, 49), (56, 49), (57, 49), (58, 49), (59, 49), (51, 50), (52, 50), (53, 50), (54, 50), (55, 50)]
[(65, 47), (66, 47), (60, 48), (61, 48), (62, 48), (63, 48), (64, 48), (67, 48), (56, 49), (57, 49), (58, 49), (59, 49), (51, 50), (52, 50), (53, 50), (54, 50), (55, 50), (66, 52), (50, 54), (65, 56), (49, 58), (64, 61), (48, 63), (63, 63), (64, 63), (58, 64), (59, 64), (60, 64), (61, 64), (62, 64), (48, 65), (54, 65), (55, 65), (56, 65), (57, 65), (49, 66), (50, 66), (51, 66), (52, 66), (53, 66)]
[(81, 45), (82, 45), (76, 46), (77, 46), (78, 46), (79, 46), (80, 46), (83, 46), (72, 47), (73, 47), (74, 47), (75, 47), (67, 48), (68, 48), (69, 48), (70, 48), (71, 48), (82, 50), (66, 52), (81, 54), (65, 56), (80, 59), (64, 61), (79, 61), (80, 61), (74, 62), (75, 62), (76, 62), (77, 62), (78, 62), (64, 63), (70, 63), (71, 63), (72, 63), (73, 63), (65, 64), (66, 64), (67, 64), (68, 64), (69, 64)]
[(79, 61), (80, 61), (74, 62), (75, 62), (76, 62), (77, 62), (78, 62), (81, 62), (70, 63), (71, 63), (72, 63), (73, 63), (65, 64), (66, 64), (67, 64), (68, 64), (69, 64), (80, 66), (64, 68), (79, 70), (63, 72), (78, 75), (62, 77), (77, 77), (78, 77), (72, 78), (73, 78), (74, 78), (75, 78), (76, 78), (62, 79), (68, 79), (69, 79), (70, 79), (71, 79), (63, 80), (64, 80), (65, 80), (66, 80), (67, 80)]
[(95, 59), (96, 59), (90, 60), (91, 60), (92, 60), (93, 60), (94, 60), (97, 60), (86, 61), (87, 61), (88, 61), (89, 61), (81, 62), (82, 62), (83, 62), (84, 62), (85, 62), (96, 64), (80, 66), (95, 68), (79, 70), (94, 73), (78, 75), (93, 75), (94, 75), (88, 76), (89, 76), (90, 76), (91, 76), (92, 76), (78, 77), (84, 77), (85, 77), (86, 77), (87, 77), (79, 78), (80, 78), (81, 78), (82, 78), (83, 78)]
[(93, 75), (94, 75), (88, 76), (89, 76), (90, 76), (91, 76), (92, 76), (95, 76), (84, 77), (85, 77), (86, 77), (87, 77), (79, 78), (80, 78), (81, 78), (82, 78), (83, 78), (94, 80), (78, 82), (93, 84), (77, 86), (92, 89), (76, 91), (91, 91), (92, 91), (86, 92), (87, 92), (88, 92), (89, 92), (90, 92), (76, 93), (82, 93), (83, 93), (84, 93), (85, 93), (77, 94), (78, 94), (79, 94), (80, 94), (81, 94)]
[(109, 73), (110, 73), (104, 74), (105, 74), (106, 74), (107, 74), (108, 74), (111, 74), (100, 75), (101, 75), (102, 75), (103, 75), (95, 76), (96, 76), (97, 76), (98, 76), (99, 76), (110, 78), (94, 80), (109, 82), (93, 84), (108, 87), (92, 89), (107, 89), (108, 89), (102, 90), (103, 90), (104, 90), (105, 90), (106, 90), (92, 91), (98, 91), (99, 91), (100, 91), (101, 91), (93, 92), (94, 92), (95, 92), (96, 92), (97, 92)]
[(107, 89), (108, 89), (102, 90), (103, 90), (104, 90), (105, 90), (106, 90), (109, 90), (98, 91), (99, 91), (100, 91), (101, 91), (93, 92), (94, 92), (95, 92), (96, 92), (97, 92), (108, 94), (92, 96), (107, 98), (91, 100), (106, 103), (90, 105), (105, 105), (106, 105), (100, 106), (101, 106), (102, 106), (103, 106), (104, 106), (90, 107), (96, 107), (97, 107), (98, 107), (99, 107), (91, 108), (92, 108), (93, 108), (94, 108), (95, 108)]
[(114, 89), (109, 90), (110, 90), (111, 90), (112, 90), (113, 90), (108, 94), (107, 98), (106, 103), (106, 105), (112, 105), (113, 105), (114, 105), (107, 106), (108, 106), (109, 106), (110, 106), (111, 106)]
[(112, 105), (113, 105), (114, 105), (107, 106), (108, 106), (109, 106), (110, 106), (111, 106), (106, 110), (105, 114)]
[(33, 51), (34, 51), (28, 52), (29, 52), (30, 52), (31, 52), (32, 52), (35, 52), (24, 53), (25, 53), (26, 53), (27, 53), (19, 54), (20, 54), (21, 54), (22, 54), (23, 54), (34, 56), (18, 58), (33, 60), (17, 62), (32, 65), (16, 67), (31, 67), (32, 67), (26, 68), (27, 68), (28, 68), (29, 68), (30, 68), (16, 69), (22, 69), (23, 69), (24, 69), (25, 69), (17, 70), (18, 70), (19, 70), (20, 70), (21, 70)]
[(49, 49), (50, 49), (44, 50), (45, 50), (46, 50), (47, 50), (48, 50), (51, 50), (40, 51), (41, 51), (42, 51), (43, 51), (35, 52), (36, 52), (37, 52), (38, 52), (39, 52), (50, 54), (34, 56), (49, 58), (33, 60), (48, 63), (32, 65), (47, 65), (48, 65), (42, 66), (43, 66), (44, 66), (45, 66), (46, 66), (32, 67), (38, 67), (39, 67), (40, 67), (41, 67), (33, 68), (34, 68), (35, 68), (36, 68), (37, 68)]
[(47, 65), (48, 65), (42, 66), (43, 66), (44, 66), (45, 66), (46, 66), (49, 66), (38, 67), (39, 67), (40, 67), (41, 67), (33, 68), (34, 68), (35, 68), (36, 68), (37, 68), (48, 70), (32, 72), (47, 74), (31, 76), (46, 79), (30, 81), (45, 81), (46, 81), (40, 82), (41, 82), (42, 82), (43, 82), (44, 82), (30, 83), (36, 83), (37, 83), (38, 83), (39, 83), (31, 84), (32, 84), (33, 84), (34, 84), (35, 84)]
[(63, 63), (64, 63), (58, 64), (59, 64), (60, 64), (61, 64), (62, 64), (65, 64), (54, 65), (55, 65), (56, 65), (57, 65), (49, 66), (50, 66), (51, 66), (52, 66), (53, 66), (64, 68), (48, 70), (63, 72), (47, 74), (62, 77), (46, 79), (61, 79), (62, 79), (56, 80), (57, 80), (58, 80), (59, 80), (60, 80), (46, 81), (52, 81), (53, 81), (54, 81), (55, 81), (47, 82), (48, 82), (49, 82), (50, 82), (51, 82)]
[(61, 79), (62, 79), (56, 80), (57, 80), (58, 80), (59, 80), (60, 80), (63, 80), (52, 81), (53, 81), (54, 81), (55, 81), (47, 82), (48, 82), (49, 82), (50, 82), (51, 82), (62, 84), (46, 86), (61, 88), (45, 90), (60, 93), (44, 95), (59, 95), (60, 95), (54, 96), (55, 96), (56, 96), (57, 96), (58, 96), (44, 97), (50, 97), (51, 97), (52, 97), (53, 97), (45, 98), (46, 98), (47, 98), (48, 98), (49, 98)]
[(77, 77), (78, 77), (72, 78), (73, 78), (74, 78), (75, 78), (76, 78), (79, 78), (68, 79), (69, 79), (70, 79), (71, 79), (63, 80), (64, 80), (65, 80), (66, 80), (67, 80), (78, 82), (62, 84), (77, 86), (61, 88), (76, 91), (60, 93), (75, 93), (76, 93), (70, 94), (71, 94), (72, 94), (73, 94), (74, 94), (60, 95), (66, 95), (67, 95), (68, 95), (69, 95), (61, 96), (62, 96), (63, 96), (64, 96), (65, 96)]
[(75, 93), (76, 93), (70, 94), (71, 94), (72, 94), (73, 94), (74, 94), (77, 94), (66, 95), (67, 95), (68, 95), (69, 95), (61, 96), (62, 96), (63, 96), (64, 96), (65, 96), (76, 98), (60, 100), (75, 102), (59, 104), (74, 107), (58, 109), (73, 109), (74, 109), (68, 110), (69, 110), (70, 110), (71, 110), (72, 110), (58, 111), (64, 111), (65, 111), (66, 111), (67, 111), (59, 112), (60, 112), (61, 112), (62, 112), (63, 112)]
[(91, 91), (92, 91), (86, 92), (87, 92), (88, 92), (89, 92), (90, 92), (93, 92), (82, 93), (83, 93), (84, 93), (85, 93), (77, 94), (78, 94), (79, 94), (80, 94), (81, 94), (92, 96), (76, 98), (91, 100), (75, 102), (90, 105), (74, 107), (89, 107), (90, 107), (84, 108), (85, 108), (86, 108), (87, 108), (88, 108), (74, 109), (80, 109), (81, 109), (82, 109), (83, 109), (75, 110), (76, 110), (77, 110), (78, 110), (79, 110)]
[(89, 107), (90, 107), (84, 108), (85, 108), (86, 108), (87, 108), (88, 108), (91, 108), (80, 109), (81, 109), (82, 109), (83, 109), (75, 110), (76, 110), (77, 110), (78, 110), (79, 110), (90, 112), (74, 114)]
[(105, 105), (106, 105), (100, 106), (101, 106), (102, 106), (103, 106), (104, 106), (107, 106), (96, 107), (97, 107), (98, 107), (99, 107), (91, 108), (92, 108), (93, 108), (94, 108), (95, 108), (106, 110), (90, 112), (105, 114)]
[(31, 67), (32, 67), (26, 68), (27, 68), (28, 68), (29, 68), (30, 68), (33, 68), (22, 69), (23, 69), (24, 69), (25, 69), (17, 70), (18, 70), (19, 70), (20, 70), (21, 70), (32, 72), (16, 74), (31, 76), (15, 78), (30, 81), (14, 83), (29, 83), (30, 83), (24, 84), (25, 84), (26, 84), (27, 84), (28, 84), (14, 85), (20, 85), (21, 85), (22, 85), (23, 85), (15, 86), (16, 86), (17, 86), (18, 86), (19, 86)]
[(29, 83), (30, 83), (24, 84), (25, 84), (26, 84), (27, 84), (28, 84), (31, 84), (20, 85), (21, 85), (22, 85), (23, 85), (15, 86), (16, 86), (17, 86), (18, 86), (19, 86), (30, 88), (14, 90), (29, 92), (13, 94), (28, 97), (12, 99), (27, 99), (28, 99), (22, 100), (23, 100), (24, 100), (25, 100), (26, 100), (12, 101), (18, 101), (19, 101), (20, 101), (21, 101), (13, 102), (14, 102), (15, 102), (16, 102), (17, 102)]
[(45, 81), (46, 81), (40, 82), (41, 82), (42, 82), (43, 82), (44, 82), (47, 82), (36, 83), (37, 83), (38, 83), (39, 83), (31, 84), (32, 84), (33, 84), (34, 84), (35, 84), (46, 86), (30, 88), (45, 90), (29, 92), (44, 95), (28, 97), (43, 97), (44, 97), (38, 98), (39, 98), (40, 98), (41, 98), (42, 98), (28, 99), (34, 99), (35, 99), (36, 99), (37, 99), (29, 100), (30, 100), (31, 100), (32, 100), (33, 100)]
[(43, 97), (44, 97), (38, 98), (39, 98), (40, 98), (41, 98), (42, 98), (45, 98), (34, 99), (35, 99), (36, 99), (37, 99), (29, 100), (30, 100), (31, 100), (32, 100), (33, 100), (44, 102), (28, 104), (43, 106), (27, 108), (42, 111), (26, 113), (41, 113), (42, 113), (36, 114), (37, 114), (38, 114), (39, 114), (40, 114)]
[(59, 95), (60, 95), (54, 96), (55, 96), (56, 96), (57, 96), (58, 96), (61, 96), (50, 97), (51, 97), (52, 97), (53, 97), (45, 98), (46, 98), (47, 98), (48, 98), (49, 98), (60, 100), (44, 102), (59, 104), (43, 106), (58, 109), (42, 111), (57, 111), (58, 111), (52, 112), (53, 112), (54, 112), (55, 112), (56, 112), (42, 113), (48, 113), (49, 113), (50, 113), (51, 113), (43, 114), (44, 114), (45, 114), (46, 114), (47, 114)]
[(57, 111), (58, 111), (52, 112), (53, 112), (54, 112), (55, 112), (56, 112), (59, 112), (48, 113), (49, 113), (50, 113), (51, 113), (43, 114), (44, 114), (45, 114), (46, 114), (47, 114)]
[(73, 109), (74, 109), (68, 110), (69, 110), (70, 110), (71, 110), (72, 110), (75, 110), (64, 111), (65, 111), (66, 111), (67, 111), (59, 112), (60, 112), (61, 112), (62, 112), (63, 112), (74, 114)]
[(27, 99), (28, 99), (22, 100), (23, 100), (24, 100), (25, 100), (26, 100), (29, 100), (18, 101), (19, 101), (20, 101), (21, 101), (13, 102), (14, 102), (15, 102), (16, 102), (17, 102), (28, 104), (12, 106), (27, 108), (11, 110), (26, 113)]
[(41, 113), (42, 113), (36, 114), (37, 114), (38, 114), (39, 114), (40, 114), (43, 114)]
