[(113, 17), (114, 17), (110, 18), (111, 18), (112, 18), (109, 20), (108, 22), (107, 24), (106, 26), (105, 28), (104, 30), (103, 32), (102, 34), (101, 36), (100, 38), (114, 38), (112, 39), (113, 39), (99, 40), (100, 40), (110, 40), (111, 40), (101, 41), (108, 41), (109, 41), (102, 42), (106, 42), (107, 42), (103, 43), (104, 43), (105, 43)]
[(81, 22), (82, 22), (79, 23), (80, 23), (83, 23), (77, 24), (78, 24), (84, 24), (75, 25), (76, 25), (85, 25), (73, 26), (74, 26), (71, 27), (72, 27), (84, 27), (69, 28), (70, 28), (67, 29), (68, 29), (83, 29), (65, 30), (66, 30), (63, 31), (64, 31), (82, 31), (60, 32), (61, 32), (62, 32), (81, 33), (59, 34), (80, 35), (58, 36), (79, 37), (57, 38), (78, 39), (56, 40), (77, 41), (55, 42), (76, 43), (54, 44), (75, 45), (53, 46), (74, 47), (75, 47), (52, 48), (72, 48), (73, 48), (70, 49), (71, 49), (51, 50), (68, 50), (69, 50), (66, 51), (67, 51), (50, 52), (64, 52), (65, 52), (62, 53), (63, 53), (49, 54), (50, 54), (60, 54), (61, 54), (51, 55), (58, 55), (59, 55), (52, 56), (56, 56), (57, 56), (53, 57), (54, 57), (55, 57)]
[(106, 15), (107, 15), (104, 16), (105, 16), (108, 16), (102, 17), (103, 17), (109, 17), (100, 18), (101, 18), (110, 18), (98, 19), (99, 19), (96, 20), (97, 20), (109, 20), (94, 21), (95, 21), (92, 22), (93, 22), (108, 22), (90, 23), (91, 23), (88, 24), (89, 24), (107, 24), (85, 25), (86, 25), (87, 25), (106, 26), (84, 27), (105, 28), (83, 29), (104, 30), (82, 31), (103, 32), (81, 33), (102, 34), (80, 35), (101, 36), (79, 37), (100, 38), (78, 39), (99, 40), (100, 40), (77, 41), (97, 41), (98, 41), (95, 42), (96, 42), (76, 43), (93, 43), (94, 43), (91, 44), (92, 44), (75, 45), (89, 45), (90, 45), (87, 46), (88, 46), (74, 47), (75, 47), (85, 47), (86, 47), (76, 48), (83, 48), (84, 48), (77, 49), (81, 49), (82, 49), (78, 50), (79, 50), (80, 50)]
[(99, 40), (100, 40), (97, 41), (98, 41), (101, 41), (95, 42), (96, 42), (102, 42), (93, 43), (94, 43), (103, 43), (91, 44), (92, 44), (89, 45), (90, 45), (102, 45), (87, 46), (88, 46), (85, 47), (86, 47), (101, 47), (83, 48), (84, 48), (81, 49), (82, 49), (100, 49), (78, 50), (79, 50), (80, 50), (99, 51), (77, 52), (98, 53), (76, 54), (97, 55), (75, 56), (96, 57), (74, 58), (95, 59), (73, 60), (94, 61), (72, 62), (93, 63), (71, 64), (92, 65), (93, 65), (70, 66), (90, 66), (91, 66), (88, 67), (89, 67), (69, 68), (86, 68), (87, 68), (84, 69), (85, 69), (68, 70), (82, 70), (83, 70), (80, 71), (81, 71), (67, 72), (68, 72), (78, 72), (79, 72), (69, 73), (76, 73), (77, 73), (70, 74), (74, 74), (75, 74), (71, 75), (72, 75), (73, 75)]
[(114, 38), (112, 39), (113, 39), (110, 40), (111, 40), (108, 41), (109, 41), (106, 42), (107, 42), (103, 43), (104, 43), (105, 43), (102, 45), (101, 47), (100, 49), (99, 51), (98, 53), (97, 55), (96, 57), (95, 59), (113, 60), (114, 60), (94, 61), (111, 61), (112, 61), (109, 62), (110, 62), (93, 63), (107, 63), (108, 63), (105, 64), (106, 64), (92, 65), (93, 65), (103, 65), (104, 65), (94, 66), (101, 66), (102, 66), (95, 67), (99, 67), (100, 67), (96, 68), (97, 68), (98, 68)]
[(113, 60), (114, 60), (111, 61), (112, 61), (109, 62), (110, 62), (107, 63), (108, 63), (105, 64), (106, 64), (103, 65), (104, 65), (101, 66), (102, 66), (99, 67), (100, 67), (96, 68), (97, 68), (98, 68), (95, 70), (94, 72), (93, 74), (114, 75), (92, 76), (113, 77), (91, 78), (112, 79), (90, 80), (111, 81), (89, 82), (110, 83), (111, 83), (88, 84), (108, 84), (109, 84), (106, 85), (107, 85), (87, 86), (104, 86), (105, 86), (102, 87), (103, 87), (86, 88), (100, 88), (101, 88), (98, 89), (99, 89), (85, 90), (86, 90), (96, 90), (97, 90), (87, 91), (94, 91), (95, 91), (88, 92), (92, 92), (93, 92), (89, 93), (90, 93), (91, 93)]
[(114, 75), (113, 77), (112, 79), (111, 81), (110, 83), (111, 83), (112, 84), (113, 85), (114, 86)]
[(49, 54), (50, 54), (47, 55), (48, 55), (51, 55), (45, 56), (46, 56), (52, 56), (43, 57), (44, 57), (53, 57), (41, 58), (42, 58), (39, 59), (40, 59), (52, 59), (37, 60), (38, 60), (35, 61), (36, 61), (51, 61), (33, 62), (34, 62), (31, 63), (32, 63), (50, 63), (28, 64), (29, 64), (30, 64), (49, 65), (27, 66), (48, 67), (26, 68), (47, 69), (25, 70), (46, 71), (24, 72), (45, 73), (23, 74), (44, 75), (22, 76), (43, 77), (21, 78), (42, 79), (43, 79), (20, 80), (40, 80), (41, 80), (38, 81), (39, 81), (19, 82), (36, 82), (37, 82), (34, 83), (35, 83), (18, 84), (32, 84), (33, 84), (30, 85), (31, 85), (17, 86), (18, 86), (28, 86), (29, 86), (19, 87), (26, 87), (27, 87), (20, 88), (24, 88), (25, 88), (21, 89), (22, 89), (23, 89)]
[(74, 47), (75, 47), (72, 48), (73, 48), (76, 48), (70, 49), (71, 49), (77, 49), (68, 50), (69, 50), (78, 50), (66, 51), (67, 51), (64, 52), (65, 52), (77, 52), (62, 53), (63, 53), (60, 54), (61, 54), (76, 54), (58, 55), (59, 55), (56, 56), (57, 56), (75, 56), (53, 57), (54, 57), (55, 57), (74, 58), (52, 59), (73, 60), (51, 61), (72, 62), (50, 63), (71, 64), (49, 65), (70, 66), (48, 67), (69, 68), (47, 69), (68, 70), (46, 71), (67, 72), (68, 72), (45, 73), (65, 73), (66, 73), (63, 74), (64, 74), (44, 75), (61, 75), (62, 75), (59, 76), (60, 76), (43, 77), (57, 77), (58, 77), (55, 78), (56, 78), (42, 79), (43, 79), (53, 79), (54, 79), (44, 80), (51, 80), (52, 80), (45, 81), (49, 81), (50, 81), (46, 82), (47, 82), (48, 82)]
[(67, 72), (68, 72), (65, 73), (66, 73), (69, 73), (63, 74), (64, 74), (70, 74), (61, 75), (62, 75), (71, 75), (59, 76), (60, 76), (57, 77), (58, 77), (70, 77), (55, 78), (56, 78), (53, 79), (54, 79), (69, 79), (51, 80), (52, 80), (49, 81), (50, 81), (68, 81), (46, 82), (47, 82), (48, 82), (67, 83), (45, 84), (66, 85), (44, 86), (65, 87), (43, 88), (64, 89), (42, 90), (63, 91), (41, 92), (62, 93), (40, 94), (61, 95), (39, 96), (60, 97), (61, 97), (38, 98), (58, 98), (59, 98), (56, 99), (57, 99), (37, 100), (54, 100), (55, 100), (52, 101), (53, 101), (36, 102), (50, 102), (51, 102), (48, 103), (49, 103), (35, 104), (36, 104), (46, 104), (47, 104), (37, 105), (44, 105), (45, 105), (38, 106), (42, 106), (43, 106), (39, 107), (40, 107), (41, 107)]
[(92, 65), (93, 65), (90, 66), (91, 66), (94, 66), (88, 67), (89, 67), (95, 67), (86, 68), (87, 68), (96, 68), (84, 69), (85, 69), (82, 70), (83, 70), (95, 70), (80, 71), (81, 71), (78, 72), (79, 72), (94, 72), (76, 73), (77, 73), (74, 74), (75, 74), (93, 74), (71, 75), (72, 75), (73, 75), (92, 76), (70, 77), (91, 78), (69, 79), (90, 80), (68, 81), (89, 82), (67, 83), (88, 84), (66, 85), (87, 86), (65, 87), (86, 88), (64, 89), (85, 90), (86, 90), (63, 91), (83, 91), (84, 91), (81, 92), (82, 92), (62, 93), (79, 93), (80, 93), (77, 94), (78, 94), (61, 95), (75, 95), (76, 95), (73, 96), (74, 96), (60, 97), (61, 97), (71, 97), (72, 97), (62, 98), (69, 98), (70, 98), (63, 99), (67, 99), (68, 99), (64, 100), (65, 100), (66, 100)]
[(85, 90), (86, 90), (83, 91), (84, 91), (87, 91), (81, 92), (82, 92), (88, 92), (79, 93), (80, 93), (89, 93), (77, 94), (78, 94), (75, 95), (76, 95), (88, 95), (73, 96), (74, 96), (71, 97), (72, 97), (87, 97), (69, 98), (70, 98), (67, 99), (68, 99), (86, 99), (64, 100), (65, 100), (66, 100), (85, 101), (63, 102), (84, 103), (62, 104), (83, 105), (61, 106), (82, 107), (60, 108), (81, 109), (59, 110), (80, 111), (58, 112), (79, 113), (57, 114)]
[(110, 83), (111, 83), (108, 84), (109, 84), (112, 84), (106, 85), (107, 85), (113, 85), (104, 86), (105, 86), (114, 86), (102, 87), (103, 87), (100, 88), (101, 88), (113, 88), (98, 89), (99, 89), (96, 90), (97, 90), (112, 90), (94, 91), (95, 91), (92, 92), (93, 92), (111, 92), (89, 93), (90, 93), (91, 93), (110, 94), (88, 95), (109, 96), (87, 97), (108, 98), (86, 99), (107, 100), (85, 101), (106, 102), (84, 103), (105, 104), (83, 105), (104, 106), (82, 107), (103, 108), (104, 108), (81, 109), (101, 109), (102, 109), (99, 110), (100, 110), (80, 111), (97, 111), (98, 111), (95, 112), (96, 112), (79, 113), (93, 113), (94, 113), (91, 114), (92, 114)]
[(42, 79), (43, 79), (40, 80), (41, 80), (44, 80), (38, 81), (39, 81), (45, 81), (36, 82), (37, 82), (46, 82), (34, 83), (35, 83), (32, 84), (33, 84), (45, 84), (30, 85), (31, 85), (28, 86), (29, 86), (44, 86), (26, 87), (27, 87), (24, 88), (25, 88), (43, 88), (21, 89), (22, 89), (23, 89), (42, 90), (20, 91), (41, 92), (19, 93), (40, 94), (18, 95), (39, 96), (17, 97), (38, 98), (16, 99), (37, 100), (15, 101), (36, 102), (14, 103), (35, 104), (36, 104), (13, 105), (33, 105), (34, 105), (31, 106), (32, 106), (12, 107), (29, 107), (30, 107), (27, 108), (28, 108), (11, 109), (25, 109), (26, 109), (23, 110), (24, 110), (10, 111), (11, 111), (21, 111), (22, 111), (12, 112), (19, 112), (20, 112), (13, 113), (17, 113), (18, 113), (14, 114), (15, 114), (16, 114)]
[(35, 104), (36, 104), (33, 105), (34, 105), (37, 105), (31, 106), (32, 106), (38, 106), (29, 107), (30, 107), (39, 107), (27, 108), (28, 108), (25, 109), (26, 109), (38, 109), (23, 110), (24, 110), (21, 111), (22, 111), (37, 111), (19, 112), (20, 112), (17, 113), (18, 113), (36, 113), (14, 114), (15, 114), (16, 114)]
[(60, 97), (61, 97), (58, 98), (59, 98), (62, 98), (56, 99), (57, 99), (63, 99), (54, 100), (55, 100), (64, 100), (52, 101), (53, 101), (50, 102), (51, 102), (63, 102), (48, 103), (49, 103), (46, 104), (47, 104), (62, 104), (44, 105), (45, 105), (42, 106), (43, 106), (61, 106), (39, 107), (40, 107), (41, 107), (60, 108), (38, 109), (59, 110), (37, 111), (58, 112), (36, 113), (57, 114)]
