[(82, 30), (83, 30), (84, 30), (79, 31), (80, 31), (81, 31), (85, 31), (76, 32), (77, 32), (78, 32), (86, 32), (73, 33), (74, 33), (75, 33), (70, 34), (71, 34), (72, 34), (67, 35), (68, 35), (69, 35), (85, 35), (63, 36), (64, 36), (65, 36), (66, 36), (84, 38), (62, 39), (83, 41), (61, 42), (82, 44), (60, 45), (81, 47), (59, 48), (80, 50), (58, 51), (78, 53), (79, 53), (80, 53), (57, 54), (75, 54), (76, 54), (77, 54), (72, 55), (73, 55), (74, 55), (69, 56), (70, 56), (71, 56), (57, 57), (66, 57), (67, 57), (68, 57), (58, 58), (63, 58), (64, 58), (65, 58), (59, 59), (60, 59), (61, 59), (62, 59)]
[(105, 26), (106, 26), (107, 26), (102, 27), (103, 27), (104, 27), (108, 27), (99, 28), (100, 28), (101, 28), (109, 28), (96, 29), (97, 29), (98, 29), (93, 30), (94, 30), (95, 30), (90, 31), (91, 31), (92, 31), (108, 31), (86, 32), (87, 32), (88, 32), (89, 32), (107, 34), (85, 35), (106, 37), (84, 38), (105, 40), (83, 41), (104, 43), (82, 44), (103, 46), (81, 47), (101, 49), (102, 49), (103, 49), (80, 50), (98, 50), (99, 50), (100, 50), (95, 51), (96, 51), (97, 51), (92, 52), (93, 52), (94, 52), (80, 53), (89, 53), (90, 53), (91, 53), (81, 54), (86, 54), (87, 54), (88, 54), (82, 55), (83, 55), (84, 55), (85, 55)]
[(101, 49), (102, 49), (103, 49), (98, 50), (99, 50), (100, 50), (104, 50), (95, 51), (96, 51), (97, 51), (105, 51), (92, 52), (93, 52), (94, 52), (89, 53), (90, 53), (91, 53), (86, 54), (87, 54), (88, 54), (104, 54), (82, 55), (83, 55), (84, 55), (85, 55), (103, 57), (81, 58), (102, 60), (80, 61), (101, 63), (79, 64), (100, 66), (78, 67), (99, 69), (77, 70), (97, 72), (98, 72), (99, 72), (76, 73), (94, 73), (95, 73), (96, 73), (91, 74), (92, 74), (93, 74), (88, 75), (89, 75), (90, 75), (76, 76), (85, 76), (86, 76), (87, 76), (77, 77), (82, 77), (83, 77), (84, 77), (78, 78), (79, 78), (80, 78), (81, 78)]
[(112, 49), (113, 49), (114, 49), (109, 50), (110, 50), (111, 50), (105, 51), (106, 51), (107, 51), (108, 51), (104, 54), (103, 57), (102, 60), (101, 63), (100, 66), (99, 69), (114, 70), (111, 71), (112, 71), (113, 71), (99, 72), (108, 72), (109, 72), (110, 72), (100, 73), (105, 73), (106, 73), (107, 73), (101, 74), (102, 74), (103, 74), (104, 74)]
[(114, 70), (111, 71), (112, 71), (113, 71), (108, 72), (109, 72), (110, 72), (105, 73), (106, 73), (107, 73), (101, 74), (102, 74), (103, 74), (104, 74), (100, 77), (99, 80), (98, 83), (97, 86), (96, 89), (95, 92), (113, 92), (114, 92), (110, 93), (111, 93), (112, 93), (107, 94), (108, 94), (109, 94), (95, 95), (104, 95), (105, 95), (106, 95), (96, 96), (101, 96), (102, 96), (103, 96), (97, 97), (98, 97), (99, 97), (100, 97)]
[(36, 38), (37, 38), (38, 38), (33, 39), (34, 39), (35, 39), (39, 39), (30, 40), (31, 40), (32, 40), (40, 40), (27, 41), (28, 41), (29, 41), (24, 42), (25, 42), (26, 42), (21, 43), (22, 43), (23, 43), (39, 43), (17, 44), (18, 44), (19, 44), (20, 44), (38, 46), (16, 47), (37, 49), (15, 50), (36, 52), (14, 53), (35, 55), (13, 56), (34, 58), (12, 59), (32, 61), (33, 61), (34, 61), (11, 62), (29, 62), (30, 62), (31, 62), (26, 63), (27, 63), (28, 63), (23, 64), (24, 64), (25, 64), (11, 65), (20, 65), (21, 65), (22, 65), (12, 66), (17, 66), (18, 66), (19, 66), (13, 67), (14, 67), (15, 67), (16, 67)]
[(59, 34), (60, 34), (61, 34), (56, 35), (57, 35), (58, 35), (62, 35), (53, 36), (54, 36), (55, 36), (63, 36), (50, 37), (51, 37), (52, 37), (47, 38), (48, 38), (49, 38), (44, 39), (45, 39), (46, 39), (62, 39), (40, 40), (41, 40), (42, 40), (43, 40), (61, 42), (39, 43), (60, 45), (38, 46), (59, 48), (37, 49), (58, 51), (36, 52), (57, 54), (35, 55), (55, 57), (56, 57), (57, 57), (34, 58), (52, 58), (53, 58), (54, 58), (49, 59), (50, 59), (51, 59), (46, 60), (47, 60), (48, 60), (34, 61), (43, 61), (44, 61), (45, 61), (35, 62), (40, 62), (41, 62), (42, 62), (36, 63), (37, 63), (38, 63), (39, 63)]
[(55, 57), (56, 57), (57, 57), (52, 58), (53, 58), (54, 58), (58, 58), (49, 59), (50, 59), (51, 59), (59, 59), (46, 60), (47, 60), (48, 60), (43, 61), (44, 61), (45, 61), (40, 62), (41, 62), (42, 62), (58, 62), (36, 63), (37, 63), (38, 63), (39, 63), (57, 65), (35, 66), (56, 68), (34, 69), (55, 71), (33, 72), (54, 74), (32, 75), (53, 77), (31, 78), (51, 80), (52, 80), (53, 80), (30, 81), (48, 81), (49, 81), (50, 81), (45, 82), (46, 82), (47, 82), (42, 83), (43, 83), (44, 83), (30, 84), (39, 84), (40, 84), (41, 84), (31, 85), (36, 85), (37, 85), (38, 85), (32, 86), (33, 86), (34, 86), (35, 86)]
[(78, 53), (79, 53), (80, 53), (75, 54), (76, 54), (77, 54), (81, 54), (72, 55), (73, 55), (74, 55), (82, 55), (69, 56), (70, 56), (71, 56), (66, 57), (67, 57), (68, 57), (63, 58), (64, 58), (65, 58), (81, 58), (59, 59), (60, 59), (61, 59), (62, 59), (80, 61), (58, 62), (79, 64), (57, 65), (78, 67), (56, 68), (77, 70), (55, 71), (76, 73), (54, 74), (74, 76), (75, 76), (76, 76), (53, 77), (71, 77), (72, 77), (73, 77), (68, 78), (69, 78), (70, 78), (65, 79), (66, 79), (67, 79), (53, 80), (62, 80), (63, 80), (64, 80), (54, 81), (59, 81), (60, 81), (61, 81), (55, 82), (56, 82), (57, 82), (58, 82)]
[(74, 76), (75, 76), (76, 76), (71, 77), (72, 77), (73, 77), (77, 77), (68, 78), (69, 78), (70, 78), (78, 78), (65, 79), (66, 79), (67, 79), (62, 80), (63, 80), (64, 80), (59, 81), (60, 81), (61, 81), (77, 81), (55, 82), (56, 82), (57, 82), (58, 82), (76, 84), (54, 85), (75, 87), (53, 88), (74, 90), (52, 91), (73, 93), (51, 94), (72, 96), (50, 97), (70, 99), (71, 99), (72, 99), (49, 100), (67, 100), (68, 100), (69, 100), (64, 101), (65, 101), (66, 101), (61, 102), (62, 102), (63, 102), (49, 103), (58, 103), (59, 103), (60, 103), (50, 104), (55, 104), (56, 104), (57, 104), (51, 105), (52, 105), (53, 105), (54, 105)]
[(97, 72), (98, 72), (99, 72), (94, 73), (95, 73), (96, 73), (100, 73), (91, 74), (92, 74), (93, 74), (101, 74), (88, 75), (89, 75), (90, 75), (85, 76), (86, 76), (87, 76), (82, 77), (83, 77), (84, 77), (100, 77), (78, 78), (79, 78), (80, 78), (81, 78), (99, 80), (77, 81), (98, 83), (76, 84), (97, 86), (75, 87), (96, 89), (74, 90), (95, 92), (73, 93), (93, 95), (94, 95), (95, 95), (72, 96), (90, 96), (91, 96), (92, 96), (87, 97), (88, 97), (89, 97), (84, 98), (85, 98), (86, 98), (72, 99), (81, 99), (82, 99), (83, 99), (73, 100), (78, 100), (79, 100), (80, 100), (74, 101), (75, 101), (76, 101), (77, 101)]
[(93, 95), (94, 95), (95, 95), (90, 96), (91, 96), (92, 96), (96, 96), (87, 97), (88, 97), (89, 97), (97, 97), (84, 98), (85, 98), (86, 98), (81, 99), (82, 99), (83, 99), (78, 100), (79, 100), (80, 100), (96, 100), (74, 101), (75, 101), (76, 101), (77, 101), (95, 103), (73, 104), (94, 106), (72, 107), (93, 109), (71, 110), (92, 112), (70, 113)]
[(113, 92), (114, 92), (110, 93), (111, 93), (112, 93), (107, 94), (108, 94), (109, 94), (104, 95), (105, 95), (106, 95), (101, 96), (102, 96), (103, 96), (97, 97), (98, 97), (99, 97), (100, 97), (96, 100), (95, 103), (94, 106), (93, 109), (114, 111), (92, 112), (112, 114), (113, 114), (114, 114)]
[(9, 65), (10, 65), (11, 65), (6, 66), (7, 66), (8, 66), (12, 66), (3, 67), (4, 67), (5, 67), (13, 67), (0, 68), (1, 68), (2, 68), (12, 70), (11, 73), (10, 76), (9, 79), (8, 82), (7, 85), (5, 88), (6, 88), (7, 88), (2, 89), (3, 89), (4, 89), (0, 90), (1, 90)]
[(32, 61), (33, 61), (34, 61), (29, 62), (30, 62), (31, 62), (35, 62), (26, 63), (27, 63), (28, 63), (36, 63), (23, 64), (24, 64), (25, 64), (20, 65), (21, 65), (22, 65), (17, 66), (18, 66), (19, 66), (35, 66), (13, 67), (14, 67), (15, 67), (16, 67), (34, 69), (12, 70), (33, 72), (11, 73), (32, 75), (10, 76), (31, 78), (9, 79), (30, 81), (8, 82), (28, 84), (29, 84), (30, 84), (7, 85), (25, 85), (26, 85), (27, 85), (22, 86), (23, 86), (24, 86), (19, 87), (20, 87), (21, 87), (7, 88), (16, 88), (17, 88), (18, 88), (8, 89), (13, 89), (14, 89), (15, 89), (9, 90), (10, 90), (11, 90), (12, 90)]
[(28, 84), (29, 84), (30, 84), (25, 85), (26, 85), (27, 85), (31, 85), (22, 86), (23, 86), (24, 86), (32, 86), (19, 87), (20, 87), (21, 87), (16, 88), (17, 88), (18, 88), (13, 89), (14, 89), (15, 89), (31, 89), (9, 90), (10, 90), (11, 90), (12, 90), (30, 92), (8, 93), (29, 95), (7, 96), (28, 98), (6, 99), (27, 101), (5, 102), (26, 104), (4, 105), (24, 107), (25, 107), (26, 107), (3, 108), (21, 108), (22, 108), (23, 108), (18, 109), (19, 109), (20, 109), (15, 110), (16, 110), (17, 110), (3, 111), (12, 111), (13, 111), (14, 111), (4, 112), (9, 112), (10, 112), (11, 112), (5, 113), (6, 113), (7, 113), (8, 113)]
[(51, 80), (52, 80), (53, 80), (48, 81), (49, 81), (50, 81), (54, 81), (45, 82), (46, 82), (47, 82), (55, 82), (42, 83), (43, 83), (44, 83), (39, 84), (40, 84), (41, 84), (36, 85), (37, 85), (38, 85), (54, 85), (32, 86), (33, 86), (34, 86), (35, 86), (53, 88), (31, 89), (52, 91), (30, 92), (51, 94), (29, 95), (50, 97), (28, 98), (49, 100), (27, 101), (47, 103), (48, 103), (49, 103), (26, 104), (44, 104), (45, 104), (46, 104), (41, 105), (42, 105), (43, 105), (38, 106), (39, 106), (40, 106), (26, 107), (35, 107), (36, 107), (37, 107), (27, 108), (32, 108), (33, 108), (34, 108), (28, 109), (29, 109), (30, 109), (31, 109)]
[(47, 103), (48, 103), (49, 103), (44, 104), (45, 104), (46, 104), (50, 104), (41, 105), (42, 105), (43, 105), (51, 105), (38, 106), (39, 106), (40, 106), (35, 107), (36, 107), (37, 107), (32, 108), (33, 108), (34, 108), (50, 108), (28, 109), (29, 109), (30, 109), (31, 109), (49, 111), (27, 112), (48, 114)]
[(70, 99), (71, 99), (72, 99), (67, 100), (68, 100), (69, 100), (73, 100), (64, 101), (65, 101), (66, 101), (74, 101), (61, 102), (62, 102), (63, 102), (58, 103), (59, 103), (60, 103), (55, 104), (56, 104), (57, 104), (73, 104), (51, 105), (52, 105), (53, 105), (54, 105), (72, 107), (50, 108), (71, 110), (49, 111), (70, 113), (48, 114)]
[(5, 88), (6, 88), (7, 88), (2, 89), (3, 89), (4, 89), (8, 89), (0, 90), (1, 90), (9, 90), (8, 93), (7, 96), (6, 99), (5, 102), (4, 105), (3, 108), (1, 111), (2, 111), (3, 111), (0, 112)]
[(1, 111), (2, 111), (3, 111), (0, 112), (4, 112), (5, 113)]
[(24, 107), (25, 107), (26, 107), (21, 108), (22, 108), (23, 108), (27, 108), (18, 109), (19, 109), (20, 109), (28, 109), (15, 110), (16, 110), (17, 110), (12, 111), (13, 111), (14, 111), (9, 112), (10, 112), (11, 112), (27, 112), (5, 113), (6, 113), (7, 113), (8, 113)]
