[(114, 40), (111, 41), (112, 41), (113, 41), (108, 42), (109, 42), (110, 42), (105, 43), (106, 43), (107, 43), (102, 44), (103, 44), (104, 44), (99, 45), (100, 45), (101, 45), (98, 47), (97, 50), (96, 53), (95, 56), (94, 59), (93, 62), (93, 63), (113, 63), (114, 63), (94, 64), (110, 64), (111, 64), (112, 64), (95, 65), (107, 65), (108, 65), (109, 65), (96, 66), (104, 66), (105, 66), (106, 66), (97, 67), (101, 67), (102, 67), (103, 67), (98, 68), (99, 68), (100, 68)]
[(70, 41), (71, 41), (68, 42), (69, 42), (72, 42), (65, 43), (66, 43), (67, 43), (73, 43), (62, 44), (63, 44), (64, 44), (74, 44), (59, 45), (60, 45), (61, 45), (75, 45), (56, 46), (57, 46), (58, 46), (76, 46), (53, 47), (54, 47), (55, 47), (75, 48), (52, 49), (74, 51), (51, 52), (73, 54), (50, 55), (72, 57), (49, 58), (71, 60), (48, 61), (70, 63), (47, 64), (69, 64), (70, 64), (47, 65), (67, 65), (68, 65), (48, 66), (64, 66), (65, 66), (66, 66), (49, 67), (61, 67), (62, 67), (63, 67), (50, 68), (58, 68), (59, 68), (60, 68), (51, 69), (55, 69), (56, 69), (57, 69), (52, 70), (53, 70), (54, 70)]
[(93, 40), (94, 40), (91, 41), (92, 41), (95, 41), (88, 42), (89, 42), (90, 42), (96, 42), (85, 43), (86, 43), (87, 43), (97, 43), (82, 44), (83, 44), (84, 44), (98, 44), (79, 45), (80, 45), (81, 45), (99, 45), (76, 46), (77, 46), (78, 46), (98, 47), (75, 48), (97, 50), (74, 51), (96, 53), (73, 54), (95, 56), (72, 57), (94, 59), (71, 60), (93, 62), (70, 63), (92, 63), (93, 63), (70, 64), (90, 64), (91, 64), (71, 65), (87, 65), (88, 65), (89, 65), (72, 66), (84, 66), (85, 66), (86, 66), (73, 67), (81, 67), (82, 67), (83, 67), (74, 68), (78, 68), (79, 68), (80, 68), (75, 69), (76, 69), (77, 69)]
[(92, 63), (93, 63), (90, 64), (91, 64), (94, 64), (87, 65), (88, 65), (89, 65), (95, 65), (84, 66), (85, 66), (86, 66), (96, 66), (81, 67), (82, 67), (83, 67), (97, 67), (78, 68), (79, 68), (80, 68), (98, 68), (75, 69), (76, 69), (77, 69), (97, 70), (74, 71), (96, 73), (73, 74), (95, 76), (72, 77), (94, 79), (71, 80), (93, 82), (70, 83), (92, 85), (69, 86), (91, 86), (92, 86), (69, 87), (89, 87), (90, 87), (70, 88), (86, 88), (87, 88), (88, 88), (71, 89), (83, 89), (84, 89), (85, 89), (72, 90), (80, 90), (81, 90), (82, 90), (73, 91), (77, 91), (78, 91), (79, 91), (74, 92), (75, 92), (76, 92)]
[(113, 63), (114, 63), (110, 64), (111, 64), (112, 64), (107, 65), (108, 65), (109, 65), (104, 66), (105, 66), (106, 66), (101, 67), (102, 67), (103, 67), (98, 68), (99, 68), (100, 68), (97, 70), (96, 73), (95, 76), (94, 79), (93, 82), (92, 85), (114, 85), (92, 86), (112, 86), (113, 86), (93, 87), (109, 87), (110, 87), (111, 87), (94, 88), (106, 88), (107, 88), (108, 88), (95, 89), (103, 89), (104, 89), (105, 89), (96, 90), (100, 90), (101, 90), (102, 90), (97, 91), (98, 91), (99, 91)]
[(114, 85), (112, 86), (113, 86), (109, 87), (110, 87), (111, 87), (106, 88), (107, 88), (108, 88), (103, 89), (104, 89), (105, 89), (100, 90), (101, 90), (102, 90), (97, 91), (98, 91), (99, 91), (96, 93), (95, 96), (94, 99), (93, 102), (92, 105), (114, 107), (91, 108), (113, 108), (114, 108), (91, 109), (111, 109), (112, 109), (92, 110), (108, 110), (109, 110), (110, 110), (93, 111), (105, 111), (106, 111), (107, 111), (94, 112), (102, 112), (103, 112), (104, 112), (95, 113), (99, 113), (100, 113), (101, 113), (96, 114), (97, 114), (98, 114)]
[(114, 107), (114, 108)]
[(46, 65), (47, 65), (44, 66), (45, 66), (48, 66), (41, 67), (42, 67), (43, 67), (49, 67), (38, 68), (39, 68), (40, 68), (50, 68), (35, 69), (36, 69), (37, 69), (51, 69), (32, 70), (33, 70), (34, 70), (52, 70), (29, 71), (30, 71), (31, 71), (51, 72), (28, 73), (50, 75), (27, 76), (49, 78), (26, 79), (48, 81), (25, 82), (47, 84), (24, 85), (46, 87), (23, 88), (45, 88), (46, 88), (23, 89), (43, 89), (44, 89), (24, 90), (40, 90), (41, 90), (42, 90), (25, 91), (37, 91), (38, 91), (39, 91), (26, 92), (34, 92), (35, 92), (36, 92), (27, 93), (31, 93), (32, 93), (33, 93), (28, 94), (29, 94), (30, 94)]
[(69, 64), (70, 64), (67, 65), (68, 65), (71, 65), (64, 66), (65, 66), (66, 66), (72, 66), (61, 67), (62, 67), (63, 67), (73, 67), (58, 68), (59, 68), (60, 68), (74, 68), (55, 69), (56, 69), (57, 69), (75, 69), (52, 70), (53, 70), (54, 70), (74, 71), (51, 72), (73, 74), (50, 75), (72, 77), (49, 78), (71, 80), (48, 81), (70, 83), (47, 84), (69, 86), (46, 87), (68, 87), (69, 87), (46, 88), (66, 88), (67, 88), (47, 89), (63, 89), (64, 89), (65, 89), (48, 90), (60, 90), (61, 90), (62, 90), (49, 91), (57, 91), (58, 91), (59, 91), (50, 92), (54, 92), (55, 92), (56, 92), (51, 93), (52, 93), (53, 93)]
[(68, 87), (69, 87), (66, 88), (67, 88), (70, 88), (63, 89), (64, 89), (65, 89), (71, 89), (60, 90), (61, 90), (62, 90), (72, 90), (57, 91), (58, 91), (59, 91), (73, 91), (54, 92), (55, 92), (56, 92), (74, 92), (51, 93), (52, 93), (53, 93), (73, 94), (50, 95), (72, 97), (49, 98), (71, 100), (48, 101), (70, 103), (47, 104), (69, 106), (46, 107), (68, 109), (45, 110), (67, 110), (68, 110), (45, 111), (65, 111), (66, 111), (46, 112), (62, 112), (63, 112), (64, 112), (47, 113), (59, 113), (60, 113), (61, 113), (48, 114), (56, 114), (57, 114), (58, 114)]
[(91, 86), (92, 86), (89, 87), (90, 87), (93, 87), (86, 88), (87, 88), (88, 88), (94, 88), (83, 89), (84, 89), (85, 89), (95, 89), (80, 90), (81, 90), (82, 90), (96, 90), (77, 91), (78, 91), (79, 91), (97, 91), (74, 92), (75, 92), (76, 92), (96, 93), (73, 94), (95, 96), (72, 97), (94, 99), (71, 100), (93, 102), (70, 103), (92, 105), (69, 106), (91, 108), (68, 109), (90, 109), (91, 109), (68, 110), (88, 110), (89, 110), (69, 111), (85, 111), (86, 111), (87, 111), (70, 112), (82, 112), (83, 112), (84, 112), (71, 113), (79, 113), (80, 113), (81, 113), (72, 114), (76, 114), (77, 114), (78, 114)]
[(90, 109), (91, 109), (88, 110), (89, 110), (92, 110), (85, 111), (86, 111), (87, 111), (93, 111), (82, 112), (83, 112), (84, 112), (94, 112), (79, 113), (80, 113), (81, 113), (95, 113), (76, 114), (77, 114), (78, 114), (96, 114)]
[(113, 108), (114, 108), (111, 109), (112, 109), (108, 110), (109, 110), (110, 110), (105, 111), (106, 111), (107, 111), (102, 112), (103, 112), (104, 112), (99, 113), (100, 113), (101, 113), (96, 114), (97, 114), (98, 114)]
[(45, 88), (46, 88), (43, 89), (44, 89), (47, 89), (40, 90), (41, 90), (42, 90), (48, 90), (37, 91), (38, 91), (39, 91), (49, 91), (34, 92), (35, 92), (36, 92), (50, 92), (31, 93), (32, 93), (33, 93), (51, 93), (28, 94), (29, 94), (30, 94), (50, 95), (27, 96), (49, 98), (26, 99), (48, 101), (25, 102), (47, 104), (24, 105), (46, 107), (23, 108), (45, 110), (22, 111), (44, 111), (45, 111), (22, 112), (42, 112), (43, 112), (23, 113), (39, 113), (40, 113), (41, 113), (24, 114), (36, 114), (37, 114), (38, 114)]
[(44, 111), (45, 111), (42, 112), (43, 112), (46, 112), (39, 113), (40, 113), (41, 113), (47, 113), (36, 114), (37, 114), (38, 114), (48, 114)]
[(67, 110), (68, 110), (65, 111), (66, 111), (69, 111), (62, 112), (63, 112), (64, 112), (70, 112), (59, 113), (60, 113), (61, 113), (71, 113), (56, 114), (57, 114), (58, 114), (72, 114)]
