[(110, 3), (111, 3), (108, 4), (109, 4), (112, 4), (105, 5), (106, 5), (107, 5), (113, 5), (102, 6), (103, 6), (104, 6), (114, 6), (99, 7), (100, 7), (101, 7), (96, 8), (97, 8), (98, 8), (93, 9), (94, 9), (95, 9), (92, 11), (114, 13), (91, 14), (113, 16), (90, 17), (112, 19), (89, 20), (111, 22), (88, 23), (110, 25), (87, 26), (109, 26), (110, 26), (87, 27), (107, 27), (108, 27), (88, 28), (104, 28), (105, 28), (106, 28), (89, 29), (101, 29), (102, 29), (103, 29), (90, 30), (98, 30), (99, 30), (100, 30), (91, 31), (95, 31), (96, 31), (97, 31), (92, 32), (93, 32), (94, 32)]
[(114, 13), (113, 16), (112, 19), (111, 22), (110, 25), (110, 26), (111, 27), (112, 28), (113, 29), (114, 30)]
[(114, 33), (113, 36), (112, 39), (111, 42), (110, 45), (109, 48), (109, 49), (110, 50), (111, 51), (112, 52), (113, 53), (114, 54)]
[(64, 5), (65, 5), (62, 6), (63, 6), (66, 6), (59, 7), (60, 7), (61, 7), (67, 7), (56, 8), (57, 8), (58, 8), (68, 8), (53, 9), (54, 9), (55, 9), (69, 9), (50, 10), (51, 10), (52, 10), (70, 10), (47, 11), (48, 11), (49, 11), (69, 12), (46, 13), (68, 15), (45, 16), (67, 18), (44, 19), (66, 21), (43, 22), (65, 24), (42, 25), (64, 27), (41, 28), (63, 28), (64, 28), (41, 29), (61, 29), (62, 29), (42, 30), (58, 30), (59, 30), (60, 30), (43, 31), (55, 31), (56, 31), (57, 31), (44, 32), (52, 32), (53, 32), (54, 32), (45, 33), (49, 33), (50, 33), (51, 33), (46, 34), (47, 34), (48, 34)]
[(87, 4), (88, 4), (85, 5), (86, 5), (89, 5), (82, 6), (83, 6), (84, 6), (90, 6), (79, 7), (80, 7), (81, 7), (91, 7), (76, 8), (77, 8), (78, 8), (92, 8), (73, 9), (74, 9), (75, 9), (93, 9), (70, 10), (71, 10), (72, 10), (92, 11), (69, 12), (91, 14), (68, 15), (90, 17), (67, 18), (89, 20), (66, 21), (88, 23), (65, 24), (87, 26), (64, 27), (86, 27), (87, 27), (64, 28), (84, 28), (85, 28), (65, 29), (81, 29), (82, 29), (83, 29), (66, 30), (78, 30), (79, 30), (80, 30), (67, 31), (75, 31), (76, 31), (77, 31), (68, 32), (72, 32), (73, 32), (74, 32), (69, 33), (70, 33), (71, 33)]
[(86, 27), (87, 27), (84, 28), (85, 28), (88, 28), (81, 29), (82, 29), (83, 29), (89, 29), (78, 30), (79, 30), (80, 30), (90, 30), (75, 31), (76, 31), (77, 31), (91, 31), (72, 32), (73, 32), (74, 32), (92, 32), (69, 33), (70, 33), (71, 33), (91, 34), (68, 35), (90, 37), (67, 38), (89, 40), (66, 41), (88, 43), (65, 44), (87, 46), (64, 47), (86, 49), (63, 50), (85, 50), (86, 50), (63, 51), (83, 51), (84, 51), (64, 52), (80, 52), (81, 52), (82, 52), (65, 53), (77, 53), (78, 53), (79, 53), (66, 54), (74, 54), (75, 54), (76, 54), (67, 55), (71, 55), (72, 55), (73, 55), (68, 56), (69, 56), (70, 56)]
[(109, 26), (110, 26), (107, 27), (108, 27), (111, 27), (104, 28), (105, 28), (106, 28), (112, 28), (101, 29), (102, 29), (103, 29), (113, 29), (98, 30), (99, 30), (100, 30), (114, 30), (95, 31), (96, 31), (97, 31), (92, 32), (93, 32), (94, 32), (114, 33), (91, 34), (113, 36), (90, 37), (112, 39), (89, 40), (111, 42), (88, 43), (110, 45), (87, 46), (109, 48), (86, 49), (108, 49), (109, 49), (86, 50), (106, 50), (107, 50), (87, 51), (103, 51), (104, 51), (105, 51), (88, 52), (100, 52), (101, 52), (102, 52), (89, 53), (97, 53), (98, 53), (99, 53), (90, 54), (94, 54), (95, 54), (96, 54), (91, 55), (92, 55), (93, 55)]
[(108, 49), (109, 49), (106, 50), (107, 50), (110, 50), (103, 51), (104, 51), (105, 51), (111, 51), (100, 52), (101, 52), (102, 52), (112, 52), (97, 53), (98, 53), (99, 53), (113, 53), (94, 54), (95, 54), (96, 54), (114, 54), (91, 55), (92, 55), (93, 55), (113, 56), (90, 57), (112, 59), (89, 60), (111, 62), (88, 63), (110, 65), (87, 66), (109, 68), (86, 69), (108, 71), (85, 72), (107, 72), (108, 72), (85, 73), (105, 73), (106, 73), (86, 74), (102, 74), (103, 74), (104, 74), (87, 75), (99, 75), (100, 75), (101, 75), (88, 76), (96, 76), (97, 76), (98, 76), (89, 77), (93, 77), (94, 77), (95, 77), (90, 78), (91, 78), (92, 78)]
[(114, 54), (113, 56), (112, 59), (111, 62), (110, 65), (109, 68), (108, 71), (108, 72), (109, 73), (110, 74), (111, 75), (112, 76), (113, 77), (114, 77)]
[(113, 77), (114, 77), (112, 79), (111, 82), (110, 85), (109, 88), (108, 91), (107, 94), (107, 95), (108, 96), (109, 97), (110, 98), (111, 99), (112, 100), (113, 100), (114, 100)]
[(40, 29), (41, 29), (38, 30), (39, 30), (42, 30), (35, 31), (36, 31), (37, 31), (43, 31), (32, 32), (33, 32), (34, 32), (44, 32), (29, 33), (30, 33), (31, 33), (45, 33), (26, 34), (27, 34), (28, 34), (46, 34), (23, 35), (24, 35), (25, 35), (45, 36), (22, 37), (44, 39), (21, 40), (43, 42), (20, 43), (42, 45), (19, 46), (41, 48), (18, 49), (40, 51), (17, 52), (39, 52), (40, 52), (17, 53), (37, 53), (38, 53), (18, 54), (34, 54), (35, 54), (36, 54), (19, 55), (31, 55), (32, 55), (33, 55), (20, 56), (28, 56), (29, 56), (30, 56), (21, 57), (25, 57), (26, 57), (27, 57), (22, 58), (23, 58), (24, 58)]
[(63, 28), (64, 28), (61, 29), (62, 29), (65, 29), (58, 30), (59, 30), (60, 30), (66, 30), (55, 31), (56, 31), (57, 31), (67, 31), (52, 32), (53, 32), (54, 32), (68, 32), (49, 33), (50, 33), (51, 33), (69, 33), (46, 34), (47, 34), (48, 34), (68, 35), (45, 36), (67, 38), (44, 39), (66, 41), (43, 42), (65, 44), (42, 45), (64, 47), (41, 48), (63, 50), (40, 51), (62, 51), (63, 51), (40, 52), (60, 52), (61, 52), (41, 53), (57, 53), (58, 53), (59, 53), (42, 54), (54, 54), (55, 54), (56, 54), (43, 55), (51, 55), (52, 55), (53, 55), (44, 56), (48, 56), (49, 56), (50, 56), (45, 57), (46, 57), (47, 57)]
[(62, 51), (63, 51), (60, 52), (61, 52), (64, 52), (57, 53), (58, 53), (59, 53), (65, 53), (54, 54), (55, 54), (56, 54), (66, 54), (51, 55), (52, 55), (53, 55), (67, 55), (48, 56), (49, 56), (50, 56), (68, 56), (45, 57), (46, 57), (47, 57), (67, 58), (44, 59), (66, 61), (43, 62), (65, 64), (42, 65), (64, 67), (41, 68), (63, 70), (40, 71), (62, 73), (39, 74), (61, 74), (62, 74), (39, 75), (59, 75), (60, 75), (40, 76), (56, 76), (57, 76), (58, 76), (41, 77), (53, 77), (54, 77), (55, 77), (42, 78), (50, 78), (51, 78), (52, 78), (43, 79), (47, 79), (48, 79), (49, 79), (44, 80), (45, 80), (46, 80)]
[(85, 50), (86, 50), (83, 51), (84, 51), (87, 51), (80, 52), (81, 52), (82, 52), (88, 52), (77, 53), (78, 53), (79, 53), (89, 53), (74, 54), (75, 54), (76, 54), (90, 54), (71, 55), (72, 55), (73, 55), (91, 55), (68, 56), (69, 56), (70, 56), (90, 57), (67, 58), (89, 60), (66, 61), (88, 63), (65, 64), (87, 66), (64, 67), (86, 69), (63, 70), (85, 72), (62, 73), (84, 73), (85, 73), (62, 74), (82, 74), (83, 74), (63, 75), (79, 75), (80, 75), (81, 75), (64, 76), (76, 76), (77, 76), (78, 76), (65, 77), (73, 77), (74, 77), (75, 77), (66, 78), (70, 78), (71, 78), (72, 78), (67, 79), (68, 79), (69, 79)]
[(84, 73), (85, 73), (82, 74), (83, 74), (86, 74), (79, 75), (80, 75), (81, 75), (87, 75), (76, 76), (77, 76), (78, 76), (88, 76), (73, 77), (74, 77), (75, 77), (89, 77), (70, 78), (71, 78), (72, 78), (90, 78), (67, 79), (68, 79), (69, 79), (89, 80), (66, 81), (88, 83), (65, 84), (87, 86), (64, 87), (86, 89), (63, 90), (85, 92), (62, 93), (84, 95), (61, 96), (83, 96), (84, 96), (61, 97), (81, 97), (82, 97), (62, 98), (78, 98), (79, 98), (80, 98), (63, 99), (75, 99), (76, 99), (77, 99), (64, 100), (72, 100), (73, 100), (74, 100), (65, 101), (69, 101), (70, 101), (71, 101), (66, 102), (67, 102), (68, 102)]
[(107, 72), (108, 72), (105, 73), (106, 73), (109, 73), (102, 74), (103, 74), (104, 74), (110, 74), (99, 75), (100, 75), (101, 75), (111, 75), (96, 76), (97, 76), (98, 76), (112, 76), (93, 77), (94, 77), (95, 77), (113, 77), (90, 78), (91, 78), (92, 78), (112, 79), (89, 80), (111, 82), (88, 83), (110, 85), (87, 86), (109, 88), (86, 89), (108, 91), (85, 92), (107, 94), (84, 95), (106, 95), (107, 95), (84, 96), (104, 96), (105, 96), (85, 97), (101, 97), (102, 97), (103, 97), (86, 98), (98, 98), (99, 98), (100, 98), (87, 99), (95, 99), (96, 99), (97, 99), (88, 100), (92, 100), (93, 100), (94, 100), (89, 101), (90, 101), (91, 101)]
[(106, 95), (107, 95), (104, 96), (105, 96), (108, 96), (101, 97), (102, 97), (103, 97), (109, 97), (98, 98), (99, 98), (100, 98), (110, 98), (95, 99), (96, 99), (97, 99), (111, 99), (92, 100), (93, 100), (94, 100), (112, 100), (89, 101), (90, 101), (91, 101), (111, 102), (88, 103), (110, 105), (87, 106), (109, 108), (86, 109), (108, 111), (85, 112), (107, 114)]
[(112, 100), (113, 100), (114, 100), (111, 102), (110, 105), (109, 108), (108, 111), (107, 114)]
[(39, 52), (40, 52), (37, 53), (38, 53), (41, 53), (34, 54), (35, 54), (36, 54), (42, 54), (31, 55), (32, 55), (33, 55), (43, 55), (28, 56), (29, 56), (30, 56), (44, 56), (25, 57), (26, 57), (27, 57), (45, 57), (22, 58), (23, 58), (24, 58), (44, 59), (21, 60), (43, 62), (20, 63), (42, 65), (19, 66), (41, 68), (18, 69), (40, 71), (17, 72), (39, 74), (16, 75), (38, 75), (39, 75), (16, 76), (36, 76), (37, 76), (17, 77), (33, 77), (34, 77), (35, 77), (18, 78), (30, 78), (31, 78), (32, 78), (19, 79), (27, 79), (28, 79), (29, 79), (20, 80), (24, 80), (25, 80), (26, 80), (21, 81), (22, 81), (23, 81)]
[(38, 75), (39, 75), (36, 76), (37, 76), (40, 76), (33, 77), (34, 77), (35, 77), (41, 77), (30, 78), (31, 78), (32, 78), (42, 78), (27, 79), (28, 79), (29, 79), (43, 79), (24, 80), (25, 80), (26, 80), (44, 80), (21, 81), (22, 81), (23, 81), (43, 82), (20, 83), (42, 85), (19, 86), (41, 88), (18, 89), (40, 91), (17, 92), (39, 94), (16, 95), (38, 97), (15, 98), (37, 98), (38, 98), (15, 99), (35, 99), (36, 99), (16, 100), (32, 100), (33, 100), (34, 100), (17, 101), (29, 101), (30, 101), (31, 101), (18, 102), (26, 102), (27, 102), (28, 102), (19, 103), (23, 103), (24, 103), (25, 103), (20, 104), (21, 104), (22, 104)]
[(61, 74), (62, 74), (59, 75), (60, 75), (63, 75), (56, 76), (57, 76), (58, 76), (64, 76), (53, 77), (54, 77), (55, 77), (65, 77), (50, 78), (51, 78), (52, 78), (66, 78), (47, 79), (48, 79), (49, 79), (67, 79), (44, 80), (45, 80), (46, 80), (66, 81), (43, 82), (65, 84), (42, 85), (64, 87), (41, 88), (63, 90), (40, 91), (62, 93), (39, 94), (61, 96), (38, 97), (60, 97), (61, 97), (38, 98), (58, 98), (59, 98), (39, 99), (55, 99), (56, 99), (57, 99), (40, 100), (52, 100), (53, 100), (54, 100), (41, 101), (49, 101), (50, 101), (51, 101), (42, 102), (46, 102), (47, 102), (48, 102), (43, 103), (44, 103), (45, 103)]
[(60, 97), (61, 97), (58, 98), (59, 98), (62, 98), (55, 99), (56, 99), (57, 99), (63, 99), (52, 100), (53, 100), (54, 100), (64, 100), (49, 101), (50, 101), (51, 101), (65, 101), (46, 102), (47, 102), (48, 102), (66, 102), (43, 103), (44, 103), (45, 103), (65, 104), (42, 105), (64, 107), (41, 108), (63, 110), (40, 111), (62, 113), (39, 114)]
[(83, 96), (84, 96), (81, 97), (82, 97), (85, 97), (78, 98), (79, 98), (80, 98), (86, 98), (75, 99), (76, 99), (77, 99), (87, 99), (72, 100), (73, 100), (74, 100), (88, 100), (69, 101), (70, 101), (71, 101), (89, 101), (66, 102), (67, 102), (68, 102), (88, 103), (65, 104), (87, 106), (64, 107), (86, 109), (63, 110), (85, 112), (62, 113)]
[(37, 98), (38, 98), (35, 99), (36, 99), (39, 99), (32, 100), (33, 100), (34, 100), (40, 100), (29, 101), (30, 101), (31, 101), (41, 101), (26, 102), (27, 102), (28, 102), (42, 102), (23, 103), (24, 103), (25, 103), (43, 103), (20, 104), (21, 104), (22, 104), (42, 105), (19, 106), (41, 108), (18, 109), (40, 111), (17, 112), (39, 114)]
