[(95, 0), (76, 1), (75, 3), (94, 3), (74, 5), (93, 5), (73, 7), (92, 7), (92, 8), (72, 9), (90, 9), (91, 9), (88, 10), (89, 10), (85, 11), (86, 11), (87, 11), (71, 12), (83, 12), (84, 12), (81, 13), (82, 13), (70, 14), (79, 14), (80, 14), (77, 15), (78, 15), (69, 16), (75, 16), (76, 16), (69, 17), (73, 17), (74, 17), (70, 18), (71, 18), (72, 18)]
[(95, 0), (113, 0), (114, 0), (111, 1), (112, 1), (108, 2), (109, 2), (110, 2), (94, 3), (106, 3), (107, 3), (104, 4), (105, 4), (93, 5), (102, 5), (103, 5), (100, 6), (101, 6), (92, 7), (98, 7), (99, 7), (92, 8), (96, 8), (97, 8), (93, 9), (94, 9), (95, 9)]
[(113, 0), (114, 0), (111, 1), (112, 1), (108, 2), (109, 2), (110, 2), (106, 3), (107, 3), (104, 4), (105, 4), (114, 4), (102, 5), (103, 5), (100, 6), (101, 6), (113, 6), (98, 7), (99, 7), (96, 8), (97, 8), (112, 8), (93, 9), (94, 9), (95, 9), (111, 10), (92, 11), (110, 12), (91, 13), (109, 14), (90, 15), (89, 17), (108, 17), (88, 19), (107, 19), (87, 21), (106, 21), (106, 22), (86, 23), (104, 23), (105, 23), (102, 24), (103, 24), (99, 25), (100, 25), (101, 25), (85, 26), (97, 26), (98, 26), (95, 27), (96, 27), (84, 28), (93, 28), (94, 28), (91, 29), (92, 29), (83, 30), (89, 30), (90, 30), (83, 31), (87, 31), (88, 31), (84, 32), (85, 32), (86, 32)]
[(114, 4), (113, 6), (112, 8), (111, 10), (110, 12), (109, 14), (108, 17), (107, 19), (114, 20), (106, 21), (112, 21), (113, 21), (106, 22), (110, 22), (111, 22), (107, 23), (108, 23), (109, 23)]
[(114, 20), (112, 21), (113, 21), (110, 22), (111, 22), (107, 23), (108, 23), (109, 23), (106, 25), (105, 27), (104, 29), (103, 31), (102, 33), (101, 35), (100, 37), (113, 39), (114, 39), (99, 40), (111, 40), (112, 40), (109, 41), (110, 41), (98, 42), (107, 42), (108, 42), (105, 43), (106, 43), (97, 44), (103, 44), (104, 44), (97, 45), (101, 45), (102, 45), (98, 46), (99, 46), (100, 46)]
[(114, 51), (113, 54), (112, 56), (111, 58), (111, 59), (112, 60), (113, 60), (114, 60)]
[(55, 3), (53, 4), (54, 4), (56, 4), (51, 5), (52, 5), (48, 6), (49, 6), (50, 6), (55, 6), (46, 7), (47, 7), (44, 8), (45, 8), (54, 8), (42, 9), (43, 9), (40, 10), (41, 10), (53, 10), (38, 11), (39, 11), (36, 12), (37, 12), (52, 12), (33, 13), (34, 13), (35, 13), (51, 14), (32, 15), (50, 16), (31, 17), (49, 18), (30, 19), (29, 21), (48, 21), (28, 23), (47, 23), (27, 25), (46, 25), (46, 26), (26, 27), (44, 27), (45, 27), (42, 28), (43, 28), (39, 29), (40, 29), (41, 29), (25, 30), (37, 30), (38, 30), (35, 31), (36, 31), (24, 32), (33, 32), (34, 32), (31, 33), (32, 33), (23, 34), (29, 34), (30, 34), (23, 35), (27, 35), (28, 35), (24, 36), (25, 36), (26, 36)]
[(65, 0), (66, 0), (63, 1), (64, 1), (76, 1), (61, 2), (62, 2), (59, 3), (60, 3), (75, 3), (56, 4), (57, 4), (58, 4), (74, 5), (55, 6), (73, 7), (54, 8), (72, 9), (53, 10), (52, 12), (71, 12), (51, 14), (70, 14), (50, 16), (69, 16), (69, 17), (49, 18), (67, 18), (68, 18), (65, 19), (66, 19), (62, 20), (63, 20), (64, 20), (48, 21), (60, 21), (61, 21), (58, 22), (59, 22), (47, 23), (56, 23), (57, 23), (54, 24), (55, 24), (46, 25), (52, 25), (53, 25), (46, 26), (50, 26), (51, 26), (47, 27), (48, 27), (49, 27)]
[(69, 17), (67, 18), (68, 18), (70, 18), (65, 19), (66, 19), (62, 20), (63, 20), (64, 20), (69, 20), (60, 21), (61, 21), (58, 22), (59, 22), (68, 22), (56, 23), (57, 23), (54, 24), (55, 24), (67, 24), (52, 25), (53, 25), (50, 26), (51, 26), (66, 26), (47, 27), (48, 27), (49, 27), (65, 28), (46, 29), (64, 30), (45, 31), (63, 32), (44, 33), (43, 35), (62, 35), (42, 37), (61, 37), (41, 39), (60, 39), (60, 40), (40, 41), (58, 41), (59, 41), (56, 42), (57, 42), (53, 43), (54, 43), (55, 43), (39, 44), (51, 44), (52, 44), (49, 45), (50, 45), (38, 46), (47, 46), (48, 46), (45, 47), (46, 47), (37, 48), (43, 48), (44, 48), (37, 49), (41, 49), (42, 49), (38, 50), (39, 50), (40, 50)]
[(92, 8), (90, 9), (91, 9), (93, 9), (88, 10), (89, 10), (85, 11), (86, 11), (87, 11), (92, 11), (83, 12), (84, 12), (81, 13), (82, 13), (91, 13), (79, 14), (80, 14), (77, 15), (78, 15), (90, 15), (75, 16), (76, 16), (73, 17), (74, 17), (89, 17), (70, 18), (71, 18), (72, 18), (88, 19), (69, 20), (87, 21), (68, 22), (86, 23), (67, 24), (66, 26), (85, 26), (65, 28), (84, 28), (64, 30), (83, 30), (83, 31), (63, 32), (81, 32), (82, 32), (79, 33), (80, 33), (76, 34), (77, 34), (78, 34), (62, 35), (74, 35), (75, 35), (72, 36), (73, 36), (61, 37), (70, 37), (71, 37), (68, 38), (69, 38), (60, 39), (66, 39), (67, 39), (60, 40), (64, 40), (65, 40), (61, 41), (62, 41), (63, 41)]
[(83, 31), (81, 32), (82, 32), (84, 32), (79, 33), (80, 33), (76, 34), (77, 34), (78, 34), (83, 34), (74, 35), (75, 35), (72, 36), (73, 36), (82, 36), (70, 37), (71, 37), (68, 38), (69, 38), (81, 38), (66, 39), (67, 39), (64, 40), (65, 40), (80, 40), (61, 41), (62, 41), (63, 41), (79, 42), (60, 43), (78, 44), (59, 45), (77, 46), (58, 47), (57, 49), (76, 49), (56, 51), (75, 51), (55, 53), (74, 53), (74, 54), (54, 55), (72, 55), (73, 55), (70, 56), (71, 56), (67, 57), (68, 57), (69, 57), (53, 58), (65, 58), (66, 58), (63, 59), (64, 59), (52, 60), (61, 60), (62, 60), (59, 61), (60, 61), (51, 62), (57, 62), (58, 62), (51, 63), (55, 63), (56, 63), (52, 64), (53, 64), (54, 64)]
[(106, 22), (104, 23), (105, 23), (107, 23), (102, 24), (103, 24), (99, 25), (100, 25), (101, 25), (106, 25), (97, 26), (98, 26), (95, 27), (96, 27), (105, 27), (93, 28), (94, 28), (91, 29), (92, 29), (104, 29), (89, 30), (90, 30), (87, 31), (88, 31), (103, 31), (84, 32), (85, 32), (86, 32), (102, 33), (83, 34), (101, 35), (82, 36), (100, 37), (81, 38), (80, 40), (99, 40), (79, 42), (98, 42), (78, 44), (97, 44), (97, 45), (77, 46), (95, 46), (96, 46), (93, 47), (94, 47), (90, 48), (91, 48), (92, 48), (76, 49), (88, 49), (89, 49), (86, 50), (87, 50), (75, 51), (84, 51), (85, 51), (82, 52), (83, 52), (74, 53), (80, 53), (81, 53), (74, 54), (78, 54), (79, 54), (75, 55), (76, 55), (77, 55)]
[(97, 45), (95, 46), (96, 46), (98, 46), (93, 47), (94, 47), (90, 48), (91, 48), (92, 48), (97, 48), (88, 49), (89, 49), (86, 50), (87, 50), (96, 50), (84, 51), (85, 51), (82, 52), (83, 52), (95, 52), (80, 53), (81, 53), (78, 54), (79, 54), (94, 54), (75, 55), (76, 55), (77, 55), (93, 56), (74, 57), (92, 58), (73, 59), (91, 60), (72, 61), (71, 63), (90, 63), (70, 65), (89, 65), (69, 67), (88, 67), (88, 68), (68, 69), (86, 69), (87, 69), (84, 70), (85, 70), (81, 71), (82, 71), (83, 71), (67, 72), (79, 72), (80, 72), (77, 73), (78, 73), (66, 74), (75, 74), (76, 74), (73, 75), (74, 75), (65, 76), (71, 76), (72, 76), (65, 77), (69, 77), (70, 77), (66, 78), (67, 78), (68, 78)]
[(113, 39), (114, 39), (111, 40), (112, 40), (109, 41), (110, 41), (107, 42), (108, 42), (105, 43), (106, 43), (103, 44), (104, 44), (101, 45), (102, 45), (98, 46), (99, 46), (100, 46), (97, 48), (96, 50), (114, 51), (95, 52), (94, 54), (113, 54), (93, 56), (112, 56), (92, 58), (111, 58), (111, 59), (91, 60), (109, 60), (110, 60), (107, 61), (108, 61), (104, 62), (105, 62), (106, 62), (90, 63), (102, 63), (103, 63), (100, 64), (101, 64), (89, 65), (98, 65), (99, 65), (96, 66), (97, 66), (88, 67), (94, 67), (95, 67), (88, 68), (92, 68), (93, 68), (89, 69), (90, 69), (91, 69)]
[(111, 59), (109, 60), (110, 60), (112, 60), (107, 61), (108, 61), (104, 62), (105, 62), (106, 62), (111, 62), (102, 63), (103, 63), (100, 64), (101, 64), (110, 64), (98, 65), (99, 65), (96, 66), (97, 66), (109, 66), (94, 67), (95, 67), (92, 68), (93, 68), (108, 68), (89, 69), (90, 69), (91, 69), (107, 70), (88, 71), (106, 72), (87, 73), (105, 74), (86, 75), (85, 77), (104, 77), (84, 79), (103, 79), (83, 81), (102, 81), (102, 82), (82, 83), (100, 83), (101, 83), (98, 84), (99, 84), (95, 85), (96, 85), (97, 85), (81, 86), (93, 86), (94, 86), (91, 87), (92, 87), (80, 88), (89, 88), (90, 88), (87, 89), (88, 89), (79, 90), (85, 90), (86, 90), (79, 91), (83, 91), (84, 91), (80, 92), (81, 92), (82, 92)]
[(112, 60), (113, 60), (114, 60), (111, 62), (110, 64), (109, 66), (108, 68), (107, 70), (106, 72), (105, 74), (104, 77), (114, 78), (103, 79), (112, 79), (113, 79), (110, 80), (111, 80), (102, 81), (108, 81), (109, 81), (102, 82), (106, 82), (107, 82), (103, 83), (104, 83), (105, 83)]
[(114, 78), (112, 79), (113, 79), (110, 80), (111, 80), (108, 81), (109, 81), (106, 82), (107, 82), (103, 83), (104, 83), (105, 83), (102, 85), (101, 87), (100, 89), (99, 91), (98, 93), (97, 95), (96, 97), (114, 97), (112, 98), (113, 98), (109, 99), (110, 99), (111, 99), (95, 100), (107, 100), (108, 100), (105, 101), (106, 101), (94, 102), (103, 102), (104, 102), (101, 103), (102, 103), (93, 104), (99, 104), (100, 104), (93, 105), (97, 105), (98, 105), (94, 106), (95, 106), (96, 106)]
[(23, 35), (21, 36), (22, 36), (24, 36), (19, 37), (20, 37), (16, 38), (17, 38), (18, 38), (23, 38), (14, 39), (15, 39), (12, 40), (13, 40), (22, 40), (10, 41), (11, 41), (8, 42), (9, 42), (21, 42), (6, 43), (7, 43), (4, 44), (5, 44), (20, 44), (1, 45), (2, 45), (3, 45), (19, 46), (0, 47), (18, 48), (17, 50), (16, 53), (15, 55), (14, 57), (14, 58), (12, 59), (13, 59), (10, 60), (11, 60), (7, 61), (8, 61), (9, 61), (5, 62), (6, 62), (3, 63), (4, 63), (1, 64), (2, 64), (0, 65)]
[(46, 26), (44, 27), (45, 27), (47, 27), (42, 28), (43, 28), (39, 29), (40, 29), (41, 29), (46, 29), (37, 30), (38, 30), (35, 31), (36, 31), (45, 31), (33, 32), (34, 32), (31, 33), (32, 33), (44, 33), (29, 34), (30, 34), (27, 35), (28, 35), (43, 35), (24, 36), (25, 36), (26, 36), (42, 37), (23, 38), (41, 39), (22, 40), (40, 41), (21, 42), (20, 44), (39, 44), (19, 46), (38, 46), (18, 48), (37, 48), (37, 49), (17, 50), (35, 50), (36, 50), (33, 51), (34, 51), (30, 52), (31, 52), (32, 52), (16, 53), (28, 53), (29, 53), (26, 54), (27, 54), (15, 55), (24, 55), (25, 55), (22, 56), (23, 56), (14, 57), (20, 57), (21, 57), (14, 58), (18, 58), (19, 58), (15, 59), (16, 59), (17, 59)]
[(37, 49), (35, 50), (36, 50), (38, 50), (33, 51), (34, 51), (30, 52), (31, 52), (32, 52), (37, 52), (28, 53), (29, 53), (26, 54), (27, 54), (36, 54), (24, 55), (25, 55), (22, 56), (23, 56), (35, 56), (20, 57), (21, 57), (18, 58), (19, 58), (34, 58), (15, 59), (16, 59), (17, 59), (33, 60), (14, 61), (32, 62), (13, 63), (31, 64), (12, 65), (11, 67), (30, 67), (10, 69), (29, 69), (9, 71), (28, 71), (28, 72), (8, 73), (26, 73), (27, 73), (24, 74), (25, 74), (21, 75), (22, 75), (23, 75), (7, 76), (19, 76), (20, 76), (17, 77), (18, 77), (6, 78), (15, 78), (16, 78), (13, 79), (14, 79), (5, 80), (11, 80), (12, 80), (5, 81), (9, 81), (10, 81), (6, 82), (7, 82), (8, 82)]
[(60, 40), (58, 41), (59, 41), (61, 41), (56, 42), (57, 42), (53, 43), (54, 43), (55, 43), (60, 43), (51, 44), (52, 44), (49, 45), (50, 45), (59, 45), (47, 46), (48, 46), (45, 47), (46, 47), (58, 47), (43, 48), (44, 48), (41, 49), (42, 49), (57, 49), (38, 50), (39, 50), (40, 50), (56, 51), (37, 52), (55, 53), (36, 54), (54, 55), (35, 56), (34, 58), (53, 58), (33, 60), (52, 60), (32, 62), (51, 62), (51, 63), (31, 64), (49, 64), (50, 64), (47, 65), (48, 65), (44, 66), (45, 66), (46, 66), (30, 67), (42, 67), (43, 67), (40, 68), (41, 68), (29, 69), (38, 69), (39, 69), (36, 70), (37, 70), (28, 71), (34, 71), (35, 71), (28, 72), (32, 72), (33, 72), (29, 73), (30, 73), (31, 73)]
[(51, 63), (49, 64), (50, 64), (52, 64), (47, 65), (48, 65), (44, 66), (45, 66), (46, 66), (51, 66), (42, 67), (43, 67), (40, 68), (41, 68), (50, 68), (38, 69), (39, 69), (36, 70), (37, 70), (49, 70), (34, 71), (35, 71), (32, 72), (33, 72), (48, 72), (29, 73), (30, 73), (31, 73), (47, 74), (28, 75), (46, 76), (27, 77), (45, 78), (26, 79), (25, 81), (44, 81), (24, 83), (43, 83), (23, 85), (42, 85), (42, 86), (22, 87), (40, 87), (41, 87), (38, 88), (39, 88), (35, 89), (36, 89), (37, 89), (21, 90), (33, 90), (34, 90), (31, 91), (32, 91), (20, 92), (29, 92), (30, 92), (27, 93), (28, 93), (19, 94), (25, 94), (26, 94), (19, 95), (23, 95), (24, 95), (20, 96), (21, 96), (22, 96)]
[(74, 54), (72, 55), (73, 55), (75, 55), (70, 56), (71, 56), (67, 57), (68, 57), (69, 57), (74, 57), (65, 58), (66, 58), (63, 59), (64, 59), (73, 59), (61, 60), (62, 60), (59, 61), (60, 61), (72, 61), (57, 62), (58, 62), (55, 63), (56, 63), (71, 63), (52, 64), (53, 64), (54, 64), (70, 65), (51, 66), (69, 67), (50, 68), (68, 69), (49, 70), (48, 72), (67, 72), (47, 74), (66, 74), (46, 76), (65, 76), (65, 77), (45, 78), (63, 78), (64, 78), (61, 79), (62, 79), (58, 80), (59, 80), (60, 80), (44, 81), (56, 81), (57, 81), (54, 82), (55, 82), (43, 83), (52, 83), (53, 83), (50, 84), (51, 84), (42, 85), (48, 85), (49, 85), (42, 86), (46, 86), (47, 86), (43, 87), (44, 87), (45, 87)]
[(65, 77), (63, 78), (64, 78), (66, 78), (61, 79), (62, 79), (58, 80), (59, 80), (60, 80), (65, 80), (56, 81), (57, 81), (54, 82), (55, 82), (64, 82), (52, 83), (53, 83), (50, 84), (51, 84), (63, 84), (48, 85), (49, 85), (46, 86), (47, 86), (62, 86), (43, 87), (44, 87), (45, 87), (61, 88), (42, 89), (60, 90), (41, 91), (59, 92), (40, 93), (39, 95), (58, 95), (38, 97), (57, 97), (37, 99), (56, 99), (56, 100), (36, 101), (54, 101), (55, 101), (52, 102), (53, 102), (49, 103), (50, 103), (51, 103), (35, 104), (47, 104), (48, 104), (45, 105), (46, 105), (34, 106), (43, 106), (44, 106), (41, 107), (42, 107), (33, 108), (39, 108), (40, 108), (33, 109), (37, 109), (38, 109), (34, 110), (35, 110), (36, 110)]
[(88, 68), (86, 69), (87, 69), (89, 69), (84, 70), (85, 70), (81, 71), (82, 71), (83, 71), (88, 71), (79, 72), (80, 72), (77, 73), (78, 73), (87, 73), (75, 74), (76, 74), (73, 75), (74, 75), (86, 75), (71, 76), (72, 76), (69, 77), (70, 77), (85, 77), (66, 78), (67, 78), (68, 78), (84, 79), (65, 80), (83, 81), (64, 82), (82, 83), (63, 84), (62, 86), (81, 86), (61, 88), (80, 88), (60, 90), (79, 90), (79, 91), (59, 92), (77, 92), (78, 92), (75, 93), (76, 93), (72, 94), (73, 94), (74, 94), (58, 95), (70, 95), (71, 95), (68, 96), (69, 96), (57, 97), (66, 97), (67, 97), (64, 98), (65, 98), (56, 99), (62, 99), (63, 99), (56, 100), (60, 100), (61, 100), (57, 101), (58, 101), (59, 101)]
[(79, 91), (77, 92), (78, 92), (80, 92), (75, 93), (76, 93), (72, 94), (73, 94), (74, 94), (79, 94), (70, 95), (71, 95), (68, 96), (69, 96), (78, 96), (66, 97), (67, 97), (64, 98), (65, 98), (77, 98), (62, 99), (63, 99), (60, 100), (61, 100), (76, 100), (57, 101), (58, 101), (59, 101), (75, 102), (56, 103), (74, 104), (55, 105), (73, 106), (54, 107), (53, 109), (72, 109), (52, 111), (71, 111), (51, 113), (70, 113), (70, 114)]
[(102, 82), (100, 83), (101, 83), (103, 83), (98, 84), (99, 84), (95, 85), (96, 85), (97, 85), (102, 85), (93, 86), (94, 86), (91, 87), (92, 87), (101, 87), (89, 88), (90, 88), (87, 89), (88, 89), (100, 89), (85, 90), (86, 90), (83, 91), (84, 91), (99, 91), (80, 92), (81, 92), (82, 92), (98, 93), (79, 94), (97, 95), (78, 96), (96, 97), (77, 98), (76, 100), (95, 100), (75, 102), (94, 102), (74, 104), (93, 104), (93, 105), (73, 106), (91, 106), (92, 106), (89, 107), (90, 107), (86, 108), (87, 108), (88, 108), (72, 109), (84, 109), (85, 109), (82, 110), (83, 110), (71, 111), (80, 111), (81, 111), (78, 112), (79, 112), (70, 113), (76, 113), (77, 113), (70, 114), (74, 114), (75, 114)]
[(93, 105), (91, 106), (92, 106), (94, 106), (89, 107), (90, 107), (86, 108), (87, 108), (88, 108), (93, 108), (84, 109), (85, 109), (82, 110), (83, 110), (92, 110), (80, 111), (81, 111), (78, 112), (79, 112), (91, 112), (76, 113), (77, 113), (74, 114), (75, 114), (90, 114)]
[(114, 97), (112, 98), (113, 98), (109, 99), (110, 99), (111, 99), (107, 100), (108, 100), (105, 101), (106, 101), (103, 102), (104, 102), (101, 103), (102, 103), (114, 103), (99, 104), (100, 104), (97, 105), (98, 105), (113, 105), (94, 106), (95, 106), (96, 106), (112, 107), (93, 108), (111, 109), (92, 110), (110, 111), (91, 112), (90, 114), (109, 114)]
[(14, 58), (12, 59), (13, 59), (15, 59), (10, 60), (11, 60), (7, 61), (8, 61), (9, 61), (14, 61), (5, 62), (6, 62), (3, 63), (4, 63), (13, 63), (1, 64), (2, 64), (0, 65), (12, 65), (11, 67), (10, 69), (9, 71), (8, 73), (7, 76), (6, 78), (5, 80), (5, 81), (3, 82), (4, 82), (1, 83), (2, 83), (0, 84)]
[(5, 81), (3, 82), (4, 82), (6, 82), (1, 83), (2, 83), (0, 84), (5, 84), (4, 86), (3, 88), (2, 90), (1, 92), (0, 94)]
[(28, 72), (26, 73), (27, 73), (29, 73), (24, 74), (25, 74), (21, 75), (22, 75), (23, 75), (28, 75), (19, 76), (20, 76), (17, 77), (18, 77), (27, 77), (15, 78), (16, 78), (13, 79), (14, 79), (26, 79), (11, 80), (12, 80), (9, 81), (10, 81), (25, 81), (6, 82), (7, 82), (8, 82), (24, 83), (5, 84), (23, 85), (4, 86), (22, 87), (3, 88), (2, 90), (21, 90), (1, 92), (20, 92), (0, 94), (19, 94), (19, 95), (17, 96), (18, 96), (15, 97), (16, 97), (12, 98), (13, 98), (14, 98), (10, 99), (11, 99), (8, 100), (9, 100), (6, 101), (7, 101), (4, 102), (5, 102), (2, 103), (3, 103), (0, 104), (1, 104)]
[(19, 95), (17, 96), (18, 96), (20, 96), (15, 97), (16, 97), (12, 98), (13, 98), (14, 98), (19, 98), (10, 99), (11, 99), (8, 100), (9, 100), (18, 100), (6, 101), (7, 101), (4, 102), (5, 102), (17, 102), (2, 103), (3, 103), (0, 104), (1, 104), (16, 104), (15, 106), (14, 108), (13, 110), (12, 113)]
[(42, 86), (40, 87), (41, 87), (43, 87), (38, 88), (39, 88), (35, 89), (36, 89), (37, 89), (42, 89), (33, 90), (34, 90), (31, 91), (32, 91), (41, 91), (29, 92), (30, 92), (27, 93), (28, 93), (40, 93), (25, 94), (26, 94), (23, 95), (24, 95), (39, 95), (20, 96), (21, 96), (22, 96), (38, 97), (19, 98), (37, 99), (18, 100), (36, 101), (17, 102), (16, 104), (35, 104), (15, 106), (34, 106), (14, 108), (33, 108), (33, 109), (13, 110), (31, 110), (32, 110), (29, 111), (30, 111), (26, 112), (27, 112), (28, 112), (12, 113), (24, 113), (25, 113), (22, 114), (23, 114)]
[(33, 109), (31, 110), (32, 110), (34, 110), (29, 111), (30, 111), (26, 112), (27, 112), (28, 112), (33, 112), (24, 113), (25, 113), (22, 114), (23, 114), (32, 114)]
[(56, 100), (54, 101), (55, 101), (57, 101), (52, 102), (53, 102), (49, 103), (50, 103), (51, 103), (56, 103), (47, 104), (48, 104), (45, 105), (46, 105), (55, 105), (43, 106), (44, 106), (41, 107), (42, 107), (54, 107), (39, 108), (40, 108), (37, 109), (38, 109), (53, 109), (34, 110), (35, 110), (36, 110), (52, 111), (33, 112), (51, 113), (32, 114)]
[(70, 114)]
