[(110, 43), (111, 43), (112, 43), (113, 43), (107, 44), (108, 44), (109, 44), (114, 44), (103, 45), (104, 45), (105, 45), (106, 45), (100, 46), (101, 46), (102, 46), (96, 47), (97, 47), (98, 47), (99, 47), (95, 50), (94, 53), (93, 57), (92, 60), (91, 64), (92, 64), (93, 65), (94, 66), (112, 66), (113, 66), (114, 66), (95, 67), (109, 67), (110, 67), (111, 67), (96, 68), (105, 68), (106, 68), (107, 68), (108, 68), (97, 69), (102, 69), (103, 69), (104, 69), (98, 70), (99, 70), (100, 70), (101, 70)]
[(114, 66)]
[(64, 39), (65, 39), (66, 39), (67, 39), (61, 40), (62, 40), (63, 40), (68, 40), (57, 41), (58, 41), (59, 41), (60, 41), (69, 41), (54, 42), (55, 42), (56, 42), (70, 42), (50, 43), (51, 43), (52, 43), (53, 43), (71, 43), (72, 44), (73, 45), (49, 46), (72, 48), (48, 49), (71, 51), (47, 53), (70, 55), (46, 56), (69, 58), (45, 60), (46, 60), (47, 61), (48, 62), (66, 62), (67, 62), (68, 62), (69, 62), (49, 63), (63, 63), (64, 63), (65, 63), (50, 64), (59, 64), (60, 64), (61, 64), (62, 64), (51, 65), (56, 65), (57, 65), (58, 65), (52, 66), (53, 66), (54, 66), (55, 66)]
[(87, 41), (88, 41), (89, 41), (90, 41), (84, 42), (85, 42), (86, 42), (91, 42), (80, 43), (81, 43), (82, 43), (83, 43), (92, 43), (77, 44), (78, 44), (79, 44), (93, 44), (73, 45), (74, 45), (75, 45), (76, 45), (94, 45), (95, 46), (96, 47), (72, 48), (95, 50), (71, 51), (94, 53), (70, 55), (93, 57), (69, 58), (92, 60), (68, 62), (69, 62), (70, 63), (71, 64), (89, 64), (90, 64), (91, 64), (92, 64), (72, 65), (86, 65), (87, 65), (88, 65), (73, 66), (82, 66), (83, 66), (84, 66), (85, 66), (74, 67), (79, 67), (80, 67), (81, 67), (75, 68), (76, 68), (77, 68), (78, 68)]
[(89, 64), (90, 64), (91, 64), (92, 64), (86, 65), (87, 65), (88, 65), (93, 65), (82, 66), (83, 66), (84, 66), (85, 66), (94, 66), (79, 67), (80, 67), (81, 67), (95, 67), (75, 68), (76, 68), (77, 68), (78, 68), (96, 68), (97, 69), (98, 70), (74, 71), (97, 73), (73, 74), (96, 76), (72, 78), (95, 80), (71, 81), (94, 83), (70, 85), (71, 85), (72, 86), (73, 87), (91, 87), (92, 87), (93, 87), (94, 87), (74, 88), (88, 88), (89, 88), (90, 88), (75, 89), (84, 89), (85, 89), (86, 89), (87, 89), (76, 90), (81, 90), (82, 90), (83, 90), (77, 91), (78, 91), (79, 91), (80, 91)]
[(112, 66), (113, 66), (114, 66), (109, 67), (110, 67), (111, 67), (105, 68), (106, 68), (107, 68), (108, 68), (102, 69), (103, 69), (104, 69), (98, 70), (99, 70), (100, 70), (101, 70), (97, 73), (96, 76), (95, 80), (94, 83), (93, 87), (94, 87), (95, 88), (96, 89), (114, 89), (97, 90), (111, 90), (112, 90), (113, 90), (98, 91), (107, 91), (108, 91), (109, 91), (110, 91), (99, 92), (104, 92), (105, 92), (106, 92), (100, 93), (101, 93), (102, 93), (103, 93)]
[(114, 89), (111, 90), (112, 90), (113, 90), (107, 91), (108, 91), (109, 91), (110, 91), (104, 92), (105, 92), (106, 92), (100, 93), (101, 93), (102, 93), (103, 93), (99, 96), (98, 99), (97, 103), (96, 106), (95, 110), (96, 110), (97, 111), (98, 112), (99, 113), (113, 113), (114, 113), (100, 114), (109, 114), (110, 114), (111, 114), (112, 114)]
[(43, 60), (44, 60), (45, 60), (46, 60), (40, 61), (41, 61), (42, 61), (47, 61), (36, 62), (37, 62), (38, 62), (39, 62), (48, 62), (33, 63), (34, 63), (35, 63), (49, 63), (29, 64), (30, 64), (31, 64), (32, 64), (50, 64), (51, 65), (52, 66), (28, 67), (51, 69), (27, 70), (50, 72), (26, 74), (49, 76), (25, 77), (48, 79), (24, 81), (25, 81), (26, 82), (27, 83), (45, 83), (46, 83), (47, 83), (48, 83), (28, 84), (42, 84), (43, 84), (44, 84), (29, 85), (38, 85), (39, 85), (40, 85), (41, 85), (30, 86), (35, 86), (36, 86), (37, 86), (31, 87), (32, 87), (33, 87), (34, 87)]
[(66, 62), (67, 62), (68, 62), (69, 62), (63, 63), (64, 63), (65, 63), (70, 63), (59, 64), (60, 64), (61, 64), (62, 64), (71, 64), (56, 65), (57, 65), (58, 65), (72, 65), (52, 66), (53, 66), (54, 66), (55, 66), (73, 66), (74, 67), (75, 68), (51, 69), (74, 71), (50, 72), (73, 74), (49, 76), (72, 78), (48, 79), (71, 81), (47, 83), (48, 83), (49, 84), (50, 85), (68, 85), (69, 85), (70, 85), (71, 85), (51, 86), (65, 86), (66, 86), (67, 86), (52, 87), (61, 87), (62, 87), (63, 87), (64, 87), (53, 88), (58, 88), (59, 88), (60, 88), (54, 89), (55, 89), (56, 89), (57, 89)]
[(68, 85), (69, 85), (70, 85), (71, 85), (65, 86), (66, 86), (67, 86), (72, 86), (61, 87), (62, 87), (63, 87), (64, 87), (73, 87), (58, 88), (59, 88), (60, 88), (74, 88), (54, 89), (55, 89), (56, 89), (57, 89), (75, 89), (76, 90), (77, 91), (53, 92), (76, 94), (52, 95), (75, 97), (51, 99), (74, 101), (50, 102), (73, 104), (49, 106), (50, 106), (51, 107), (52, 108), (70, 108), (71, 108), (72, 108), (73, 108), (53, 109), (67, 109), (68, 109), (69, 109), (54, 110), (63, 110), (64, 110), (65, 110), (66, 110), (55, 111), (60, 111), (61, 111), (62, 111), (56, 112), (57, 112), (58, 112), (59, 112)]
[(91, 87), (92, 87), (93, 87), (94, 87), (88, 88), (89, 88), (90, 88), (95, 88), (84, 89), (85, 89), (86, 89), (87, 89), (96, 89), (81, 90), (82, 90), (83, 90), (97, 90), (77, 91), (78, 91), (79, 91), (80, 91), (98, 91), (99, 92), (100, 93), (76, 94), (99, 96), (75, 97), (98, 99), (74, 101), (97, 103), (73, 104), (96, 106), (72, 108), (73, 108), (74, 109), (75, 110), (93, 110), (94, 110), (95, 110), (96, 110), (76, 111), (90, 111), (91, 111), (92, 111), (77, 112), (86, 112), (87, 112), (88, 112), (89, 112), (78, 113), (83, 113), (84, 113), (85, 113), (79, 114), (80, 114), (81, 114), (82, 114)]
[(93, 110), (94, 110), (95, 110), (96, 110), (90, 111), (91, 111), (92, 111), (97, 111), (86, 112), (87, 112), (88, 112), (89, 112), (98, 112), (83, 113), (84, 113), (85, 113), (99, 113), (79, 114), (80, 114), (81, 114), (82, 114), (100, 114)]
[(113, 113), (114, 113), (109, 114), (110, 114), (111, 114), (112, 114)]
[(45, 83), (46, 83), (47, 83), (48, 83), (42, 84), (43, 84), (44, 84), (49, 84), (38, 85), (39, 85), (40, 85), (41, 85), (50, 85), (35, 86), (36, 86), (37, 86), (51, 86), (31, 87), (32, 87), (33, 87), (34, 87), (52, 87), (53, 88), (54, 89), (30, 90), (53, 92), (29, 93), (52, 95), (28, 97), (51, 99), (27, 100), (50, 102), (26, 104), (27, 104), (28, 105), (29, 106), (47, 106), (48, 106), (49, 106), (50, 106), (30, 107), (44, 107), (45, 107), (46, 107), (31, 108), (40, 108), (41, 108), (42, 108), (43, 108), (32, 109), (37, 109), (38, 109), (39, 109), (33, 110), (34, 110), (35, 110), (36, 110)]
[(47, 106), (48, 106), (49, 106), (50, 106), (44, 107), (45, 107), (46, 107), (51, 107), (40, 108), (41, 108), (42, 108), (43, 108), (52, 108), (37, 109), (38, 109), (39, 109), (53, 109), (33, 110), (34, 110), (35, 110), (36, 110), (54, 110), (55, 111), (56, 112), (32, 113)]
[(70, 108), (71, 108), (72, 108), (73, 108), (67, 109), (68, 109), (69, 109), (74, 109), (63, 110), (64, 110), (65, 110), (66, 110), (75, 110), (60, 111), (61, 111), (62, 111), (76, 111), (56, 112), (57, 112), (58, 112), (59, 112), (77, 112), (78, 113), (79, 114)]
