[(106, 18), (107, 18), (108, 18), (102, 19), (103, 19), (104, 19), (105, 19), (109, 19), (98, 20), (99, 20), (100, 20), (101, 20), (110, 20), (94, 21), (95, 21), (96, 21), (97, 21), (111, 21), (90, 22), (91, 22), (92, 22), (93, 22), (112, 22), (89, 25), (111, 25), (88, 29), (110, 29), (87, 33), (109, 33), (86, 37), (108, 37), (86, 40), (106, 40), (107, 40), (108, 40), (87, 41), (102, 41), (103, 41), (104, 41), (105, 41), (88, 42), (98, 42), (99, 42), (100, 42), (101, 42), (89, 43), (94, 43), (95, 43), (96, 43), (97, 43), (90, 44), (91, 44), (92, 44), (93, 44)]
[(112, 22), (113, 22), (114, 22), (111, 25), (110, 29), (109, 33), (108, 37), (108, 40), (109, 41), (110, 42), (111, 43), (112, 44), (113, 44), (114, 44)]
[(112, 44), (113, 44), (114, 44), (111, 47), (110, 51), (109, 55), (108, 59), (108, 62), (109, 63), (110, 64), (111, 65), (112, 66), (113, 66), (114, 66)]
[(62, 18), (63, 18), (64, 18), (58, 19), (59, 19), (60, 19), (61, 19), (65, 19), (54, 20), (55, 20), (56, 20), (57, 20), (66, 20), (50, 21), (51, 21), (52, 21), (53, 21), (67, 21), (46, 22), (47, 22), (48, 22), (49, 22), (68, 22), (45, 25), (67, 25), (44, 29), (66, 29), (43, 33), (65, 33), (42, 37), (64, 37), (42, 40), (62, 40), (63, 40), (64, 40), (43, 41), (58, 41), (59, 41), (60, 41), (61, 41), (44, 42), (54, 42), (55, 42), (56, 42), (57, 42), (45, 43), (50, 43), (51, 43), (52, 43), (53, 43), (46, 44), (47, 44), (48, 44), (49, 44)]
[(84, 18), (85, 18), (86, 18), (80, 19), (81, 19), (82, 19), (83, 19), (87, 19), (76, 20), (77, 20), (78, 20), (79, 20), (88, 20), (72, 21), (73, 21), (74, 21), (75, 21), (89, 21), (68, 22), (69, 22), (70, 22), (71, 22), (90, 22), (67, 25), (89, 25), (66, 29), (88, 29), (65, 33), (87, 33), (64, 37), (86, 37), (64, 40), (84, 40), (85, 40), (86, 40), (65, 41), (80, 41), (81, 41), (82, 41), (83, 41), (66, 42), (76, 42), (77, 42), (78, 42), (79, 42), (67, 43), (72, 43), (73, 43), (74, 43), (75, 43), (68, 44), (69, 44), (70, 44), (71, 44)]
[(84, 40), (85, 40), (86, 40), (80, 41), (81, 41), (82, 41), (83, 41), (87, 41), (76, 42), (77, 42), (78, 42), (79, 42), (88, 42), (72, 43), (73, 43), (74, 43), (75, 43), (89, 43), (68, 44), (69, 44), (70, 44), (71, 44), (90, 44), (67, 47), (89, 47), (66, 51), (88, 51), (65, 55), (87, 55), (64, 59), (86, 59), (64, 62), (84, 62), (85, 62), (86, 62), (65, 63), (80, 63), (81, 63), (82, 63), (83, 63), (66, 64), (76, 64), (77, 64), (78, 64), (79, 64), (67, 65), (72, 65), (73, 65), (74, 65), (75, 65), (68, 66), (69, 66), (70, 66), (71, 66)]
[(106, 40), (107, 40), (108, 40), (102, 41), (103, 41), (104, 41), (105, 41), (109, 41), (98, 42), (99, 42), (100, 42), (101, 42), (110, 42), (94, 43), (95, 43), (96, 43), (97, 43), (111, 43), (90, 44), (91, 44), (92, 44), (93, 44), (112, 44), (89, 47), (111, 47), (88, 51), (110, 51), (87, 55), (109, 55), (86, 59), (108, 59), (86, 62), (106, 62), (107, 62), (108, 62), (87, 63), (102, 63), (103, 63), (104, 63), (105, 63), (88, 64), (98, 64), (99, 64), (100, 64), (101, 64), (89, 65), (94, 65), (95, 65), (96, 65), (97, 65), (90, 66), (91, 66), (92, 66), (93, 66)]
[(106, 62), (107, 62), (108, 62), (102, 63), (103, 63), (104, 63), (105, 63), (109, 63), (98, 64), (99, 64), (100, 64), (101, 64), (110, 64), (94, 65), (95, 65), (96, 65), (97, 65), (111, 65), (90, 66), (91, 66), (92, 66), (93, 66), (112, 66), (89, 69), (111, 69), (88, 73), (110, 73), (87, 77), (109, 77), (86, 81), (108, 81), (86, 84), (106, 84), (107, 84), (108, 84), (87, 85), (102, 85), (103, 85), (104, 85), (105, 85), (88, 86), (98, 86), (99, 86), (100, 86), (101, 86), (89, 87), (94, 87), (95, 87), (96, 87), (97, 87), (90, 88), (91, 88), (92, 88), (93, 88)]
[(112, 66), (113, 66), (114, 66), (111, 69), (110, 73), (109, 77), (108, 81), (108, 84), (109, 85), (110, 86), (111, 87), (112, 88), (113, 88), (114, 88)]
[(112, 88), (113, 88), (114, 88), (111, 91), (110, 95), (109, 99), (108, 103), (108, 106), (109, 107), (110, 108), (111, 109), (112, 110), (113, 110), (114, 110)]
[(40, 40), (41, 40), (42, 40), (36, 41), (37, 41), (38, 41), (39, 41), (43, 41), (32, 42), (33, 42), (34, 42), (35, 42), (44, 42), (28, 43), (29, 43), (30, 43), (31, 43), (45, 43), (24, 44), (25, 44), (26, 44), (27, 44), (46, 44), (23, 47), (45, 47), (22, 51), (44, 51), (21, 55), (43, 55), (20, 59), (42, 59), (20, 62), (40, 62), (41, 62), (42, 62), (21, 63), (36, 63), (37, 63), (38, 63), (39, 63), (22, 64), (32, 64), (33, 64), (34, 64), (35, 64), (23, 65), (28, 65), (29, 65), (30, 65), (31, 65), (24, 66), (25, 66), (26, 66), (27, 66)]
[(62, 40), (63, 40), (64, 40), (58, 41), (59, 41), (60, 41), (61, 41), (65, 41), (54, 42), (55, 42), (56, 42), (57, 42), (66, 42), (50, 43), (51, 43), (52, 43), (53, 43), (67, 43), (46, 44), (47, 44), (48, 44), (49, 44), (68, 44), (45, 47), (67, 47), (44, 51), (66, 51), (43, 55), (65, 55), (42, 59), (64, 59), (42, 62), (62, 62), (63, 62), (64, 62), (43, 63), (58, 63), (59, 63), (60, 63), (61, 63), (44, 64), (54, 64), (55, 64), (56, 64), (57, 64), (45, 65), (50, 65), (51, 65), (52, 65), (53, 65), (46, 66), (47, 66), (48, 66), (49, 66)]
[(62, 62), (63, 62), (64, 62), (58, 63), (59, 63), (60, 63), (61, 63), (65, 63), (54, 64), (55, 64), (56, 64), (57, 64), (66, 64), (50, 65), (51, 65), (52, 65), (53, 65), (67, 65), (46, 66), (47, 66), (48, 66), (49, 66), (68, 66), (45, 69), (67, 69), (44, 73), (66, 73), (43, 77), (65, 77), (42, 81), (64, 81), (42, 84), (62, 84), (63, 84), (64, 84), (43, 85), (58, 85), (59, 85), (60, 85), (61, 85), (44, 86), (54, 86), (55, 86), (56, 86), (57, 86), (45, 87), (50, 87), (51, 87), (52, 87), (53, 87), (46, 88), (47, 88), (48, 88), (49, 88)]
[(84, 62), (85, 62), (86, 62), (80, 63), (81, 63), (82, 63), (83, 63), (87, 63), (76, 64), (77, 64), (78, 64), (79, 64), (88, 64), (72, 65), (73, 65), (74, 65), (75, 65), (89, 65), (68, 66), (69, 66), (70, 66), (71, 66), (90, 66), (67, 69), (89, 69), (66, 73), (88, 73), (65, 77), (87, 77), (64, 81), (86, 81), (64, 84), (84, 84), (85, 84), (86, 84), (65, 85), (80, 85), (81, 85), (82, 85), (83, 85), (66, 86), (76, 86), (77, 86), (78, 86), (79, 86), (67, 87), (72, 87), (73, 87), (74, 87), (75, 87), (68, 88), (69, 88), (70, 88), (71, 88)]
[(84, 84), (85, 84), (86, 84), (80, 85), (81, 85), (82, 85), (83, 85), (87, 85), (76, 86), (77, 86), (78, 86), (79, 86), (88, 86), (72, 87), (73, 87), (74, 87), (75, 87), (89, 87), (68, 88), (69, 88), (70, 88), (71, 88), (90, 88), (67, 91), (89, 91), (66, 95), (88, 95), (65, 99), (87, 99), (64, 103), (86, 103), (64, 106), (84, 106), (85, 106), (86, 106), (65, 107), (80, 107), (81, 107), (82, 107), (83, 107), (66, 108), (76, 108), (77, 108), (78, 108), (79, 108), (67, 109), (72, 109), (73, 109), (74, 109), (75, 109), (68, 110), (69, 110), (70, 110), (71, 110)]
[(106, 84), (107, 84), (108, 84), (102, 85), (103, 85), (104, 85), (105, 85), (109, 85), (98, 86), (99, 86), (100, 86), (101, 86), (110, 86), (94, 87), (95, 87), (96, 87), (97, 87), (111, 87), (90, 88), (91, 88), (92, 88), (93, 88), (112, 88), (89, 91), (111, 91), (88, 95), (110, 95), (87, 99), (109, 99), (86, 103), (108, 103), (86, 106), (106, 106), (107, 106), (108, 106), (87, 107), (102, 107), (103, 107), (104, 107), (105, 107), (88, 108), (98, 108), (99, 108), (100, 108), (101, 108), (89, 109), (94, 109), (95, 109), (96, 109), (97, 109), (90, 110), (91, 110), (92, 110), (93, 110)]
[(106, 106), (107, 106), (108, 106), (102, 107), (103, 107), (104, 107), (105, 107), (109, 107), (98, 108), (99, 108), (100, 108), (101, 108), (110, 108), (94, 109), (95, 109), (96, 109), (97, 109), (111, 109), (90, 110), (91, 110), (92, 110), (93, 110), (112, 110), (89, 113), (111, 113)]
[(112, 110), (113, 110), (114, 110), (111, 113)]
[(40, 62), (41, 62), (42, 62), (36, 63), (37, 63), (38, 63), (39, 63), (43, 63), (32, 64), (33, 64), (34, 64), (35, 64), (44, 64), (28, 65), (29, 65), (30, 65), (31, 65), (45, 65), (24, 66), (25, 66), (26, 66), (27, 66), (46, 66), (23, 69), (45, 69), (22, 73), (44, 73), (21, 77), (43, 77), (20, 81), (42, 81), (20, 84), (40, 84), (41, 84), (42, 84), (21, 85), (36, 85), (37, 85), (38, 85), (39, 85), (22, 86), (32, 86), (33, 86), (34, 86), (35, 86), (23, 87), (28, 87), (29, 87), (30, 87), (31, 87), (24, 88), (25, 88), (26, 88), (27, 88)]
[(40, 84), (41, 84), (42, 84), (36, 85), (37, 85), (38, 85), (39, 85), (43, 85), (32, 86), (33, 86), (34, 86), (35, 86), (44, 86), (28, 87), (29, 87), (30, 87), (31, 87), (45, 87), (24, 88), (25, 88), (26, 88), (27, 88), (46, 88), (23, 91), (45, 91), (22, 95), (44, 95), (21, 99), (43, 99), (20, 103), (42, 103), (20, 106), (40, 106), (41, 106), (42, 106), (21, 107), (36, 107), (37, 107), (38, 107), (39, 107), (22, 108), (32, 108), (33, 108), (34, 108), (35, 108), (23, 109), (28, 109), (29, 109), (30, 109), (31, 109), (24, 110), (25, 110), (26, 110), (27, 110)]
[(62, 84), (63, 84), (64, 84), (58, 85), (59, 85), (60, 85), (61, 85), (65, 85), (54, 86), (55, 86), (56, 86), (57, 86), (66, 86), (50, 87), (51, 87), (52, 87), (53, 87), (67, 87), (46, 88), (47, 88), (48, 88), (49, 88), (68, 88), (45, 91), (67, 91), (44, 95), (66, 95), (43, 99), (65, 99), (42, 103), (64, 103), (42, 106), (62, 106), (63, 106), (64, 106), (43, 107), (58, 107), (59, 107), (60, 107), (61, 107), (44, 108), (54, 108), (55, 108), (56, 108), (57, 108), (45, 109), (50, 109), (51, 109), (52, 109), (53, 109), (46, 110), (47, 110), (48, 110), (49, 110)]
[(62, 106), (63, 106), (64, 106), (58, 107), (59, 107), (60, 107), (61, 107), (65, 107), (54, 108), (55, 108), (56, 108), (57, 108), (66, 108), (50, 109), (51, 109), (52, 109), (53, 109), (67, 109), (46, 110), (47, 110), (48, 110), (49, 110), (68, 110), (45, 113), (67, 113)]
[(84, 106), (85, 106), (86, 106), (80, 107), (81, 107), (82, 107), (83, 107), (87, 107), (76, 108), (77, 108), (78, 108), (79, 108), (88, 108), (72, 109), (73, 109), (74, 109), (75, 109), (89, 109), (68, 110), (69, 110), (70, 110), (71, 110), (90, 110), (67, 113), (89, 113)]
[(40, 106), (41, 106), (42, 106), (36, 107), (37, 107), (38, 107), (39, 107), (43, 107), (32, 108), (33, 108), (34, 108), (35, 108), (44, 108), (28, 109), (29, 109), (30, 109), (31, 109), (45, 109), (24, 110), (25, 110), (26, 110), (27, 110), (46, 110), (23, 113), (45, 113)]
