[(114, 39), (112, 40), (113, 40), (109, 41), (110, 41), (111, 41), (106, 42), (107, 42), (108, 42), (105, 44), (104, 47), (103, 49), (102, 52), (101, 54), (100, 57), (99, 59), (99, 61), (100, 62), (101, 63), (102, 64), (113, 64), (114, 64), (103, 65), (111, 65), (112, 65), (104, 66), (108, 66), (109, 66), (110, 66), (105, 67), (106, 67), (107, 67)]
[(74, 37), (75, 37), (72, 38), (73, 38), (76, 38), (69, 39), (70, 39), (71, 39), (77, 39), (67, 40), (68, 40), (78, 40), (64, 41), (65, 41), (66, 41), (79, 41), (62, 42), (63, 42), (80, 42), (59, 43), (60, 43), (61, 43), (81, 43), (56, 44), (57, 44), (58, 44), (80, 45), (55, 46), (79, 48), (54, 49), (78, 50), (53, 51), (77, 53), (52, 54), (76, 55), (51, 56), (75, 58), (50, 59), (74, 60), (49, 61), (73, 62), (74, 62), (49, 63), (71, 63), (72, 63), (50, 64), (68, 64), (69, 64), (70, 64), (51, 65), (66, 65), (67, 65), (52, 66), (63, 66), (64, 66), (65, 66), (53, 67), (61, 67), (62, 67), (54, 68), (58, 68), (59, 68), (60, 68), (55, 69), (56, 69), (57, 69)]
[(99, 36), (100, 36), (97, 37), (98, 37), (101, 37), (94, 38), (95, 38), (96, 38), (102, 38), (92, 39), (93, 39), (103, 39), (89, 40), (90, 40), (91, 40), (104, 40), (87, 41), (88, 41), (105, 41), (84, 42), (85, 42), (86, 42), (106, 42), (81, 43), (82, 43), (83, 43), (105, 44), (80, 45), (104, 47), (79, 48), (103, 49), (78, 50), (102, 52), (77, 53), (101, 54), (76, 55), (100, 57), (75, 58), (99, 59), (74, 60), (98, 61), (99, 61), (74, 62), (96, 62), (97, 62), (75, 63), (93, 63), (94, 63), (95, 63), (76, 64), (91, 64), (92, 64), (77, 65), (88, 65), (89, 65), (90, 65), (78, 66), (86, 66), (87, 66), (79, 67), (83, 67), (84, 67), (85, 67), (80, 68), (81, 68), (82, 68)]
[(98, 61), (99, 61), (96, 62), (97, 62), (100, 62), (93, 63), (94, 63), (95, 63), (101, 63), (91, 64), (92, 64), (102, 64), (88, 65), (89, 65), (90, 65), (103, 65), (86, 66), (87, 66), (104, 66), (83, 67), (84, 67), (85, 67), (105, 67), (80, 68), (81, 68), (82, 68), (104, 69), (79, 70), (103, 72), (78, 73), (102, 74), (77, 75), (101, 77), (76, 78), (100, 79), (75, 80), (99, 82), (74, 83), (98, 84), (73, 85), (97, 86), (98, 86), (73, 87), (95, 87), (96, 87), (74, 88), (92, 88), (93, 88), (94, 88), (75, 89), (90, 89), (91, 89), (76, 90), (87, 90), (88, 90), (89, 90), (77, 91), (85, 91), (86, 91), (78, 92), (82, 92), (83, 92), (84, 92), (79, 93), (80, 93), (81, 93)]
[(113, 64), (114, 64), (111, 65), (112, 65), (108, 66), (109, 66), (110, 66), (105, 67), (106, 67), (107, 67), (104, 69), (103, 72), (102, 74), (101, 77), (100, 79), (99, 82), (98, 84), (98, 86), (99, 87), (100, 88), (101, 89), (112, 89), (113, 89), (114, 89), (102, 90), (110, 90), (111, 90), (103, 91), (107, 91), (108, 91), (109, 91), (104, 92), (105, 92), (106, 92)]
[(112, 89), (113, 89), (114, 89), (110, 90), (111, 90), (107, 91), (108, 91), (109, 91), (104, 92), (105, 92), (106, 92), (103, 94), (102, 97), (101, 99), (100, 102), (99, 104), (98, 107), (97, 109), (97, 111), (98, 112), (99, 113), (114, 113), (100, 114), (111, 114), (112, 114), (113, 114)]
[(48, 63), (49, 63), (46, 64), (47, 64), (50, 64), (43, 65), (44, 65), (45, 65), (51, 65), (41, 66), (42, 66), (52, 66), (38, 67), (39, 67), (40, 67), (53, 67), (36, 68), (37, 68), (54, 68), (33, 69), (34, 69), (35, 69), (55, 69), (30, 70), (31, 70), (32, 70), (54, 71), (29, 72), (53, 74), (28, 75), (52, 76), (27, 77), (51, 79), (26, 80), (50, 81), (25, 82), (49, 84), (24, 85), (48, 86), (23, 87), (47, 88), (48, 88), (23, 89), (45, 89), (46, 89), (24, 90), (42, 90), (43, 90), (44, 90), (25, 91), (40, 91), (41, 91), (26, 92), (37, 92), (38, 92), (39, 92), (27, 93), (35, 93), (36, 93), (28, 94), (32, 94), (33, 94), (34, 94), (29, 95), (30, 95), (31, 95)]
[(73, 62), (74, 62), (71, 63), (72, 63), (75, 63), (68, 64), (69, 64), (70, 64), (76, 64), (66, 65), (67, 65), (77, 65), (63, 66), (64, 66), (65, 66), (78, 66), (61, 67), (62, 67), (79, 67), (58, 68), (59, 68), (60, 68), (80, 68), (55, 69), (56, 69), (57, 69), (79, 70), (54, 71), (78, 73), (53, 74), (77, 75), (52, 76), (76, 78), (51, 79), (75, 80), (50, 81), (74, 83), (49, 84), (73, 85), (48, 86), (72, 87), (73, 87), (48, 88), (70, 88), (71, 88), (49, 89), (67, 89), (68, 89), (69, 89), (50, 90), (65, 90), (66, 90), (51, 91), (62, 91), (63, 91), (64, 91), (52, 92), (60, 92), (61, 92), (53, 93), (57, 93), (58, 93), (59, 93), (54, 94), (55, 94), (56, 94)]
[(72, 87), (73, 87), (70, 88), (71, 88), (74, 88), (67, 89), (68, 89), (69, 89), (75, 89), (65, 90), (66, 90), (76, 90), (62, 91), (63, 91), (64, 91), (77, 91), (60, 92), (61, 92), (78, 92), (57, 93), (58, 93), (59, 93), (79, 93), (54, 94), (55, 94), (56, 94), (78, 95), (53, 96), (77, 98), (52, 99), (76, 100), (51, 101), (75, 103), (50, 104), (74, 105), (49, 106), (73, 108), (48, 109), (72, 110), (47, 111), (71, 112), (72, 112), (47, 113), (69, 113), (70, 113), (48, 114), (66, 114), (67, 114), (68, 114)]
[(97, 86), (98, 86), (95, 87), (96, 87), (99, 87), (92, 88), (93, 88), (94, 88), (100, 88), (90, 89), (91, 89), (101, 89), (87, 90), (88, 90), (89, 90), (102, 90), (85, 91), (86, 91), (103, 91), (82, 92), (83, 92), (84, 92), (104, 92), (79, 93), (80, 93), (81, 93), (103, 94), (78, 95), (102, 97), (77, 98), (101, 99), (76, 100), (100, 102), (75, 103), (99, 104), (74, 105), (98, 107), (73, 108), (97, 109), (72, 110), (96, 111), (97, 111), (72, 112), (94, 112), (95, 112), (73, 113), (91, 113), (92, 113), (93, 113), (74, 114), (89, 114), (90, 114)]
[(96, 111), (97, 111), (94, 112), (95, 112), (98, 112), (91, 113), (92, 113), (93, 113), (99, 113), (89, 114), (90, 114), (100, 114)]
[(114, 113), (111, 114), (112, 114), (113, 114)]
[(47, 88), (48, 88), (45, 89), (46, 89), (49, 89), (42, 90), (43, 90), (44, 90), (50, 90), (40, 91), (41, 91), (51, 91), (37, 92), (38, 92), (39, 92), (52, 92), (35, 93), (36, 93), (53, 93), (32, 94), (33, 94), (34, 94), (54, 94), (29, 95), (30, 95), (31, 95), (53, 96), (28, 97), (52, 99), (27, 100), (51, 101), (26, 102), (50, 104), (25, 105), (49, 106), (24, 107), (48, 109), (23, 110), (47, 111), (22, 112), (46, 113), (47, 113), (22, 114), (44, 114), (45, 114)]
[(46, 113), (47, 113), (44, 114), (45, 114), (48, 114)]
[(71, 112), (72, 112), (69, 113), (70, 113), (73, 113), (66, 114), (67, 114), (68, 114), (74, 114)]
