[(113, 14), (114, 14), (110, 15), (111, 15), (112, 15), (106, 16), (107, 16), (108, 16), (109, 16), (105, 19), (104, 22), (103, 25), (102, 28), (101, 31), (114, 33), (100, 34), (111, 34), (112, 34), (113, 34), (108, 35), (109, 35), (110, 35), (100, 36), (105, 36), (106, 36), (107, 36), (101, 37), (102, 37), (103, 37), (104, 37)]
[(83, 20), (84, 20), (80, 21), (81, 21), (82, 21), (85, 21), (77, 22), (78, 22), (79, 22), (74, 23), (75, 23), (76, 23), (71, 24), (72, 24), (73, 24), (84, 24), (68, 25), (69, 25), (70, 25), (64, 26), (65, 26), (66, 26), (67, 26), (83, 27), (63, 29), (82, 30), (62, 32), (81, 33), (61, 35), (80, 36), (60, 38), (79, 39), (59, 41), (78, 41), (79, 41), (75, 42), (76, 42), (77, 42), (72, 43), (73, 43), (74, 43), (58, 44), (69, 44), (70, 44), (71, 44), (66, 45), (67, 45), (68, 45), (58, 46), (63, 46), (64, 46), (65, 46), (59, 47), (60, 47), (61, 47), (62, 47)]
[(104, 15), (105, 15), (101, 16), (102, 16), (103, 16), (106, 16), (98, 17), (99, 17), (100, 17), (95, 18), (96, 18), (97, 18), (92, 19), (93, 19), (94, 19), (105, 19), (89, 20), (90, 20), (91, 20), (85, 21), (86, 21), (87, 21), (88, 21), (104, 22), (84, 24), (103, 25), (83, 27), (102, 28), (82, 30), (101, 31), (81, 33), (100, 34), (80, 36), (99, 36), (100, 36), (96, 37), (97, 37), (98, 37), (93, 38), (94, 38), (95, 38), (79, 39), (90, 39), (91, 39), (92, 39), (87, 40), (88, 40), (89, 40), (79, 41), (84, 41), (85, 41), (86, 41), (80, 42), (81, 42), (82, 42), (83, 42)]
[(99, 36), (100, 36), (96, 37), (97, 37), (98, 37), (101, 37), (93, 38), (94, 38), (95, 38), (90, 39), (91, 39), (92, 39), (87, 40), (88, 40), (89, 40), (100, 40), (84, 41), (85, 41), (86, 41), (80, 42), (81, 42), (82, 42), (83, 42), (99, 43), (79, 45), (98, 46), (78, 48), (97, 49), (77, 51), (96, 52), (76, 54), (95, 55), (75, 57), (94, 57), (95, 57), (91, 58), (92, 58), (93, 58), (88, 59), (89, 59), (90, 59), (74, 60), (85, 60), (86, 60), (87, 60), (82, 61), (83, 61), (84, 61), (74, 62), (79, 62), (80, 62), (81, 62), (75, 63), (76, 63), (77, 63), (78, 63)]
[(114, 33), (111, 34), (112, 34), (113, 34), (108, 35), (109, 35), (110, 35), (105, 36), (106, 36), (107, 36), (101, 37), (102, 37), (103, 37), (104, 37), (100, 40), (99, 43), (98, 46), (97, 49), (96, 52), (112, 53), (113, 53), (114, 53), (109, 54), (110, 54), (111, 54), (95, 55), (106, 55), (107, 55), (108, 55), (103, 56), (104, 56), (105, 56), (95, 57), (100, 57), (101, 57), (102, 57), (96, 58), (97, 58), (98, 58), (99, 58)]
[(112, 53), (113, 53), (114, 53), (109, 54), (110, 54), (111, 54), (106, 55), (107, 55), (108, 55), (103, 56), (104, 56), (105, 56), (100, 57), (101, 57), (102, 57), (96, 58), (97, 58), (98, 58), (99, 58), (95, 61), (114, 62), (94, 64), (113, 65), (93, 67), (112, 68), (92, 70), (111, 71), (91, 73), (110, 73), (111, 73), (107, 74), (108, 74), (109, 74), (104, 75), (105, 75), (106, 75), (90, 76), (101, 76), (102, 76), (103, 76), (98, 77), (99, 77), (100, 77), (90, 78), (95, 78), (96, 78), (97, 78), (91, 79), (92, 79), (93, 79), (94, 79)]
[(114, 62), (113, 65), (112, 68), (111, 71), (111, 73), (112, 74), (113, 74), (114, 74)]
[(112, 74), (113, 74), (114, 74), (111, 77), (110, 80), (109, 83), (108, 86), (107, 89), (106, 92), (114, 93), (106, 94), (111, 94), (112, 94), (113, 94), (107, 95), (108, 95), (109, 95), (110, 95)]
[(57, 46), (58, 46), (54, 47), (55, 47), (56, 47), (59, 47), (51, 48), (52, 48), (53, 48), (48, 49), (49, 49), (50, 49), (45, 50), (46, 50), (47, 50), (58, 50), (42, 51), (43, 51), (44, 51), (38, 52), (39, 52), (40, 52), (41, 52), (57, 53), (37, 55), (56, 56), (36, 58), (55, 59), (35, 61), (54, 62), (34, 64), (53, 65), (33, 67), (52, 67), (53, 67), (49, 68), (50, 68), (51, 68), (46, 69), (47, 69), (48, 69), (32, 70), (43, 70), (44, 70), (45, 70), (40, 71), (41, 71), (42, 71), (32, 72), (37, 72), (38, 72), (39, 72), (33, 73), (34, 73), (35, 73), (36, 73)]
[(78, 41), (79, 41), (75, 42), (76, 42), (77, 42), (80, 42), (72, 43), (73, 43), (74, 43), (69, 44), (70, 44), (71, 44), (66, 45), (67, 45), (68, 45), (79, 45), (63, 46), (64, 46), (65, 46), (59, 47), (60, 47), (61, 47), (62, 47), (78, 48), (58, 50), (77, 51), (57, 53), (76, 54), (56, 56), (75, 57), (55, 59), (74, 60), (54, 62), (73, 62), (74, 62), (70, 63), (71, 63), (72, 63), (67, 64), (68, 64), (69, 64), (53, 65), (64, 65), (65, 65), (66, 65), (61, 66), (62, 66), (63, 66), (53, 67), (58, 67), (59, 67), (60, 67), (54, 68), (55, 68), (56, 68), (57, 68)]
[(73, 62), (74, 62), (70, 63), (71, 63), (72, 63), (75, 63), (67, 64), (68, 64), (69, 64), (64, 65), (65, 65), (66, 65), (61, 66), (62, 66), (63, 66), (74, 66), (58, 67), (59, 67), (60, 67), (54, 68), (55, 68), (56, 68), (57, 68), (73, 69), (53, 71), (72, 72), (52, 74), (71, 75), (51, 77), (70, 78), (50, 80), (69, 81), (49, 83), (68, 83), (69, 83), (65, 84), (66, 84), (67, 84), (62, 85), (63, 85), (64, 85), (48, 86), (59, 86), (60, 86), (61, 86), (56, 87), (57, 87), (58, 87), (48, 88), (53, 88), (54, 88), (55, 88), (49, 89), (50, 89), (51, 89), (52, 89)]
[(94, 57), (95, 57), (91, 58), (92, 58), (93, 58), (96, 58), (88, 59), (89, 59), (90, 59), (85, 60), (86, 60), (87, 60), (82, 61), (83, 61), (84, 61), (95, 61), (79, 62), (80, 62), (81, 62), (75, 63), (76, 63), (77, 63), (78, 63), (94, 64), (74, 66), (93, 67), (73, 69), (92, 70), (72, 72), (91, 73), (71, 75), (90, 76), (70, 78), (89, 78), (90, 78), (86, 79), (87, 79), (88, 79), (83, 80), (84, 80), (85, 80), (69, 81), (80, 81), (81, 81), (82, 81), (77, 82), (78, 82), (79, 82), (69, 83), (74, 83), (75, 83), (76, 83), (70, 84), (71, 84), (72, 84), (73, 84)]
[(89, 78), (90, 78), (86, 79), (87, 79), (88, 79), (91, 79), (83, 80), (84, 80), (85, 80), (80, 81), (81, 81), (82, 81), (77, 82), (78, 82), (79, 82), (90, 82), (74, 83), (75, 83), (76, 83), (70, 84), (71, 84), (72, 84), (73, 84), (89, 85), (69, 87), (88, 88), (68, 90), (87, 91), (67, 93), (86, 94), (66, 96), (85, 97), (65, 99), (84, 99), (85, 99), (81, 100), (82, 100), (83, 100), (78, 101), (79, 101), (80, 101), (64, 102), (75, 102), (76, 102), (77, 102), (72, 103), (73, 103), (74, 103), (64, 104), (69, 104), (70, 104), (71, 104), (65, 105), (66, 105), (67, 105), (68, 105)]
[(110, 73), (111, 73), (107, 74), (108, 74), (109, 74), (112, 74), (104, 75), (105, 75), (106, 75), (101, 76), (102, 76), (103, 76), (98, 77), (99, 77), (100, 77), (111, 77), (95, 78), (96, 78), (97, 78), (91, 79), (92, 79), (93, 79), (94, 79), (110, 80), (90, 82), (109, 83), (89, 85), (108, 86), (88, 88), (107, 89), (87, 91), (106, 92), (86, 94), (105, 94), (106, 94), (102, 95), (103, 95), (104, 95), (99, 96), (100, 96), (101, 96), (85, 97), (96, 97), (97, 97), (98, 97), (93, 98), (94, 98), (95, 98), (85, 99), (90, 99), (91, 99), (92, 99), (86, 100), (87, 100), (88, 100), (89, 100)]
[(105, 94), (106, 94), (102, 95), (103, 95), (104, 95), (107, 95), (99, 96), (100, 96), (101, 96), (96, 97), (97, 97), (98, 97), (93, 98), (94, 98), (95, 98), (106, 98), (90, 99), (91, 99), (92, 99), (86, 100), (87, 100), (88, 100), (89, 100), (105, 101), (85, 103), (104, 104), (84, 106), (103, 107), (83, 109), (102, 110), (82, 112), (101, 113)]
[(114, 93), (111, 94), (112, 94), (113, 94), (107, 95), (108, 95), (109, 95), (110, 95), (106, 98), (105, 101), (104, 104), (103, 107), (102, 110), (101, 113), (112, 113), (113, 113), (114, 113), (109, 114), (110, 114), (111, 114)]
[(52, 67), (53, 67), (49, 68), (50, 68), (51, 68), (54, 68), (46, 69), (47, 69), (48, 69), (43, 70), (44, 70), (45, 70), (40, 71), (41, 71), (42, 71), (53, 71), (37, 72), (38, 72), (39, 72), (33, 73), (34, 73), (35, 73), (36, 73), (52, 74), (32, 76), (51, 77), (31, 79), (50, 80), (30, 82), (49, 83), (29, 85), (48, 86), (28, 88), (47, 88), (48, 88), (44, 89), (45, 89), (46, 89), (41, 90), (42, 90), (43, 90), (27, 91), (38, 91), (39, 91), (40, 91), (35, 92), (36, 92), (37, 92), (27, 93), (32, 93), (33, 93), (34, 93), (28, 94), (29, 94), (30, 94), (31, 94)]
[(47, 88), (48, 88), (44, 89), (45, 89), (46, 89), (49, 89), (41, 90), (42, 90), (43, 90), (38, 91), (39, 91), (40, 91), (35, 92), (36, 92), (37, 92), (48, 92), (32, 93), (33, 93), (34, 93), (28, 94), (29, 94), (30, 94), (31, 94), (47, 95), (27, 97), (46, 98), (26, 100), (45, 101), (25, 103), (44, 104), (24, 106), (43, 107), (23, 109), (42, 109), (43, 109), (39, 110), (40, 110), (41, 110), (36, 111), (37, 111), (38, 111), (22, 112), (33, 112), (34, 112), (35, 112), (30, 113), (31, 113), (32, 113), (22, 114), (27, 114), (28, 114), (29, 114)]
[(68, 83), (69, 83), (65, 84), (66, 84), (67, 84), (70, 84), (62, 85), (63, 85), (64, 85), (59, 86), (60, 86), (61, 86), (56, 87), (57, 87), (58, 87), (69, 87), (53, 88), (54, 88), (55, 88), (49, 89), (50, 89), (51, 89), (52, 89), (68, 90), (48, 92), (67, 93), (47, 95), (66, 96), (46, 98), (65, 99), (45, 101), (64, 102), (44, 104), (63, 104), (64, 104), (60, 105), (61, 105), (62, 105), (57, 106), (58, 106), (59, 106), (43, 107), (54, 107), (55, 107), (56, 107), (51, 108), (52, 108), (53, 108), (43, 109), (48, 109), (49, 109), (50, 109), (44, 110), (45, 110), (46, 110), (47, 110)]
[(63, 104), (64, 104), (60, 105), (61, 105), (62, 105), (65, 105), (57, 106), (58, 106), (59, 106), (54, 107), (55, 107), (56, 107), (51, 108), (52, 108), (53, 108), (64, 108), (48, 109), (49, 109), (50, 109), (44, 110), (45, 110), (46, 110), (47, 110), (63, 111), (43, 113), (62, 114)]
[(84, 99), (85, 99), (81, 100), (82, 100), (83, 100), (86, 100), (78, 101), (79, 101), (80, 101), (75, 102), (76, 102), (77, 102), (72, 103), (73, 103), (74, 103), (85, 103), (69, 104), (70, 104), (71, 104), (65, 105), (66, 105), (67, 105), (68, 105), (84, 106), (64, 108), (83, 109), (63, 111), (82, 112), (62, 114)]
[(42, 109), (43, 109), (39, 110), (40, 110), (41, 110), (44, 110), (36, 111), (37, 111), (38, 111), (33, 112), (34, 112), (35, 112), (30, 113), (31, 113), (32, 113), (43, 113), (27, 114), (28, 114), (29, 114)]
