[(112, 17), (113, 17), (110, 18), (111, 18), (114, 18), (107, 19), (108, 19), (109, 19), (104, 20), (105, 20), (106, 20), (102, 21), (103, 21), (114, 21), (99, 22), (100, 22), (101, 22), (97, 23), (98, 23), (94, 24), (95, 24), (96, 24), (113, 24), (91, 25), (92, 25), (93, 25), (112, 26), (90, 27), (111, 29), (89, 30), (110, 31), (88, 32), (109, 34), (87, 35), (86, 37), (108, 37), (107, 39), (85, 40), (106, 41), (107, 41), (104, 42), (105, 42), (84, 43), (101, 43), (102, 43), (103, 43), (98, 44), (99, 44), (100, 44), (83, 45), (96, 45), (97, 45), (93, 46), (94, 46), (95, 46), (83, 47), (91, 47), (92, 47), (84, 48), (88, 48), (89, 48), (90, 48), (85, 49), (86, 49), (87, 49)]
[(114, 21), (113, 24), (112, 26), (111, 29), (110, 31), (109, 34), (108, 37), (107, 39), (107, 41), (108, 42), (112, 42), (113, 42), (114, 42), (109, 43), (110, 43), (111, 43)]
[(112, 42), (113, 42), (114, 42), (109, 43), (110, 43), (111, 43), (108, 45), (107, 48), (106, 50), (105, 53), (104, 55), (103, 58), (102, 61), (101, 63), (114, 63), (111, 64), (112, 64), (113, 64), (101, 65), (109, 65), (110, 65), (102, 66), (106, 66), (107, 66), (108, 66), (103, 67), (104, 67), (105, 67)]
[(64, 29), (65, 29), (62, 30), (63, 30), (66, 30), (59, 31), (60, 31), (61, 31), (67, 31), (56, 32), (57, 32), (58, 32), (54, 33), (55, 33), (66, 33), (51, 34), (52, 34), (53, 34), (49, 35), (50, 35), (46, 36), (47, 36), (48, 36), (65, 36), (43, 37), (44, 37), (45, 37), (64, 38), (42, 39), (63, 41), (41, 42), (62, 43), (40, 44), (61, 46), (39, 47), (38, 49), (60, 49), (59, 51), (37, 52), (58, 53), (59, 53), (56, 54), (57, 54), (36, 55), (53, 55), (54, 55), (55, 55), (50, 56), (51, 56), (52, 56), (35, 57), (48, 57), (49, 57), (45, 58), (46, 58), (47, 58), (35, 59), (43, 59), (44, 59), (36, 60), (40, 60), (41, 60), (42, 60), (37, 61), (38, 61), (39, 61)]
[(88, 23), (89, 23), (86, 24), (87, 24), (90, 24), (83, 25), (84, 25), (85, 25), (91, 25), (80, 26), (81, 26), (82, 26), (78, 27), (79, 27), (90, 27), (75, 28), (76, 28), (77, 28), (73, 29), (74, 29), (70, 30), (71, 30), (72, 30), (89, 30), (67, 31), (68, 31), (69, 31), (88, 32), (66, 33), (87, 35), (65, 36), (86, 37), (64, 38), (85, 40), (63, 41), (62, 43), (84, 43), (83, 45), (61, 46), (82, 47), (83, 47), (80, 48), (81, 48), (60, 49), (77, 49), (78, 49), (79, 49), (74, 50), (75, 50), (76, 50), (59, 51), (72, 51), (73, 51), (69, 52), (70, 52), (71, 52), (59, 53), (67, 53), (68, 53), (60, 54), (64, 54), (65, 54), (66, 54), (61, 55), (62, 55), (63, 55)]
[(82, 47), (83, 47), (80, 48), (81, 48), (84, 48), (77, 49), (78, 49), (79, 49), (85, 49), (74, 50), (75, 50), (76, 50), (72, 51), (73, 51), (84, 51), (69, 52), (70, 52), (71, 52), (67, 53), (68, 53), (64, 54), (65, 54), (66, 54), (83, 54), (61, 55), (62, 55), (63, 55), (82, 56), (60, 57), (81, 59), (59, 60), (80, 61), (58, 62), (79, 64), (57, 65), (56, 67), (78, 67), (77, 69), (55, 70), (76, 71), (77, 71), (74, 72), (75, 72), (54, 73), (71, 73), (72, 73), (73, 73), (68, 74), (69, 74), (70, 74), (53, 75), (66, 75), (67, 75), (63, 76), (64, 76), (65, 76), (53, 77), (61, 77), (62, 77), (54, 78), (58, 78), (59, 78), (60, 78), (55, 79), (56, 79), (57, 79)]
[(106, 41), (107, 41), (104, 42), (105, 42), (108, 42), (101, 43), (102, 43), (103, 43), (109, 43), (98, 44), (99, 44), (100, 44), (96, 45), (97, 45), (108, 45), (93, 46), (94, 46), (95, 46), (91, 47), (92, 47), (88, 48), (89, 48), (90, 48), (107, 48), (85, 49), (86, 49), (87, 49), (106, 50), (84, 51), (105, 53), (83, 54), (104, 55), (82, 56), (103, 58), (81, 59), (80, 61), (102, 61), (101, 63), (79, 64), (100, 65), (101, 65), (98, 66), (99, 66), (78, 67), (95, 67), (96, 67), (97, 67), (92, 68), (93, 68), (94, 68), (77, 69), (90, 69), (91, 69), (87, 70), (88, 70), (89, 70), (77, 71), (85, 71), (86, 71), (78, 72), (82, 72), (83, 72), (84, 72), (79, 73), (80, 73), (81, 73)]
[(100, 65), (101, 65), (98, 66), (99, 66), (102, 66), (95, 67), (96, 67), (97, 67), (103, 67), (92, 68), (93, 68), (94, 68), (90, 69), (91, 69), (102, 69), (87, 70), (88, 70), (89, 70), (85, 71), (86, 71), (82, 72), (83, 72), (84, 72), (101, 72), (79, 73), (80, 73), (81, 73), (100, 74), (78, 75), (99, 77), (77, 78), (98, 79), (76, 80), (97, 82), (75, 83), (74, 85), (96, 85), (95, 87), (73, 88), (94, 89), (95, 89), (92, 90), (93, 90), (72, 91), (89, 91), (90, 91), (91, 91), (86, 92), (87, 92), (88, 92), (71, 93), (84, 93), (85, 93), (81, 94), (82, 94), (83, 94), (71, 95), (79, 95), (80, 95), (72, 96), (76, 96), (77, 96), (78, 96), (73, 97), (74, 97), (75, 97)]
[(114, 63), (111, 64), (112, 64), (113, 64), (109, 65), (110, 65), (106, 66), (107, 66), (108, 66), (103, 67), (104, 67), (105, 67), (102, 69), (101, 72), (100, 74), (99, 77), (98, 79), (97, 82), (96, 85), (113, 85), (114, 85), (110, 86), (111, 86), (112, 86), (95, 87), (108, 87), (109, 87), (105, 88), (106, 88), (107, 88), (95, 89), (103, 89), (104, 89), (96, 90), (100, 90), (101, 90), (102, 90), (97, 91), (98, 91), (99, 91)]
[(113, 85), (114, 85), (110, 86), (111, 86), (112, 86), (108, 87), (109, 87), (105, 88), (106, 88), (107, 88), (103, 89), (104, 89), (100, 90), (101, 90), (102, 90), (97, 91), (98, 91), (99, 91), (96, 93), (95, 96), (94, 98), (93, 101), (92, 103), (114, 103), (113, 105), (91, 106), (112, 107), (113, 107), (110, 108), (111, 108), (90, 109), (107, 109), (108, 109), (109, 109), (104, 110), (105, 110), (106, 110), (89, 111), (102, 111), (103, 111), (99, 112), (100, 112), (101, 112), (89, 113), (97, 113), (98, 113), (90, 114), (94, 114), (95, 114), (96, 114)]
[(114, 103), (113, 105), (113, 107), (114, 108)]
[(34, 59), (35, 59), (32, 60), (33, 60), (36, 60), (29, 61), (30, 61), (31, 61), (37, 61), (26, 62), (27, 62), (28, 62), (24, 63), (25, 63), (36, 63), (21, 64), (22, 64), (23, 64), (19, 65), (20, 65), (16, 66), (17, 66), (18, 66), (35, 66), (13, 67), (14, 67), (15, 67), (34, 68), (12, 69), (33, 71), (11, 72), (32, 73), (10, 74), (31, 76), (9, 77), (8, 79), (30, 79), (29, 81), (7, 82), (28, 83), (29, 83), (26, 84), (27, 84), (6, 85), (23, 85), (24, 85), (25, 85), (20, 86), (21, 86), (22, 86), (5, 87), (18, 87), (19, 87), (15, 88), (16, 88), (17, 88), (5, 89), (13, 89), (14, 89), (6, 90), (10, 90), (11, 90), (12, 90), (7, 91), (8, 91), (9, 91)]
[(58, 53), (59, 53), (56, 54), (57, 54), (60, 54), (53, 55), (54, 55), (55, 55), (61, 55), (50, 56), (51, 56), (52, 56), (48, 57), (49, 57), (60, 57), (45, 58), (46, 58), (47, 58), (43, 59), (44, 59), (40, 60), (41, 60), (42, 60), (59, 60), (37, 61), (38, 61), (39, 61), (58, 62), (36, 63), (57, 65), (35, 66), (56, 67), (34, 68), (55, 70), (33, 71), (32, 73), (54, 73), (53, 75), (31, 76), (52, 77), (53, 77), (50, 78), (51, 78), (30, 79), (47, 79), (48, 79), (49, 79), (44, 80), (45, 80), (46, 80), (29, 81), (42, 81), (43, 81), (39, 82), (40, 82), (41, 82), (29, 83), (37, 83), (38, 83), (30, 84), (34, 84), (35, 84), (36, 84), (31, 85), (32, 85), (33, 85)]
[(52, 77), (53, 77), (50, 78), (51, 78), (54, 78), (47, 79), (48, 79), (49, 79), (55, 79), (44, 80), (45, 80), (46, 80), (42, 81), (43, 81), (54, 81), (39, 82), (40, 82), (41, 82), (37, 83), (38, 83), (34, 84), (35, 84), (36, 84), (53, 84), (31, 85), (32, 85), (33, 85), (52, 86), (30, 87), (51, 89), (29, 90), (50, 91), (28, 92), (49, 94), (27, 95), (26, 97), (48, 97), (47, 99), (25, 100), (46, 101), (47, 101), (44, 102), (45, 102), (24, 103), (41, 103), (42, 103), (43, 103), (38, 104), (39, 104), (40, 104), (23, 105), (36, 105), (37, 105), (33, 106), (34, 106), (35, 106), (23, 107), (31, 107), (32, 107), (24, 108), (28, 108), (29, 108), (30, 108), (25, 109), (26, 109), (27, 109)]
[(76, 71), (77, 71), (74, 72), (75, 72), (78, 72), (71, 73), (72, 73), (73, 73), (79, 73), (68, 74), (69, 74), (70, 74), (66, 75), (67, 75), (78, 75), (63, 76), (64, 76), (65, 76), (61, 77), (62, 77), (58, 78), (59, 78), (60, 78), (77, 78), (55, 79), (56, 79), (57, 79), (76, 80), (54, 81), (75, 83), (53, 84), (74, 85), (52, 86), (73, 88), (51, 89), (50, 91), (72, 91), (71, 93), (49, 94), (70, 95), (71, 95), (68, 96), (69, 96), (48, 97), (65, 97), (66, 97), (67, 97), (62, 98), (63, 98), (64, 98), (47, 99), (60, 99), (61, 99), (57, 100), (58, 100), (59, 100), (47, 101), (55, 101), (56, 101), (48, 102), (52, 102), (53, 102), (54, 102), (49, 103), (50, 103), (51, 103)]
[(70, 95), (71, 95), (68, 96), (69, 96), (72, 96), (65, 97), (66, 97), (67, 97), (73, 97), (62, 98), (63, 98), (64, 98), (60, 99), (61, 99), (72, 99), (57, 100), (58, 100), (59, 100), (55, 101), (56, 101), (52, 102), (53, 102), (54, 102), (71, 102), (49, 103), (50, 103), (51, 103), (70, 104), (48, 105), (69, 107), (47, 108), (68, 109), (46, 110), (67, 112), (45, 113)]
[(94, 89), (95, 89), (92, 90), (93, 90), (96, 90), (89, 91), (90, 91), (91, 91), (97, 91), (86, 92), (87, 92), (88, 92), (84, 93), (85, 93), (96, 93), (81, 94), (82, 94), (83, 94), (79, 95), (80, 95), (76, 96), (77, 96), (78, 96), (95, 96), (73, 97), (74, 97), (75, 97), (94, 98), (72, 99), (93, 101), (71, 102), (92, 103), (70, 104), (91, 106), (69, 107), (68, 109), (90, 109), (89, 111), (67, 112), (88, 113), (89, 113), (86, 114), (87, 114)]
[(88, 113), (89, 113), (86, 114), (87, 114), (90, 114)]
[(112, 107), (113, 107), (110, 108), (111, 108), (114, 108), (107, 109), (108, 109), (109, 109), (104, 110), (105, 110), (106, 110), (102, 111), (103, 111), (114, 111), (99, 112), (100, 112), (101, 112), (97, 113), (98, 113), (94, 114), (95, 114), (96, 114), (113, 114)]
[(28, 83), (29, 83), (26, 84), (27, 84), (30, 84), (23, 85), (24, 85), (25, 85), (31, 85), (20, 86), (21, 86), (22, 86), (18, 87), (19, 87), (30, 87), (15, 88), (16, 88), (17, 88), (13, 89), (14, 89), (10, 90), (11, 90), (12, 90), (29, 90), (7, 91), (8, 91), (9, 91), (28, 92), (6, 93), (27, 95), (5, 96), (26, 97), (4, 98), (25, 100), (3, 101), (2, 103), (24, 103), (23, 105), (1, 106), (22, 107), (23, 107), (20, 108), (21, 108), (0, 109), (17, 109), (18, 109), (19, 109), (14, 110), (15, 110), (16, 110), (12, 111), (13, 111), (9, 112), (10, 112), (11, 112), (7, 113), (8, 113), (0, 114), (4, 114), (5, 114), (6, 114)]
[(22, 107), (23, 107), (20, 108), (21, 108), (24, 108), (17, 109), (18, 109), (19, 109), (25, 109), (14, 110), (15, 110), (16, 110), (12, 111), (13, 111), (24, 111), (9, 112), (10, 112), (11, 112), (7, 113), (8, 113), (4, 114), (5, 114), (6, 114), (23, 114)]
[(46, 101), (47, 101), (44, 102), (45, 102), (48, 102), (41, 103), (42, 103), (43, 103), (49, 103), (38, 104), (39, 104), (40, 104), (36, 105), (37, 105), (48, 105), (33, 106), (34, 106), (35, 106), (31, 107), (32, 107), (28, 108), (29, 108), (30, 108), (47, 108), (25, 109), (26, 109), (27, 109), (46, 110), (24, 111), (45, 113), (23, 114)]
