[(107, 37), (108, 37), (102, 38), (103, 38), (104, 38), (105, 38), (106, 38), (109, 38), (98, 39), (99, 39), (100, 39), (101, 39), (93, 40), (94, 40), (95, 40), (96, 40), (97, 40), (108, 42), (92, 44), (107, 46), (91, 48), (106, 51), (90, 53), (105, 53), (106, 53), (100, 54), (101, 54), (102, 54), (103, 54), (104, 54), (90, 55), (96, 55), (97, 55), (98, 55), (99, 55), (91, 56), (92, 56), (93, 56), (94, 56), (95, 56)]
[(114, 37), (109, 38), (110, 38), (111, 38), (112, 38), (113, 38), (108, 42), (107, 46), (106, 51), (106, 53), (112, 53), (113, 53), (114, 53), (107, 54), (108, 54), (109, 54), (110, 54), (111, 54)]
[(112, 53), (113, 53), (114, 53), (107, 54), (108, 54), (109, 54), (110, 54), (111, 54), (106, 58), (105, 62), (104, 67), (114, 68), (104, 69), (110, 69), (111, 69), (112, 69), (113, 69), (105, 70), (106, 70), (107, 70), (108, 70), (109, 70)]
[(75, 41), (76, 41), (70, 42), (71, 42), (72, 42), (73, 42), (74, 42), (77, 42), (66, 43), (67, 43), (68, 43), (69, 43), (61, 44), (62, 44), (63, 44), (64, 44), (65, 44), (76, 46), (60, 48), (75, 50), (59, 52), (74, 55), (58, 57), (73, 57), (74, 57), (68, 58), (69, 58), (70, 58), (71, 58), (72, 58), (58, 59), (64, 59), (65, 59), (66, 59), (67, 59), (59, 60), (60, 60), (61, 60), (62, 60), (63, 60)]
[(91, 39), (92, 39), (86, 40), (87, 40), (88, 40), (89, 40), (90, 40), (93, 40), (82, 41), (83, 41), (84, 41), (85, 41), (77, 42), (78, 42), (79, 42), (80, 42), (81, 42), (92, 44), (76, 46), (91, 48), (75, 50), (90, 53), (74, 55), (89, 55), (90, 55), (84, 56), (85, 56), (86, 56), (87, 56), (88, 56), (74, 57), (80, 57), (81, 57), (82, 57), (83, 57), (75, 58), (76, 58), (77, 58), (78, 58), (79, 58)]
[(89, 55), (90, 55), (84, 56), (85, 56), (86, 56), (87, 56), (88, 56), (91, 56), (80, 57), (81, 57), (82, 57), (83, 57), (75, 58), (76, 58), (77, 58), (78, 58), (79, 58), (90, 60), (74, 62), (89, 64), (73, 66), (88, 69), (72, 71), (87, 71), (88, 71), (82, 72), (83, 72), (84, 72), (85, 72), (86, 72), (72, 73), (78, 73), (79, 73), (80, 73), (81, 73), (73, 74), (74, 74), (75, 74), (76, 74), (77, 74)]
[(105, 53), (106, 53), (100, 54), (101, 54), (102, 54), (103, 54), (104, 54), (107, 54), (96, 55), (97, 55), (98, 55), (99, 55), (91, 56), (92, 56), (93, 56), (94, 56), (95, 56), (106, 58), (90, 60), (105, 62), (89, 64), (104, 67), (88, 69), (103, 69), (104, 69), (98, 70), (99, 70), (100, 70), (101, 70), (102, 70), (88, 71), (94, 71), (95, 71), (96, 71), (97, 71), (89, 72), (90, 72), (91, 72), (92, 72), (93, 72)]
[(103, 69), (104, 69), (98, 70), (99, 70), (100, 70), (101, 70), (102, 70), (105, 70), (94, 71), (95, 71), (96, 71), (97, 71), (89, 72), (90, 72), (91, 72), (92, 72), (93, 72), (104, 74), (88, 76), (103, 78), (87, 80), (102, 83), (86, 85), (101, 85), (102, 85), (96, 86), (97, 86), (98, 86), (99, 86), (100, 86), (86, 87), (92, 87), (93, 87), (94, 87), (95, 87), (87, 88), (88, 88), (89, 88), (90, 88), (91, 88)]
[(114, 68), (110, 69), (111, 69), (112, 69), (113, 69), (105, 70), (106, 70), (107, 70), (108, 70), (109, 70), (104, 74), (103, 78), (102, 83), (112, 84), (113, 84), (114, 84), (102, 85), (108, 85), (109, 85), (110, 85), (111, 85), (103, 86), (104, 86), (105, 86), (106, 86), (107, 86)]
[(112, 84), (113, 84), (114, 84), (108, 85), (109, 85), (110, 85), (111, 85), (103, 86), (104, 86), (105, 86), (106, 86), (107, 86), (102, 90), (101, 94), (100, 99), (110, 100), (111, 100), (112, 100), (113, 100), (114, 100), (100, 101), (106, 101), (107, 101), (108, 101), (109, 101), (101, 102), (102, 102), (103, 102), (104, 102), (105, 102)]
[(57, 59), (58, 59), (52, 60), (53, 60), (54, 60), (55, 60), (56, 60), (59, 60), (48, 61), (49, 61), (50, 61), (51, 61), (43, 62), (44, 62), (45, 62), (46, 62), (47, 62), (58, 64), (42, 66), (57, 68), (41, 70), (56, 73), (40, 75), (55, 75), (56, 75), (50, 76), (51, 76), (52, 76), (53, 76), (54, 76), (40, 77), (46, 77), (47, 77), (48, 77), (49, 77), (41, 78), (42, 78), (43, 78), (44, 78), (45, 78)]
[(73, 57), (74, 57), (68, 58), (69, 58), (70, 58), (71, 58), (72, 58), (75, 58), (64, 59), (65, 59), (66, 59), (67, 59), (59, 60), (60, 60), (61, 60), (62, 60), (63, 60), (74, 62), (58, 64), (73, 66), (57, 68), (72, 71), (56, 73), (71, 73), (72, 73), (66, 74), (67, 74), (68, 74), (69, 74), (70, 74), (56, 75), (62, 75), (63, 75), (64, 75), (65, 75), (57, 76), (58, 76), (59, 76), (60, 76), (61, 76)]
[(71, 73), (72, 73), (66, 74), (67, 74), (68, 74), (69, 74), (70, 74), (73, 74), (62, 75), (63, 75), (64, 75), (65, 75), (57, 76), (58, 76), (59, 76), (60, 76), (61, 76), (72, 78), (56, 80), (71, 82), (55, 84), (70, 87), (54, 89), (69, 89), (70, 89), (64, 90), (65, 90), (66, 90), (67, 90), (68, 90), (54, 91), (60, 91), (61, 91), (62, 91), (63, 91), (55, 92), (56, 92), (57, 92), (58, 92), (59, 92)]
[(87, 71), (88, 71), (82, 72), (83, 72), (84, 72), (85, 72), (86, 72), (89, 72), (78, 73), (79, 73), (80, 73), (81, 73), (73, 74), (74, 74), (75, 74), (76, 74), (77, 74), (88, 76), (72, 78), (87, 80), (71, 82), (86, 85), (70, 87), (85, 87), (86, 87), (80, 88), (81, 88), (82, 88), (83, 88), (84, 88), (70, 89), (76, 89), (77, 89), (78, 89), (79, 89), (71, 90), (72, 90), (73, 90), (74, 90), (75, 90)]
[(85, 87), (86, 87), (80, 88), (81, 88), (82, 88), (83, 88), (84, 88), (87, 88), (76, 89), (77, 89), (78, 89), (79, 89), (71, 90), (72, 90), (73, 90), (74, 90), (75, 90), (86, 92), (70, 94), (85, 96), (69, 98), (84, 101), (68, 103), (83, 103), (84, 103), (78, 104), (79, 104), (80, 104), (81, 104), (82, 104), (68, 105), (74, 105), (75, 105), (76, 105), (77, 105), (69, 106), (70, 106), (71, 106), (72, 106), (73, 106)]
[(101, 85), (102, 85), (96, 86), (97, 86), (98, 86), (99, 86), (100, 86), (103, 86), (92, 87), (93, 87), (94, 87), (95, 87), (87, 88), (88, 88), (89, 88), (90, 88), (91, 88), (102, 90), (86, 92), (101, 94), (85, 96), (100, 99), (84, 101), (99, 101), (100, 101), (94, 102), (95, 102), (96, 102), (97, 102), (98, 102), (84, 103), (90, 103), (91, 103), (92, 103), (93, 103), (85, 104), (86, 104), (87, 104), (88, 104), (89, 104)]
[(99, 101), (100, 101), (94, 102), (95, 102), (96, 102), (97, 102), (98, 102), (101, 102), (90, 103), (91, 103), (92, 103), (93, 103), (85, 104), (86, 104), (87, 104), (88, 104), (89, 104), (100, 106), (84, 108), (99, 110), (83, 112)]
[(110, 100), (111, 100), (112, 100), (113, 100), (114, 100), (106, 101), (107, 101), (108, 101), (109, 101), (101, 102), (102, 102), (103, 102), (104, 102), (105, 102), (100, 106), (99, 110), (114, 113)]
[(55, 75), (56, 75), (50, 76), (51, 76), (52, 76), (53, 76), (54, 76), (57, 76), (46, 77), (47, 77), (48, 77), (49, 77), (41, 78), (42, 78), (43, 78), (44, 78), (45, 78), (56, 80), (40, 82), (55, 84), (39, 86), (54, 89), (38, 91), (53, 91), (54, 91), (48, 92), (49, 92), (50, 92), (51, 92), (52, 92), (38, 93), (44, 93), (45, 93), (46, 93), (47, 93), (39, 94), (40, 94), (41, 94), (42, 94), (43, 94)]
[(53, 91), (54, 91), (48, 92), (49, 92), (50, 92), (51, 92), (52, 92), (55, 92), (44, 93), (45, 93), (46, 93), (47, 93), (39, 94), (40, 94), (41, 94), (42, 94), (43, 94), (54, 96), (38, 98), (53, 100), (37, 102), (52, 105), (36, 107), (51, 107), (52, 107), (46, 108), (47, 108), (48, 108), (49, 108), (50, 108), (36, 109), (42, 109), (43, 109), (44, 109), (45, 109), (37, 110), (38, 110), (39, 110), (40, 110), (41, 110)]
[(69, 89), (70, 89), (64, 90), (65, 90), (66, 90), (67, 90), (68, 90), (71, 90), (60, 91), (61, 91), (62, 91), (63, 91), (55, 92), (56, 92), (57, 92), (58, 92), (59, 92), (70, 94), (54, 96), (69, 98), (53, 100), (68, 103), (52, 105), (67, 105), (68, 105), (62, 106), (63, 106), (64, 106), (65, 106), (66, 106), (52, 107), (58, 107), (59, 107), (60, 107), (61, 107), (53, 108), (54, 108), (55, 108), (56, 108), (57, 108)]
[(67, 105), (68, 105), (62, 106), (63, 106), (64, 106), (65, 106), (66, 106), (69, 106), (58, 107), (59, 107), (60, 107), (61, 107), (53, 108), (54, 108), (55, 108), (56, 108), (57, 108), (68, 110), (52, 112), (67, 114)]
[(83, 103), (84, 103), (78, 104), (79, 104), (80, 104), (81, 104), (82, 104), (85, 104), (74, 105), (75, 105), (76, 105), (77, 105), (69, 106), (70, 106), (71, 106), (72, 106), (73, 106), (84, 108), (68, 110), (83, 112), (67, 114)]
[(51, 107), (52, 107), (46, 108), (47, 108), (48, 108), (49, 108), (50, 108), (53, 108), (42, 109), (43, 109), (44, 109), (45, 109), (37, 110), (38, 110), (39, 110), (40, 110), (41, 110), (52, 112), (36, 114)]
