[(86, 9), (83, 10), (84, 10), (85, 10), (87, 10), (80, 11), (81, 11), (82, 11), (88, 11), (76, 12), (77, 12), (78, 12), (79, 12), (89, 12), (73, 13), (74, 13), (75, 13), (90, 13), (69, 14), (70, 14), (71, 14), (72, 14), (91, 14), (92, 15), (93, 16), (68, 17), (92, 19), (67, 20), (91, 22), (66, 24), (90, 26), (65, 27), (89, 29), (64, 30), (64, 31), (65, 32), (88, 32), (66, 33), (88, 33), (67, 34), (85, 34), (86, 34), (87, 34), (68, 35), (82, 35), (83, 35), (84, 35), (69, 36), (78, 36), (79, 36), (80, 36), (81, 36), (70, 37), (75, 37), (76, 37), (77, 37), (71, 38), (72, 38), (73, 38), (74, 38)]
[(110, 11), (107, 12), (108, 12), (109, 12), (111, 12), (104, 13), (105, 13), (106, 13), (112, 13), (100, 14), (101, 14), (102, 14), (103, 14), (113, 14), (97, 15), (98, 15), (99, 15), (114, 15), (93, 16), (94, 16), (95, 16), (96, 16), (92, 19), (91, 22), (90, 26), (114, 28), (89, 29), (113, 31), (88, 32), (88, 33), (89, 34), (112, 34), (90, 35), (112, 35), (91, 36), (109, 36), (110, 36), (111, 36), (92, 37), (106, 37), (107, 37), (108, 37), (93, 38), (102, 38), (103, 38), (104, 38), (105, 38), (94, 39), (99, 39), (100, 39), (101, 39), (95, 40), (96, 40), (97, 40), (98, 40)]
[(112, 35), (109, 36), (110, 36), (111, 36), (113, 36), (106, 37), (107, 37), (108, 37), (114, 37), (102, 38), (103, 38), (104, 38), (105, 38), (99, 39), (100, 39), (101, 39), (95, 40), (96, 40), (97, 40), (98, 40), (94, 43), (93, 46), (92, 50), (91, 53), (90, 56), (90, 57), (91, 58), (114, 58), (92, 59), (114, 59), (93, 60), (111, 60), (112, 60), (113, 60), (94, 61), (108, 61), (109, 61), (110, 61), (95, 62), (104, 62), (105, 62), (106, 62), (107, 62), (96, 63), (101, 63), (102, 63), (103, 63), (97, 64), (98, 64), (99, 64), (100, 64)]
[(114, 58), (114, 59)]
[(38, 5), (35, 6), (36, 6), (37, 6), (39, 6), (32, 7), (33, 7), (34, 7), (40, 7), (28, 8), (29, 8), (30, 8), (31, 8), (41, 8), (25, 9), (26, 9), (27, 9), (42, 9), (21, 10), (22, 10), (23, 10), (24, 10), (43, 10), (44, 11), (45, 12), (20, 13), (44, 15), (19, 16), (43, 18), (18, 20), (42, 22), (17, 23), (41, 25), (16, 26), (16, 27), (17, 28), (40, 28), (18, 29), (40, 29), (19, 30), (37, 30), (38, 30), (39, 30), (20, 31), (34, 31), (35, 31), (36, 31), (21, 32), (30, 32), (31, 32), (32, 32), (33, 32), (22, 33), (27, 33), (28, 33), (29, 33), (23, 34), (24, 34), (25, 34), (26, 34)]
[(62, 7), (59, 8), (60, 8), (61, 8), (63, 8), (56, 9), (57, 9), (58, 9), (64, 9), (52, 10), (53, 10), (54, 10), (55, 10), (65, 10), (49, 11), (50, 11), (51, 11), (66, 11), (45, 12), (46, 12), (47, 12), (48, 12), (67, 12), (68, 13), (69, 14), (44, 15), (68, 17), (43, 18), (67, 20), (42, 22), (66, 24), (41, 25), (65, 27), (40, 28), (40, 29), (41, 30), (64, 30), (42, 31), (64, 31), (43, 32), (61, 32), (62, 32), (63, 32), (44, 33), (58, 33), (59, 33), (60, 33), (45, 34), (54, 34), (55, 34), (56, 34), (57, 34), (46, 35), (51, 35), (52, 35), (53, 35), (47, 36), (48, 36), (49, 36), (50, 36)]
[(64, 31), (61, 32), (62, 32), (63, 32), (65, 32), (58, 33), (59, 33), (60, 33), (66, 33), (54, 34), (55, 34), (56, 34), (57, 34), (67, 34), (51, 35), (52, 35), (53, 35), (68, 35), (47, 36), (48, 36), (49, 36), (50, 36), (69, 36), (70, 37), (71, 38), (46, 39), (70, 41), (45, 42), (69, 44), (44, 46), (68, 48), (43, 49), (67, 51), (42, 52), (42, 53), (43, 54), (66, 54), (44, 55), (66, 55), (45, 56), (63, 56), (64, 56), (65, 56), (46, 57), (60, 57), (61, 57), (62, 57), (47, 58), (56, 58), (57, 58), (58, 58), (59, 58), (48, 59), (53, 59), (54, 59), (55, 59), (49, 60), (50, 60), (51, 60), (52, 60)]
[(88, 33), (85, 34), (86, 34), (87, 34), (89, 34), (82, 35), (83, 35), (84, 35), (90, 35), (78, 36), (79, 36), (80, 36), (81, 36), (91, 36), (75, 37), (76, 37), (77, 37), (92, 37), (71, 38), (72, 38), (73, 38), (74, 38), (93, 38), (94, 39), (95, 40), (70, 41), (94, 43), (69, 44), (93, 46), (68, 48), (92, 50), (67, 51), (91, 53), (66, 54), (66, 55), (67, 56), (90, 56), (68, 57), (90, 57), (69, 58), (87, 58), (88, 58), (89, 58), (70, 59), (84, 59), (85, 59), (86, 59), (71, 60), (80, 60), (81, 60), (82, 60), (83, 60), (72, 61), (77, 61), (78, 61), (79, 61), (73, 62), (74, 62), (75, 62), (76, 62)]
[(90, 57), (87, 58), (88, 58), (89, 58), (91, 58), (84, 59), (85, 59), (86, 59), (92, 59), (80, 60), (81, 60), (82, 60), (83, 60), (93, 60), (77, 61), (78, 61), (79, 61), (94, 61), (73, 62), (74, 62), (75, 62), (76, 62), (95, 62), (96, 63), (97, 64), (72, 65), (96, 67), (71, 68), (95, 70), (70, 72), (94, 74), (69, 75), (93, 77), (68, 78), (68, 79), (69, 80), (92, 80), (70, 81), (92, 81), (71, 82), (89, 82), (90, 82), (91, 82), (72, 83), (86, 83), (87, 83), (88, 83), (73, 84), (82, 84), (83, 84), (84, 84), (85, 84), (74, 85), (79, 85), (80, 85), (81, 85), (75, 86), (76, 86), (77, 86), (78, 86)]
[(114, 59), (111, 60), (112, 60), (113, 60), (108, 61), (109, 61), (110, 61), (104, 62), (105, 62), (106, 62), (107, 62), (101, 63), (102, 63), (103, 63), (97, 64), (98, 64), (99, 64), (100, 64), (96, 67), (95, 70), (94, 74), (93, 77), (92, 80), (92, 81), (93, 82), (94, 83), (95, 84), (113, 84), (114, 84), (96, 85), (110, 85), (111, 85), (112, 85), (97, 86), (106, 86), (107, 86), (108, 86), (109, 86), (98, 87), (103, 87), (104, 87), (105, 87), (99, 88), (100, 88), (101, 88), (102, 88)]
[(113, 84), (114, 84), (110, 85), (111, 85), (112, 85), (106, 86), (107, 86), (108, 86), (109, 86), (103, 87), (104, 87), (105, 87), (99, 88), (100, 88), (101, 88), (102, 88), (98, 91), (97, 94), (96, 98), (95, 101), (94, 104), (94, 105), (95, 106), (96, 107), (97, 108), (98, 109), (112, 109), (113, 109), (114, 109), (99, 110), (108, 110), (109, 110), (110, 110), (111, 110), (100, 111), (105, 111), (106, 111), (107, 111), (101, 112), (102, 112), (103, 112), (104, 112)]
[(16, 27), (13, 28), (14, 28), (15, 28), (17, 28), (10, 29), (11, 29), (12, 29), (18, 29), (6, 30), (7, 30), (8, 30), (9, 30), (19, 30), (3, 31), (4, 31), (5, 31), (20, 31), (0, 32), (1, 32), (2, 32), (21, 32), (22, 33), (23, 34), (22, 37), (21, 40), (20, 44), (19, 47), (18, 50), (18, 51), (15, 52), (16, 52), (17, 52), (12, 53), (13, 53), (14, 53), (8, 54), (9, 54), (10, 54), (11, 54), (0, 55), (5, 55), (6, 55), (7, 55), (1, 56), (2, 56), (3, 56), (4, 56)]
[(40, 29), (37, 30), (38, 30), (39, 30), (41, 30), (34, 31), (35, 31), (36, 31), (42, 31), (30, 32), (31, 32), (32, 32), (33, 32), (43, 32), (27, 33), (28, 33), (29, 33), (44, 33), (23, 34), (24, 34), (25, 34), (26, 34), (45, 34), (46, 35), (47, 36), (22, 37), (46, 39), (21, 40), (45, 42), (20, 44), (44, 46), (19, 47), (43, 49), (18, 50), (18, 51), (19, 52), (42, 52), (20, 53), (42, 53), (21, 54), (39, 54), (40, 54), (41, 54), (22, 55), (36, 55), (37, 55), (38, 55), (23, 56), (32, 56), (33, 56), (34, 56), (35, 56), (24, 57), (29, 57), (30, 57), (31, 57), (25, 58), (26, 58), (27, 58), (28, 58)]
[(42, 53), (39, 54), (40, 54), (41, 54), (43, 54), (36, 55), (37, 55), (38, 55), (44, 55), (32, 56), (33, 56), (34, 56), (35, 56), (45, 56), (29, 57), (30, 57), (31, 57), (46, 57), (25, 58), (26, 58), (27, 58), (28, 58), (47, 58), (48, 59), (49, 60), (24, 61), (48, 63), (23, 64), (47, 66), (22, 68), (46, 70), (21, 71), (45, 73), (20, 74), (20, 75), (21, 76), (44, 76), (22, 77), (44, 77), (23, 78), (41, 78), (42, 78), (43, 78), (24, 79), (38, 79), (39, 79), (40, 79), (25, 80), (34, 80), (35, 80), (36, 80), (37, 80), (26, 81), (31, 81), (32, 81), (33, 81), (27, 82), (28, 82), (29, 82), (30, 82)]
[(66, 55), (63, 56), (64, 56), (65, 56), (67, 56), (60, 57), (61, 57), (62, 57), (68, 57), (56, 58), (57, 58), (58, 58), (59, 58), (69, 58), (53, 59), (54, 59), (55, 59), (70, 59), (49, 60), (50, 60), (51, 60), (52, 60), (71, 60), (72, 61), (73, 62), (48, 63), (72, 65), (47, 66), (71, 68), (46, 70), (70, 72), (45, 73), (69, 75), (44, 76), (44, 77), (45, 78), (68, 78), (46, 79), (68, 79), (47, 80), (65, 80), (66, 80), (67, 80), (48, 81), (62, 81), (63, 81), (64, 81), (49, 82), (58, 82), (59, 82), (60, 82), (61, 82), (50, 83), (55, 83), (56, 83), (57, 83), (51, 84), (52, 84), (53, 84), (54, 84)]
[(68, 79), (65, 80), (66, 80), (67, 80), (69, 80), (62, 81), (63, 81), (64, 81), (70, 81), (58, 82), (59, 82), (60, 82), (61, 82), (71, 82), (55, 83), (56, 83), (57, 83), (72, 83), (51, 84), (52, 84), (53, 84), (54, 84), (73, 84), (74, 85), (75, 86), (50, 87), (74, 89), (49, 90), (73, 92), (48, 94), (72, 96), (47, 97), (71, 99), (46, 100), (46, 101), (47, 102), (70, 102), (48, 103), (70, 103), (49, 104), (67, 104), (68, 104), (69, 104), (50, 105), (64, 105), (65, 105), (66, 105), (51, 106), (60, 106), (61, 106), (62, 106), (63, 106), (52, 107), (57, 107), (58, 107), (59, 107), (53, 108), (54, 108), (55, 108), (56, 108)]
[(92, 81), (89, 82), (90, 82), (91, 82), (93, 82), (86, 83), (87, 83), (88, 83), (94, 83), (82, 84), (83, 84), (84, 84), (85, 84), (95, 84), (79, 85), (80, 85), (81, 85), (96, 85), (75, 86), (76, 86), (77, 86), (78, 86), (97, 86), (98, 87), (99, 88), (74, 89), (98, 91), (73, 92), (97, 94), (72, 96), (96, 98), (71, 99), (95, 101), (70, 102), (70, 103), (71, 104), (94, 104), (72, 105), (94, 105), (73, 106), (91, 106), (92, 106), (93, 106), (74, 107), (88, 107), (89, 107), (90, 107), (75, 108), (84, 108), (85, 108), (86, 108), (87, 108), (76, 109), (81, 109), (82, 109), (83, 109), (77, 110), (78, 110), (79, 110), (80, 110)]
[(94, 105), (91, 106), (92, 106), (93, 106), (95, 106), (88, 107), (89, 107), (90, 107), (96, 107), (84, 108), (85, 108), (86, 108), (87, 108), (97, 108), (81, 109), (82, 109), (83, 109), (98, 109), (77, 110), (78, 110), (79, 110), (80, 110), (99, 110), (100, 111), (101, 112), (76, 113)]
[(112, 109), (113, 109), (114, 109), (108, 110), (109, 110), (110, 110), (111, 110), (105, 111), (106, 111), (107, 111), (101, 112), (102, 112), (103, 112), (104, 112)]
[(18, 51), (15, 52), (16, 52), (17, 52), (19, 52), (12, 53), (13, 53), (14, 53), (20, 53), (8, 54), (9, 54), (10, 54), (11, 54), (21, 54), (5, 55), (6, 55), (7, 55), (22, 55), (1, 56), (2, 56), (3, 56), (4, 56), (23, 56), (24, 57), (25, 58), (0, 59), (24, 61), (23, 64), (22, 68), (21, 71), (20, 74), (20, 75), (17, 76), (18, 76), (19, 76), (0, 77), (14, 77), (15, 77), (16, 77), (1, 78), (10, 78), (11, 78), (12, 78), (13, 78), (2, 79), (7, 79), (8, 79), (9, 79), (3, 80), (4, 80), (5, 80), (6, 80)]
[(20, 75), (17, 76), (18, 76), (19, 76), (21, 76), (14, 77), (15, 77), (16, 77), (22, 77), (10, 78), (11, 78), (12, 78), (13, 78), (23, 78), (7, 79), (8, 79), (9, 79), (24, 79), (3, 80), (4, 80), (5, 80), (6, 80), (25, 80), (26, 81), (27, 82), (2, 83), (26, 85), (1, 86), (25, 88), (0, 90), (24, 92), (23, 95), (22, 98), (0, 99), (22, 99), (1, 100), (19, 100), (20, 100), (21, 100), (2, 101), (16, 101), (17, 101), (18, 101), (3, 102), (12, 102), (13, 102), (14, 102), (15, 102), (4, 103), (9, 103), (10, 103), (11, 103), (5, 104), (6, 104), (7, 104), (8, 104)]
[(44, 77), (41, 78), (42, 78), (43, 78), (45, 78), (38, 79), (39, 79), (40, 79), (46, 79), (34, 80), (35, 80), (36, 80), (37, 80), (47, 80), (31, 81), (32, 81), (33, 81), (48, 81), (27, 82), (28, 82), (29, 82), (30, 82), (49, 82), (50, 83), (51, 84), (26, 85), (50, 87), (25, 88), (49, 90), (24, 92), (48, 94), (23, 95), (47, 97), (22, 98), (22, 99), (23, 100), (46, 100), (24, 101), (46, 101), (25, 102), (43, 102), (44, 102), (45, 102), (26, 103), (40, 103), (41, 103), (42, 103), (27, 104), (36, 104), (37, 104), (38, 104), (39, 104), (28, 105), (33, 105), (34, 105), (35, 105), (29, 106), (30, 106), (31, 106), (32, 106)]
[(46, 101), (43, 102), (44, 102), (45, 102), (47, 102), (40, 103), (41, 103), (42, 103), (48, 103), (36, 104), (37, 104), (38, 104), (39, 104), (49, 104), (33, 105), (34, 105), (35, 105), (50, 105), (29, 106), (30, 106), (31, 106), (32, 106), (51, 106), (52, 107), (53, 108), (28, 109), (52, 111), (27, 112), (51, 114)]
[(70, 103), (67, 104), (68, 104), (69, 104), (71, 104), (64, 105), (65, 105), (66, 105), (72, 105), (60, 106), (61, 106), (62, 106), (63, 106), (73, 106), (57, 107), (58, 107), (59, 107), (74, 107), (53, 108), (54, 108), (55, 108), (56, 108), (75, 108), (76, 109), (77, 110), (52, 111), (76, 113), (51, 114)]
[(22, 99), (19, 100), (20, 100), (21, 100), (23, 100), (16, 101), (17, 101), (18, 101), (24, 101), (12, 102), (13, 102), (14, 102), (15, 102), (25, 102), (9, 103), (10, 103), (11, 103), (26, 103), (5, 104), (6, 104), (7, 104), (8, 104), (27, 104), (28, 105), (29, 106), (4, 107), (28, 109), (3, 110), (27, 112), (2, 114)]
