[(114, 37), (110, 38), (111, 38), (112, 38), (113, 38), (106, 39), (107, 39), (108, 39), (109, 39), (102, 40), (103, 40), (104, 40), (105, 40), (101, 43), (100, 47), (99, 51), (98, 55), (97, 59), (98, 59), (113, 59), (114, 59), (99, 60), (109, 60), (110, 60), (111, 60), (112, 60), (100, 61), (105, 61), (106, 61), (107, 61), (108, 61), (101, 62), (102, 62), (103, 62), (104, 62)]
[(74, 38), (75, 38), (76, 38), (77, 38), (70, 39), (71, 39), (72, 39), (73, 39), (78, 39), (66, 40), (67, 40), (68, 40), (69, 40), (79, 40), (62, 41), (63, 41), (64, 41), (65, 41), (80, 41), (58, 42), (59, 42), (60, 42), (61, 42), (79, 44), (57, 45), (78, 48), (56, 49), (77, 52), (55, 53), (76, 56), (54, 57), (73, 60), (74, 60), (75, 60), (76, 60), (53, 61), (54, 61), (69, 61), (70, 61), (71, 61), (72, 61), (55, 62), (65, 62), (66, 62), (67, 62), (68, 62), (56, 63), (61, 63), (62, 63), (63, 63), (64, 63), (57, 64), (58, 64), (59, 64), (60, 64)]
[(96, 37), (97, 37), (98, 37), (99, 37), (92, 38), (93, 38), (94, 38), (95, 38), (100, 38), (88, 39), (89, 39), (90, 39), (91, 39), (101, 39), (84, 40), (85, 40), (86, 40), (87, 40), (102, 40), (80, 41), (81, 41), (82, 41), (83, 41), (101, 43), (79, 44), (100, 47), (78, 48), (99, 51), (77, 52), (98, 55), (76, 56), (95, 59), (96, 59), (97, 59), (98, 59), (75, 60), (76, 60), (91, 60), (92, 60), (93, 60), (94, 60), (77, 61), (87, 61), (88, 61), (89, 61), (90, 61), (78, 62), (83, 62), (84, 62), (85, 62), (86, 62), (79, 63), (80, 63), (81, 63), (82, 63)]
[(95, 59), (96, 59), (97, 59), (98, 59), (91, 60), (92, 60), (93, 60), (94, 60), (99, 60), (87, 61), (88, 61), (89, 61), (90, 61), (100, 61), (83, 62), (84, 62), (85, 62), (86, 62), (101, 62), (79, 63), (80, 63), (81, 63), (82, 63), (100, 65), (78, 66), (99, 69), (77, 70), (98, 73), (76, 74), (97, 77), (75, 78), (94, 81), (95, 81), (96, 81), (97, 81), (74, 82), (75, 82), (90, 82), (91, 82), (92, 82), (93, 82), (76, 83), (86, 83), (87, 83), (88, 83), (89, 83), (77, 84), (82, 84), (83, 84), (84, 84), (85, 84), (78, 85), (79, 85), (80, 85), (81, 85)]
[(113, 59), (114, 59), (109, 60), (110, 60), (111, 60), (112, 60), (105, 61), (106, 61), (107, 61), (108, 61), (101, 62), (102, 62), (103, 62), (104, 62), (100, 65), (99, 69), (98, 73), (97, 77), (96, 81), (97, 81), (112, 81), (113, 81), (114, 81), (98, 82), (108, 82), (109, 82), (110, 82), (111, 82), (99, 83), (104, 83), (105, 83), (106, 83), (107, 83), (100, 84), (101, 84), (102, 84), (103, 84)]
[(112, 81), (113, 81), (114, 81), (108, 82), (109, 82), (110, 82), (111, 82), (104, 83), (105, 83), (106, 83), (107, 83), (100, 84), (101, 84), (102, 84), (103, 84), (99, 87), (98, 91), (97, 95), (96, 99), (95, 103), (96, 103), (111, 103), (112, 103), (113, 103), (114, 103), (97, 104), (107, 104), (108, 104), (109, 104), (110, 104), (98, 105), (103, 105), (104, 105), (105, 105), (106, 105), (99, 106), (100, 106), (101, 106), (102, 106)]
[(51, 61), (52, 61), (53, 61), (54, 61), (47, 62), (48, 62), (49, 62), (50, 62), (55, 62), (43, 63), (44, 63), (45, 63), (46, 63), (56, 63), (39, 64), (40, 64), (41, 64), (42, 64), (57, 64), (35, 65), (36, 65), (37, 65), (38, 65), (56, 67), (34, 68), (55, 71), (33, 72), (54, 75), (32, 76), (53, 79), (31, 80), (50, 83), (51, 83), (52, 83), (53, 83), (30, 84), (31, 84), (46, 84), (47, 84), (48, 84), (49, 84), (32, 85), (42, 85), (43, 85), (44, 85), (45, 85), (33, 86), (38, 86), (39, 86), (40, 86), (41, 86), (34, 87), (35, 87), (36, 87), (37, 87)]
[(73, 60), (74, 60), (75, 60), (76, 60), (69, 61), (70, 61), (71, 61), (72, 61), (77, 61), (65, 62), (66, 62), (67, 62), (68, 62), (78, 62), (61, 63), (62, 63), (63, 63), (64, 63), (79, 63), (57, 64), (58, 64), (59, 64), (60, 64), (78, 66), (56, 67), (77, 70), (55, 71), (76, 74), (54, 75), (75, 78), (53, 79), (72, 82), (73, 82), (74, 82), (75, 82), (52, 83), (53, 83), (68, 83), (69, 83), (70, 83), (71, 83), (54, 84), (64, 84), (65, 84), (66, 84), (67, 84), (55, 85), (60, 85), (61, 85), (62, 85), (63, 85), (56, 86), (57, 86), (58, 86), (59, 86)]
[(72, 82), (73, 82), (74, 82), (75, 82), (68, 83), (69, 83), (70, 83), (71, 83), (76, 83), (64, 84), (65, 84), (66, 84), (67, 84), (77, 84), (60, 85), (61, 85), (62, 85), (63, 85), (78, 85), (56, 86), (57, 86), (58, 86), (59, 86), (77, 88), (55, 89), (76, 92), (54, 93), (75, 96), (53, 97), (74, 100), (52, 101), (71, 104), (72, 104), (73, 104), (74, 104), (51, 105), (52, 105), (67, 105), (68, 105), (69, 105), (70, 105), (53, 106), (63, 106), (64, 106), (65, 106), (66, 106), (54, 107), (59, 107), (60, 107), (61, 107), (62, 107), (55, 108), (56, 108), (57, 108), (58, 108)]
[(94, 81), (95, 81), (96, 81), (97, 81), (90, 82), (91, 82), (92, 82), (93, 82), (98, 82), (86, 83), (87, 83), (88, 83), (89, 83), (99, 83), (82, 84), (83, 84), (84, 84), (85, 84), (100, 84), (78, 85), (79, 85), (80, 85), (81, 85), (99, 87), (77, 88), (98, 91), (76, 92), (97, 95), (75, 96), (96, 99), (74, 100), (93, 103), (94, 103), (95, 103), (96, 103), (73, 104), (74, 104), (89, 104), (90, 104), (91, 104), (92, 104), (75, 105), (85, 105), (86, 105), (87, 105), (88, 105), (76, 106), (81, 106), (82, 106), (83, 106), (84, 106), (77, 107), (78, 107), (79, 107), (80, 107)]
[(93, 103), (94, 103), (95, 103), (96, 103), (89, 104), (90, 104), (91, 104), (92, 104), (97, 104), (85, 105), (86, 105), (87, 105), (88, 105), (98, 105), (81, 106), (82, 106), (83, 106), (84, 106), (99, 106), (77, 107), (78, 107), (79, 107), (80, 107), (98, 109), (76, 110), (97, 113), (75, 114)]
[(111, 103), (112, 103), (113, 103), (114, 103), (107, 104), (108, 104), (109, 104), (110, 104), (103, 105), (104, 105), (105, 105), (106, 105), (99, 106), (100, 106), (101, 106), (102, 106), (98, 109), (97, 113)]
[(50, 83), (51, 83), (52, 83), (53, 83), (46, 84), (47, 84), (48, 84), (49, 84), (54, 84), (42, 85), (43, 85), (44, 85), (45, 85), (55, 85), (38, 86), (39, 86), (40, 86), (41, 86), (56, 86), (34, 87), (35, 87), (36, 87), (37, 87), (55, 89), (33, 90), (54, 93), (32, 94), (53, 97), (31, 98), (52, 101), (30, 102), (49, 105), (50, 105), (51, 105), (52, 105), (29, 106), (30, 106), (45, 106), (46, 106), (47, 106), (48, 106), (31, 107), (41, 107), (42, 107), (43, 107), (44, 107), (32, 108), (37, 108), (38, 108), (39, 108), (40, 108), (33, 109), (34, 109), (35, 109), (36, 109)]
[(49, 105), (50, 105), (51, 105), (52, 105), (45, 106), (46, 106), (47, 106), (48, 106), (53, 106), (41, 107), (42, 107), (43, 107), (44, 107), (54, 107), (37, 108), (38, 108), (39, 108), (40, 108), (55, 108), (33, 109), (34, 109), (35, 109), (36, 109), (54, 111), (32, 112)]
[(71, 104), (72, 104), (73, 104), (74, 104), (67, 105), (68, 105), (69, 105), (70, 105), (75, 105), (63, 106), (64, 106), (65, 106), (66, 106), (76, 106), (59, 107), (60, 107), (61, 107), (62, 107), (77, 107), (55, 108), (56, 108), (57, 108), (58, 108), (76, 110), (54, 111), (75, 114)]
