[(91, 32), (92, 32), (93, 32), (94, 32), (88, 33), (89, 33), (90, 33), (95, 33), (84, 34), (85, 34), (86, 34), (87, 34), (96, 34), (81, 35), (82, 35), (83, 35), (97, 35), (77, 36), (78, 36), (79, 36), (80, 36), (98, 36), (99, 37), (100, 38), (76, 39), (99, 41), (75, 42), (98, 44), (74, 46), (97, 48), (73, 49), (96, 51), (72, 53), (73, 53), (74, 54), (75, 55), (93, 55), (94, 55), (95, 55), (96, 55), (76, 56), (90, 56), (91, 56), (92, 56), (77, 57), (86, 57), (87, 57), (88, 57), (89, 57), (78, 58), (83, 58), (84, 58), (85, 58), (79, 59), (80, 59), (81, 59), (82, 59)]
[(114, 34), (111, 35), (112, 35), (113, 35), (107, 36), (108, 36), (109, 36), (110, 36), (104, 37), (105, 37), (106, 37), (100, 38), (101, 38), (102, 38), (103, 38), (99, 41), (98, 44), (97, 48), (96, 51), (95, 55), (96, 55), (97, 56), (98, 57), (99, 58), (113, 58), (114, 58), (100, 59), (109, 59), (110, 59), (111, 59), (112, 59), (101, 60), (106, 60), (107, 60), (108, 60), (102, 61), (103, 61), (104, 61), (105, 61)]
[(113, 58), (114, 58), (109, 59), (110, 59), (111, 59), (112, 59), (106, 60), (107, 60), (108, 60), (102, 61), (103, 61), (104, 61), (105, 61), (101, 64), (100, 67), (99, 71), (98, 74), (97, 78), (98, 78), (99, 79), (100, 80), (101, 81), (102, 82), (111, 82), (112, 82), (113, 82), (114, 82), (103, 83), (108, 83), (109, 83), (110, 83), (104, 84), (105, 84), (106, 84), (107, 84)]
[(45, 28), (46, 28), (47, 28), (48, 28), (42, 29), (43, 29), (44, 29), (49, 29), (38, 30), (39, 30), (40, 30), (41, 30), (50, 30), (35, 31), (36, 31), (37, 31), (51, 31), (31, 32), (32, 32), (33, 32), (34, 32), (52, 32), (53, 33), (54, 34), (30, 35), (53, 37), (29, 38), (52, 40), (28, 42), (51, 44), (27, 45), (50, 47), (26, 49), (27, 49), (28, 50), (29, 51), (47, 51), (48, 51), (49, 51), (50, 51), (30, 52), (44, 52), (45, 52), (46, 52), (31, 53), (40, 53), (41, 53), (42, 53), (43, 53), (32, 54), (37, 54), (38, 54), (39, 54), (33, 55), (34, 55), (35, 55), (36, 55)]
[(68, 30), (69, 30), (70, 30), (71, 30), (65, 31), (66, 31), (67, 31), (72, 31), (61, 32), (62, 32), (63, 32), (64, 32), (73, 32), (58, 33), (59, 33), (60, 33), (74, 33), (54, 34), (55, 34), (56, 34), (57, 34), (75, 34), (76, 35), (77, 36), (53, 37), (76, 39), (52, 40), (75, 42), (51, 44), (74, 46), (50, 47), (73, 49), (49, 51), (50, 51), (51, 52), (52, 53), (70, 53), (71, 53), (72, 53), (73, 53), (53, 54), (67, 54), (68, 54), (69, 54), (54, 55), (63, 55), (64, 55), (65, 55), (66, 55), (55, 56), (60, 56), (61, 56), (62, 56), (56, 57), (57, 57), (58, 57), (59, 57)]
[(70, 53), (71, 53), (72, 53), (73, 53), (67, 54), (68, 54), (69, 54), (74, 54), (63, 55), (64, 55), (65, 55), (66, 55), (75, 55), (60, 56), (61, 56), (62, 56), (76, 56), (56, 57), (57, 57), (58, 57), (59, 57), (77, 57), (78, 58), (79, 59), (55, 60), (78, 62), (54, 63), (77, 65), (53, 67), (76, 69), (52, 70), (75, 72), (51, 74), (52, 74), (53, 75), (54, 76), (72, 76), (73, 76), (74, 76), (75, 76), (55, 77), (69, 77), (70, 77), (71, 77), (56, 78), (65, 78), (66, 78), (67, 78), (68, 78), (57, 79), (62, 79), (63, 79), (64, 79), (58, 80), (59, 80), (60, 80), (61, 80)]
[(93, 55), (94, 55), (95, 55), (96, 55), (90, 56), (91, 56), (92, 56), (97, 56), (86, 57), (87, 57), (88, 57), (89, 57), (98, 57), (83, 58), (84, 58), (85, 58), (99, 58), (79, 59), (80, 59), (81, 59), (82, 59), (100, 59), (101, 60), (102, 61), (78, 62), (101, 64), (77, 65), (100, 67), (76, 69), (99, 71), (75, 72), (98, 74), (74, 76), (75, 76), (76, 77), (77, 78), (95, 78), (96, 78), (97, 78), (98, 78), (78, 79), (92, 79), (93, 79), (94, 79), (79, 80), (88, 80), (89, 80), (90, 80), (91, 80), (80, 81), (85, 81), (86, 81), (87, 81), (81, 82), (82, 82), (83, 82), (84, 82)]
[(95, 78), (96, 78), (97, 78), (98, 78), (92, 79), (93, 79), (94, 79), (99, 79), (88, 80), (89, 80), (90, 80), (91, 80), (100, 80), (85, 81), (86, 81), (87, 81), (101, 81), (81, 82), (82, 82), (83, 82), (84, 82), (102, 82), (103, 83), (104, 84), (80, 85), (103, 87), (79, 88), (102, 90), (78, 92), (101, 94), (77, 95), (100, 97), (76, 99), (77, 99), (78, 100), (79, 101), (97, 101), (98, 101), (99, 101), (100, 101), (80, 102), (94, 102), (95, 102), (96, 102), (81, 103), (90, 103), (91, 103), (92, 103), (93, 103), (82, 104), (87, 104), (88, 104), (89, 104), (83, 105), (84, 105), (85, 105), (86, 105)]
[(111, 82), (112, 82), (113, 82), (114, 82), (108, 83), (109, 83), (110, 83), (104, 84), (105, 84), (106, 84), (107, 84), (103, 87), (102, 90), (101, 94), (100, 97), (99, 101), (100, 101), (101, 102), (102, 103), (103, 104), (104, 105), (113, 105), (114, 105), (105, 106), (110, 106), (111, 106), (112, 106), (106, 107), (107, 107), (108, 107), (109, 107)]
[(113, 105), (114, 105), (110, 106), (111, 106), (112, 106), (106, 107), (107, 107), (108, 107), (109, 107), (105, 110), (104, 113)]
[(24, 49), (25, 49), (26, 49), (27, 49), (21, 50), (22, 50), (23, 50), (28, 50), (17, 51), (18, 51), (19, 51), (20, 51), (29, 51), (14, 52), (15, 52), (16, 52), (30, 52), (10, 53), (11, 53), (12, 53), (13, 53), (31, 53), (32, 54), (33, 55), (9, 56), (32, 58), (8, 59), (31, 61), (7, 63), (30, 65), (6, 66), (29, 68), (5, 70), (6, 70), (7, 71), (8, 72), (26, 72), (27, 72), (28, 72), (29, 72), (9, 73), (23, 73), (24, 73), (25, 73), (10, 74), (19, 74), (20, 74), (21, 74), (22, 74), (11, 75), (16, 75), (17, 75), (18, 75), (12, 76), (13, 76), (14, 76), (15, 76)]
[(47, 51), (48, 51), (49, 51), (50, 51), (44, 52), (45, 52), (46, 52), (51, 52), (40, 53), (41, 53), (42, 53), (43, 53), (52, 53), (37, 54), (38, 54), (39, 54), (53, 54), (33, 55), (34, 55), (35, 55), (36, 55), (54, 55), (55, 56), (56, 57), (32, 58), (55, 60), (31, 61), (54, 63), (30, 65), (53, 67), (29, 68), (52, 70), (28, 72), (29, 72), (30, 73), (31, 74), (49, 74), (50, 74), (51, 74), (52, 74), (32, 75), (46, 75), (47, 75), (48, 75), (33, 76), (42, 76), (43, 76), (44, 76), (45, 76), (34, 77), (39, 77), (40, 77), (41, 77), (35, 78), (36, 78), (37, 78), (38, 78)]
[(49, 74), (50, 74), (51, 74), (52, 74), (46, 75), (47, 75), (48, 75), (53, 75), (42, 76), (43, 76), (44, 76), (45, 76), (54, 76), (39, 77), (40, 77), (41, 77), (55, 77), (35, 78), (36, 78), (37, 78), (38, 78), (56, 78), (57, 79), (58, 80), (34, 81), (57, 83), (33, 84), (56, 86), (32, 88), (55, 90), (31, 91), (54, 93), (30, 95), (31, 95), (32, 96), (33, 97), (51, 97), (52, 97), (53, 97), (54, 97), (34, 98), (48, 98), (49, 98), (50, 98), (35, 99), (44, 99), (45, 99), (46, 99), (47, 99), (36, 100), (41, 100), (42, 100), (43, 100), (37, 101), (38, 101), (39, 101), (40, 101)]
[(72, 76), (73, 76), (74, 76), (75, 76), (69, 77), (70, 77), (71, 77), (76, 77), (65, 78), (66, 78), (67, 78), (68, 78), (77, 78), (62, 79), (63, 79), (64, 79), (78, 79), (58, 80), (59, 80), (60, 80), (61, 80), (79, 80), (80, 81), (81, 82), (57, 83), (80, 85), (56, 86), (79, 88), (55, 90), (78, 92), (54, 93), (77, 95), (53, 97), (54, 97), (55, 98), (56, 99), (74, 99), (75, 99), (76, 99), (77, 99), (57, 100), (71, 100), (72, 100), (73, 100), (58, 101), (67, 101), (68, 101), (69, 101), (70, 101), (59, 102), (64, 102), (65, 102), (66, 102), (60, 103), (61, 103), (62, 103), (63, 103)]
[(74, 99), (75, 99), (76, 99), (77, 99), (71, 100), (72, 100), (73, 100), (78, 100), (67, 101), (68, 101), (69, 101), (70, 101), (79, 101), (64, 102), (65, 102), (66, 102), (80, 102), (60, 103), (61, 103), (62, 103), (63, 103), (81, 103), (82, 104), (83, 105), (59, 106), (82, 108), (58, 109), (81, 111), (57, 113)]
[(97, 101), (98, 101), (99, 101), (100, 101), (94, 102), (95, 102), (96, 102), (101, 102), (90, 103), (91, 103), (92, 103), (93, 103), (102, 103), (87, 104), (88, 104), (89, 104), (103, 104), (83, 105), (84, 105), (85, 105), (86, 105), (104, 105), (105, 106), (106, 107), (82, 108), (105, 110), (81, 111), (104, 113)]
[(26, 72), (27, 72), (28, 72), (29, 72), (23, 73), (24, 73), (25, 73), (30, 73), (19, 74), (20, 74), (21, 74), (22, 74), (31, 74), (16, 75), (17, 75), (18, 75), (32, 75), (12, 76), (13, 76), (14, 76), (15, 76), (33, 76), (34, 77), (35, 78), (11, 79), (34, 81), (10, 82), (33, 84), (9, 86), (32, 88), (8, 89), (31, 91), (7, 93), (8, 93), (9, 94), (10, 95), (28, 95), (29, 95), (30, 95), (31, 95), (11, 96), (25, 96), (26, 96), (27, 96), (12, 97), (21, 97), (22, 97), (23, 97), (24, 97), (13, 98), (18, 98), (19, 98), (20, 98), (14, 99), (15, 99), (16, 99), (17, 99)]
[(28, 95), (29, 95), (30, 95), (31, 95), (25, 96), (26, 96), (27, 96), (32, 96), (21, 97), (22, 97), (23, 97), (24, 97), (33, 97), (18, 98), (19, 98), (20, 98), (34, 98), (14, 99), (15, 99), (16, 99), (17, 99), (35, 99), (36, 100), (37, 101), (13, 102), (36, 104), (12, 105), (35, 107), (11, 109), (34, 111), (10, 112), (33, 114)]
[(51, 97), (52, 97), (53, 97), (54, 97), (48, 98), (49, 98), (50, 98), (55, 98), (44, 99), (45, 99), (46, 99), (47, 99), (56, 99), (41, 100), (42, 100), (43, 100), (57, 100), (37, 101), (38, 101), (39, 101), (40, 101), (58, 101), (59, 102), (60, 103), (36, 104), (59, 106), (35, 107), (58, 109), (34, 111), (57, 113), (33, 114)]
