[(105, 32), (106, 32), (107, 32), (102, 33), (103, 33), (104, 33), (108, 33), (99, 34), (100, 34), (101, 34), (109, 34), (96, 35), (97, 35), (98, 35), (110, 35), (93, 36), (94, 36), (95, 36), (111, 36), (90, 37), (91, 37), (92, 37), (112, 37), (87, 38), (88, 38), (89, 38), (113, 38), (84, 39), (85, 39), (86, 39), (114, 39), (83, 41), (114, 42), (82, 44), (113, 45), (81, 47), (112, 48), (80, 50), (111, 51), (79, 53), (110, 54), (78, 56), (109, 57), (77, 59), (108, 60), (76, 62), (77, 62), (78, 63), (106, 63), (107, 63), (108, 63), (79, 64), (103, 64), (104, 64), (105, 64), (80, 65), (100, 65), (101, 65), (102, 65), (81, 66), (97, 66), (98, 66), (99, 66), (82, 67), (94, 67), (95, 67), (96, 67), (83, 68), (91, 68), (92, 68), (93, 68), (84, 69), (88, 69), (89, 69), (90, 69), (85, 70), (86, 70), (87, 70)]
[(114, 42), (113, 45), (112, 48), (111, 51), (110, 54), (109, 57), (108, 60), (107, 63), (108, 63), (109, 64), (110, 65), (111, 66), (112, 67), (113, 68), (114, 69)]
[(114, 76), (113, 79), (112, 82), (111, 85), (110, 88), (109, 91), (108, 94), (109, 94), (110, 95), (111, 96), (112, 97), (113, 98), (114, 99)]
[(43, 30), (44, 30), (45, 30), (40, 31), (41, 31), (42, 31), (46, 31), (37, 32), (38, 32), (39, 32), (47, 32), (34, 33), (35, 33), (36, 33), (48, 33), (31, 34), (32, 34), (33, 34), (49, 34), (28, 35), (29, 35), (30, 35), (50, 35), (25, 36), (26, 36), (27, 36), (51, 36), (22, 37), (23, 37), (24, 37), (52, 37), (53, 38), (21, 39), (52, 40), (20, 42), (51, 43), (19, 45), (50, 46), (18, 48), (49, 49), (17, 51), (48, 52), (16, 54), (47, 55), (15, 57), (46, 58), (14, 60), (15, 60), (16, 61), (44, 61), (45, 61), (46, 61), (17, 62), (41, 62), (42, 62), (43, 62), (18, 63), (38, 63), (39, 63), (40, 63), (19, 64), (35, 64), (36, 64), (37, 64), (20, 65), (32, 65), (33, 65), (34, 65), (21, 66), (29, 66), (30, 66), (31, 66), (22, 67), (26, 67), (27, 67), (28, 67), (23, 68), (24, 68), (25, 68)]
[(74, 31), (75, 31), (76, 31), (71, 32), (72, 32), (73, 32), (77, 32), (68, 33), (69, 33), (70, 33), (78, 33), (65, 34), (66, 34), (67, 34), (79, 34), (62, 35), (63, 35), (64, 35), (80, 35), (59, 36), (60, 36), (61, 36), (81, 36), (56, 37), (57, 37), (58, 37), (82, 37), (53, 38), (54, 38), (55, 38), (83, 38), (84, 39), (52, 40), (83, 41), (51, 43), (82, 44), (50, 46), (81, 47), (49, 49), (80, 50), (48, 52), (79, 53), (47, 55), (78, 56), (46, 58), (77, 59), (45, 61), (46, 61), (47, 62), (75, 62), (76, 62), (77, 62), (48, 63), (72, 63), (73, 63), (74, 63), (49, 64), (69, 64), (70, 64), (71, 64), (50, 65), (66, 65), (67, 65), (68, 65), (51, 66), (63, 66), (64, 66), (65, 66), (52, 67), (60, 67), (61, 67), (62, 67), (53, 68), (57, 68), (58, 68), (59, 68), (54, 69), (55, 69), (56, 69)]
[(75, 62), (76, 62), (77, 62), (72, 63), (73, 63), (74, 63), (78, 63), (69, 64), (70, 64), (71, 64), (79, 64), (66, 65), (67, 65), (68, 65), (80, 65), (63, 66), (64, 66), (65, 66), (81, 66), (60, 67), (61, 67), (62, 67), (82, 67), (57, 68), (58, 68), (59, 68), (83, 68), (54, 69), (55, 69), (56, 69), (84, 69), (85, 70), (53, 71), (84, 72), (52, 74), (83, 75), (51, 77), (82, 78), (50, 80), (81, 81), (49, 83), (80, 84), (48, 86), (79, 87), (47, 89), (78, 90), (46, 92), (47, 92), (48, 93), (76, 93), (77, 93), (78, 93), (49, 94), (73, 94), (74, 94), (75, 94), (50, 95), (70, 95), (71, 95), (72, 95), (51, 96), (67, 96), (68, 96), (69, 96), (52, 97), (64, 97), (65, 97), (66, 97), (53, 98), (61, 98), (62, 98), (63, 98), (54, 99), (58, 99), (59, 99), (60, 99), (55, 100), (56, 100), (57, 100)]
[(106, 63), (107, 63), (108, 63), (103, 64), (104, 64), (105, 64), (109, 64), (100, 65), (101, 65), (102, 65), (110, 65), (97, 66), (98, 66), (99, 66), (111, 66), (94, 67), (95, 67), (96, 67), (112, 67), (91, 68), (92, 68), (93, 68), (113, 68), (88, 69), (89, 69), (90, 69), (114, 69), (85, 70), (86, 70), (87, 70), (84, 72), (83, 75), (114, 76), (82, 78), (113, 79), (81, 81), (112, 82), (80, 84), (111, 85), (79, 87), (110, 88), (78, 90), (109, 91), (77, 93), (78, 93), (79, 94), (107, 94), (108, 94), (109, 94), (80, 95), (104, 95), (105, 95), (106, 95), (81, 96), (101, 96), (102, 96), (103, 96), (82, 97), (98, 97), (99, 97), (100, 97), (83, 98), (95, 98), (96, 98), (97, 98), (84, 99), (92, 99), (93, 99), (94, 99), (85, 100), (89, 100), (90, 100), (91, 100), (86, 101), (87, 101), (88, 101)]
[(107, 94), (108, 94), (109, 94), (104, 95), (105, 95), (106, 95), (110, 95), (101, 96), (102, 96), (103, 96), (111, 96), (98, 97), (99, 97), (100, 97), (112, 97), (95, 98), (96, 98), (97, 98), (113, 98), (92, 99), (93, 99), (94, 99), (114, 99), (89, 100), (90, 100), (91, 100), (86, 101), (87, 101), (88, 101), (85, 103), (84, 106), (83, 109), (114, 110), (82, 112), (113, 113)]
[(114, 110), (113, 113)]
[(13, 60), (14, 60), (15, 60), (10, 61), (11, 61), (12, 61), (16, 61), (7, 62), (8, 62), (9, 62), (17, 62), (4, 63), (5, 63), (6, 63), (18, 63), (1, 64), (2, 64), (3, 64), (19, 64), (0, 65), (20, 65), (21, 66), (22, 67), (23, 68), (22, 70), (21, 73), (20, 76), (19, 79), (18, 82), (17, 85), (16, 88), (14, 91), (15, 91), (16, 91), (11, 92), (12, 92), (13, 92), (8, 93), (9, 93), (10, 93), (5, 94), (6, 94), (7, 94), (2, 95), (3, 95), (4, 95), (0, 96), (1, 96)]
[(44, 61), (45, 61), (46, 61), (41, 62), (42, 62), (43, 62), (47, 62), (38, 63), (39, 63), (40, 63), (48, 63), (35, 64), (36, 64), (37, 64), (49, 64), (32, 65), (33, 65), (34, 65), (50, 65), (29, 66), (30, 66), (31, 66), (51, 66), (26, 67), (27, 67), (28, 67), (52, 67), (23, 68), (24, 68), (25, 68), (53, 68), (54, 69), (22, 70), (53, 71), (21, 73), (52, 74), (20, 76), (51, 77), (19, 79), (50, 80), (18, 82), (49, 83), (17, 85), (48, 86), (16, 88), (47, 89), (15, 91), (16, 91), (17, 92), (45, 92), (46, 92), (47, 92), (18, 93), (42, 93), (43, 93), (44, 93), (19, 94), (39, 94), (40, 94), (41, 94), (20, 95), (36, 95), (37, 95), (38, 95), (21, 96), (33, 96), (34, 96), (35, 96), (22, 97), (30, 97), (31, 97), (32, 97), (23, 98), (27, 98), (28, 98), (29, 98), (24, 99), (25, 99), (26, 99)]
[(45, 92), (46, 92), (47, 92), (42, 93), (43, 93), (44, 93), (48, 93), (39, 94), (40, 94), (41, 94), (49, 94), (36, 95), (37, 95), (38, 95), (50, 95), (33, 96), (34, 96), (35, 96), (51, 96), (30, 97), (31, 97), (32, 97), (52, 97), (27, 98), (28, 98), (29, 98), (53, 98), (24, 99), (25, 99), (26, 99), (54, 99), (55, 100), (23, 101), (54, 102), (22, 104), (53, 105), (21, 107), (52, 108), (20, 110), (51, 111), (19, 113), (50, 114)]
[(76, 93), (77, 93), (78, 93), (73, 94), (74, 94), (75, 94), (79, 94), (70, 95), (71, 95), (72, 95), (80, 95), (67, 96), (68, 96), (69, 96), (81, 96), (64, 97), (65, 97), (66, 97), (82, 97), (61, 98), (62, 98), (63, 98), (83, 98), (58, 99), (59, 99), (60, 99), (84, 99), (55, 100), (56, 100), (57, 100), (85, 100), (86, 101), (54, 102), (85, 103), (53, 105), (84, 106), (52, 108), (83, 109), (51, 111), (82, 112), (50, 114)]
[(14, 91), (15, 91), (16, 91), (11, 92), (12, 92), (13, 92), (17, 92), (8, 93), (9, 93), (10, 93), (18, 93), (5, 94), (6, 94), (7, 94), (19, 94), (2, 95), (3, 95), (4, 95), (20, 95), (0, 96), (1, 96), (21, 96), (22, 97), (23, 98), (24, 99), (23, 101), (22, 104), (21, 107), (20, 110), (19, 113)]
