[(101, 29), (102, 29), (96, 30), (97, 30), (98, 30), (99, 30), (100, 30), (103, 30), (91, 31), (92, 31), (93, 31), (94, 31), (95, 31), (86, 32), (87, 32), (88, 32), (89, 32), (90, 32), (102, 34), (85, 36), (101, 39), (84, 41), (100, 44), (83, 46), (99, 46), (100, 46), (94, 47), (95, 47), (96, 47), (97, 47), (98, 47), (83, 48), (89, 48), (90, 48), (91, 48), (92, 48), (93, 48), (84, 49), (85, 49), (86, 49), (87, 49), (88, 49)]
[(113, 28), (114, 28), (108, 29), (109, 29), (110, 29), (111, 29), (112, 29), (103, 30), (104, 30), (105, 30), (106, 30), (107, 30), (102, 34), (101, 39), (100, 44), (111, 45), (112, 45), (113, 45), (114, 45), (100, 46), (106, 46), (107, 46), (108, 46), (109, 46), (110, 46), (101, 47), (102, 47), (103, 47), (104, 47), (105, 47)]
[(111, 45), (112, 45), (113, 45), (114, 45), (106, 46), (107, 46), (108, 46), (109, 46), (110, 46), (101, 47), (102, 47), (103, 47), (104, 47), (105, 47), (100, 51), (99, 56), (98, 61), (114, 61), (109, 62), (110, 62), (111, 62), (112, 62), (113, 62), (98, 63), (104, 63), (105, 63), (106, 63), (107, 63), (108, 63), (99, 64), (100, 64), (101, 64), (102, 64), (103, 64)]
[(114, 71), (113, 76), (113, 78), (114, 79)]
[(67, 33), (68, 33), (62, 34), (63, 34), (64, 34), (65, 34), (66, 34), (69, 34), (57, 35), (58, 35), (59, 35), (60, 35), (61, 35), (52, 36), (53, 36), (54, 36), (55, 36), (56, 36), (68, 38), (51, 40), (67, 43), (50, 45), (66, 48), (49, 50), (65, 50), (66, 50), (60, 51), (61, 51), (62, 51), (63, 51), (64, 51), (49, 52), (55, 52), (56, 52), (57, 52), (58, 52), (59, 52), (50, 53), (51, 53), (52, 53), (53, 53), (54, 53)]
[(84, 31), (85, 31), (79, 32), (80, 32), (81, 32), (82, 32), (83, 32), (86, 32), (74, 33), (75, 33), (76, 33), (77, 33), (78, 33), (69, 34), (70, 34), (71, 34), (72, 34), (73, 34), (85, 36), (68, 38), (84, 41), (67, 43), (83, 46), (66, 48), (82, 48), (83, 48), (77, 49), (78, 49), (79, 49), (80, 49), (81, 49), (66, 50), (72, 50), (73, 50), (74, 50), (75, 50), (76, 50), (67, 51), (68, 51), (69, 51), (70, 51), (71, 51)]
[(82, 48), (83, 48), (77, 49), (78, 49), (79, 49), (80, 49), (81, 49), (84, 49), (72, 50), (73, 50), (74, 50), (75, 50), (76, 50), (67, 51), (68, 51), (69, 51), (70, 51), (71, 51), (83, 53), (66, 55), (82, 58), (65, 60), (81, 63), (64, 65), (80, 65), (81, 65), (75, 66), (76, 66), (77, 66), (78, 66), (79, 66), (64, 67), (70, 67), (71, 67), (72, 67), (73, 67), (74, 67), (65, 68), (66, 68), (67, 68), (68, 68), (69, 68)]
[(99, 46), (100, 46), (94, 47), (95, 47), (96, 47), (97, 47), (98, 47), (101, 47), (89, 48), (90, 48), (91, 48), (92, 48), (93, 48), (84, 49), (85, 49), (86, 49), (87, 49), (88, 49), (100, 51), (83, 53), (99, 56), (82, 58), (98, 61), (81, 63), (97, 63), (98, 63), (92, 64), (93, 64), (94, 64), (95, 64), (96, 64), (81, 65), (87, 65), (88, 65), (89, 65), (90, 65), (91, 65), (82, 66), (83, 66), (84, 66), (85, 66), (86, 66)]
[(97, 63), (98, 63), (92, 64), (93, 64), (94, 64), (95, 64), (96, 64), (99, 64), (87, 65), (88, 65), (89, 65), (90, 65), (91, 65), (82, 66), (83, 66), (84, 66), (85, 66), (86, 66), (98, 68), (81, 70), (97, 73), (80, 75), (96, 78), (79, 80), (95, 80), (96, 80), (90, 81), (91, 81), (92, 81), (93, 81), (94, 81), (79, 82), (85, 82), (86, 82), (87, 82), (88, 82), (89, 82), (80, 83), (81, 83), (82, 83), (83, 83), (84, 83)]
[(114, 61), (109, 62), (110, 62), (111, 62), (112, 62), (113, 62), (104, 63), (105, 63), (106, 63), (107, 63), (108, 63), (99, 64), (100, 64), (101, 64), (102, 64), (103, 64), (98, 68), (114, 71), (97, 73), (113, 76), (96, 78), (112, 78), (113, 78), (107, 79), (108, 79), (109, 79), (110, 79), (111, 79), (96, 80), (102, 80), (103, 80), (104, 80), (105, 80), (106, 80), (97, 81), (98, 81), (99, 81), (100, 81), (101, 81)]
[(112, 78), (113, 78), (107, 79), (108, 79), (109, 79), (110, 79), (111, 79), (114, 79), (102, 80), (103, 80), (104, 80), (105, 80), (106, 80), (97, 81), (98, 81), (99, 81), (100, 81), (101, 81), (113, 83), (96, 85), (112, 88), (95, 90), (111, 93), (94, 95), (110, 95), (111, 95), (105, 96), (106, 96), (107, 96), (108, 96), (109, 96), (94, 97), (100, 97), (101, 97), (102, 97), (103, 97), (104, 97), (95, 98), (96, 98), (97, 98), (98, 98), (99, 98)]
[(114, 79), (113, 83), (112, 88), (111, 93), (111, 95), (112, 96), (113, 96), (114, 96)]
[(112, 96), (113, 96), (114, 96), (111, 100), (110, 105), (109, 110), (109, 112), (110, 113), (111, 113), (112, 113), (113, 113), (114, 113)]
[(48, 52), (49, 52), (43, 53), (44, 53), (45, 53), (46, 53), (47, 53), (50, 53), (38, 54), (39, 54), (40, 54), (41, 54), (42, 54), (33, 55), (34, 55), (35, 55), (36, 55), (37, 55), (49, 57), (32, 59), (48, 62), (31, 64), (47, 67), (30, 69), (46, 69), (47, 69), (41, 70), (42, 70), (43, 70), (44, 70), (45, 70), (30, 71), (36, 71), (37, 71), (38, 71), (39, 71), (40, 71), (31, 72), (32, 72), (33, 72), (34, 72), (35, 72)]
[(65, 50), (66, 50), (60, 51), (61, 51), (62, 51), (63, 51), (64, 51), (67, 51), (55, 52), (56, 52), (57, 52), (58, 52), (59, 52), (50, 53), (51, 53), (52, 53), (53, 53), (54, 53), (66, 55), (49, 57), (65, 60), (48, 62), (64, 65), (47, 67), (63, 67), (64, 67), (58, 68), (59, 68), (60, 68), (61, 68), (62, 68), (47, 69), (53, 69), (54, 69), (55, 69), (56, 69), (57, 69), (48, 70), (49, 70), (50, 70), (51, 70), (52, 70)]
[(63, 67), (64, 67), (58, 68), (59, 68), (60, 68), (61, 68), (62, 68), (65, 68), (53, 69), (54, 69), (55, 69), (56, 69), (57, 69), (48, 70), (49, 70), (50, 70), (51, 70), (52, 70), (64, 72), (47, 74), (63, 77), (46, 79), (62, 82), (45, 84), (61, 84), (62, 84), (56, 85), (57, 85), (58, 85), (59, 85), (60, 85), (45, 86), (51, 86), (52, 86), (53, 86), (54, 86), (55, 86), (46, 87), (47, 87), (48, 87), (49, 87), (50, 87)]
[(80, 65), (81, 65), (75, 66), (76, 66), (77, 66), (78, 66), (79, 66), (82, 66), (70, 67), (71, 67), (72, 67), (73, 67), (74, 67), (65, 68), (66, 68), (67, 68), (68, 68), (69, 68), (81, 70), (64, 72), (80, 75), (63, 77), (79, 80), (62, 82), (78, 82), (79, 82), (73, 83), (74, 83), (75, 83), (76, 83), (77, 83), (62, 84), (68, 84), (69, 84), (70, 84), (71, 84), (72, 84), (63, 85), (64, 85), (65, 85), (66, 85), (67, 85)]
[(78, 82), (79, 82), (73, 83), (74, 83), (75, 83), (76, 83), (77, 83), (80, 83), (68, 84), (69, 84), (70, 84), (71, 84), (72, 84), (63, 85), (64, 85), (65, 85), (66, 85), (67, 85), (79, 87), (62, 89), (78, 92), (61, 94), (77, 97), (60, 99), (76, 99), (77, 99), (71, 100), (72, 100), (73, 100), (74, 100), (75, 100), (60, 101), (66, 101), (67, 101), (68, 101), (69, 101), (70, 101), (61, 102), (62, 102), (63, 102), (64, 102), (65, 102)]
[(95, 80), (96, 80), (90, 81), (91, 81), (92, 81), (93, 81), (94, 81), (97, 81), (85, 82), (86, 82), (87, 82), (88, 82), (89, 82), (80, 83), (81, 83), (82, 83), (83, 83), (84, 83), (96, 85), (79, 87), (95, 90), (78, 92), (94, 95), (77, 97), (93, 97), (94, 97), (88, 98), (89, 98), (90, 98), (91, 98), (92, 98), (77, 99), (83, 99), (84, 99), (85, 99), (86, 99), (87, 99), (78, 100), (79, 100), (80, 100), (81, 100), (82, 100)]
[(93, 97), (94, 97), (88, 98), (89, 98), (90, 98), (91, 98), (92, 98), (95, 98), (83, 99), (84, 99), (85, 99), (86, 99), (87, 99), (78, 100), (79, 100), (80, 100), (81, 100), (82, 100), (94, 102), (77, 104), (93, 107), (76, 109), (92, 112), (75, 114), (91, 114), (92, 114)]
[(110, 95), (111, 95), (105, 96), (106, 96), (107, 96), (108, 96), (109, 96), (112, 96), (100, 97), (101, 97), (102, 97), (103, 97), (104, 97), (95, 98), (96, 98), (97, 98), (98, 98), (99, 98), (111, 100), (94, 102), (110, 105), (93, 107), (109, 110), (92, 112), (108, 112), (109, 112), (103, 113), (104, 113), (105, 113), (106, 113), (107, 113), (92, 114), (98, 114), (99, 114), (100, 114), (101, 114), (102, 114)]
[(108, 112), (109, 112), (103, 113), (104, 113), (105, 113), (106, 113), (107, 113), (110, 113), (98, 114), (99, 114), (100, 114), (101, 114), (102, 114)]
[(110, 113), (111, 113), (112, 113), (113, 113), (114, 113)]
[(46, 69), (47, 69), (41, 70), (42, 70), (43, 70), (44, 70), (45, 70), (48, 70), (36, 71), (37, 71), (38, 71), (39, 71), (40, 71), (31, 72), (32, 72), (33, 72), (34, 72), (35, 72), (47, 74), (30, 76), (46, 79), (29, 81), (45, 84), (28, 86), (44, 86), (45, 86), (39, 87), (40, 87), (41, 87), (42, 87), (43, 87), (28, 88), (34, 88), (35, 88), (36, 88), (37, 88), (38, 88), (29, 89), (30, 89), (31, 89), (32, 89), (33, 89)]
[(44, 86), (45, 86), (39, 87), (40, 87), (41, 87), (42, 87), (43, 87), (46, 87), (34, 88), (35, 88), (36, 88), (37, 88), (38, 88), (29, 89), (30, 89), (31, 89), (32, 89), (33, 89), (45, 91), (28, 93), (44, 96), (27, 98), (43, 101), (26, 103), (42, 103), (43, 103), (37, 104), (38, 104), (39, 104), (40, 104), (41, 104), (26, 105), (32, 105), (33, 105), (34, 105), (35, 105), (36, 105), (27, 106), (28, 106), (29, 106), (30, 106), (31, 106)]
[(61, 84), (62, 84), (56, 85), (57, 85), (58, 85), (59, 85), (60, 85), (63, 85), (51, 86), (52, 86), (53, 86), (54, 86), (55, 86), (46, 87), (47, 87), (48, 87), (49, 87), (50, 87), (62, 89), (45, 91), (61, 94), (44, 96), (60, 99), (43, 101), (59, 101), (60, 101), (54, 102), (55, 102), (56, 102), (57, 102), (58, 102), (43, 103), (49, 103), (50, 103), (51, 103), (52, 103), (53, 103), (44, 104), (45, 104), (46, 104), (47, 104), (48, 104)]
[(59, 101), (60, 101), (54, 102), (55, 102), (56, 102), (57, 102), (58, 102), (61, 102), (49, 103), (50, 103), (51, 103), (52, 103), (53, 103), (44, 104), (45, 104), (46, 104), (47, 104), (48, 104), (60, 106), (43, 108), (59, 111), (42, 113)]
[(76, 99), (77, 99), (71, 100), (72, 100), (73, 100), (74, 100), (75, 100), (78, 100), (66, 101), (67, 101), (68, 101), (69, 101), (70, 101), (61, 102), (62, 102), (63, 102), (64, 102), (65, 102), (77, 104), (60, 106), (76, 109), (59, 111), (75, 114)]
[(91, 114), (92, 114)]
[(42, 103), (43, 103), (37, 104), (38, 104), (39, 104), (40, 104), (41, 104), (44, 104), (32, 105), (33, 105), (34, 105), (35, 105), (36, 105), (27, 106), (28, 106), (29, 106), (30, 106), (31, 106), (43, 108), (26, 110), (42, 113)]
