[(84, 29), (80, 30), (81, 30), (82, 30), (83, 30), (85, 30), (77, 31), (78, 31), (79, 31), (86, 31), (73, 32), (74, 32), (75, 32), (76, 32), (87, 32), (69, 33), (70, 33), (71, 33), (72, 33), (88, 33), (68, 36), (87, 36), (67, 40), (86, 40), (66, 43), (85, 43), (65, 47), (84, 47), (65, 48), (84, 48), (66, 49), (80, 49), (81, 49), (82, 49), (83, 49), (67, 50), (77, 50), (78, 50), (79, 50), (68, 51), (73, 51), (74, 51), (75, 51), (76, 51), (69, 52), (70, 52), (71, 52), (72, 52)]
[(103, 29), (99, 30), (100, 30), (101, 30), (102, 30), (104, 30), (96, 31), (97, 31), (98, 31), (105, 31), (92, 32), (93, 32), (94, 32), (95, 32), (106, 32), (88, 33), (89, 33), (90, 33), (91, 33), (107, 33), (87, 36), (106, 36), (86, 40), (105, 40), (85, 43), (104, 43), (84, 47), (103, 47), (84, 48), (103, 48), (85, 49), (99, 49), (100, 49), (101, 49), (102, 49), (86, 50), (96, 50), (97, 50), (98, 50), (87, 51), (92, 51), (93, 51), (94, 51), (95, 51), (88, 52), (89, 52), (90, 52), (91, 52)]
[(103, 48), (99, 49), (100, 49), (101, 49), (102, 49), (104, 49), (96, 50), (97, 50), (98, 50), (105, 50), (92, 51), (93, 51), (94, 51), (95, 51), (106, 51), (88, 52), (89, 52), (90, 52), (91, 52), (107, 52), (87, 55), (106, 55), (86, 59), (105, 59), (85, 62), (104, 62), (84, 66), (103, 66), (84, 67), (103, 67), (85, 68), (99, 68), (100, 68), (101, 68), (102, 68), (86, 69), (96, 69), (97, 69), (98, 69), (87, 70), (92, 70), (93, 70), (94, 70), (95, 70), (88, 71), (89, 71), (90, 71), (91, 71)]
[(111, 51), (112, 51), (113, 51), (114, 51), (107, 52), (108, 52), (109, 52), (110, 52), (106, 55), (105, 59), (104, 62), (103, 66), (103, 67), (104, 68), (105, 69), (106, 70), (111, 70), (112, 70), (113, 70), (114, 70), (107, 71), (108, 71), (109, 71), (110, 71)]
[(111, 70), (112, 70), (113, 70), (114, 70), (107, 71), (108, 71), (109, 71), (110, 71), (106, 74), (105, 78), (104, 81), (103, 85), (103, 86), (104, 87), (105, 88), (106, 89), (111, 89), (112, 89), (113, 89), (114, 89), (107, 90), (108, 90), (109, 90), (110, 90)]
[(46, 29), (42, 30), (43, 30), (44, 30), (45, 30), (47, 30), (39, 31), (40, 31), (41, 31), (48, 31), (35, 32), (36, 32), (37, 32), (38, 32), (49, 32), (31, 33), (32, 33), (33, 33), (34, 33), (50, 33), (30, 36), (49, 36), (29, 40), (48, 40), (28, 43), (47, 43), (27, 47), (46, 47), (27, 48), (46, 48), (28, 49), (42, 49), (43, 49), (44, 49), (45, 49), (29, 50), (39, 50), (40, 50), (41, 50), (30, 51), (35, 51), (36, 51), (37, 51), (38, 51), (31, 52), (32, 52), (33, 52), (34, 52)]
[(65, 29), (61, 30), (62, 30), (63, 30), (64, 30), (66, 30), (58, 31), (59, 31), (60, 31), (67, 31), (54, 32), (55, 32), (56, 32), (57, 32), (68, 32), (50, 33), (51, 33), (52, 33), (53, 33), (69, 33), (49, 36), (68, 36), (48, 40), (67, 40), (47, 43), (66, 43), (46, 47), (65, 47), (46, 48), (65, 48), (47, 49), (61, 49), (62, 49), (63, 49), (64, 49), (48, 50), (58, 50), (59, 50), (60, 50), (49, 51), (54, 51), (55, 51), (56, 51), (57, 51), (50, 52), (51, 52), (52, 52), (53, 52)]
[(65, 48), (61, 49), (62, 49), (63, 49), (64, 49), (66, 49), (58, 50), (59, 50), (60, 50), (67, 50), (54, 51), (55, 51), (56, 51), (57, 51), (68, 51), (50, 52), (51, 52), (52, 52), (53, 52), (69, 52), (49, 55), (68, 55), (48, 59), (67, 59), (47, 62), (66, 62), (46, 66), (65, 66), (46, 67), (65, 67), (47, 68), (61, 68), (62, 68), (63, 68), (64, 68), (48, 69), (58, 69), (59, 69), (60, 69), (49, 70), (54, 70), (55, 70), (56, 70), (57, 70), (50, 71), (51, 71), (52, 71), (53, 71)]
[(84, 48), (80, 49), (81, 49), (82, 49), (83, 49), (85, 49), (77, 50), (78, 50), (79, 50), (86, 50), (73, 51), (74, 51), (75, 51), (76, 51), (87, 51), (69, 52), (70, 52), (71, 52), (72, 52), (88, 52), (68, 55), (87, 55), (67, 59), (86, 59), (66, 62), (85, 62), (65, 66), (84, 66), (65, 67), (84, 67), (66, 68), (80, 68), (81, 68), (82, 68), (83, 68), (67, 69), (77, 69), (78, 69), (79, 69), (68, 70), (73, 70), (74, 70), (75, 70), (76, 70), (69, 71), (70, 71), (71, 71), (72, 71)]
[(84, 67), (80, 68), (81, 68), (82, 68), (83, 68), (85, 68), (77, 69), (78, 69), (79, 69), (86, 69), (73, 70), (74, 70), (75, 70), (76, 70), (87, 70), (69, 71), (70, 71), (71, 71), (72, 71), (88, 71), (68, 74), (87, 74), (67, 78), (86, 78), (66, 81), (85, 81), (65, 85), (84, 85), (65, 86), (84, 86), (66, 87), (80, 87), (81, 87), (82, 87), (83, 87), (67, 88), (77, 88), (78, 88), (79, 88), (68, 89), (73, 89), (74, 89), (75, 89), (76, 89), (69, 90), (70, 90), (71, 90), (72, 90)]
[(103, 67), (99, 68), (100, 68), (101, 68), (102, 68), (104, 68), (96, 69), (97, 69), (98, 69), (105, 69), (92, 70), (93, 70), (94, 70), (95, 70), (106, 70), (88, 71), (89, 71), (90, 71), (91, 71), (107, 71), (87, 74), (106, 74), (86, 78), (105, 78), (85, 81), (104, 81), (84, 85), (103, 85), (84, 86), (103, 86), (85, 87), (99, 87), (100, 87), (101, 87), (102, 87), (86, 88), (96, 88), (97, 88), (98, 88), (87, 89), (92, 89), (93, 89), (94, 89), (95, 89), (88, 90), (89, 90), (90, 90), (91, 90)]
[(103, 86), (99, 87), (100, 87), (101, 87), (102, 87), (104, 87), (96, 88), (97, 88), (98, 88), (105, 88), (92, 89), (93, 89), (94, 89), (95, 89), (106, 89), (88, 90), (89, 90), (90, 90), (91, 90), (107, 90), (87, 93), (106, 93), (86, 97), (105, 97), (85, 100), (104, 100), (84, 104), (103, 104), (84, 105), (103, 105), (85, 106), (99, 106), (100, 106), (101, 106), (102, 106), (86, 107), (96, 107), (97, 107), (98, 107), (87, 108), (92, 108), (93, 108), (94, 108), (95, 108), (88, 109), (89, 109), (90, 109), (91, 109)]
[(111, 89), (112, 89), (113, 89), (114, 89), (107, 90), (108, 90), (109, 90), (110, 90), (106, 93), (105, 97), (104, 100), (103, 104), (103, 105), (104, 106), (105, 107), (106, 108), (111, 108), (112, 108), (113, 108), (114, 108), (107, 109), (108, 109), (109, 109), (110, 109)]
[(111, 108), (112, 108), (113, 108), (114, 108), (107, 109), (108, 109), (109, 109), (110, 109), (106, 112)]
[(27, 48), (23, 49), (24, 49), (25, 49), (26, 49), (28, 49), (20, 50), (21, 50), (22, 50), (29, 50), (16, 51), (17, 51), (18, 51), (19, 51), (30, 51), (12, 52), (13, 52), (14, 52), (15, 52), (31, 52), (11, 55), (30, 55), (10, 59), (29, 59), (9, 62), (28, 62), (8, 66), (27, 66), (8, 67), (27, 67), (9, 68), (23, 68), (24, 68), (25, 68), (26, 68), (10, 69), (20, 69), (21, 69), (22, 69), (11, 70), (16, 70), (17, 70), (18, 70), (19, 70), (12, 71), (13, 71), (14, 71), (15, 71)]
[(46, 48), (42, 49), (43, 49), (44, 49), (45, 49), (47, 49), (39, 50), (40, 50), (41, 50), (48, 50), (35, 51), (36, 51), (37, 51), (38, 51), (49, 51), (31, 52), (32, 52), (33, 52), (34, 52), (50, 52), (30, 55), (49, 55), (29, 59), (48, 59), (28, 62), (47, 62), (27, 66), (46, 66), (27, 67), (46, 67), (28, 68), (42, 68), (43, 68), (44, 68), (45, 68), (29, 69), (39, 69), (40, 69), (41, 69), (30, 70), (35, 70), (36, 70), (37, 70), (38, 70), (31, 71), (32, 71), (33, 71), (34, 71)]
[(46, 67), (42, 68), (43, 68), (44, 68), (45, 68), (47, 68), (39, 69), (40, 69), (41, 69), (48, 69), (35, 70), (36, 70), (37, 70), (38, 70), (49, 70), (31, 71), (32, 71), (33, 71), (34, 71), (50, 71), (30, 74), (49, 74), (29, 78), (48, 78), (28, 81), (47, 81), (27, 85), (46, 85), (27, 86), (46, 86), (28, 87), (42, 87), (43, 87), (44, 87), (45, 87), (29, 88), (39, 88), (40, 88), (41, 88), (30, 89), (35, 89), (36, 89), (37, 89), (38, 89), (31, 90), (32, 90), (33, 90), (34, 90)]
[(65, 67), (61, 68), (62, 68), (63, 68), (64, 68), (66, 68), (58, 69), (59, 69), (60, 69), (67, 69), (54, 70), (55, 70), (56, 70), (57, 70), (68, 70), (50, 71), (51, 71), (52, 71), (53, 71), (69, 71), (49, 74), (68, 74), (48, 78), (67, 78), (47, 81), (66, 81), (46, 85), (65, 85), (46, 86), (65, 86), (47, 87), (61, 87), (62, 87), (63, 87), (64, 87), (48, 88), (58, 88), (59, 88), (60, 88), (49, 89), (54, 89), (55, 89), (56, 89), (57, 89), (50, 90), (51, 90), (52, 90), (53, 90)]
[(65, 86), (61, 87), (62, 87), (63, 87), (64, 87), (66, 87), (58, 88), (59, 88), (60, 88), (67, 88), (54, 89), (55, 89), (56, 89), (57, 89), (68, 89), (50, 90), (51, 90), (52, 90), (53, 90), (69, 90), (49, 93), (68, 93), (48, 97), (67, 97), (47, 100), (66, 100), (46, 104), (65, 104), (46, 105), (65, 105), (47, 106), (61, 106), (62, 106), (63, 106), (64, 106), (48, 107), (58, 107), (59, 107), (60, 107), (49, 108), (54, 108), (55, 108), (56, 108), (57, 108), (50, 109), (51, 109), (52, 109), (53, 109)]
[(84, 86), (80, 87), (81, 87), (82, 87), (83, 87), (85, 87), (77, 88), (78, 88), (79, 88), (86, 88), (73, 89), (74, 89), (75, 89), (76, 89), (87, 89), (69, 90), (70, 90), (71, 90), (72, 90), (88, 90), (68, 93), (87, 93), (67, 97), (86, 97), (66, 100), (85, 100), (65, 104), (84, 104), (65, 105), (84, 105), (66, 106), (80, 106), (81, 106), (82, 106), (83, 106), (67, 107), (77, 107), (78, 107), (79, 107), (68, 108), (73, 108), (74, 108), (75, 108), (76, 108), (69, 109), (70, 109), (71, 109), (72, 109)]
[(84, 105), (80, 106), (81, 106), (82, 106), (83, 106), (85, 106), (77, 107), (78, 107), (79, 107), (86, 107), (73, 108), (74, 108), (75, 108), (76, 108), (87, 108), (69, 109), (70, 109), (71, 109), (72, 109), (88, 109), (68, 112), (87, 112)]
[(103, 105), (99, 106), (100, 106), (101, 106), (102, 106), (104, 106), (96, 107), (97, 107), (98, 107), (105, 107), (92, 108), (93, 108), (94, 108), (95, 108), (106, 108), (88, 109), (89, 109), (90, 109), (91, 109), (107, 109), (87, 112), (106, 112)]
[(27, 67), (23, 68), (24, 68), (25, 68), (26, 68), (28, 68), (20, 69), (21, 69), (22, 69), (29, 69), (16, 70), (17, 70), (18, 70), (19, 70), (30, 70), (12, 71), (13, 71), (14, 71), (15, 71), (31, 71), (11, 74), (30, 74), (10, 78), (29, 78), (9, 81), (28, 81), (8, 85), (27, 85), (8, 86), (27, 86), (9, 87), (23, 87), (24, 87), (25, 87), (26, 87), (10, 88), (20, 88), (21, 88), (22, 88), (11, 89), (16, 89), (17, 89), (18, 89), (19, 89), (12, 90), (13, 90), (14, 90), (15, 90)]
[(27, 86), (23, 87), (24, 87), (25, 87), (26, 87), (28, 87), (20, 88), (21, 88), (22, 88), (29, 88), (16, 89), (17, 89), (18, 89), (19, 89), (30, 89), (12, 90), (13, 90), (14, 90), (15, 90), (31, 90), (11, 93), (30, 93), (10, 97), (29, 97), (9, 100), (28, 100), (8, 104), (27, 104), (8, 105), (27, 105), (9, 106), (23, 106), (24, 106), (25, 106), (26, 106), (10, 107), (20, 107), (21, 107), (22, 107), (11, 108), (16, 108), (17, 108), (18, 108), (19, 108), (12, 109), (13, 109), (14, 109), (15, 109)]
[(46, 86), (42, 87), (43, 87), (44, 87), (45, 87), (47, 87), (39, 88), (40, 88), (41, 88), (48, 88), (35, 89), (36, 89), (37, 89), (38, 89), (49, 89), (31, 90), (32, 90), (33, 90), (34, 90), (50, 90), (30, 93), (49, 93), (29, 97), (48, 97), (28, 100), (47, 100), (27, 104), (46, 104), (27, 105), (46, 105), (28, 106), (42, 106), (43, 106), (44, 106), (45, 106), (29, 107), (39, 107), (40, 107), (41, 107), (30, 108), (35, 108), (36, 108), (37, 108), (38, 108), (31, 109), (32, 109), (33, 109), (34, 109)]
[(46, 105), (42, 106), (43, 106), (44, 106), (45, 106), (47, 106), (39, 107), (40, 107), (41, 107), (48, 107), (35, 108), (36, 108), (37, 108), (38, 108), (49, 108), (31, 109), (32, 109), (33, 109), (34, 109), (50, 109), (30, 112), (49, 112)]
[(65, 105), (61, 106), (62, 106), (63, 106), (64, 106), (66, 106), (58, 107), (59, 107), (60, 107), (67, 107), (54, 108), (55, 108), (56, 108), (57, 108), (68, 108), (50, 109), (51, 109), (52, 109), (53, 109), (69, 109), (49, 112), (68, 112)]
[(27, 105), (23, 106), (24, 106), (25, 106), (26, 106), (28, 106), (20, 107), (21, 107), (22, 107), (29, 107), (16, 108), (17, 108), (18, 108), (19, 108), (30, 108), (12, 109), (13, 109), (14, 109), (15, 109), (31, 109), (11, 112), (30, 112)]
