[(107, 6), (108, 6), (109, 6), (105, 7), (106, 7), (110, 7), (102, 8), (103, 8), (104, 8), (99, 9), (100, 9), (101, 9), (109, 9), (97, 10), (98, 10), (94, 11), (95, 11), (96, 11), (91, 12), (92, 12), (93, 12), (108, 12), (90, 14), (107, 14), (89, 17), (106, 17), (88, 19), (105, 20), (87, 22), (104, 22), (86, 25), (102, 25), (103, 25), (104, 25), (100, 26), (101, 26), (85, 27), (97, 27), (98, 27), (99, 27), (94, 28), (95, 28), (96, 28), (92, 29), (93, 29), (84, 30), (85, 30), (89, 30), (90, 30), (91, 30), (86, 31), (87, 31), (88, 31)]
[(113, 6), (114, 6), (110, 7), (111, 7), (112, 7), (109, 9), (108, 12), (107, 14), (106, 17), (105, 20), (104, 22), (113, 23), (114, 23), (111, 24), (112, 24), (103, 25), (104, 25), (108, 25), (109, 25), (110, 25), (105, 26), (106, 26), (107, 26)]
[(113, 23), (114, 23), (111, 24), (112, 24), (108, 25), (109, 25), (110, 25), (105, 26), (106, 26), (107, 26), (104, 28), (103, 31), (102, 33), (101, 36), (100, 39), (114, 40), (99, 41), (111, 41), (112, 41), (113, 41), (108, 42), (109, 42), (110, 42), (106, 43), (107, 43), (98, 44), (99, 44), (103, 44), (104, 44), (105, 44), (100, 45), (101, 45), (102, 45)]
[(114, 53), (113, 55), (112, 58), (113, 58), (114, 59)]
[(69, 16), (70, 16), (71, 16), (67, 17), (68, 17), (72, 17), (64, 18), (65, 18), (66, 18), (61, 19), (62, 19), (63, 19), (71, 19), (59, 20), (60, 20), (56, 21), (57, 21), (58, 21), (53, 22), (54, 22), (55, 22), (70, 22), (52, 24), (69, 24), (51, 27), (68, 27), (50, 29), (67, 30), (49, 32), (66, 32), (48, 35), (64, 35), (65, 35), (66, 35), (62, 36), (63, 36), (47, 37), (59, 37), (60, 37), (61, 37), (56, 38), (57, 38), (58, 38), (54, 39), (55, 39), (46, 40), (47, 40), (51, 40), (52, 40), (53, 40), (48, 41), (49, 41), (50, 41)]
[(88, 11), (89, 11), (90, 11), (86, 12), (87, 12), (91, 12), (83, 13), (84, 13), (85, 13), (80, 14), (81, 14), (82, 14), (90, 14), (78, 15), (79, 15), (75, 16), (76, 16), (77, 16), (72, 17), (73, 17), (74, 17), (89, 17), (71, 19), (88, 19), (70, 22), (87, 22), (69, 24), (86, 25), (68, 27), (85, 27), (67, 30), (83, 30), (84, 30), (85, 30), (81, 31), (82, 31), (66, 32), (78, 32), (79, 32), (80, 32), (75, 33), (76, 33), (77, 33), (73, 34), (74, 34), (65, 35), (66, 35), (70, 35), (71, 35), (72, 35), (67, 36), (68, 36), (69, 36)]
[(83, 30), (84, 30), (85, 30), (81, 31), (82, 31), (86, 31), (78, 32), (79, 32), (80, 32), (75, 33), (76, 33), (77, 33), (85, 33), (73, 34), (74, 34), (70, 35), (71, 35), (72, 35), (67, 36), (68, 36), (69, 36), (84, 36), (66, 38), (83, 38), (65, 41), (82, 41), (64, 43), (81, 44), (63, 46), (80, 46), (62, 49), (78, 49), (79, 49), (80, 49), (76, 50), (77, 50), (61, 51), (73, 51), (74, 51), (75, 51), (70, 52), (71, 52), (72, 52), (68, 53), (69, 53), (60, 54), (61, 54), (65, 54), (66, 54), (67, 54), (62, 55), (63, 55), (64, 55)]
[(102, 25), (103, 25), (104, 25), (100, 26), (101, 26), (105, 26), (97, 27), (98, 27), (99, 27), (94, 28), (95, 28), (96, 28), (104, 28), (92, 29), (93, 29), (89, 30), (90, 30), (91, 30), (86, 31), (87, 31), (88, 31), (103, 31), (85, 33), (102, 33), (84, 36), (101, 36), (83, 38), (100, 39), (82, 41), (99, 41), (81, 44), (97, 44), (98, 44), (99, 44), (95, 45), (96, 45), (80, 46), (92, 46), (93, 46), (94, 46), (89, 47), (90, 47), (91, 47), (87, 48), (88, 48), (79, 49), (80, 49), (84, 49), (85, 49), (86, 49), (81, 50), (82, 50), (83, 50)]
[(97, 44), (98, 44), (99, 44), (95, 45), (96, 45), (100, 45), (92, 46), (93, 46), (94, 46), (89, 47), (90, 47), (91, 47), (99, 47), (87, 48), (88, 48), (84, 49), (85, 49), (86, 49), (81, 50), (82, 50), (83, 50), (98, 50), (80, 52), (97, 52), (79, 55), (96, 55), (78, 57), (95, 58), (77, 60), (94, 60), (76, 63), (92, 63), (93, 63), (94, 63), (90, 64), (91, 64), (75, 65), (87, 65), (88, 65), (89, 65), (84, 66), (85, 66), (86, 66), (82, 67), (83, 67), (74, 68), (75, 68), (79, 68), (80, 68), (81, 68), (76, 69), (77, 69), (78, 69)]
[(114, 40), (111, 41), (112, 41), (113, 41), (108, 42), (109, 42), (110, 42), (106, 43), (107, 43), (103, 44), (104, 44), (105, 44), (100, 45), (101, 45), (102, 45), (99, 47), (98, 50), (97, 52), (114, 53), (96, 55), (113, 55), (95, 58), (111, 58), (112, 58), (113, 58), (109, 59), (110, 59), (94, 60), (106, 60), (107, 60), (108, 60), (103, 61), (104, 61), (105, 61), (101, 62), (102, 62), (93, 63), (94, 63), (98, 63), (99, 63), (100, 63), (95, 64), (96, 64), (97, 64)]
[(111, 58), (112, 58), (113, 58), (109, 59), (110, 59), (114, 59), (106, 60), (107, 60), (108, 60), (103, 61), (104, 61), (105, 61), (113, 61), (101, 62), (102, 62), (98, 63), (99, 63), (100, 63), (95, 64), (96, 64), (97, 64), (112, 64), (94, 66), (111, 66), (93, 69), (110, 69), (92, 71), (109, 72), (91, 74), (108, 74), (90, 77), (106, 77), (107, 77), (108, 77), (104, 78), (105, 78), (89, 79), (101, 79), (102, 79), (103, 79), (98, 80), (99, 80), (100, 80), (96, 81), (97, 81), (88, 82), (89, 82), (93, 82), (94, 82), (95, 82), (90, 83), (91, 83), (92, 83)]
[(114, 59), (113, 61), (112, 64), (111, 66), (110, 69), (109, 72), (108, 74), (107, 77), (108, 77), (112, 77), (113, 77), (114, 77), (109, 78), (110, 78), (111, 78)]
[(112, 77), (113, 77), (114, 77), (109, 78), (110, 78), (111, 78), (108, 80), (107, 83), (106, 85), (105, 88), (104, 91), (103, 93), (112, 94), (113, 94), (114, 94), (110, 95), (111, 95), (102, 96), (103, 96), (107, 96), (108, 96), (109, 96), (104, 97), (105, 97), (106, 97)]
[(45, 40), (46, 40), (47, 40), (43, 41), (44, 41), (48, 41), (40, 42), (41, 42), (42, 42), (37, 43), (38, 43), (39, 43), (47, 43), (35, 44), (36, 44), (32, 45), (33, 45), (34, 45), (29, 46), (30, 46), (31, 46), (46, 46), (28, 48), (45, 48), (27, 51), (44, 51), (26, 53), (43, 54), (25, 56), (42, 56), (24, 59), (40, 59), (41, 59), (42, 59), (38, 60), (39, 60), (23, 61), (35, 61), (36, 61), (37, 61), (32, 62), (33, 62), (34, 62), (30, 63), (31, 63), (22, 64), (23, 64), (27, 64), (28, 64), (29, 64), (24, 65), (25, 65), (26, 65)]
[(64, 35), (65, 35), (66, 35), (62, 36), (63, 36), (67, 36), (59, 37), (60, 37), (61, 37), (56, 38), (57, 38), (58, 38), (66, 38), (54, 39), (55, 39), (51, 40), (52, 40), (53, 40), (48, 41), (49, 41), (50, 41), (65, 41), (47, 43), (64, 43), (46, 46), (63, 46), (45, 48), (62, 49), (44, 51), (61, 51), (43, 54), (59, 54), (60, 54), (61, 54), (57, 55), (58, 55), (42, 56), (54, 56), (55, 56), (56, 56), (51, 57), (52, 57), (53, 57), (49, 58), (50, 58), (41, 59), (42, 59), (46, 59), (47, 59), (48, 59), (43, 60), (44, 60), (45, 60)]
[(59, 54), (60, 54), (61, 54), (57, 55), (58, 55), (62, 55), (54, 56), (55, 56), (56, 56), (51, 57), (52, 57), (53, 57), (61, 57), (49, 58), (50, 58), (46, 59), (47, 59), (48, 59), (43, 60), (44, 60), (45, 60), (60, 60), (42, 62), (59, 62), (41, 65), (58, 65), (40, 67), (57, 68), (39, 70), (56, 70), (38, 73), (54, 73), (55, 73), (56, 73), (52, 74), (53, 74), (37, 75), (49, 75), (50, 75), (51, 75), (46, 76), (47, 76), (48, 76), (44, 77), (45, 77), (36, 78), (37, 78), (41, 78), (42, 78), (43, 78), (38, 79), (39, 79), (40, 79)]
[(78, 49), (79, 49), (80, 49), (76, 50), (77, 50), (81, 50), (73, 51), (74, 51), (75, 51), (70, 52), (71, 52), (72, 52), (80, 52), (68, 53), (69, 53), (65, 54), (66, 54), (67, 54), (62, 55), (63, 55), (64, 55), (79, 55), (61, 57), (78, 57), (60, 60), (77, 60), (59, 62), (76, 63), (58, 65), (75, 65), (57, 68), (73, 68), (74, 68), (75, 68), (71, 69), (72, 69), (56, 70), (68, 70), (69, 70), (70, 70), (65, 71), (66, 71), (67, 71), (63, 72), (64, 72), (55, 73), (56, 73), (60, 73), (61, 73), (62, 73), (57, 74), (58, 74), (59, 74)]
[(73, 68), (74, 68), (75, 68), (71, 69), (72, 69), (76, 69), (68, 70), (69, 70), (70, 70), (65, 71), (66, 71), (67, 71), (75, 71), (63, 72), (64, 72), (60, 73), (61, 73), (62, 73), (57, 74), (58, 74), (59, 74), (74, 74), (56, 76), (73, 76), (55, 79), (72, 79), (54, 81), (71, 82), (53, 84), (70, 84), (52, 87), (68, 87), (69, 87), (70, 87), (66, 88), (67, 88), (51, 89), (63, 89), (64, 89), (65, 89), (60, 90), (61, 90), (62, 90), (58, 91), (59, 91), (50, 92), (51, 92), (55, 92), (56, 92), (57, 92), (52, 93), (53, 93), (54, 93)]
[(92, 63), (93, 63), (94, 63), (90, 64), (91, 64), (95, 64), (87, 65), (88, 65), (89, 65), (84, 66), (85, 66), (86, 66), (94, 66), (82, 67), (83, 67), (79, 68), (80, 68), (81, 68), (76, 69), (77, 69), (78, 69), (93, 69), (75, 71), (92, 71), (74, 74), (91, 74), (73, 76), (90, 77), (72, 79), (89, 79), (71, 82), (87, 82), (88, 82), (89, 82), (85, 83), (86, 83), (70, 84), (82, 84), (83, 84), (84, 84), (79, 85), (80, 85), (81, 85), (77, 86), (78, 86), (69, 87), (70, 87), (74, 87), (75, 87), (76, 87), (71, 88), (72, 88), (73, 88)]
[(87, 82), (88, 82), (89, 82), (85, 83), (86, 83), (90, 83), (82, 84), (83, 84), (84, 84), (79, 85), (80, 85), (81, 85), (89, 85), (77, 86), (78, 86), (74, 87), (75, 87), (76, 87), (71, 88), (72, 88), (73, 88), (88, 88), (70, 90), (87, 90), (69, 93), (86, 93), (68, 95), (85, 96), (67, 98), (84, 98), (66, 101), (82, 101), (83, 101), (84, 101), (80, 102), (81, 102), (65, 103), (77, 103), (78, 103), (79, 103), (74, 104), (75, 104), (76, 104), (72, 105), (73, 105), (64, 106), (65, 106), (69, 106), (70, 106), (71, 106), (66, 107), (67, 107), (68, 107)]
[(106, 77), (107, 77), (108, 77), (104, 78), (105, 78), (109, 78), (101, 79), (102, 79), (103, 79), (98, 80), (99, 80), (100, 80), (108, 80), (96, 81), (97, 81), (93, 82), (94, 82), (95, 82), (90, 83), (91, 83), (92, 83), (107, 83), (89, 85), (106, 85), (88, 88), (105, 88), (87, 90), (104, 91), (86, 93), (103, 93), (85, 96), (101, 96), (102, 96), (103, 96), (99, 97), (100, 97), (84, 98), (96, 98), (97, 98), (98, 98), (93, 99), (94, 99), (95, 99), (91, 100), (92, 100), (83, 101), (84, 101), (88, 101), (89, 101), (90, 101), (85, 102), (86, 102), (87, 102)]
[(101, 96), (102, 96), (103, 96), (99, 97), (100, 97), (104, 97), (96, 98), (97, 98), (98, 98), (93, 99), (94, 99), (95, 99), (103, 99), (91, 100), (92, 100), (88, 101), (89, 101), (90, 101), (85, 102), (86, 102), (87, 102), (102, 102), (84, 104), (101, 104), (83, 107), (100, 107), (82, 109), (99, 110), (81, 112), (98, 112)]
[(112, 94), (113, 94), (114, 94), (110, 95), (111, 95), (107, 96), (108, 96), (109, 96), (104, 97), (105, 97), (106, 97), (103, 99), (102, 102), (101, 104), (100, 107), (99, 110), (113, 111), (114, 111), (98, 112), (110, 112), (111, 112), (112, 112), (107, 113), (108, 113), (109, 113), (105, 114), (106, 114)]
[(40, 59), (41, 59), (42, 59), (38, 60), (39, 60), (43, 60), (35, 61), (36, 61), (37, 61), (32, 62), (33, 62), (34, 62), (42, 62), (30, 63), (31, 63), (27, 64), (28, 64), (29, 64), (24, 65), (25, 65), (26, 65), (41, 65), (23, 67), (40, 67), (22, 70), (39, 70), (21, 72), (38, 73), (20, 75), (37, 75), (19, 78), (35, 78), (36, 78), (37, 78), (33, 79), (34, 79), (18, 80), (30, 80), (31, 80), (32, 80), (27, 81), (28, 81), (29, 81), (25, 82), (26, 82), (17, 83), (18, 83), (22, 83), (23, 83), (24, 83), (19, 84), (20, 84), (21, 84)]
[(35, 78), (36, 78), (37, 78), (33, 79), (34, 79), (38, 79), (30, 80), (31, 80), (32, 80), (27, 81), (28, 81), (29, 81), (37, 81), (25, 82), (26, 82), (22, 83), (23, 83), (24, 83), (19, 84), (20, 84), (21, 84), (36, 84), (18, 86), (35, 86), (17, 89), (34, 89), (16, 91), (33, 92), (15, 94), (32, 94), (14, 97), (30, 97), (31, 97), (32, 97), (28, 98), (29, 98), (13, 99), (25, 99), (26, 99), (27, 99), (22, 100), (23, 100), (24, 100), (20, 101), (21, 101), (12, 102), (13, 102), (17, 102), (18, 102), (19, 102), (14, 103), (15, 103), (16, 103)]
[(54, 73), (55, 73), (56, 73), (52, 74), (53, 74), (57, 74), (49, 75), (50, 75), (51, 75), (46, 76), (47, 76), (48, 76), (56, 76), (44, 77), (45, 77), (41, 78), (42, 78), (43, 78), (38, 79), (39, 79), (40, 79), (55, 79), (37, 81), (54, 81), (36, 84), (53, 84), (35, 86), (52, 87), (34, 89), (51, 89), (33, 92), (49, 92), (50, 92), (51, 92), (47, 93), (48, 93), (32, 94), (44, 94), (45, 94), (46, 94), (41, 95), (42, 95), (43, 95), (39, 96), (40, 96), (31, 97), (32, 97), (36, 97), (37, 97), (38, 97), (33, 98), (34, 98), (35, 98)]
[(49, 92), (50, 92), (51, 92), (47, 93), (48, 93), (52, 93), (44, 94), (45, 94), (46, 94), (41, 95), (42, 95), (43, 95), (51, 95), (39, 96), (40, 96), (36, 97), (37, 97), (38, 97), (33, 98), (34, 98), (35, 98), (50, 98), (32, 100), (49, 100), (31, 103), (48, 103), (30, 105), (47, 106), (29, 108), (46, 108), (28, 111), (44, 111), (45, 111), (46, 111), (42, 112), (43, 112), (27, 113), (39, 113), (40, 113), (41, 113), (36, 114), (37, 114), (38, 114)]
[(68, 87), (69, 87), (70, 87), (66, 88), (67, 88), (71, 88), (63, 89), (64, 89), (65, 89), (60, 90), (61, 90), (62, 90), (70, 90), (58, 91), (59, 91), (55, 92), (56, 92), (57, 92), (52, 93), (53, 93), (54, 93), (69, 93), (51, 95), (68, 95), (50, 98), (67, 98), (49, 100), (66, 101), (48, 103), (65, 103), (47, 106), (63, 106), (64, 106), (65, 106), (61, 107), (62, 107), (46, 108), (58, 108), (59, 108), (60, 108), (55, 109), (56, 109), (57, 109), (53, 110), (54, 110), (45, 111), (46, 111), (50, 111), (51, 111), (52, 111), (47, 112), (48, 112), (49, 112)]
[(63, 106), (64, 106), (65, 106), (61, 107), (62, 107), (66, 107), (58, 108), (59, 108), (60, 108), (55, 109), (56, 109), (57, 109), (65, 109), (53, 110), (54, 110), (50, 111), (51, 111), (52, 111), (47, 112), (48, 112), (49, 112), (64, 112), (46, 114), (63, 114)]
[(82, 101), (83, 101), (84, 101), (80, 102), (81, 102), (85, 102), (77, 103), (78, 103), (79, 103), (74, 104), (75, 104), (76, 104), (84, 104), (72, 105), (73, 105), (69, 106), (70, 106), (71, 106), (66, 107), (67, 107), (68, 107), (83, 107), (65, 109), (82, 109), (64, 112), (81, 112), (63, 114)]
[(30, 97), (31, 97), (32, 97), (28, 98), (29, 98), (33, 98), (25, 99), (26, 99), (27, 99), (22, 100), (23, 100), (24, 100), (32, 100), (20, 101), (21, 101), (17, 102), (18, 102), (19, 102), (14, 103), (15, 103), (16, 103), (31, 103), (13, 105), (30, 105), (12, 108), (29, 108), (11, 110), (28, 111), (10, 113), (27, 113)]
[(44, 111), (45, 111), (46, 111), (42, 112), (43, 112), (47, 112), (39, 113), (40, 113), (41, 113), (36, 114), (37, 114), (38, 114), (46, 114)]
