[(73, 47), (74, 47), (75, 47), (70, 48), (71, 48), (72, 48), (76, 48), (66, 49), (67, 49), (68, 49), (69, 49), (77, 49), (63, 50), (64, 50), (65, 50), (78, 50), (59, 51), (60, 51), (61, 51), (62, 51), (79, 51), (80, 52), (81, 53), (58, 54), (80, 56), (57, 57), (79, 59), (56, 61), (78, 63), (55, 64), (77, 66), (54, 67), (55, 67), (56, 68), (57, 69), (75, 69), (76, 69), (77, 69), (58, 70), (72, 70), (73, 70), (74, 70), (59, 71), (68, 71), (69, 71), (70, 71), (71, 71), (60, 72), (65, 72), (66, 72), (67, 72), (61, 73), (62, 73), (63, 73), (64, 73)]
[(95, 49), (96, 49), (97, 49), (92, 50), (93, 50), (94, 50), (98, 50), (88, 51), (89, 51), (90, 51), (91, 51), (99, 51), (85, 52), (86, 52), (87, 52), (100, 52), (81, 53), (82, 53), (83, 53), (84, 53), (101, 53), (102, 54), (103, 55), (80, 56), (102, 58), (79, 59), (101, 61), (78, 63), (100, 65), (77, 66), (99, 68), (76, 69), (77, 69), (78, 70), (79, 71), (97, 71), (98, 71), (99, 71), (80, 72), (94, 72), (95, 72), (96, 72), (81, 73), (90, 73), (91, 73), (92, 73), (93, 73), (82, 74), (87, 74), (88, 74), (89, 74), (83, 75), (84, 75), (85, 75), (86, 75)]
[(97, 71), (98, 71), (99, 71), (94, 72), (95, 72), (96, 72), (100, 72), (90, 73), (91, 73), (92, 73), (93, 73), (101, 73), (87, 74), (88, 74), (89, 74), (102, 74), (83, 75), (84, 75), (85, 75), (86, 75), (103, 75), (104, 76), (105, 77), (82, 78), (104, 80), (81, 81), (103, 83), (80, 85), (102, 87), (79, 88), (101, 90), (78, 91), (79, 91), (80, 92), (81, 93), (99, 93), (100, 93), (101, 93), (82, 94), (96, 94), (97, 94), (98, 94), (83, 95), (92, 95), (93, 95), (94, 95), (95, 95), (84, 96), (89, 96), (90, 96), (91, 96), (85, 97), (86, 97), (87, 97), (88, 97)]
[(112, 75), (113, 75), (114, 75), (109, 76), (110, 76), (111, 76), (105, 77), (106, 77), (107, 77), (108, 77), (104, 80), (103, 83), (102, 87), (101, 90), (100, 93), (101, 93), (102, 94), (103, 95), (104, 96), (105, 97), (114, 97), (106, 98), (111, 98), (112, 98), (113, 98), (107, 99), (108, 99), (109, 99), (110, 99)]
[(29, 43), (30, 43), (31, 43), (26, 44), (27, 44), (28, 44), (32, 44), (22, 45), (23, 45), (24, 45), (25, 45), (33, 45), (19, 46), (20, 46), (21, 46), (34, 46), (15, 47), (16, 47), (17, 47), (18, 47), (35, 47), (36, 48), (37, 49), (14, 50), (36, 52), (13, 53), (35, 55), (12, 57), (34, 59), (11, 60), (33, 62), (10, 63), (11, 63), (12, 64), (13, 65), (31, 65), (32, 65), (33, 65), (14, 66), (28, 66), (29, 66), (30, 66), (15, 67), (24, 67), (25, 67), (26, 67), (27, 67), (16, 68), (21, 68), (22, 68), (23, 68), (17, 69), (18, 69), (19, 69), (20, 69)]
[(51, 45), (52, 45), (53, 45), (48, 46), (49, 46), (50, 46), (54, 46), (44, 47), (45, 47), (46, 47), (47, 47), (55, 47), (41, 48), (42, 48), (43, 48), (56, 48), (37, 49), (38, 49), (39, 49), (40, 49), (57, 49), (58, 50), (59, 51), (36, 52), (58, 54), (35, 55), (57, 57), (34, 59), (56, 61), (33, 62), (55, 64), (32, 65), (33, 65), (34, 66), (35, 67), (53, 67), (54, 67), (55, 67), (36, 68), (50, 68), (51, 68), (52, 68), (37, 69), (46, 69), (47, 69), (48, 69), (49, 69), (38, 70), (43, 70), (44, 70), (45, 70), (39, 71), (40, 71), (41, 71), (42, 71)]
[(53, 67), (54, 67), (55, 67), (50, 68), (51, 68), (52, 68), (56, 68), (46, 69), (47, 69), (48, 69), (49, 69), (57, 69), (43, 70), (44, 70), (45, 70), (58, 70), (39, 71), (40, 71), (41, 71), (42, 71), (59, 71), (60, 72), (61, 73), (38, 74), (60, 76), (37, 77), (59, 79), (36, 81), (58, 83), (35, 84), (57, 86), (34, 87), (35, 87), (36, 88), (37, 89), (55, 89), (56, 89), (57, 89), (38, 90), (52, 90), (53, 90), (54, 90), (39, 91), (48, 91), (49, 91), (50, 91), (51, 91), (40, 92), (45, 92), (46, 92), (47, 92), (41, 93), (42, 93), (43, 93), (44, 93)]
[(75, 69), (76, 69), (77, 69), (72, 70), (73, 70), (74, 70), (78, 70), (68, 71), (69, 71), (70, 71), (71, 71), (79, 71), (65, 72), (66, 72), (67, 72), (80, 72), (61, 73), (62, 73), (63, 73), (64, 73), (81, 73), (82, 74), (83, 75), (60, 76), (82, 78), (59, 79), (81, 81), (58, 83), (80, 85), (57, 86), (79, 88), (56, 89), (57, 89), (58, 90), (59, 91), (77, 91), (78, 91), (79, 91), (60, 92), (74, 92), (75, 92), (76, 92), (61, 93), (70, 93), (71, 93), (72, 93), (73, 93), (62, 94), (67, 94), (68, 94), (69, 94), (63, 95), (64, 95), (65, 95), (66, 95)]
[(77, 91), (78, 91), (79, 91), (74, 92), (75, 92), (76, 92), (80, 92), (70, 93), (71, 93), (72, 93), (73, 93), (81, 93), (67, 94), (68, 94), (69, 94), (82, 94), (63, 95), (64, 95), (65, 95), (66, 95), (83, 95), (84, 96), (85, 97), (62, 98), (84, 100), (61, 101), (83, 103), (60, 105), (82, 107), (59, 108), (81, 110), (58, 111), (59, 111), (60, 112), (61, 113), (79, 113), (80, 113), (81, 113), (62, 114), (76, 114), (77, 114), (78, 114)]
[(99, 93), (100, 93), (101, 93), (96, 94), (97, 94), (98, 94), (102, 94), (92, 95), (93, 95), (94, 95), (95, 95), (103, 95), (89, 96), (90, 96), (91, 96), (104, 96), (85, 97), (86, 97), (87, 97), (88, 97), (105, 97), (106, 98), (107, 99), (84, 100), (106, 102), (83, 103), (105, 105), (82, 107), (104, 109), (81, 110), (103, 112), (80, 113), (81, 113), (82, 114)]
[(9, 63), (10, 63), (11, 63), (6, 64), (7, 64), (8, 64), (12, 64), (2, 65), (3, 65), (4, 65), (5, 65), (13, 65), (0, 66), (1, 66), (14, 66), (15, 67), (16, 68), (17, 69), (16, 72), (15, 75), (14, 79), (13, 82), (11, 85), (12, 85), (13, 85), (8, 86), (9, 86), (10, 86), (4, 87), (5, 87), (6, 87), (7, 87), (1, 88), (2, 88), (3, 88), (0, 89)]
[(31, 65), (32, 65), (33, 65), (28, 66), (29, 66), (30, 66), (34, 66), (24, 67), (25, 67), (26, 67), (27, 67), (35, 67), (21, 68), (22, 68), (23, 68), (36, 68), (17, 69), (18, 69), (19, 69), (20, 69), (37, 69), (38, 70), (39, 71), (16, 72), (38, 74), (15, 75), (37, 77), (14, 79), (36, 81), (13, 82), (35, 84), (12, 85), (13, 85), (14, 86), (15, 87), (33, 87), (34, 87), (35, 87), (16, 88), (30, 88), (31, 88), (32, 88), (17, 89), (26, 89), (27, 89), (28, 89), (29, 89), (18, 90), (23, 90), (24, 90), (25, 90), (19, 91), (20, 91), (21, 91), (22, 91)]
[(33, 87), (34, 87), (35, 87), (30, 88), (31, 88), (32, 88), (36, 88), (26, 89), (27, 89), (28, 89), (29, 89), (37, 89), (23, 90), (24, 90), (25, 90), (38, 90), (19, 91), (20, 91), (21, 91), (22, 91), (39, 91), (40, 92), (41, 93), (18, 94), (40, 96), (17, 97), (39, 99), (16, 101), (38, 103), (15, 104), (37, 106), (14, 107), (15, 107), (16, 108), (17, 109), (35, 109), (36, 109), (37, 109), (18, 110), (32, 110), (33, 110), (34, 110), (19, 111), (28, 111), (29, 111), (30, 111), (31, 111), (20, 112), (25, 112), (26, 112), (27, 112), (21, 113), (22, 113), (23, 113), (24, 113)]
[(55, 89), (56, 89), (57, 89), (52, 90), (53, 90), (54, 90), (58, 90), (48, 91), (49, 91), (50, 91), (51, 91), (59, 91), (45, 92), (46, 92), (47, 92), (60, 92), (41, 93), (42, 93), (43, 93), (44, 93), (61, 93), (62, 94), (63, 95), (40, 96), (62, 98), (39, 99), (61, 101), (38, 103), (60, 105), (37, 106), (59, 108), (36, 109), (37, 109), (38, 110), (39, 111), (57, 111), (58, 111), (59, 111), (40, 112), (54, 112), (55, 112), (56, 112), (41, 113), (50, 113), (51, 113), (52, 113), (53, 113), (42, 114), (47, 114), (48, 114), (49, 114)]
[(57, 111), (58, 111), (59, 111), (54, 112), (55, 112), (56, 112), (60, 112), (50, 113), (51, 113), (52, 113), (53, 113), (61, 113), (47, 114), (48, 114), (49, 114), (62, 114)]
[(79, 113), (80, 113), (81, 113), (76, 114), (77, 114), (78, 114), (82, 114)]
[(11, 85), (12, 85), (13, 85), (8, 86), (9, 86), (10, 86), (14, 86), (4, 87), (5, 87), (6, 87), (7, 87), (15, 87), (1, 88), (2, 88), (3, 88), (16, 88), (0, 89), (17, 89), (18, 90), (19, 91), (18, 94), (17, 97), (16, 101), (15, 104), (13, 107), (14, 107), (15, 107), (10, 108), (11, 108), (12, 108), (6, 109), (7, 109), (8, 109), (9, 109), (3, 110), (4, 110), (5, 110), (0, 111), (1, 111), (2, 111)]
[(13, 107), (14, 107), (15, 107), (10, 108), (11, 108), (12, 108), (16, 108), (6, 109), (7, 109), (8, 109), (9, 109), (17, 109), (3, 110), (4, 110), (5, 110), (18, 110), (0, 111), (1, 111), (2, 111), (19, 111), (20, 112), (21, 113)]
[(35, 109), (36, 109), (37, 109), (32, 110), (33, 110), (34, 110), (38, 110), (28, 111), (29, 111), (30, 111), (31, 111), (39, 111), (25, 112), (26, 112), (27, 112), (40, 112), (21, 113), (22, 113), (23, 113), (24, 113), (41, 113), (42, 114)]
