[(73, 20), (71, 21), (72, 21), (74, 21), (69, 22), (70, 22), (75, 22), (67, 23), (68, 23), (64, 24), (65, 24), (66, 24), (74, 24), (62, 25), (63, 25), (60, 26), (61, 26), (73, 26), (58, 27), (59, 27), (55, 28), (56, 28), (57, 28), (72, 28), (54, 30), (71, 30), (53, 32), (70, 33), (52, 34), (69, 35), (51, 36), (68, 37), (50, 39), (67, 39), (67, 40), (49, 41), (65, 41), (66, 41), (63, 42), (64, 42), (48, 43), (61, 43), (62, 43), (58, 44), (59, 44), (60, 44), (47, 45), (56, 45), (57, 45), (47, 46), (54, 46), (55, 46), (48, 47), (52, 47), (53, 47), (49, 48), (50, 48), (51, 48)]
[(93, 14), (91, 15), (92, 15), (94, 15), (89, 16), (90, 16), (95, 16), (87, 17), (88, 17), (84, 18), (85, 18), (86, 18), (94, 18), (82, 19), (83, 19), (80, 20), (81, 20), (93, 20), (78, 21), (79, 21), (75, 22), (76, 22), (77, 22), (92, 22), (74, 24), (91, 24), (73, 26), (90, 27), (72, 28), (89, 29), (71, 30), (88, 31), (70, 33), (87, 33), (87, 34), (69, 35), (85, 35), (86, 35), (83, 36), (84, 36), (68, 37), (81, 37), (82, 37), (78, 38), (79, 38), (80, 38), (67, 39), (76, 39), (77, 39), (67, 40), (74, 40), (75, 40), (68, 41), (72, 41), (73, 41), (69, 42), (70, 42), (71, 42)]
[(87, 34), (85, 35), (86, 35), (88, 35), (83, 36), (84, 36), (89, 36), (81, 37), (82, 37), (78, 38), (79, 38), (80, 38), (88, 38), (76, 39), (77, 39), (74, 40), (75, 40), (87, 40), (72, 41), (73, 41), (69, 42), (70, 42), (71, 42), (86, 42), (68, 44), (85, 44), (67, 46), (84, 47), (66, 48), (83, 49), (65, 50), (82, 51), (64, 53), (81, 53), (81, 54), (63, 55), (79, 55), (80, 55), (77, 56), (78, 56), (62, 57), (75, 57), (76, 57), (72, 58), (73, 58), (74, 58), (61, 59), (70, 59), (71, 59), (61, 60), (68, 60), (69, 60), (62, 61), (66, 61), (67, 61), (63, 62), (64, 62), (65, 62)]
[(107, 28), (105, 29), (106, 29), (108, 29), (103, 30), (104, 30), (109, 30), (101, 31), (102, 31), (98, 32), (99, 32), (100, 32), (108, 32), (96, 33), (97, 33), (94, 34), (95, 34), (107, 34), (92, 35), (93, 35), (89, 36), (90, 36), (91, 36), (106, 36), (88, 38), (105, 38), (87, 40), (104, 41), (86, 42), (103, 43), (85, 44), (102, 45), (84, 47), (101, 47), (101, 48), (83, 49), (99, 49), (100, 49), (97, 50), (98, 50), (82, 51), (95, 51), (96, 51), (92, 52), (93, 52), (94, 52), (81, 53), (90, 53), (91, 53), (81, 54), (88, 54), (89, 54), (82, 55), (86, 55), (87, 55), (83, 56), (84, 56), (85, 56)]
[(101, 48), (99, 49), (100, 49), (102, 49), (97, 50), (98, 50), (103, 50), (95, 51), (96, 51), (92, 52), (93, 52), (94, 52), (102, 52), (90, 53), (91, 53), (88, 54), (89, 54), (101, 54), (86, 55), (87, 55), (83, 56), (84, 56), (85, 56), (100, 56), (82, 58), (99, 58), (81, 60), (98, 61), (80, 62), (97, 63), (79, 64), (96, 65), (78, 67), (95, 67), (95, 68), (77, 69), (93, 69), (94, 69), (91, 70), (92, 70), (76, 71), (89, 71), (90, 71), (86, 72), (87, 72), (88, 72), (75, 73), (84, 73), (85, 73), (75, 74), (82, 74), (83, 74), (76, 75), (80, 75), (81, 75), (77, 76), (78, 76), (79, 76)]
[(112, 46), (113, 46), (114, 46), (110, 47), (111, 47), (108, 48), (109, 48), (106, 49), (107, 49), (103, 50), (104, 50), (105, 50), (102, 52), (101, 54), (100, 56), (99, 58), (98, 61), (97, 63), (113, 63), (114, 63), (111, 64), (112, 64), (96, 65), (109, 65), (110, 65), (106, 66), (107, 66), (108, 66), (95, 67), (104, 67), (105, 67), (95, 68), (102, 68), (103, 68), (96, 69), (100, 69), (101, 69), (97, 70), (98, 70), (99, 70)]
[(113, 63), (114, 63), (111, 64), (112, 64), (109, 65), (110, 65), (106, 66), (107, 66), (108, 66), (104, 67), (105, 67), (102, 68), (103, 68), (100, 69), (101, 69), (97, 70), (98, 70), (99, 70), (114, 70), (96, 72), (113, 72), (95, 74), (112, 75), (94, 76), (111, 77), (93, 78), (110, 79), (92, 81), (109, 81), (109, 82), (91, 83), (107, 83), (108, 83), (105, 84), (106, 84), (90, 85), (103, 85), (104, 85), (100, 86), (101, 86), (102, 86), (89, 87), (98, 87), (99, 87), (89, 88), (96, 88), (97, 88), (90, 89), (94, 89), (95, 89), (91, 90), (92, 90), (93, 90)]
[(114, 70), (113, 72), (112, 75), (111, 77), (110, 79), (109, 81), (109, 82), (110, 83), (114, 83), (111, 84), (112, 84), (113, 84)]
[(114, 83), (111, 84), (112, 84), (113, 84), (110, 86), (109, 88), (108, 90), (107, 92), (106, 95), (105, 97), (104, 99), (114, 100), (103, 101), (112, 101), (113, 101), (103, 102), (110, 102), (111, 102), (104, 103), (108, 103), (109, 103), (105, 104), (106, 104), (107, 104)]
[(33, 32), (31, 33), (32, 33), (34, 33), (29, 34), (30, 34), (35, 34), (27, 35), (28, 35), (24, 36), (25, 36), (26, 36), (34, 36), (22, 37), (23, 37), (20, 38), (21, 38), (33, 38), (18, 39), (19, 39), (15, 40), (16, 40), (17, 40), (32, 40), (14, 42), (31, 42), (13, 44), (30, 45), (12, 46), (29, 47), (11, 48), (28, 49), (10, 51), (27, 51), (27, 52), (9, 53), (25, 53), (26, 53), (23, 54), (24, 54), (8, 55), (21, 55), (22, 55), (18, 56), (19, 56), (20, 56), (7, 57), (16, 57), (17, 57), (7, 58), (14, 58), (15, 58), (8, 59), (12, 59), (13, 59), (9, 60), (10, 60), (11, 60)]
[(53, 26), (51, 27), (52, 27), (54, 27), (49, 28), (50, 28), (55, 28), (47, 29), (48, 29), (44, 30), (45, 30), (46, 30), (54, 30), (42, 31), (43, 31), (40, 32), (41, 32), (53, 32), (38, 33), (39, 33), (35, 34), (36, 34), (37, 34), (52, 34), (34, 36), (51, 36), (33, 38), (50, 39), (32, 40), (49, 41), (31, 42), (48, 43), (30, 45), (47, 45), (47, 46), (29, 47), (45, 47), (46, 47), (43, 48), (44, 48), (28, 49), (41, 49), (42, 49), (38, 50), (39, 50), (40, 50), (27, 51), (36, 51), (37, 51), (27, 52), (34, 52), (35, 52), (28, 53), (32, 53), (33, 53), (29, 54), (30, 54), (31, 54)]
[(47, 46), (45, 47), (46, 47), (48, 47), (43, 48), (44, 48), (49, 48), (41, 49), (42, 49), (38, 50), (39, 50), (40, 50), (48, 50), (36, 51), (37, 51), (34, 52), (35, 52), (47, 52), (32, 53), (33, 53), (29, 54), (30, 54), (31, 54), (46, 54), (28, 56), (45, 56), (27, 58), (44, 59), (26, 60), (43, 61), (25, 62), (42, 63), (24, 65), (41, 65), (41, 66), (23, 67), (39, 67), (40, 67), (37, 68), (38, 68), (22, 69), (35, 69), (36, 69), (32, 70), (33, 70), (34, 70), (21, 71), (30, 71), (31, 71), (21, 72), (28, 72), (29, 72), (22, 73), (26, 73), (27, 73), (23, 74), (24, 74), (25, 74)]
[(67, 40), (65, 41), (66, 41), (68, 41), (63, 42), (64, 42), (69, 42), (61, 43), (62, 43), (58, 44), (59, 44), (60, 44), (68, 44), (56, 45), (57, 45), (54, 46), (55, 46), (67, 46), (52, 47), (53, 47), (49, 48), (50, 48), (51, 48), (66, 48), (48, 50), (65, 50), (47, 52), (64, 53), (46, 54), (63, 55), (45, 56), (62, 57), (44, 59), (61, 59), (61, 60), (43, 61), (59, 61), (60, 61), (57, 62), (58, 62), (42, 63), (55, 63), (56, 63), (52, 64), (53, 64), (54, 64), (41, 65), (50, 65), (51, 65), (41, 66), (48, 66), (49, 66), (42, 67), (46, 67), (47, 67), (43, 68), (44, 68), (45, 68)]
[(61, 60), (59, 61), (60, 61), (62, 61), (57, 62), (58, 62), (63, 62), (55, 63), (56, 63), (52, 64), (53, 64), (54, 64), (62, 64), (50, 65), (51, 65), (48, 66), (49, 66), (61, 66), (46, 67), (47, 67), (43, 68), (44, 68), (45, 68), (60, 68), (42, 70), (59, 70), (41, 72), (58, 73), (40, 74), (57, 75), (39, 76), (56, 77), (38, 79), (55, 79), (55, 80), (37, 81), (53, 81), (54, 81), (51, 82), (52, 82), (36, 83), (49, 83), (50, 83), (46, 84), (47, 84), (48, 84), (35, 85), (44, 85), (45, 85), (35, 86), (42, 86), (43, 86), (36, 87), (40, 87), (41, 87), (37, 88), (38, 88), (39, 88)]
[(81, 54), (79, 55), (80, 55), (82, 55), (77, 56), (78, 56), (83, 56), (75, 57), (76, 57), (72, 58), (73, 58), (74, 58), (82, 58), (70, 59), (71, 59), (68, 60), (69, 60), (81, 60), (66, 61), (67, 61), (63, 62), (64, 62), (65, 62), (80, 62), (62, 64), (79, 64), (61, 66), (78, 67), (60, 68), (77, 69), (59, 70), (76, 71), (58, 73), (75, 73), (75, 74), (57, 75), (73, 75), (74, 75), (71, 76), (72, 76), (56, 77), (69, 77), (70, 77), (66, 78), (67, 78), (68, 78), (55, 79), (64, 79), (65, 79), (55, 80), (62, 80), (63, 80), (56, 81), (60, 81), (61, 81), (57, 82), (58, 82), (59, 82)]
[(75, 74), (73, 75), (74, 75), (76, 75), (71, 76), (72, 76), (77, 76), (69, 77), (70, 77), (66, 78), (67, 78), (68, 78), (76, 78), (64, 79), (65, 79), (62, 80), (63, 80), (75, 80), (60, 81), (61, 81), (57, 82), (58, 82), (59, 82), (74, 82), (56, 84), (73, 84), (55, 86), (72, 87), (54, 88), (71, 89), (53, 90), (70, 91), (52, 93), (69, 93), (69, 94), (51, 95), (67, 95), (68, 95), (65, 96), (66, 96), (50, 97), (63, 97), (64, 97), (60, 98), (61, 98), (62, 98), (49, 99), (58, 99), (59, 99), (49, 100), (56, 100), (57, 100), (50, 101), (54, 101), (55, 101), (51, 102), (52, 102), (53, 102)]
[(95, 68), (93, 69), (94, 69), (96, 69), (91, 70), (92, 70), (97, 70), (89, 71), (90, 71), (86, 72), (87, 72), (88, 72), (96, 72), (84, 73), (85, 73), (82, 74), (83, 74), (95, 74), (80, 75), (81, 75), (77, 76), (78, 76), (79, 76), (94, 76), (76, 78), (93, 78), (75, 80), (92, 81), (74, 82), (91, 83), (73, 84), (90, 85), (72, 87), (89, 87), (89, 88), (71, 89), (87, 89), (88, 89), (85, 90), (86, 90), (70, 91), (83, 91), (84, 91), (80, 92), (81, 92), (82, 92), (69, 93), (78, 93), (79, 93), (69, 94), (76, 94), (77, 94), (70, 95), (74, 95), (75, 95), (71, 96), (72, 96), (73, 96)]
[(89, 88), (87, 89), (88, 89), (90, 89), (85, 90), (86, 90), (91, 90), (83, 91), (84, 91), (80, 92), (81, 92), (82, 92), (90, 92), (78, 93), (79, 93), (76, 94), (77, 94), (89, 94), (74, 95), (75, 95), (71, 96), (72, 96), (73, 96), (88, 96), (70, 98), (87, 98), (69, 100), (86, 101), (68, 102), (85, 103), (67, 104), (84, 105), (66, 107), (83, 107), (83, 108), (65, 109), (81, 109), (82, 109), (79, 110), (80, 110), (64, 111), (77, 111), (78, 111), (74, 112), (75, 112), (76, 112), (63, 113), (72, 113), (73, 113), (63, 114), (70, 114), (71, 114)]
[(109, 82), (107, 83), (108, 83), (110, 83), (105, 84), (106, 84), (111, 84), (103, 85), (104, 85), (100, 86), (101, 86), (102, 86), (110, 86), (98, 87), (99, 87), (96, 88), (97, 88), (109, 88), (94, 89), (95, 89), (91, 90), (92, 90), (93, 90), (108, 90), (90, 92), (107, 92), (89, 94), (106, 95), (88, 96), (105, 97), (87, 98), (104, 99), (86, 101), (103, 101), (103, 102), (85, 103), (101, 103), (102, 103), (99, 104), (100, 104), (84, 105), (97, 105), (98, 105), (94, 106), (95, 106), (96, 106), (83, 107), (92, 107), (93, 107), (83, 108), (90, 108), (91, 108), (84, 109), (88, 109), (89, 109), (85, 110), (86, 110), (87, 110)]
[(103, 102), (101, 103), (102, 103), (104, 103), (99, 104), (100, 104), (105, 104), (97, 105), (98, 105), (94, 106), (95, 106), (96, 106), (104, 106), (92, 107), (93, 107), (90, 108), (91, 108), (103, 108), (88, 109), (89, 109), (85, 110), (86, 110), (87, 110), (102, 110), (84, 112), (101, 112), (83, 114)]
[(114, 100), (112, 101), (113, 101), (110, 102), (111, 102), (108, 103), (109, 103), (105, 104), (106, 104), (107, 104), (104, 106), (103, 108), (102, 110), (101, 112)]
[(7, 58), (5, 59), (6, 59), (8, 59), (3, 60), (4, 60), (9, 60), (1, 61), (2, 61), (0, 62), (8, 62), (7, 64), (6, 66), (5, 68), (4, 71), (3, 73), (2, 75), (1, 77), (1, 78), (0, 79)]
[(27, 52), (25, 53), (26, 53), (28, 53), (23, 54), (24, 54), (29, 54), (21, 55), (22, 55), (18, 56), (19, 56), (20, 56), (28, 56), (16, 57), (17, 57), (14, 58), (15, 58), (27, 58), (12, 59), (13, 59), (9, 60), (10, 60), (11, 60), (26, 60), (8, 62), (25, 62), (7, 64), (24, 65), (6, 66), (23, 67), (5, 68), (22, 69), (4, 71), (21, 71), (21, 72), (3, 73), (19, 73), (20, 73), (17, 74), (18, 74), (2, 75), (15, 75), (16, 75), (12, 76), (13, 76), (14, 76), (1, 77), (10, 77), (11, 77), (1, 78), (8, 78), (9, 78), (2, 79), (6, 79), (7, 79), (3, 80), (4, 80), (5, 80)]
[(21, 72), (19, 73), (20, 73), (22, 73), (17, 74), (18, 74), (23, 74), (15, 75), (16, 75), (12, 76), (13, 76), (14, 76), (22, 76), (10, 77), (11, 77), (8, 78), (9, 78), (21, 78), (6, 79), (7, 79), (3, 80), (4, 80), (5, 80), (20, 80), (2, 82), (19, 82), (1, 84), (18, 85), (0, 86), (17, 87), (16, 89), (15, 91), (15, 92), (13, 93), (14, 93), (11, 94), (12, 94), (9, 95), (10, 95), (6, 96), (7, 96), (8, 96), (4, 97), (5, 97), (2, 98), (3, 98), (0, 99), (1, 99)]
[(41, 66), (39, 67), (40, 67), (42, 67), (37, 68), (38, 68), (43, 68), (35, 69), (36, 69), (32, 70), (33, 70), (34, 70), (42, 70), (30, 71), (31, 71), (28, 72), (29, 72), (41, 72), (26, 73), (27, 73), (23, 74), (24, 74), (25, 74), (40, 74), (22, 76), (39, 76), (21, 78), (38, 79), (20, 80), (37, 81), (19, 82), (36, 83), (18, 85), (35, 85), (35, 86), (17, 87), (33, 87), (34, 87), (31, 88), (32, 88), (16, 89), (29, 89), (30, 89), (26, 90), (27, 90), (28, 90), (15, 91), (24, 91), (25, 91), (15, 92), (22, 92), (23, 92), (16, 93), (20, 93), (21, 93), (17, 94), (18, 94), (19, 94)]
[(35, 86), (33, 87), (34, 87), (36, 87), (31, 88), (32, 88), (37, 88), (29, 89), (30, 89), (26, 90), (27, 90), (28, 90), (36, 90), (24, 91), (25, 91), (22, 92), (23, 92), (35, 92), (20, 93), (21, 93), (17, 94), (18, 94), (19, 94), (34, 94), (16, 96), (33, 96), (15, 98), (32, 99), (14, 100), (31, 101), (13, 102), (30, 103), (12, 105), (29, 105), (29, 106), (11, 107), (27, 107), (28, 107), (25, 108), (26, 108), (10, 109), (23, 109), (24, 109), (20, 110), (21, 110), (22, 110), (9, 111), (18, 111), (19, 111), (9, 112), (16, 112), (17, 112), (10, 113), (14, 113), (15, 113), (11, 114), (12, 114), (13, 114)]
[(55, 80), (53, 81), (54, 81), (56, 81), (51, 82), (52, 82), (57, 82), (49, 83), (50, 83), (46, 84), (47, 84), (48, 84), (56, 84), (44, 85), (45, 85), (42, 86), (43, 86), (55, 86), (40, 87), (41, 87), (37, 88), (38, 88), (39, 88), (54, 88), (36, 90), (53, 90), (35, 92), (52, 93), (34, 94), (51, 95), (33, 96), (50, 97), (32, 99), (49, 99), (49, 100), (31, 101), (47, 101), (48, 101), (45, 102), (46, 102), (30, 103), (43, 103), (44, 103), (40, 104), (41, 104), (42, 104), (29, 105), (38, 105), (39, 105), (29, 106), (36, 106), (37, 106), (30, 107), (34, 107), (35, 107), (31, 108), (32, 108), (33, 108)]
[(49, 100), (47, 101), (48, 101), (50, 101), (45, 102), (46, 102), (51, 102), (43, 103), (44, 103), (40, 104), (41, 104), (42, 104), (50, 104), (38, 105), (39, 105), (36, 106), (37, 106), (49, 106), (34, 107), (35, 107), (31, 108), (32, 108), (33, 108), (48, 108), (30, 110), (47, 110), (29, 112), (46, 113), (28, 114)]
[(69, 94), (67, 95), (68, 95), (70, 95), (65, 96), (66, 96), (71, 96), (63, 97), (64, 97), (60, 98), (61, 98), (62, 98), (70, 98), (58, 99), (59, 99), (56, 100), (57, 100), (69, 100), (54, 101), (55, 101), (51, 102), (52, 102), (53, 102), (68, 102), (50, 104), (67, 104), (49, 106), (66, 107), (48, 108), (65, 109), (47, 110), (64, 111), (46, 113), (63, 113), (63, 114)]
[(63, 114)]
[(83, 108), (81, 109), (82, 109), (84, 109), (79, 110), (80, 110), (85, 110), (77, 111), (78, 111), (74, 112), (75, 112), (76, 112), (84, 112), (72, 113), (73, 113), (70, 114), (71, 114), (83, 114)]
[(1, 78), (0, 79), (2, 79), (3, 80), (2, 82), (1, 84), (0, 86)]
[(15, 92), (13, 93), (14, 93), (16, 93), (11, 94), (12, 94), (17, 94), (9, 95), (10, 95), (6, 96), (7, 96), (8, 96), (16, 96), (4, 97), (5, 97), (2, 98), (3, 98), (15, 98), (0, 99), (1, 99), (14, 100), (13, 102), (12, 105), (11, 107), (10, 109), (9, 111), (9, 112), (7, 113), (8, 113), (5, 114), (6, 114)]
[(9, 112), (7, 113), (8, 113), (10, 113), (5, 114), (6, 114), (11, 114)]
[(29, 106), (27, 107), (28, 107), (30, 107), (25, 108), (26, 108), (31, 108), (23, 109), (24, 109), (20, 110), (21, 110), (22, 110), (30, 110), (18, 111), (19, 111), (16, 112), (17, 112), (29, 112), (14, 113), (15, 113), (11, 114), (12, 114), (13, 114), (28, 114)]
