[(114, 30), (111, 31), (112, 31), (113, 31), (107, 32), (108, 32), (109, 32), (110, 32), (106, 35), (105, 38), (104, 42), (103, 45), (102, 49), (103, 49), (104, 50), (105, 51), (106, 52), (107, 53), (108, 54), (113, 54), (114, 54), (109, 55), (110, 55), (111, 55), (112, 55)]
[(75, 24), (76, 24), (77, 24), (78, 24), (72, 25), (73, 25), (74, 25), (79, 25), (68, 26), (69, 26), (70, 26), (71, 26), (80, 26), (65, 27), (66, 27), (67, 27), (81, 27), (61, 28), (62, 28), (63, 28), (64, 28), (82, 28), (83, 29), (84, 30), (60, 31), (83, 33), (59, 34), (82, 36), (58, 38), (81, 40), (57, 41), (80, 43), (56, 45), (57, 45), (58, 46), (59, 47), (77, 47), (78, 47), (79, 47), (80, 47), (60, 48), (74, 48), (75, 48), (76, 48), (61, 49), (70, 49), (71, 49), (72, 49), (73, 49), (62, 50), (67, 50), (68, 50), (69, 50), (63, 51), (64, 51), (65, 51), (66, 51)]
[(98, 26), (99, 26), (100, 26), (101, 26), (95, 27), (96, 27), (97, 27), (102, 27), (91, 28), (92, 28), (93, 28), (94, 28), (103, 28), (88, 29), (89, 29), (90, 29), (104, 29), (84, 30), (85, 30), (86, 30), (87, 30), (105, 30), (106, 31), (107, 32), (83, 33), (106, 35), (82, 36), (105, 38), (81, 40), (104, 42), (80, 43), (103, 45), (79, 47), (80, 47), (81, 48), (82, 49), (100, 49), (101, 49), (102, 49), (103, 49), (83, 50), (97, 50), (98, 50), (99, 50), (84, 51), (93, 51), (94, 51), (95, 51), (96, 51), (85, 52), (90, 52), (91, 52), (92, 52), (86, 53), (87, 53), (88, 53), (89, 53)]
[(100, 49), (101, 49), (102, 49), (103, 49), (97, 50), (98, 50), (99, 50), (104, 50), (93, 51), (94, 51), (95, 51), (96, 51), (105, 51), (90, 52), (91, 52), (92, 52), (106, 52), (86, 53), (87, 53), (88, 53), (89, 53), (107, 53), (108, 54), (109, 55), (85, 56), (108, 58), (84, 59), (107, 61), (83, 63), (106, 65), (82, 66), (105, 68), (81, 70), (82, 70), (83, 71), (84, 72), (102, 72), (103, 72), (104, 72), (105, 72), (85, 73), (99, 73), (100, 73), (101, 73), (86, 74), (95, 74), (96, 74), (97, 74), (98, 74), (87, 75), (92, 75), (93, 75), (94, 75), (88, 76), (89, 76), (90, 76), (91, 76)]
[(113, 54), (114, 54), (109, 55), (110, 55), (111, 55), (112, 55), (108, 58), (107, 61), (106, 65), (105, 68), (104, 72), (105, 72), (106, 73), (107, 74), (108, 75), (109, 76), (110, 77), (111, 78), (112, 78), (113, 78), (114, 78)]
[(111, 78), (112, 78), (113, 78), (114, 78), (110, 81), (109, 84), (108, 88), (107, 91), (106, 95), (107, 95), (108, 96), (109, 97), (110, 98), (111, 99), (112, 100), (113, 101), (114, 101)]
[(54, 45), (55, 45), (56, 45), (57, 45), (51, 46), (52, 46), (53, 46), (58, 46), (47, 47), (48, 47), (49, 47), (50, 47), (59, 47), (44, 48), (45, 48), (46, 48), (60, 48), (40, 49), (41, 49), (42, 49), (43, 49), (61, 49), (62, 50), (63, 51), (39, 52), (62, 54), (38, 55), (61, 57), (37, 59), (60, 61), (36, 62), (59, 64), (35, 66), (36, 66), (37, 67), (38, 68), (56, 68), (57, 68), (58, 68), (59, 68), (39, 69), (53, 69), (54, 69), (55, 69), (40, 70), (49, 70), (50, 70), (51, 70), (52, 70), (41, 71), (46, 71), (47, 71), (48, 71), (42, 72), (43, 72), (44, 72), (45, 72)]
[(77, 47), (78, 47), (79, 47), (80, 47), (74, 48), (75, 48), (76, 48), (81, 48), (70, 49), (71, 49), (72, 49), (73, 49), (82, 49), (67, 50), (68, 50), (69, 50), (83, 50), (63, 51), (64, 51), (65, 51), (66, 51), (84, 51), (85, 52), (86, 53), (62, 54), (85, 56), (61, 57), (84, 59), (60, 61), (83, 63), (59, 64), (82, 66), (58, 68), (59, 68), (60, 69), (61, 70), (79, 70), (80, 70), (81, 70), (82, 70), (62, 71), (76, 71), (77, 71), (78, 71), (63, 72), (72, 72), (73, 72), (74, 72), (75, 72), (64, 73), (69, 73), (70, 73), (71, 73), (65, 74), (66, 74), (67, 74), (68, 74)]
[(79, 70), (80, 70), (81, 70), (82, 70), (76, 71), (77, 71), (78, 71), (83, 71), (72, 72), (73, 72), (74, 72), (75, 72), (84, 72), (69, 73), (70, 73), (71, 73), (85, 73), (65, 74), (66, 74), (67, 74), (68, 74), (86, 74), (87, 75), (88, 76), (64, 77), (87, 79), (63, 80), (86, 82), (62, 84), (85, 86), (61, 87), (84, 89), (60, 91), (61, 91), (62, 92), (63, 93), (81, 93), (82, 93), (83, 93), (84, 93), (64, 94), (78, 94), (79, 94), (80, 94), (65, 95), (74, 95), (75, 95), (76, 95), (77, 95), (66, 96), (71, 96), (72, 96), (73, 96), (67, 97), (68, 97), (69, 97), (70, 97)]
[(102, 72), (103, 72), (104, 72), (105, 72), (99, 73), (100, 73), (101, 73), (106, 73), (95, 74), (96, 74), (97, 74), (98, 74), (107, 74), (92, 75), (93, 75), (94, 75), (108, 75), (88, 76), (89, 76), (90, 76), (91, 76), (109, 76), (110, 77), (111, 78), (87, 79), (110, 81), (86, 82), (109, 84), (85, 86), (108, 88), (84, 89), (107, 91), (83, 93), (84, 93), (85, 94), (86, 95), (104, 95), (105, 95), (106, 95), (107, 95), (87, 96), (101, 96), (102, 96), (103, 96), (88, 97), (97, 97), (98, 97), (99, 97), (100, 97), (89, 98), (94, 98), (95, 98), (96, 98), (90, 99), (91, 99), (92, 99), (93, 99)]
[(104, 95), (105, 95), (106, 95), (107, 95), (101, 96), (102, 96), (103, 96), (108, 96), (97, 97), (98, 97), (99, 97), (100, 97), (109, 97), (94, 98), (95, 98), (96, 98), (110, 98), (90, 99), (91, 99), (92, 99), (93, 99), (111, 99), (112, 100), (113, 101), (89, 102), (112, 104), (88, 105), (111, 107), (87, 109), (110, 111), (86, 112), (109, 114)]
[(113, 101), (114, 101), (112, 104), (111, 107), (110, 111), (109, 114)]
[(56, 68), (57, 68), (58, 68), (59, 68), (53, 69), (54, 69), (55, 69), (60, 69), (49, 70), (50, 70), (51, 70), (52, 70), (61, 70), (46, 71), (47, 71), (48, 71), (62, 71), (42, 72), (43, 72), (44, 72), (45, 72), (63, 72), (64, 73), (65, 74), (41, 75), (64, 77), (40, 78), (63, 80), (39, 82), (62, 84), (38, 85), (61, 87), (37, 89), (38, 89), (39, 90), (40, 91), (58, 91), (59, 91), (60, 91), (61, 91), (41, 92), (55, 92), (56, 92), (57, 92), (42, 93), (51, 93), (52, 93), (53, 93), (54, 93), (43, 94), (48, 94), (49, 94), (50, 94), (44, 95), (45, 95), (46, 95), (47, 95)]
[(58, 91), (59, 91), (60, 91), (61, 91), (55, 92), (56, 92), (57, 92), (62, 92), (51, 93), (52, 93), (53, 93), (54, 93), (63, 93), (48, 94), (49, 94), (50, 94), (64, 94), (44, 95), (45, 95), (46, 95), (47, 95), (65, 95), (66, 96), (67, 97), (43, 98), (66, 100), (42, 101), (65, 103), (41, 105), (64, 107), (40, 108), (63, 110), (39, 112), (40, 112), (41, 113), (42, 114), (60, 114), (61, 114), (62, 114), (63, 114)]
[(81, 93), (82, 93), (83, 93), (84, 93), (78, 94), (79, 94), (80, 94), (85, 94), (74, 95), (75, 95), (76, 95), (77, 95), (86, 95), (71, 96), (72, 96), (73, 96), (87, 96), (67, 97), (68, 97), (69, 97), (70, 97), (88, 97), (89, 98), (90, 99), (66, 100), (89, 102), (65, 103), (88, 105), (64, 107), (87, 109), (63, 110), (86, 112), (62, 114), (63, 114)]
[(60, 114), (61, 114), (62, 114), (63, 114)]
