[(90, 14), (91, 14), (87, 15), (88, 15), (89, 15), (92, 15), (84, 16), (85, 16), (86, 16), (93, 16), (82, 17), (83, 17), (94, 17), (79, 18), (80, 18), (81, 18), (95, 18), (76, 19), (77, 19), (78, 19), (96, 19), (97, 20), (75, 21), (96, 22), (74, 24), (95, 25), (73, 27), (94, 28), (72, 29), (93, 30), (71, 32), (92, 33), (71, 34), (72, 35), (91, 35), (92, 35), (73, 36), (88, 36), (89, 36), (90, 36), (74, 37), (85, 37), (86, 37), (87, 37), (75, 38), (83, 38), (84, 38), (76, 39), (80, 39), (81, 39), (82, 39), (77, 40), (78, 40), (79, 40)]
[(111, 15), (112, 15), (108, 16), (109, 16), (110, 16), (113, 16), (105, 17), (106, 17), (107, 17), (114, 17), (103, 18), (104, 18), (100, 19), (101, 19), (102, 19), (97, 20), (98, 20), (99, 20), (96, 22), (95, 25), (94, 28), (93, 30), (114, 31), (92, 33), (113, 34), (92, 35), (93, 36), (112, 36), (113, 36), (94, 37), (109, 37), (110, 37), (111, 37), (95, 38), (106, 38), (107, 38), (108, 38), (96, 39), (104, 39), (105, 39), (97, 40), (101, 40), (102, 40), (103, 40), (98, 41), (99, 41), (100, 41)]
[(112, 36), (113, 36), (109, 37), (110, 37), (111, 37), (114, 37), (106, 38), (107, 38), (108, 38), (104, 39), (105, 39), (101, 40), (102, 40), (103, 40), (98, 41), (99, 41), (100, 41), (97, 43), (96, 46), (95, 49), (94, 51), (93, 54), (114, 55), (93, 56), (94, 57), (113, 57), (114, 57), (95, 58), (110, 58), (111, 58), (112, 58), (96, 59), (107, 59), (108, 59), (109, 59), (97, 60), (105, 60), (106, 60), (98, 61), (102, 61), (103, 61), (104, 61), (99, 62), (100, 62), (101, 62)]
[(114, 55), (114, 57)]
[(48, 12), (49, 12), (45, 13), (46, 13), (47, 13), (50, 13), (42, 14), (43, 14), (44, 14), (51, 14), (40, 15), (41, 15), (52, 15), (37, 16), (38, 16), (39, 16), (53, 16), (34, 17), (35, 17), (36, 17), (54, 17), (55, 18), (33, 19), (54, 20), (32, 22), (53, 23), (31, 25), (52, 26), (30, 27), (51, 28), (29, 30), (50, 31), (29, 32), (30, 33), (49, 33), (50, 33), (31, 34), (46, 34), (47, 34), (48, 34), (32, 35), (43, 35), (44, 35), (45, 35), (33, 36), (41, 36), (42, 36), (34, 37), (38, 37), (39, 37), (40, 37), (35, 38), (36, 38), (37, 38)]
[(69, 13), (70, 13), (66, 14), (67, 14), (68, 14), (71, 14), (63, 15), (64, 15), (65, 15), (72, 15), (61, 16), (62, 16), (73, 16), (58, 17), (59, 17), (60, 17), (74, 17), (55, 18), (56, 18), (57, 18), (75, 18), (76, 19), (54, 20), (75, 21), (53, 23), (74, 24), (52, 26), (73, 27), (51, 28), (72, 29), (50, 31), (71, 32), (50, 33), (51, 34), (70, 34), (71, 34), (52, 35), (67, 35), (68, 35), (69, 35), (53, 36), (64, 36), (65, 36), (66, 36), (54, 37), (62, 37), (63, 37), (55, 38), (59, 38), (60, 38), (61, 38), (56, 39), (57, 39), (58, 39)]
[(70, 34), (71, 34), (67, 35), (68, 35), (69, 35), (72, 35), (64, 36), (65, 36), (66, 36), (73, 36), (62, 37), (63, 37), (74, 37), (59, 38), (60, 38), (61, 38), (75, 38), (56, 39), (57, 39), (58, 39), (76, 39), (77, 40), (55, 41), (76, 42), (54, 44), (75, 45), (53, 47), (74, 48), (52, 49), (73, 50), (51, 52), (72, 53), (51, 54), (52, 55), (71, 55), (72, 55), (53, 56), (68, 56), (69, 56), (70, 56), (54, 57), (65, 57), (66, 57), (67, 57), (55, 58), (63, 58), (64, 58), (56, 59), (60, 59), (61, 59), (62, 59), (57, 60), (58, 60), (59, 60)]
[(91, 35), (92, 35), (88, 36), (89, 36), (90, 36), (93, 36), (85, 37), (86, 37), (87, 37), (94, 37), (83, 38), (84, 38), (95, 38), (80, 39), (81, 39), (82, 39), (96, 39), (77, 40), (78, 40), (79, 40), (97, 40), (98, 41), (76, 42), (97, 43), (75, 45), (96, 46), (74, 48), (95, 49), (73, 50), (94, 51), (72, 53), (93, 54), (72, 55), (73, 56), (92, 56), (93, 56), (74, 57), (89, 57), (90, 57), (91, 57), (75, 58), (86, 58), (87, 58), (88, 58), (76, 59), (84, 59), (85, 59), (77, 60), (81, 60), (82, 60), (83, 60), (78, 61), (79, 61), (80, 61)]
[(92, 56), (93, 56), (89, 57), (90, 57), (91, 57), (94, 57), (86, 58), (87, 58), (88, 58), (95, 58), (84, 59), (85, 59), (96, 59), (81, 60), (82, 60), (83, 60), (97, 60), (78, 61), (79, 61), (80, 61), (98, 61), (99, 62), (77, 63), (98, 64), (76, 66), (97, 67), (75, 69), (96, 70), (74, 71), (95, 72), (73, 74), (94, 75), (73, 76), (74, 77), (93, 77), (94, 77), (75, 78), (90, 78), (91, 78), (92, 78), (76, 79), (87, 79), (88, 79), (89, 79), (77, 80), (85, 80), (86, 80), (78, 81), (82, 81), (83, 81), (84, 81), (79, 82), (80, 82), (81, 82)]
[(113, 57), (114, 57), (110, 58), (111, 58), (112, 58), (107, 59), (108, 59), (109, 59), (105, 60), (106, 60), (102, 61), (103, 61), (104, 61), (99, 62), (100, 62), (101, 62), (98, 64), (97, 67), (96, 70), (95, 72), (94, 75), (94, 77), (95, 78), (114, 78), (96, 79), (111, 79), (112, 79), (113, 79), (97, 80), (108, 80), (109, 80), (110, 80), (98, 81), (106, 81), (107, 81), (99, 82), (103, 82), (104, 82), (105, 82), (100, 83), (101, 83), (102, 83)]
[(114, 78), (111, 79), (112, 79), (113, 79), (108, 80), (109, 80), (110, 80), (106, 81), (107, 81), (103, 82), (104, 82), (105, 82), (100, 83), (101, 83), (102, 83), (99, 85), (98, 88), (97, 91), (96, 93), (95, 96), (95, 98), (96, 99), (97, 100), (112, 100), (113, 100), (114, 100), (98, 101), (109, 101), (110, 101), (111, 101), (99, 102), (107, 102), (108, 102), (100, 103), (104, 103), (105, 103), (106, 103), (101, 104), (102, 104), (103, 104)]
[(28, 32), (29, 32), (25, 33), (26, 33), (27, 33), (30, 33), (22, 34), (23, 34), (24, 34), (31, 34), (20, 35), (21, 35), (32, 35), (17, 36), (18, 36), (19, 36), (33, 36), (14, 37), (15, 37), (16, 37), (34, 37), (35, 38), (13, 39), (34, 40), (12, 42), (33, 43), (11, 45), (32, 46), (10, 47), (31, 48), (9, 50), (30, 51), (9, 52), (10, 53), (29, 53), (30, 53), (11, 54), (26, 54), (27, 54), (28, 54), (12, 55), (23, 55), (24, 55), (25, 55), (13, 56), (21, 56), (22, 56), (14, 57), (18, 57), (19, 57), (20, 57), (15, 58), (16, 58), (17, 58)]
[(49, 33), (50, 33), (46, 34), (47, 34), (48, 34), (51, 34), (43, 35), (44, 35), (45, 35), (52, 35), (41, 36), (42, 36), (53, 36), (38, 37), (39, 37), (40, 37), (54, 37), (35, 38), (36, 38), (37, 38), (55, 38), (56, 39), (34, 40), (55, 41), (33, 43), (54, 44), (32, 46), (53, 47), (31, 48), (52, 49), (30, 51), (51, 52), (30, 53), (31, 54), (50, 54), (51, 54), (32, 55), (47, 55), (48, 55), (49, 55), (33, 56), (44, 56), (45, 56), (46, 56), (34, 57), (42, 57), (43, 57), (35, 58), (39, 58), (40, 58), (41, 58), (36, 59), (37, 59), (38, 59)]
[(50, 54), (51, 54), (47, 55), (48, 55), (49, 55), (52, 55), (44, 56), (45, 56), (46, 56), (53, 56), (42, 57), (43, 57), (54, 57), (39, 58), (40, 58), (41, 58), (55, 58), (36, 59), (37, 59), (38, 59), (56, 59), (57, 60), (35, 61), (56, 62), (34, 64), (55, 65), (33, 67), (54, 68), (32, 69), (53, 70), (31, 72), (52, 73), (31, 74), (32, 75), (51, 75), (52, 75), (33, 76), (48, 76), (49, 76), (50, 76), (34, 77), (45, 77), (46, 77), (47, 77), (35, 78), (43, 78), (44, 78), (36, 79), (40, 79), (41, 79), (42, 79), (37, 80), (38, 80), (39, 80)]
[(71, 55), (72, 55), (68, 56), (69, 56), (70, 56), (73, 56), (65, 57), (66, 57), (67, 57), (74, 57), (63, 58), (64, 58), (75, 58), (60, 59), (61, 59), (62, 59), (76, 59), (57, 60), (58, 60), (59, 60), (77, 60), (78, 61), (56, 62), (77, 63), (55, 65), (76, 66), (54, 68), (75, 69), (53, 70), (74, 71), (52, 73), (73, 74), (52, 75), (53, 76), (72, 76), (73, 76), (54, 77), (69, 77), (70, 77), (71, 77), (55, 78), (66, 78), (67, 78), (68, 78), (56, 79), (64, 79), (65, 79), (57, 80), (61, 80), (62, 80), (63, 80), (58, 81), (59, 81), (60, 81)]
[(72, 76), (73, 76), (69, 77), (70, 77), (71, 77), (74, 77), (66, 78), (67, 78), (68, 78), (75, 78), (64, 79), (65, 79), (76, 79), (61, 80), (62, 80), (63, 80), (77, 80), (58, 81), (59, 81), (60, 81), (78, 81), (79, 82), (57, 83), (78, 84), (56, 86), (77, 87), (55, 89), (76, 90), (54, 91), (75, 92), (53, 94), (74, 95), (53, 96), (54, 97), (73, 97), (74, 97), (55, 98), (70, 98), (71, 98), (72, 98), (56, 99), (67, 99), (68, 99), (69, 99), (57, 100), (65, 100), (66, 100), (58, 101), (62, 101), (63, 101), (64, 101), (59, 102), (60, 102), (61, 102)]
[(93, 77), (94, 77), (90, 78), (91, 78), (92, 78), (95, 78), (87, 79), (88, 79), (89, 79), (96, 79), (85, 80), (86, 80), (97, 80), (82, 81), (83, 81), (84, 81), (98, 81), (79, 82), (80, 82), (81, 82), (99, 82), (100, 83), (78, 84), (99, 85), (77, 87), (98, 88), (76, 90), (97, 91), (75, 92), (96, 93), (74, 95), (95, 96), (74, 97), (75, 98), (94, 98), (95, 98), (76, 99), (91, 99), (92, 99), (93, 99), (77, 100), (88, 100), (89, 100), (90, 100), (78, 101), (86, 101), (87, 101), (79, 102), (83, 102), (84, 102), (85, 102), (80, 103), (81, 103), (82, 103)]
[(94, 98), (95, 98), (91, 99), (92, 99), (93, 99), (96, 99), (88, 100), (89, 100), (90, 100), (97, 100), (86, 101), (87, 101), (98, 101), (83, 102), (84, 102), (85, 102), (99, 102), (80, 103), (81, 103), (82, 103), (100, 103), (101, 104), (79, 105), (100, 106), (78, 108), (99, 109), (77, 111), (98, 112), (76, 113), (97, 114)]
[(112, 100), (113, 100), (114, 100), (109, 101), (110, 101), (111, 101), (107, 102), (108, 102), (104, 103), (105, 103), (106, 103), (101, 104), (102, 104), (103, 104), (100, 106), (99, 109), (98, 112), (97, 114)]
[(29, 53), (30, 53), (26, 54), (27, 54), (28, 54), (31, 54), (23, 55), (24, 55), (25, 55), (32, 55), (21, 56), (22, 56), (33, 56), (18, 57), (19, 57), (20, 57), (34, 57), (15, 58), (16, 58), (17, 58), (35, 58), (36, 59), (14, 60), (35, 61), (13, 63), (34, 64), (12, 66), (33, 67), (11, 68), (32, 69), (10, 71), (31, 72), (10, 73), (11, 74), (30, 74), (31, 74), (12, 75), (27, 75), (28, 75), (29, 75), (13, 76), (24, 76), (25, 76), (26, 76), (14, 77), (22, 77), (23, 77), (15, 78), (19, 78), (20, 78), (21, 78), (16, 79), (17, 79), (18, 79)]
[(30, 74), (31, 74), (27, 75), (28, 75), (29, 75), (32, 75), (24, 76), (25, 76), (26, 76), (33, 76), (22, 77), (23, 77), (34, 77), (19, 78), (20, 78), (21, 78), (35, 78), (16, 79), (17, 79), (18, 79), (36, 79), (37, 80), (15, 81), (36, 82), (14, 84), (35, 85), (13, 87), (34, 88), (12, 89), (33, 90), (11, 92), (32, 93), (11, 94), (12, 95), (31, 95), (32, 95), (13, 96), (28, 96), (29, 96), (30, 96), (14, 97), (25, 97), (26, 97), (27, 97), (15, 98), (23, 98), (24, 98), (16, 99), (20, 99), (21, 99), (22, 99), (17, 100), (18, 100), (19, 100)]
[(51, 75), (52, 75), (48, 76), (49, 76), (50, 76), (53, 76), (45, 77), (46, 77), (47, 77), (54, 77), (43, 78), (44, 78), (55, 78), (40, 79), (41, 79), (42, 79), (56, 79), (37, 80), (38, 80), (39, 80), (57, 80), (58, 81), (36, 82), (57, 83), (35, 85), (56, 86), (34, 88), (55, 89), (33, 90), (54, 91), (32, 93), (53, 94), (32, 95), (33, 96), (52, 96), (53, 96), (34, 97), (49, 97), (50, 97), (51, 97), (35, 98), (46, 98), (47, 98), (48, 98), (36, 99), (44, 99), (45, 99), (37, 100), (41, 100), (42, 100), (43, 100), (38, 101), (39, 101), (40, 101)]
[(52, 96), (53, 96), (49, 97), (50, 97), (51, 97), (54, 97), (46, 98), (47, 98), (48, 98), (55, 98), (44, 99), (45, 99), (56, 99), (41, 100), (42, 100), (43, 100), (57, 100), (38, 101), (39, 101), (40, 101), (58, 101), (59, 102), (37, 103), (58, 104), (36, 106), (57, 107), (35, 109), (56, 110), (34, 111), (55, 112), (33, 114)]
[(73, 97), (74, 97), (70, 98), (71, 98), (72, 98), (75, 98), (67, 99), (68, 99), (69, 99), (76, 99), (65, 100), (66, 100), (77, 100), (62, 101), (63, 101), (64, 101), (78, 101), (59, 102), (60, 102), (61, 102), (79, 102), (80, 103), (58, 104), (79, 105), (57, 107), (78, 108), (56, 110), (77, 111), (55, 112), (76, 113)]
[(31, 95), (32, 95), (28, 96), (29, 96), (30, 96), (33, 96), (25, 97), (26, 97), (27, 97), (34, 97), (23, 98), (24, 98), (35, 98), (20, 99), (21, 99), (22, 99), (36, 99), (17, 100), (18, 100), (19, 100), (37, 100), (38, 101), (16, 102), (37, 103), (15, 105), (36, 106), (14, 108), (35, 109), (13, 110), (34, 111), (12, 113), (33, 114)]
