[(111, 46), (112, 46), (113, 46), (114, 46), (110, 49), (109, 52), (108, 56), (107, 59), (106, 62), (106, 63), (107, 64), (108, 65), (109, 66), (110, 67), (111, 68), (112, 69), (113, 70), (114, 70)]
[(80, 37), (77, 38), (78, 38), (79, 38), (81, 38), (74, 39), (75, 39), (76, 39), (82, 39), (70, 40), (71, 40), (72, 40), (73, 40), (83, 40), (67, 41), (68, 41), (69, 41), (84, 41), (63, 42), (64, 42), (65, 42), (66, 42), (85, 42), (86, 43), (87, 44), (62, 45), (86, 47), (61, 48), (85, 50), (60, 52), (84, 54), (59, 55), (83, 57), (58, 58), (58, 59), (59, 60), (82, 60), (60, 61), (82, 61), (61, 62), (79, 62), (80, 62), (81, 62), (62, 63), (76, 63), (77, 63), (78, 63), (63, 64), (72, 64), (73, 64), (74, 64), (75, 64), (64, 65), (69, 65), (70, 65), (71, 65), (65, 66), (66, 66), (67, 66), (68, 66)]
[(104, 39), (101, 40), (102, 40), (103, 40), (105, 40), (98, 41), (99, 41), (100, 41), (106, 41), (94, 42), (95, 42), (96, 42), (97, 42), (107, 42), (91, 43), (92, 43), (93, 43), (108, 43), (87, 44), (88, 44), (89, 44), (90, 44), (109, 44), (110, 45), (111, 46), (86, 47), (110, 49), (85, 50), (109, 52), (84, 54), (108, 56), (83, 57), (107, 59), (82, 60), (82, 61), (83, 62), (106, 62), (84, 63), (106, 63), (85, 64), (103, 64), (104, 64), (105, 64), (86, 65), (100, 65), (101, 65), (102, 65), (87, 66), (96, 66), (97, 66), (98, 66), (99, 66), (88, 67), (93, 67), (94, 67), (95, 67), (89, 68), (90, 68), (91, 68), (92, 68)]
[(106, 63), (103, 64), (104, 64), (105, 64), (107, 64), (100, 65), (101, 65), (102, 65), (108, 65), (96, 66), (97, 66), (98, 66), (99, 66), (109, 66), (93, 67), (94, 67), (95, 67), (110, 67), (89, 68), (90, 68), (91, 68), (92, 68), (111, 68), (112, 69), (113, 70), (88, 71), (112, 73), (87, 74), (111, 76), (86, 78), (110, 80), (85, 81), (109, 83), (84, 84), (84, 85), (85, 86), (108, 86), (86, 87), (108, 87), (87, 88), (105, 88), (106, 88), (107, 88), (88, 89), (102, 89), (103, 89), (104, 89), (89, 90), (98, 90), (99, 90), (100, 90), (101, 90), (90, 91), (95, 91), (96, 91), (97, 91), (91, 92), (92, 92), (93, 92), (94, 92)]
[(113, 70), (114, 70), (112, 73), (111, 76), (110, 80), (109, 83), (108, 86), (108, 87), (109, 88), (110, 89), (111, 90), (112, 91), (113, 92), (114, 93)]
[(58, 59), (55, 60), (56, 60), (57, 60), (59, 60), (52, 61), (53, 61), (54, 61), (60, 61), (48, 62), (49, 62), (50, 62), (51, 62), (61, 62), (45, 63), (46, 63), (47, 63), (62, 63), (41, 64), (42, 64), (43, 64), (44, 64), (63, 64), (64, 65), (65, 66), (40, 67), (64, 69), (39, 70), (63, 72), (38, 74), (62, 76), (37, 77), (61, 79), (36, 80), (36, 81), (37, 82), (60, 82), (38, 83), (60, 83), (39, 84), (57, 84), (58, 84), (59, 84), (40, 85), (54, 85), (55, 85), (56, 85), (41, 86), (50, 86), (51, 86), (52, 86), (53, 86), (42, 87), (47, 87), (48, 87), (49, 87), (43, 88), (44, 88), (45, 88), (46, 88)]
[(82, 61), (79, 62), (80, 62), (81, 62), (83, 62), (76, 63), (77, 63), (78, 63), (84, 63), (72, 64), (73, 64), (74, 64), (75, 64), (85, 64), (69, 65), (70, 65), (71, 65), (86, 65), (65, 66), (66, 66), (67, 66), (68, 66), (87, 66), (88, 67), (89, 68), (64, 69), (88, 71), (63, 72), (87, 74), (62, 76), (86, 78), (61, 79), (85, 81), (60, 82), (60, 83), (61, 84), (84, 84), (62, 85), (84, 85), (63, 86), (81, 86), (82, 86), (83, 86), (64, 87), (78, 87), (79, 87), (80, 87), (65, 88), (74, 88), (75, 88), (76, 88), (77, 88), (66, 89), (71, 89), (72, 89), (73, 89), (67, 90), (68, 90), (69, 90), (70, 90)]
[(84, 85), (81, 86), (82, 86), (83, 86), (85, 86), (78, 87), (79, 87), (80, 87), (86, 87), (74, 88), (75, 88), (76, 88), (77, 88), (87, 88), (71, 89), (72, 89), (73, 89), (88, 89), (67, 90), (68, 90), (69, 90), (70, 90), (89, 90), (90, 91), (91, 92), (66, 93), (90, 95), (65, 96), (89, 98), (64, 100), (88, 102), (63, 103), (87, 105), (62, 106), (62, 107), (63, 108), (86, 108), (64, 109), (86, 109), (65, 110), (83, 110), (84, 110), (85, 110), (66, 111), (80, 111), (81, 111), (82, 111), (67, 112), (76, 112), (77, 112), (78, 112), (79, 112), (68, 113), (73, 113), (74, 113), (75, 113), (69, 114), (70, 114), (71, 114), (72, 114)]
[(108, 87), (105, 88), (106, 88), (107, 88), (109, 88), (102, 89), (103, 89), (104, 89), (110, 89), (98, 90), (99, 90), (100, 90), (101, 90), (111, 90), (95, 91), (96, 91), (97, 91), (112, 91), (91, 92), (92, 92), (93, 92), (94, 92), (113, 92), (114, 93), (90, 95), (114, 97), (89, 98), (113, 100), (88, 102), (112, 104), (87, 105), (111, 107), (86, 108), (86, 109), (87, 110), (110, 110), (88, 111), (110, 111), (89, 112), (107, 112), (108, 112), (109, 112), (90, 113), (104, 113), (105, 113), (106, 113), (91, 114), (100, 114), (101, 114), (102, 114), (103, 114)]
[(60, 83), (57, 84), (58, 84), (59, 84), (61, 84), (54, 85), (55, 85), (56, 85), (62, 85), (50, 86), (51, 86), (52, 86), (53, 86), (63, 86), (47, 87), (48, 87), (49, 87), (64, 87), (43, 88), (44, 88), (45, 88), (46, 88), (65, 88), (66, 89), (67, 90), (42, 91), (66, 93), (41, 94), (65, 96), (40, 98), (64, 100), (39, 101), (63, 103), (38, 104), (38, 105), (39, 106), (62, 106), (40, 107), (62, 107), (41, 108), (59, 108), (60, 108), (61, 108), (42, 109), (56, 109), (57, 109), (58, 109), (43, 110), (52, 110), (53, 110), (54, 110), (55, 110), (44, 111), (49, 111), (50, 111), (51, 111), (45, 112), (46, 112), (47, 112), (48, 112)]
[(62, 107), (59, 108), (60, 108), (61, 108), (63, 108), (56, 109), (57, 109), (58, 109), (64, 109), (52, 110), (53, 110), (54, 110), (55, 110), (65, 110), (49, 111), (50, 111), (51, 111), (66, 111), (45, 112), (46, 112), (47, 112), (48, 112), (67, 112), (68, 113), (69, 114)]
[(86, 109), (83, 110), (84, 110), (85, 110), (87, 110), (80, 111), (81, 111), (82, 111), (88, 111), (76, 112), (77, 112), (78, 112), (79, 112), (89, 112), (73, 113), (74, 113), (75, 113), (90, 113), (69, 114), (70, 114), (71, 114), (72, 114), (91, 114)]
