[(98, 49), (99, 49), (100, 49), (95, 50), (96, 50), (97, 50), (101, 50), (91, 51), (92, 51), (93, 51), (94, 51), (102, 51), (88, 52), (89, 52), (90, 52), (103, 52), (84, 53), (85, 53), (86, 53), (87, 53), (104, 53), (105, 54), (106, 55), (83, 56), (105, 58), (82, 59), (104, 61), (81, 63), (103, 65), (80, 66), (102, 68), (79, 69), (80, 69), (81, 70), (82, 71), (100, 71), (101, 71), (102, 71), (83, 72), (97, 72), (98, 72), (99, 72), (84, 73), (93, 73), (94, 73), (95, 73), (96, 73), (85, 74), (90, 74), (91, 74), (92, 74), (86, 75), (87, 75), (88, 75), (89, 75)]
[(113, 53), (114, 53), (110, 54), (111, 54), (112, 54), (106, 55), (107, 55), (108, 55), (109, 55), (105, 58), (104, 61), (103, 65), (102, 68), (101, 71), (102, 71), (103, 72), (104, 73), (105, 74), (106, 75), (107, 76), (112, 76), (113, 76), (114, 76), (108, 77), (109, 77), (110, 77), (111, 77)]
[(112, 76), (113, 76), (114, 76), (108, 77), (109, 77), (110, 77), (111, 77), (107, 80), (106, 83), (105, 87), (104, 90), (103, 93), (104, 93), (105, 94), (106, 95), (107, 96), (108, 97), (109, 98), (114, 98), (110, 99), (111, 99), (112, 99), (113, 99)]
[(54, 45), (55, 45), (56, 45), (51, 46), (52, 46), (53, 46), (57, 46), (47, 47), (48, 47), (49, 47), (50, 47), (58, 47), (44, 48), (45, 48), (46, 48), (59, 48), (40, 49), (41, 49), (42, 49), (43, 49), (60, 49), (61, 50), (62, 51), (39, 52), (61, 54), (38, 55), (60, 57), (37, 59), (59, 61), (36, 62), (58, 64), (35, 65), (36, 65), (37, 66), (38, 67), (56, 67), (57, 67), (58, 67), (39, 68), (53, 68), (54, 68), (55, 68), (40, 69), (49, 69), (50, 69), (51, 69), (52, 69), (41, 70), (46, 70), (47, 70), (48, 70), (42, 71), (43, 71), (44, 71), (45, 71)]
[(76, 47), (77, 47), (78, 47), (73, 48), (74, 48), (75, 48), (79, 48), (69, 49), (70, 49), (71, 49), (72, 49), (80, 49), (66, 50), (67, 50), (68, 50), (81, 50), (62, 51), (63, 51), (64, 51), (65, 51), (82, 51), (83, 52), (84, 53), (61, 54), (83, 56), (60, 57), (82, 59), (59, 61), (81, 63), (58, 64), (80, 66), (57, 67), (58, 67), (59, 68), (60, 69), (78, 69), (79, 69), (80, 69), (61, 70), (75, 70), (76, 70), (77, 70), (62, 71), (71, 71), (72, 71), (73, 71), (74, 71), (63, 72), (68, 72), (69, 72), (70, 72), (64, 73), (65, 73), (66, 73), (67, 73)]
[(78, 69), (79, 69), (80, 69), (75, 70), (76, 70), (77, 70), (81, 70), (71, 71), (72, 71), (73, 71), (74, 71), (82, 71), (68, 72), (69, 72), (70, 72), (83, 72), (64, 73), (65, 73), (66, 73), (67, 73), (84, 73), (85, 74), (86, 75), (63, 76), (85, 78), (62, 79), (84, 81), (61, 83), (83, 85), (60, 86), (82, 88), (59, 89), (60, 89), (61, 90), (62, 91), (80, 91), (81, 91), (82, 91), (63, 92), (77, 92), (78, 92), (79, 92), (64, 93), (73, 93), (74, 93), (75, 93), (76, 93), (65, 94), (70, 94), (71, 94), (72, 94), (66, 95), (67, 95), (68, 95), (69, 95)]
[(100, 71), (101, 71), (102, 71), (97, 72), (98, 72), (99, 72), (103, 72), (93, 73), (94, 73), (95, 73), (96, 73), (104, 73), (90, 74), (91, 74), (92, 74), (105, 74), (86, 75), (87, 75), (88, 75), (89, 75), (106, 75), (107, 76), (108, 77), (85, 78), (107, 80), (84, 81), (106, 83), (83, 85), (105, 87), (82, 88), (104, 90), (81, 91), (82, 91), (83, 92), (84, 93), (102, 93), (103, 93), (104, 93), (85, 94), (99, 94), (100, 94), (101, 94), (86, 95), (95, 95), (96, 95), (97, 95), (98, 95), (87, 96), (92, 96), (93, 96), (94, 96), (88, 97), (89, 97), (90, 97), (91, 97)]
[(102, 93), (103, 93), (104, 93), (99, 94), (100, 94), (101, 94), (105, 94), (95, 95), (96, 95), (97, 95), (98, 95), (106, 95), (92, 96), (93, 96), (94, 96), (107, 96), (88, 97), (89, 97), (90, 97), (91, 97), (108, 97), (109, 98), (110, 99), (87, 100), (109, 102), (86, 103), (108, 105), (85, 107), (107, 109), (84, 110), (106, 112), (83, 113), (84, 113), (85, 114)]
[(114, 98), (110, 99), (111, 99), (112, 99), (113, 99), (109, 102), (108, 105), (107, 109), (106, 112)]
[(34, 65), (35, 65), (36, 65), (31, 66), (32, 66), (33, 66), (37, 66), (27, 67), (28, 67), (29, 67), (30, 67), (38, 67), (24, 68), (25, 68), (26, 68), (39, 68), (20, 69), (21, 69), (22, 69), (23, 69), (40, 69), (41, 70), (42, 71), (19, 72), (41, 74), (18, 75), (40, 77), (17, 79), (39, 81), (16, 82), (38, 84), (15, 85), (16, 85), (17, 86), (18, 87), (36, 87), (37, 87), (38, 87), (19, 88), (33, 88), (34, 88), (35, 88), (20, 89), (29, 89), (30, 89), (31, 89), (32, 89), (21, 90), (26, 90), (27, 90), (28, 90), (22, 91), (23, 91), (24, 91), (25, 91)]
[(56, 67), (57, 67), (58, 67), (53, 68), (54, 68), (55, 68), (59, 68), (49, 69), (50, 69), (51, 69), (52, 69), (60, 69), (46, 70), (47, 70), (48, 70), (61, 70), (42, 71), (43, 71), (44, 71), (45, 71), (62, 71), (63, 72), (64, 73), (41, 74), (63, 76), (40, 77), (62, 79), (39, 81), (61, 83), (38, 84), (60, 86), (37, 87), (38, 87), (39, 88), (40, 89), (58, 89), (59, 89), (60, 89), (41, 90), (55, 90), (56, 90), (57, 90), (42, 91), (51, 91), (52, 91), (53, 91), (54, 91), (43, 92), (48, 92), (49, 92), (50, 92), (44, 93), (45, 93), (46, 93), (47, 93)]
[(58, 89), (59, 89), (60, 89), (55, 90), (56, 90), (57, 90), (61, 90), (51, 91), (52, 91), (53, 91), (54, 91), (62, 91), (48, 92), (49, 92), (50, 92), (63, 92), (44, 93), (45, 93), (46, 93), (47, 93), (64, 93), (65, 94), (66, 95), (43, 96), (65, 98), (42, 99), (64, 101), (41, 103), (63, 105), (40, 106), (62, 108), (39, 109), (40, 109), (41, 110), (42, 111), (60, 111), (61, 111), (62, 111), (43, 112), (57, 112), (58, 112), (59, 112), (44, 113), (53, 113), (54, 113), (55, 113), (56, 113), (45, 114), (50, 114), (51, 114), (52, 114)]
[(80, 91), (81, 91), (82, 91), (77, 92), (78, 92), (79, 92), (83, 92), (73, 93), (74, 93), (75, 93), (76, 93), (84, 93), (70, 94), (71, 94), (72, 94), (85, 94), (66, 95), (67, 95), (68, 95), (69, 95), (86, 95), (87, 96), (88, 97), (65, 98), (87, 100), (64, 101), (86, 103), (63, 105), (85, 107), (62, 108), (84, 110), (61, 111), (62, 111), (63, 112), (64, 113), (82, 113), (83, 113), (84, 113), (65, 114), (79, 114), (80, 114), (81, 114)]
[(82, 113), (83, 113), (84, 113), (79, 114), (80, 114), (81, 114), (85, 114)]
[(36, 87), (37, 87), (38, 87), (33, 88), (34, 88), (35, 88), (39, 88), (29, 89), (30, 89), (31, 89), (32, 89), (40, 89), (26, 90), (27, 90), (28, 90), (41, 90), (22, 91), (23, 91), (24, 91), (25, 91), (42, 91), (43, 92), (44, 93), (21, 94), (43, 96), (20, 97), (42, 99), (19, 101), (41, 103), (18, 104), (40, 106), (17, 107), (18, 107), (19, 108), (20, 109), (38, 109), (39, 109), (40, 109), (21, 110), (35, 110), (36, 110), (37, 110), (22, 111), (31, 111), (32, 111), (33, 111), (34, 111), (23, 112), (28, 112), (29, 112), (30, 112), (24, 113), (25, 113), (26, 113), (27, 113)]
[(38, 109), (39, 109), (40, 109), (35, 110), (36, 110), (37, 110), (41, 110), (31, 111), (32, 111), (33, 111), (34, 111), (42, 111), (28, 112), (29, 112), (30, 112), (43, 112), (24, 113), (25, 113), (26, 113), (27, 113), (44, 113), (45, 114)]
[(60, 111), (61, 111), (62, 111), (57, 112), (58, 112), (59, 112), (63, 112), (53, 113), (54, 113), (55, 113), (56, 113), (64, 113), (50, 114), (51, 114), (52, 114), (65, 114)]
