[(112, 19), (113, 19), (110, 20), (111, 20), (114, 20), (107, 21), (108, 21), (109, 21), (104, 22), (105, 22), (106, 22), (102, 23), (103, 23), (114, 23), (99, 24), (100, 24), (101, 24), (97, 25), (98, 25), (94, 26), (95, 26), (96, 26), (113, 26), (91, 27), (92, 27), (93, 27), (112, 28), (90, 29), (111, 31), (89, 32), (110, 33), (88, 34), (109, 36), (87, 37), (86, 39), (108, 39), (107, 41), (85, 42), (106, 43), (107, 43), (104, 44), (105, 44), (84, 45), (101, 45), (102, 45), (103, 45), (98, 46), (99, 46), (100, 46), (83, 47), (96, 47), (97, 47), (93, 48), (94, 48), (95, 48), (83, 49), (91, 49), (92, 49), (84, 50), (88, 50), (89, 50), (90, 50), (85, 51), (86, 51), (87, 51)]
[(114, 23), (113, 26), (112, 28), (111, 31), (110, 33), (109, 36), (108, 39), (107, 41), (107, 43), (108, 44), (112, 44), (113, 44), (114, 44), (109, 45), (110, 45), (111, 45)]
[(112, 44), (113, 44), (114, 44), (109, 45), (110, 45), (111, 45), (108, 47), (107, 50), (106, 52), (105, 55), (104, 57), (103, 60), (102, 63), (101, 65), (114, 65), (111, 66), (112, 66), (113, 66), (101, 67), (109, 67), (110, 67), (102, 68), (106, 68), (107, 68), (108, 68), (103, 69), (104, 69), (105, 69)]
[(64, 31), (65, 31), (62, 32), (63, 32), (66, 32), (59, 33), (60, 33), (61, 33), (67, 33), (56, 34), (57, 34), (58, 34), (54, 35), (55, 35), (66, 35), (51, 36), (52, 36), (53, 36), (49, 37), (50, 37), (46, 38), (47, 38), (48, 38), (65, 38), (43, 39), (44, 39), (45, 39), (64, 40), (42, 41), (63, 43), (41, 44), (62, 45), (40, 46), (61, 48), (39, 49), (38, 51), (60, 51), (59, 53), (37, 54), (58, 55), (59, 55), (56, 56), (57, 56), (36, 57), (53, 57), (54, 57), (55, 57), (50, 58), (51, 58), (52, 58), (35, 59), (48, 59), (49, 59), (45, 60), (46, 60), (47, 60), (35, 61), (43, 61), (44, 61), (36, 62), (40, 62), (41, 62), (42, 62), (37, 63), (38, 63), (39, 63)]
[(88, 25), (89, 25), (86, 26), (87, 26), (90, 26), (83, 27), (84, 27), (85, 27), (91, 27), (80, 28), (81, 28), (82, 28), (78, 29), (79, 29), (90, 29), (75, 30), (76, 30), (77, 30), (73, 31), (74, 31), (70, 32), (71, 32), (72, 32), (89, 32), (67, 33), (68, 33), (69, 33), (88, 34), (66, 35), (87, 37), (65, 38), (86, 39), (64, 40), (85, 42), (63, 43), (62, 45), (84, 45), (83, 47), (61, 48), (82, 49), (83, 49), (80, 50), (81, 50), (60, 51), (77, 51), (78, 51), (79, 51), (74, 52), (75, 52), (76, 52), (59, 53), (72, 53), (73, 53), (69, 54), (70, 54), (71, 54), (59, 55), (67, 55), (68, 55), (60, 56), (64, 56), (65, 56), (66, 56), (61, 57), (62, 57), (63, 57)]
[(82, 49), (83, 49), (80, 50), (81, 50), (84, 50), (77, 51), (78, 51), (79, 51), (85, 51), (74, 52), (75, 52), (76, 52), (72, 53), (73, 53), (84, 53), (69, 54), (70, 54), (71, 54), (67, 55), (68, 55), (64, 56), (65, 56), (66, 56), (83, 56), (61, 57), (62, 57), (63, 57), (82, 58), (60, 59), (81, 61), (59, 62), (80, 63), (58, 64), (79, 66), (57, 67), (56, 69), (78, 69), (77, 71), (55, 72), (76, 73), (77, 73), (74, 74), (75, 74), (54, 75), (71, 75), (72, 75), (73, 75), (68, 76), (69, 76), (70, 76), (53, 77), (66, 77), (67, 77), (63, 78), (64, 78), (65, 78), (53, 79), (61, 79), (62, 79), (54, 80), (58, 80), (59, 80), (60, 80), (55, 81), (56, 81), (57, 81)]
[(106, 43), (107, 43), (104, 44), (105, 44), (108, 44), (101, 45), (102, 45), (103, 45), (109, 45), (98, 46), (99, 46), (100, 46), (96, 47), (97, 47), (108, 47), (93, 48), (94, 48), (95, 48), (91, 49), (92, 49), (88, 50), (89, 50), (90, 50), (107, 50), (85, 51), (86, 51), (87, 51), (106, 52), (84, 53), (105, 55), (83, 56), (104, 57), (82, 58), (103, 60), (81, 61), (80, 63), (102, 63), (101, 65), (79, 66), (100, 67), (101, 67), (98, 68), (99, 68), (78, 69), (95, 69), (96, 69), (97, 69), (92, 70), (93, 70), (94, 70), (77, 71), (90, 71), (91, 71), (87, 72), (88, 72), (89, 72), (77, 73), (85, 73), (86, 73), (78, 74), (82, 74), (83, 74), (84, 74), (79, 75), (80, 75), (81, 75)]
[(100, 67), (101, 67), (98, 68), (99, 68), (102, 68), (95, 69), (96, 69), (97, 69), (103, 69), (92, 70), (93, 70), (94, 70), (90, 71), (91, 71), (102, 71), (87, 72), (88, 72), (89, 72), (85, 73), (86, 73), (82, 74), (83, 74), (84, 74), (101, 74), (79, 75), (80, 75), (81, 75), (100, 76), (78, 77), (99, 79), (77, 80), (98, 81), (76, 82), (97, 84), (75, 85), (74, 87), (96, 87), (95, 89), (73, 90), (94, 91), (95, 91), (92, 92), (93, 92), (72, 93), (89, 93), (90, 93), (91, 93), (86, 94), (87, 94), (88, 94), (71, 95), (84, 95), (85, 95), (81, 96), (82, 96), (83, 96), (71, 97), (79, 97), (80, 97), (72, 98), (76, 98), (77, 98), (78, 98), (73, 99), (74, 99), (75, 99)]
[(114, 65), (111, 66), (112, 66), (113, 66), (109, 67), (110, 67), (106, 68), (107, 68), (108, 68), (103, 69), (104, 69), (105, 69), (102, 71), (101, 74), (100, 76), (99, 79), (98, 81), (97, 84), (96, 87), (113, 87), (114, 87), (110, 88), (111, 88), (112, 88), (95, 89), (108, 89), (109, 89), (105, 90), (106, 90), (107, 90), (95, 91), (103, 91), (104, 91), (96, 92), (100, 92), (101, 92), (102, 92), (97, 93), (98, 93), (99, 93)]
[(113, 87), (114, 87), (110, 88), (111, 88), (112, 88), (108, 89), (109, 89), (105, 90), (106, 90), (107, 90), (103, 91), (104, 91), (100, 92), (101, 92), (102, 92), (97, 93), (98, 93), (99, 93), (96, 95), (95, 98), (94, 100), (93, 103), (92, 105), (114, 105), (113, 107), (91, 108), (112, 109), (113, 109), (110, 110), (111, 110), (90, 111), (107, 111), (108, 111), (109, 111), (104, 112), (105, 112), (106, 112), (89, 113), (102, 113), (103, 113), (99, 114), (100, 114), (101, 114)]
[(114, 105), (113, 107), (113, 109), (114, 110)]
[(34, 61), (35, 61), (32, 62), (33, 62), (36, 62), (29, 63), (30, 63), (31, 63), (37, 63), (26, 64), (27, 64), (28, 64), (24, 65), (25, 65), (36, 65), (21, 66), (22, 66), (23, 66), (19, 67), (20, 67), (16, 68), (17, 68), (18, 68), (35, 68), (13, 69), (14, 69), (15, 69), (34, 70), (12, 71), (33, 73), (11, 74), (32, 75), (10, 76), (31, 78), (9, 79), (8, 81), (30, 81), (29, 83), (7, 84), (28, 85), (29, 85), (26, 86), (27, 86), (6, 87), (23, 87), (24, 87), (25, 87), (20, 88), (21, 88), (22, 88), (5, 89), (18, 89), (19, 89), (15, 90), (16, 90), (17, 90), (5, 91), (13, 91), (14, 91), (6, 92), (10, 92), (11, 92), (12, 92), (7, 93), (8, 93), (9, 93)]
[(58, 55), (59, 55), (56, 56), (57, 56), (60, 56), (53, 57), (54, 57), (55, 57), (61, 57), (50, 58), (51, 58), (52, 58), (48, 59), (49, 59), (60, 59), (45, 60), (46, 60), (47, 60), (43, 61), (44, 61), (40, 62), (41, 62), (42, 62), (59, 62), (37, 63), (38, 63), (39, 63), (58, 64), (36, 65), (57, 67), (35, 68), (56, 69), (34, 70), (55, 72), (33, 73), (32, 75), (54, 75), (53, 77), (31, 78), (52, 79), (53, 79), (50, 80), (51, 80), (30, 81), (47, 81), (48, 81), (49, 81), (44, 82), (45, 82), (46, 82), (29, 83), (42, 83), (43, 83), (39, 84), (40, 84), (41, 84), (29, 85), (37, 85), (38, 85), (30, 86), (34, 86), (35, 86), (36, 86), (31, 87), (32, 87), (33, 87)]
[(52, 79), (53, 79), (50, 80), (51, 80), (54, 80), (47, 81), (48, 81), (49, 81), (55, 81), (44, 82), (45, 82), (46, 82), (42, 83), (43, 83), (54, 83), (39, 84), (40, 84), (41, 84), (37, 85), (38, 85), (34, 86), (35, 86), (36, 86), (53, 86), (31, 87), (32, 87), (33, 87), (52, 88), (30, 89), (51, 91), (29, 92), (50, 93), (28, 94), (49, 96), (27, 97), (26, 99), (48, 99), (47, 101), (25, 102), (46, 103), (47, 103), (44, 104), (45, 104), (24, 105), (41, 105), (42, 105), (43, 105), (38, 106), (39, 106), (40, 106), (23, 107), (36, 107), (37, 107), (33, 108), (34, 108), (35, 108), (23, 109), (31, 109), (32, 109), (24, 110), (28, 110), (29, 110), (30, 110), (25, 111), (26, 111), (27, 111)]
[(76, 73), (77, 73), (74, 74), (75, 74), (78, 74), (71, 75), (72, 75), (73, 75), (79, 75), (68, 76), (69, 76), (70, 76), (66, 77), (67, 77), (78, 77), (63, 78), (64, 78), (65, 78), (61, 79), (62, 79), (58, 80), (59, 80), (60, 80), (77, 80), (55, 81), (56, 81), (57, 81), (76, 82), (54, 83), (75, 85), (53, 86), (74, 87), (52, 88), (73, 90), (51, 91), (50, 93), (72, 93), (71, 95), (49, 96), (70, 97), (71, 97), (68, 98), (69, 98), (48, 99), (65, 99), (66, 99), (67, 99), (62, 100), (63, 100), (64, 100), (47, 101), (60, 101), (61, 101), (57, 102), (58, 102), (59, 102), (47, 103), (55, 103), (56, 103), (48, 104), (52, 104), (53, 104), (54, 104), (49, 105), (50, 105), (51, 105)]
[(70, 97), (71, 97), (68, 98), (69, 98), (72, 98), (65, 99), (66, 99), (67, 99), (73, 99), (62, 100), (63, 100), (64, 100), (60, 101), (61, 101), (72, 101), (57, 102), (58, 102), (59, 102), (55, 103), (56, 103), (52, 104), (53, 104), (54, 104), (71, 104), (49, 105), (50, 105), (51, 105), (70, 106), (48, 107), (69, 109), (47, 110), (68, 111), (46, 112), (67, 114)]
[(94, 91), (95, 91), (92, 92), (93, 92), (96, 92), (89, 93), (90, 93), (91, 93), (97, 93), (86, 94), (87, 94), (88, 94), (84, 95), (85, 95), (96, 95), (81, 96), (82, 96), (83, 96), (79, 97), (80, 97), (76, 98), (77, 98), (78, 98), (95, 98), (73, 99), (74, 99), (75, 99), (94, 100), (72, 101), (93, 103), (71, 104), (92, 105), (70, 106), (91, 108), (69, 109), (68, 111), (90, 111), (89, 113), (67, 114)]
[(112, 109), (113, 109), (110, 110), (111, 110), (114, 110), (107, 111), (108, 111), (109, 111), (104, 112), (105, 112), (106, 112), (102, 113), (103, 113), (114, 113), (99, 114), (100, 114), (101, 114)]
[(28, 85), (29, 85), (26, 86), (27, 86), (30, 86), (23, 87), (24, 87), (25, 87), (31, 87), (20, 88), (21, 88), (22, 88), (18, 89), (19, 89), (30, 89), (15, 90), (16, 90), (17, 90), (13, 91), (14, 91), (10, 92), (11, 92), (12, 92), (29, 92), (7, 93), (8, 93), (9, 93), (28, 94), (6, 95), (27, 97), (5, 98), (26, 99), (4, 100), (25, 102), (3, 103), (2, 105), (24, 105), (23, 107), (1, 108), (22, 109), (23, 109), (20, 110), (21, 110), (0, 111), (17, 111), (18, 111), (19, 111), (14, 112), (15, 112), (16, 112), (12, 113), (13, 113), (9, 114), (10, 114), (11, 114)]
[(22, 109), (23, 109), (20, 110), (21, 110), (24, 110), (17, 111), (18, 111), (19, 111), (25, 111), (14, 112), (15, 112), (16, 112), (12, 113), (13, 113), (24, 113), (9, 114), (10, 114), (11, 114)]
[(46, 103), (47, 103), (44, 104), (45, 104), (48, 104), (41, 105), (42, 105), (43, 105), (49, 105), (38, 106), (39, 106), (40, 106), (36, 107), (37, 107), (48, 107), (33, 108), (34, 108), (35, 108), (31, 109), (32, 109), (28, 110), (29, 110), (30, 110), (47, 110), (25, 111), (26, 111), (27, 111), (46, 112), (24, 113)]
