[(91, 19), (92, 19), (93, 19), (94, 19), (87, 20), (88, 20), (89, 20), (90, 20), (95, 20), (83, 21), (84, 21), (85, 21), (86, 21), (79, 22), (80, 22), (81, 22), (82, 22), (75, 23), (76, 23), (77, 23), (78, 23), (94, 24), (74, 27), (93, 28), (73, 31), (92, 32), (72, 35), (91, 36), (71, 39), (88, 39), (89, 39), (90, 39), (91, 39), (84, 40), (85, 40), (86, 40), (87, 40), (80, 41), (81, 41), (82, 41), (83, 41), (71, 42), (76, 42), (77, 42), (78, 42), (79, 42), (72, 43), (73, 43), (74, 43), (75, 43)]
[(111, 16), (112, 16), (113, 16), (114, 16), (107, 17), (108, 17), (109, 17), (110, 17), (103, 18), (104, 18), (105, 18), (106, 18), (99, 19), (100, 19), (101, 19), (102, 19), (95, 20), (96, 20), (97, 20), (98, 20), (114, 21), (94, 24), (113, 25), (93, 28), (112, 29), (92, 32), (111, 33), (91, 36), (108, 36), (109, 36), (110, 36), (111, 36), (104, 37), (105, 37), (106, 37), (107, 37), (100, 38), (101, 38), (102, 38), (103, 38), (91, 39), (96, 39), (97, 39), (98, 39), (99, 39), (92, 40), (93, 40), (94, 40), (95, 40)]
[(108, 36), (109, 36), (110, 36), (111, 36), (104, 37), (105, 37), (106, 37), (107, 37), (112, 37), (100, 38), (101, 38), (102, 38), (103, 38), (96, 39), (97, 39), (98, 39), (99, 39), (92, 40), (93, 40), (94, 40), (95, 40), (111, 41), (91, 44), (110, 45), (90, 48), (109, 49), (89, 52), (108, 53), (88, 56), (105, 56), (106, 56), (107, 56), (108, 56), (101, 57), (102, 57), (103, 57), (104, 57), (97, 58), (98, 58), (99, 58), (100, 58), (88, 59), (93, 59), (94, 59), (95, 59), (96, 59), (89, 60), (90, 60), (91, 60), (92, 60)]
[(112, 37), (113, 37), (114, 37), (111, 41), (110, 45), (109, 49), (108, 53), (108, 56), (113, 56), (114, 56), (109, 57), (110, 57), (111, 57), (112, 57)]
[(113, 56), (114, 56), (109, 57), (110, 57), (111, 57), (112, 57), (108, 61), (107, 65), (106, 69), (105, 73), (114, 75), (105, 76), (110, 76), (111, 76), (112, 76), (113, 76), (106, 77), (107, 77), (108, 77), (109, 77)]
[(51, 25), (52, 25), (53, 25), (54, 25), (47, 26), (48, 26), (49, 26), (50, 26), (55, 26), (43, 27), (44, 27), (45, 27), (46, 27), (39, 28), (40, 28), (41, 28), (42, 28), (35, 29), (36, 29), (37, 29), (38, 29), (54, 30), (34, 33), (53, 34), (33, 37), (52, 38), (32, 41), (51, 42), (31, 45), (48, 45), (49, 45), (50, 45), (51, 45), (44, 46), (45, 46), (46, 46), (47, 46), (40, 47), (41, 47), (42, 47), (43, 47), (31, 48), (36, 48), (37, 48), (38, 48), (39, 48), (32, 49), (33, 49), (34, 49), (35, 49)]
[(71, 22), (72, 22), (73, 22), (74, 22), (67, 23), (68, 23), (69, 23), (70, 23), (75, 23), (63, 24), (64, 24), (65, 24), (66, 24), (59, 25), (60, 25), (61, 25), (62, 25), (55, 26), (56, 26), (57, 26), (58, 26), (74, 27), (54, 30), (73, 31), (53, 34), (72, 35), (52, 38), (71, 39), (51, 42), (68, 42), (69, 42), (70, 42), (71, 42), (64, 43), (65, 43), (66, 43), (67, 43), (60, 44), (61, 44), (62, 44), (63, 44), (51, 45), (56, 45), (57, 45), (58, 45), (59, 45), (52, 46), (53, 46), (54, 46), (55, 46)]
[(68, 42), (69, 42), (70, 42), (71, 42), (64, 43), (65, 43), (66, 43), (67, 43), (72, 43), (60, 44), (61, 44), (62, 44), (63, 44), (56, 45), (57, 45), (58, 45), (59, 45), (52, 46), (53, 46), (54, 46), (55, 46), (71, 47), (51, 50), (70, 51), (50, 54), (69, 55), (49, 58), (68, 59), (48, 62), (65, 62), (66, 62), (67, 62), (68, 62), (61, 63), (62, 63), (63, 63), (64, 63), (57, 64), (58, 64), (59, 64), (60, 64), (48, 65), (53, 65), (54, 65), (55, 65), (56, 65), (49, 66), (50, 66), (51, 66), (52, 66)]
[(88, 39), (89, 39), (90, 39), (91, 39), (84, 40), (85, 40), (86, 40), (87, 40), (92, 40), (80, 41), (81, 41), (82, 41), (83, 41), (76, 42), (77, 42), (78, 42), (79, 42), (72, 43), (73, 43), (74, 43), (75, 43), (91, 44), (71, 47), (90, 48), (70, 51), (89, 52), (69, 55), (88, 56), (68, 59), (85, 59), (86, 59), (87, 59), (88, 59), (81, 60), (82, 60), (83, 60), (84, 60), (77, 61), (78, 61), (79, 61), (80, 61), (68, 62), (73, 62), (74, 62), (75, 62), (76, 62), (69, 63), (70, 63), (71, 63), (72, 63)]
[(85, 59), (86, 59), (87, 59), (88, 59), (81, 60), (82, 60), (83, 60), (84, 60), (89, 60), (77, 61), (78, 61), (79, 61), (80, 61), (73, 62), (74, 62), (75, 62), (76, 62), (69, 63), (70, 63), (71, 63), (72, 63), (88, 64), (68, 67), (87, 68), (67, 71), (86, 72), (66, 75), (85, 76), (65, 79), (82, 79), (83, 79), (84, 79), (85, 79), (78, 80), (79, 80), (80, 80), (81, 80), (74, 81), (75, 81), (76, 81), (77, 81), (65, 82), (70, 82), (71, 82), (72, 82), (73, 82), (66, 83), (67, 83), (68, 83), (69, 83)]
[(105, 56), (106, 56), (107, 56), (108, 56), (101, 57), (102, 57), (103, 57), (104, 57), (109, 57), (97, 58), (98, 58), (99, 58), (100, 58), (93, 59), (94, 59), (95, 59), (96, 59), (89, 60), (90, 60), (91, 60), (92, 60), (108, 61), (88, 64), (107, 65), (87, 68), (106, 69), (86, 72), (105, 73), (85, 76), (102, 76), (103, 76), (104, 76), (105, 76), (98, 77), (99, 77), (100, 77), (101, 77), (94, 78), (95, 78), (96, 78), (97, 78), (85, 79), (90, 79), (91, 79), (92, 79), (93, 79), (86, 80), (87, 80), (88, 80), (89, 80)]
[(102, 76), (103, 76), (104, 76), (105, 76), (98, 77), (99, 77), (100, 77), (101, 77), (106, 77), (94, 78), (95, 78), (96, 78), (97, 78), (90, 79), (91, 79), (92, 79), (93, 79), (86, 80), (87, 80), (88, 80), (89, 80), (105, 81), (85, 84), (104, 85), (84, 88), (103, 89), (83, 92), (102, 93), (82, 96), (99, 96), (100, 96), (101, 96), (102, 96), (95, 97), (96, 97), (97, 97), (98, 97), (91, 98), (92, 98), (93, 98), (94, 98), (82, 99), (87, 99), (88, 99), (89, 99), (90, 99), (83, 100), (84, 100), (85, 100), (86, 100)]
[(114, 75), (110, 76), (111, 76), (112, 76), (113, 76), (106, 77), (107, 77), (108, 77), (109, 77), (105, 81), (104, 85), (103, 89), (102, 93), (111, 95), (112, 95), (113, 95), (114, 95), (102, 96), (107, 96), (108, 96), (109, 96), (110, 96), (103, 97), (104, 97), (105, 97), (106, 97)]
[(111, 95), (112, 95), (113, 95), (114, 95), (107, 96), (108, 96), (109, 96), (110, 96), (103, 97), (104, 97), (105, 97), (106, 97), (102, 101), (101, 105), (100, 109), (99, 113), (112, 114), (113, 114), (114, 114)]
[(28, 48), (29, 48), (30, 48), (31, 48), (24, 49), (25, 49), (26, 49), (27, 49), (32, 49), (20, 50), (21, 50), (22, 50), (23, 50), (16, 51), (17, 51), (18, 51), (19, 51), (12, 52), (13, 52), (14, 52), (15, 52), (31, 53), (11, 56), (30, 57), (10, 60), (29, 61), (9, 64), (28, 65), (8, 68), (25, 68), (26, 68), (27, 68), (28, 68), (21, 69), (22, 69), (23, 69), (24, 69), (17, 70), (18, 70), (19, 70), (20, 70), (8, 71), (13, 71), (14, 71), (15, 71), (16, 71), (9, 72), (10, 72), (11, 72), (12, 72)]
[(48, 45), (49, 45), (50, 45), (51, 45), (44, 46), (45, 46), (46, 46), (47, 46), (52, 46), (40, 47), (41, 47), (42, 47), (43, 47), (36, 48), (37, 48), (38, 48), (39, 48), (32, 49), (33, 49), (34, 49), (35, 49), (51, 50), (31, 53), (50, 54), (30, 57), (49, 58), (29, 61), (48, 62), (28, 65), (45, 65), (46, 65), (47, 65), (48, 65), (41, 66), (42, 66), (43, 66), (44, 66), (37, 67), (38, 67), (39, 67), (40, 67), (28, 68), (33, 68), (34, 68), (35, 68), (36, 68), (29, 69), (30, 69), (31, 69), (32, 69)]
[(45, 65), (46, 65), (47, 65), (48, 65), (41, 66), (42, 66), (43, 66), (44, 66), (49, 66), (37, 67), (38, 67), (39, 67), (40, 67), (33, 68), (34, 68), (35, 68), (36, 68), (29, 69), (30, 69), (31, 69), (32, 69), (48, 70), (28, 73), (47, 74), (27, 77), (46, 78), (26, 81), (45, 82), (25, 85), (42, 85), (43, 85), (44, 85), (45, 85), (38, 86), (39, 86), (40, 86), (41, 86), (34, 87), (35, 87), (36, 87), (37, 87), (25, 88), (30, 88), (31, 88), (32, 88), (33, 88), (26, 89), (27, 89), (28, 89), (29, 89)]
[(65, 62), (66, 62), (67, 62), (68, 62), (61, 63), (62, 63), (63, 63), (64, 63), (69, 63), (57, 64), (58, 64), (59, 64), (60, 64), (53, 65), (54, 65), (55, 65), (56, 65), (49, 66), (50, 66), (51, 66), (52, 66), (68, 67), (48, 70), (67, 71), (47, 74), (66, 75), (46, 78), (65, 79), (45, 82), (62, 82), (63, 82), (64, 82), (65, 82), (58, 83), (59, 83), (60, 83), (61, 83), (54, 84), (55, 84), (56, 84), (57, 84), (45, 85), (50, 85), (51, 85), (52, 85), (53, 85), (46, 86), (47, 86), (48, 86), (49, 86)]
[(62, 82), (63, 82), (64, 82), (65, 82), (58, 83), (59, 83), (60, 83), (61, 83), (66, 83), (54, 84), (55, 84), (56, 84), (57, 84), (50, 85), (51, 85), (52, 85), (53, 85), (46, 86), (47, 86), (48, 86), (49, 86), (65, 87), (45, 90), (64, 91), (44, 94), (63, 95), (43, 98), (62, 99), (42, 102), (59, 102), (60, 102), (61, 102), (62, 102), (55, 103), (56, 103), (57, 103), (58, 103), (51, 104), (52, 104), (53, 104), (54, 104), (42, 105), (47, 105), (48, 105), (49, 105), (50, 105), (43, 106), (44, 106), (45, 106), (46, 106)]
[(82, 79), (83, 79), (84, 79), (85, 79), (78, 80), (79, 80), (80, 80), (81, 80), (86, 80), (74, 81), (75, 81), (76, 81), (77, 81), (70, 82), (71, 82), (72, 82), (73, 82), (66, 83), (67, 83), (68, 83), (69, 83), (85, 84), (65, 87), (84, 88), (64, 91), (83, 92), (63, 95), (82, 96), (62, 99), (79, 99), (80, 99), (81, 99), (82, 99), (75, 100), (76, 100), (77, 100), (78, 100), (71, 101), (72, 101), (73, 101), (74, 101), (62, 102), (67, 102), (68, 102), (69, 102), (70, 102), (63, 103), (64, 103), (65, 103), (66, 103)]
[(79, 99), (80, 99), (81, 99), (82, 99), (75, 100), (76, 100), (77, 100), (78, 100), (83, 100), (71, 101), (72, 101), (73, 101), (74, 101), (67, 102), (68, 102), (69, 102), (70, 102), (63, 103), (64, 103), (65, 103), (66, 103), (82, 104), (62, 107), (81, 108), (61, 111), (80, 112)]
[(99, 96), (100, 96), (101, 96), (102, 96), (95, 97), (96, 97), (97, 97), (98, 97), (103, 97), (91, 98), (92, 98), (93, 98), (94, 98), (87, 99), (88, 99), (89, 99), (90, 99), (83, 100), (84, 100), (85, 100), (86, 100), (102, 101), (82, 104), (101, 105), (81, 108), (100, 109), (80, 112), (99, 113)]
[(112, 114), (113, 114), (114, 114)]
[(25, 68), (26, 68), (27, 68), (28, 68), (21, 69), (22, 69), (23, 69), (24, 69), (29, 69), (17, 70), (18, 70), (19, 70), (20, 70), (13, 71), (14, 71), (15, 71), (16, 71), (9, 72), (10, 72), (11, 72), (12, 72), (28, 73), (8, 76), (27, 77), (7, 80), (26, 81), (6, 84), (25, 85), (5, 88), (22, 88), (23, 88), (24, 88), (25, 88), (18, 89), (19, 89), (20, 89), (21, 89), (14, 90), (15, 90), (16, 90), (17, 90), (5, 91), (10, 91), (11, 91), (12, 91), (13, 91), (6, 92), (7, 92), (8, 92), (9, 92)]
[(22, 88), (23, 88), (24, 88), (25, 88), (18, 89), (19, 89), (20, 89), (21, 89), (26, 89), (14, 90), (15, 90), (16, 90), (17, 90), (10, 91), (11, 91), (12, 91), (13, 91), (6, 92), (7, 92), (8, 92), (9, 92), (25, 93), (5, 96), (24, 97), (4, 100), (23, 101), (3, 104), (22, 105), (2, 108), (19, 108), (20, 108), (21, 108), (22, 108), (15, 109), (16, 109), (17, 109), (18, 109), (11, 110), (12, 110), (13, 110), (14, 110), (2, 111), (7, 111), (8, 111), (9, 111), (10, 111), (3, 112), (4, 112), (5, 112), (6, 112)]
[(42, 85), (43, 85), (44, 85), (45, 85), (38, 86), (39, 86), (40, 86), (41, 86), (46, 86), (34, 87), (35, 87), (36, 87), (37, 87), (30, 88), (31, 88), (32, 88), (33, 88), (26, 89), (27, 89), (28, 89), (29, 89), (45, 90), (25, 93), (44, 94), (24, 97), (43, 98), (23, 101), (42, 102), (22, 105), (39, 105), (40, 105), (41, 105), (42, 105), (35, 106), (36, 106), (37, 106), (38, 106), (31, 107), (32, 107), (33, 107), (34, 107), (22, 108), (27, 108), (28, 108), (29, 108), (30, 108), (23, 109), (24, 109), (25, 109), (26, 109)]
[(39, 105), (40, 105), (41, 105), (42, 105), (35, 106), (36, 106), (37, 106), (38, 106), (43, 106), (31, 107), (32, 107), (33, 107), (34, 107), (27, 108), (28, 108), (29, 108), (30, 108), (23, 109), (24, 109), (25, 109), (26, 109), (42, 110), (22, 113), (41, 114)]
[(59, 102), (60, 102), (61, 102), (62, 102), (55, 103), (56, 103), (57, 103), (58, 103), (63, 103), (51, 104), (52, 104), (53, 104), (54, 104), (47, 105), (48, 105), (49, 105), (50, 105), (43, 106), (44, 106), (45, 106), (46, 106), (62, 107), (42, 110), (61, 111), (41, 114)]
[(19, 108), (20, 108), (21, 108), (22, 108), (15, 109), (16, 109), (17, 109), (18, 109), (23, 109), (11, 110), (12, 110), (13, 110), (14, 110), (7, 111), (8, 111), (9, 111), (10, 111), (3, 112), (4, 112), (5, 112), (6, 112), (22, 113)]
