[(84, 6), (85, 6), (86, 6), (80, 7), (81, 7), (82, 7), (83, 7), (87, 7), (77, 8), (78, 8), (79, 8), (88, 8), (73, 9), (74, 9), (75, 9), (76, 9), (89, 9), (69, 10), (70, 10), (71, 10), (72, 10), (88, 12), (68, 13), (87, 16), (67, 17), (86, 19), (66, 20), (85, 23), (65, 24), (83, 26), (84, 26), (85, 26), (65, 27), (79, 27), (80, 27), (81, 27), (82, 27), (66, 28), (76, 28), (77, 28), (78, 28), (67, 29), (72, 29), (73, 29), (74, 29), (75, 29), (68, 30), (69, 30), (70, 30), (71, 30)]
[(104, 5), (105, 5), (106, 5), (100, 6), (101, 6), (102, 6), (103, 6), (107, 6), (97, 7), (98, 7), (99, 7), (108, 7), (93, 8), (94, 8), (95, 8), (96, 8), (109, 8), (89, 9), (90, 9), (91, 9), (92, 9), (108, 11), (88, 12), (107, 15), (87, 16), (106, 18), (86, 19), (105, 22), (85, 23), (103, 25), (104, 25), (105, 25), (85, 26), (99, 26), (100, 26), (101, 26), (102, 26), (86, 27), (96, 27), (97, 27), (98, 27), (87, 28), (92, 28), (93, 28), (94, 28), (95, 28), (88, 29), (89, 29), (90, 29), (91, 29)]
[(103, 25), (104, 25), (105, 25), (99, 26), (100, 26), (101, 26), (102, 26), (106, 26), (96, 27), (97, 27), (98, 27), (107, 27), (92, 28), (93, 28), (94, 28), (95, 28), (108, 28), (88, 29), (89, 29), (90, 29), (91, 29), (107, 31), (87, 32), (106, 35), (86, 36), (105, 38), (85, 39), (104, 42), (84, 43), (102, 45), (103, 45), (104, 45), (84, 46), (98, 46), (99, 46), (100, 46), (101, 46), (85, 47), (95, 47), (96, 47), (97, 47), (86, 48), (91, 48), (92, 48), (93, 48), (94, 48), (87, 49), (88, 49), (89, 49), (90, 49)]
[(112, 27), (113, 27), (114, 27), (108, 28), (109, 28), (110, 28), (111, 28), (107, 31), (106, 35), (105, 38), (104, 42), (104, 45), (105, 46), (106, 47), (111, 47), (112, 47), (113, 47), (114, 47), (107, 48), (108, 48), (109, 48), (110, 48)]
[(111, 47), (112, 47), (113, 47), (114, 47), (107, 48), (108, 48), (109, 48), (110, 48), (106, 51), (105, 55), (104, 58), (103, 62), (103, 65), (104, 66), (114, 66), (105, 67), (110, 67), (111, 67), (112, 67), (113, 67), (106, 68), (107, 68), (108, 68), (109, 68)]
[(44, 8), (45, 8), (46, 8), (40, 9), (41, 9), (42, 9), (43, 9), (47, 9), (37, 10), (38, 10), (39, 10), (48, 10), (33, 11), (34, 11), (35, 11), (36, 11), (49, 11), (29, 12), (30, 12), (31, 12), (32, 12), (48, 14), (28, 15), (47, 18), (27, 19), (46, 21), (26, 22), (45, 25), (25, 26), (43, 28), (44, 28), (45, 28), (25, 29), (39, 29), (40, 29), (41, 29), (42, 29), (26, 30), (36, 30), (37, 30), (38, 30), (27, 31), (32, 31), (33, 31), (34, 31), (35, 31), (28, 32), (29, 32), (30, 32), (31, 32)]
[(64, 7), (65, 7), (66, 7), (60, 8), (61, 8), (62, 8), (63, 8), (67, 8), (57, 9), (58, 9), (59, 9), (68, 9), (53, 10), (54, 10), (55, 10), (56, 10), (69, 10), (49, 11), (50, 11), (51, 11), (52, 11), (68, 13), (48, 14), (67, 17), (47, 18), (66, 20), (46, 21), (65, 24), (45, 25), (63, 27), (64, 27), (65, 27), (45, 28), (59, 28), (60, 28), (61, 28), (62, 28), (46, 29), (56, 29), (57, 29), (58, 29), (47, 30), (52, 30), (53, 30), (54, 30), (55, 30), (48, 31), (49, 31), (50, 31), (51, 31)]
[(63, 27), (64, 27), (65, 27), (59, 28), (60, 28), (61, 28), (62, 28), (66, 28), (56, 29), (57, 29), (58, 29), (67, 29), (52, 30), (53, 30), (54, 30), (55, 30), (68, 30), (48, 31), (49, 31), (50, 31), (51, 31), (67, 33), (47, 34), (66, 37), (46, 38), (65, 40), (45, 41), (64, 44), (44, 45), (62, 47), (63, 47), (64, 47), (44, 48), (58, 48), (59, 48), (60, 48), (61, 48), (45, 49), (55, 49), (56, 49), (57, 49), (46, 50), (51, 50), (52, 50), (53, 50), (54, 50), (47, 51), (48, 51), (49, 51), (50, 51)]
[(83, 26), (84, 26), (85, 26), (79, 27), (80, 27), (81, 27), (82, 27), (86, 27), (76, 28), (77, 28), (78, 28), (87, 28), (72, 29), (73, 29), (74, 29), (75, 29), (88, 29), (68, 30), (69, 30), (70, 30), (71, 30), (87, 32), (67, 33), (86, 36), (66, 37), (85, 39), (65, 40), (84, 43), (64, 44), (82, 46), (83, 46), (84, 46), (64, 47), (78, 47), (79, 47), (80, 47), (81, 47), (65, 48), (75, 48), (76, 48), (77, 48), (66, 49), (71, 49), (72, 49), (73, 49), (74, 49), (67, 50), (68, 50), (69, 50), (70, 50)]
[(82, 46), (83, 46), (84, 46), (78, 47), (79, 47), (80, 47), (81, 47), (85, 47), (75, 48), (76, 48), (77, 48), (86, 48), (71, 49), (72, 49), (73, 49), (74, 49), (87, 49), (67, 50), (68, 50), (69, 50), (70, 50), (86, 52), (66, 53), (85, 56), (65, 57), (84, 59), (64, 60), (83, 63), (63, 64), (81, 66), (82, 66), (83, 66), (63, 67), (77, 67), (78, 67), (79, 67), (80, 67), (64, 68), (74, 68), (75, 68), (76, 68), (65, 69), (70, 69), (71, 69), (72, 69), (73, 69), (66, 70), (67, 70), (68, 70), (69, 70)]
[(102, 45), (103, 45), (104, 45), (98, 46), (99, 46), (100, 46), (101, 46), (105, 46), (95, 47), (96, 47), (97, 47), (106, 47), (91, 48), (92, 48), (93, 48), (94, 48), (107, 48), (87, 49), (88, 49), (89, 49), (90, 49), (106, 51), (86, 52), (105, 55), (85, 56), (104, 58), (84, 59), (103, 62), (83, 63), (101, 65), (102, 65), (103, 65), (83, 66), (97, 66), (98, 66), (99, 66), (100, 66), (84, 67), (94, 67), (95, 67), (96, 67), (85, 68), (90, 68), (91, 68), (92, 68), (93, 68), (86, 69), (87, 69), (88, 69), (89, 69)]
[(101, 65), (102, 65), (103, 65), (97, 66), (98, 66), (99, 66), (100, 66), (104, 66), (94, 67), (95, 67), (96, 67), (105, 67), (90, 68), (91, 68), (92, 68), (93, 68), (106, 68), (86, 69), (87, 69), (88, 69), (89, 69), (105, 71), (85, 72), (104, 75), (84, 76), (103, 78), (83, 79), (102, 82), (82, 83), (100, 85), (101, 85), (102, 85), (82, 86), (96, 86), (97, 86), (98, 86), (99, 86), (83, 87), (93, 87), (94, 87), (95, 87), (84, 88), (89, 88), (90, 88), (91, 88), (92, 88), (85, 89), (86, 89), (87, 89), (88, 89)]
[(114, 66), (110, 67), (111, 67), (112, 67), (113, 67), (106, 68), (107, 68), (108, 68), (109, 68), (105, 71), (104, 75), (103, 78), (102, 82), (102, 85), (103, 86), (113, 86), (114, 86), (104, 87), (109, 87), (110, 87), (111, 87), (112, 87), (105, 88), (106, 88), (107, 88), (108, 88)]
[(113, 86), (114, 86), (109, 87), (110, 87), (111, 87), (112, 87), (105, 88), (106, 88), (107, 88), (108, 88), (104, 91), (103, 95), (102, 98), (101, 102), (101, 105), (102, 106), (112, 106), (113, 106), (114, 106), (103, 107), (108, 107), (109, 107), (110, 107), (111, 107), (104, 108), (105, 108), (106, 108), (107, 108)]
[(23, 29), (24, 29), (25, 29), (19, 30), (20, 30), (21, 30), (22, 30), (26, 30), (16, 31), (17, 31), (18, 31), (27, 31), (12, 32), (13, 32), (14, 32), (15, 32), (28, 32), (8, 33), (9, 33), (10, 33), (11, 33), (27, 35), (7, 36), (26, 39), (6, 40), (25, 42), (5, 43), (24, 46), (4, 47), (22, 49), (23, 49), (24, 49), (4, 50), (18, 50), (19, 50), (20, 50), (21, 50), (5, 51), (15, 51), (16, 51), (17, 51), (6, 52), (11, 52), (12, 52), (13, 52), (14, 52), (7, 53), (8, 53), (9, 53), (10, 53)]
[(43, 28), (44, 28), (45, 28), (39, 29), (40, 29), (41, 29), (42, 29), (46, 29), (36, 30), (37, 30), (38, 30), (47, 30), (32, 31), (33, 31), (34, 31), (35, 31), (48, 31), (28, 32), (29, 32), (30, 32), (31, 32), (47, 34), (27, 35), (46, 38), (26, 39), (45, 41), (25, 42), (44, 45), (24, 46), (42, 48), (43, 48), (44, 48), (24, 49), (38, 49), (39, 49), (40, 49), (41, 49), (25, 50), (35, 50), (36, 50), (37, 50), (26, 51), (31, 51), (32, 51), (33, 51), (34, 51), (27, 52), (28, 52), (29, 52), (30, 52)]
[(42, 48), (43, 48), (44, 48), (38, 49), (39, 49), (40, 49), (41, 49), (45, 49), (35, 50), (36, 50), (37, 50), (46, 50), (31, 51), (32, 51), (33, 51), (34, 51), (47, 51), (27, 52), (28, 52), (29, 52), (30, 52), (46, 54), (26, 55), (45, 58), (25, 59), (44, 61), (24, 62), (43, 65), (23, 66), (41, 68), (42, 68), (43, 68), (23, 69), (37, 69), (38, 69), (39, 69), (40, 69), (24, 70), (34, 70), (35, 70), (36, 70), (25, 71), (30, 71), (31, 71), (32, 71), (33, 71), (26, 72), (27, 72), (28, 72), (29, 72)]
[(62, 47), (63, 47), (64, 47), (58, 48), (59, 48), (60, 48), (61, 48), (65, 48), (55, 49), (56, 49), (57, 49), (66, 49), (51, 50), (52, 50), (53, 50), (54, 50), (67, 50), (47, 51), (48, 51), (49, 51), (50, 51), (66, 53), (46, 54), (65, 57), (45, 58), (64, 60), (44, 61), (63, 64), (43, 65), (61, 67), (62, 67), (63, 67), (43, 68), (57, 68), (58, 68), (59, 68), (60, 68), (44, 69), (54, 69), (55, 69), (56, 69), (45, 70), (50, 70), (51, 70), (52, 70), (53, 70), (46, 71), (47, 71), (48, 71), (49, 71)]
[(61, 67), (62, 67), (63, 67), (57, 68), (58, 68), (59, 68), (60, 68), (64, 68), (54, 69), (55, 69), (56, 69), (65, 69), (50, 70), (51, 70), (52, 70), (53, 70), (66, 70), (46, 71), (47, 71), (48, 71), (49, 71), (65, 73), (45, 74), (64, 77), (44, 78), (63, 80), (43, 81), (62, 84), (42, 85), (60, 87), (61, 87), (62, 87), (42, 88), (56, 88), (57, 88), (58, 88), (59, 88), (43, 89), (53, 89), (54, 89), (55, 89), (44, 90), (49, 90), (50, 90), (51, 90), (52, 90), (45, 91), (46, 91), (47, 91), (48, 91)]
[(81, 66), (82, 66), (83, 66), (77, 67), (78, 67), (79, 67), (80, 67), (84, 67), (74, 68), (75, 68), (76, 68), (85, 68), (70, 69), (71, 69), (72, 69), (73, 69), (86, 69), (66, 70), (67, 70), (68, 70), (69, 70), (85, 72), (65, 73), (84, 76), (64, 77), (83, 79), (63, 80), (82, 83), (62, 84), (80, 86), (81, 86), (82, 86), (62, 87), (76, 87), (77, 87), (78, 87), (79, 87), (63, 88), (73, 88), (74, 88), (75, 88), (64, 89), (69, 89), (70, 89), (71, 89), (72, 89), (65, 90), (66, 90), (67, 90), (68, 90)]
[(80, 86), (81, 86), (82, 86), (76, 87), (77, 87), (78, 87), (79, 87), (83, 87), (73, 88), (74, 88), (75, 88), (84, 88), (69, 89), (70, 89), (71, 89), (72, 89), (85, 89), (65, 90), (66, 90), (67, 90), (68, 90), (84, 92), (64, 93), (83, 96), (63, 97), (82, 99), (62, 100), (81, 103), (61, 104), (79, 106), (80, 106), (81, 106), (61, 107), (75, 107), (76, 107), (77, 107), (78, 107), (62, 108), (72, 108), (73, 108), (74, 108), (63, 109), (68, 109), (69, 109), (70, 109), (71, 109), (64, 110), (65, 110), (66, 110), (67, 110)]
[(100, 85), (101, 85), (102, 85), (96, 86), (97, 86), (98, 86), (99, 86), (103, 86), (93, 87), (94, 87), (95, 87), (104, 87), (89, 88), (90, 88), (91, 88), (92, 88), (105, 88), (85, 89), (86, 89), (87, 89), (88, 89), (104, 91), (84, 92), (103, 95), (83, 96), (102, 98), (82, 99), (101, 102), (81, 103), (99, 105), (100, 105), (101, 105), (81, 106), (95, 106), (96, 106), (97, 106), (98, 106), (82, 107), (92, 107), (93, 107), (94, 107), (83, 108), (88, 108), (89, 108), (90, 108), (91, 108), (84, 109), (85, 109), (86, 109), (87, 109)]
[(99, 105), (100, 105), (101, 105), (95, 106), (96, 106), (97, 106), (98, 106), (102, 106), (92, 107), (93, 107), (94, 107), (103, 107), (88, 108), (89, 108), (90, 108), (91, 108), (104, 108), (84, 109), (85, 109), (86, 109), (87, 109), (103, 111), (83, 112)]
[(112, 106), (113, 106), (114, 106), (108, 107), (109, 107), (110, 107), (111, 107), (104, 108), (105, 108), (106, 108), (107, 108), (103, 111)]
[(22, 49), (23, 49), (24, 49), (18, 50), (19, 50), (20, 50), (21, 50), (25, 50), (15, 51), (16, 51), (17, 51), (26, 51), (11, 52), (12, 52), (13, 52), (14, 52), (27, 52), (7, 53), (8, 53), (9, 53), (10, 53), (26, 55), (6, 56), (25, 59), (5, 60), (24, 62), (4, 63), (23, 66), (3, 67), (21, 69), (22, 69), (23, 69), (3, 70), (17, 70), (18, 70), (19, 70), (20, 70), (4, 71), (14, 71), (15, 71), (16, 71), (5, 72), (10, 72), (11, 72), (12, 72), (13, 72), (6, 73), (7, 73), (8, 73), (9, 73)]
[(21, 69), (22, 69), (23, 69), (17, 70), (18, 70), (19, 70), (20, 70), (24, 70), (14, 71), (15, 71), (16, 71), (25, 71), (10, 72), (11, 72), (12, 72), (13, 72), (26, 72), (6, 73), (7, 73), (8, 73), (9, 73), (25, 75), (5, 76), (24, 79), (4, 80), (23, 82), (3, 83), (22, 86), (2, 87), (20, 89), (21, 89), (22, 89), (2, 90), (16, 90), (17, 90), (18, 90), (19, 90), (3, 91), (13, 91), (14, 91), (15, 91), (4, 92), (9, 92), (10, 92), (11, 92), (12, 92), (5, 93), (6, 93), (7, 93), (8, 93)]
[(41, 68), (42, 68), (43, 68), (37, 69), (38, 69), (39, 69), (40, 69), (44, 69), (34, 70), (35, 70), (36, 70), (45, 70), (30, 71), (31, 71), (32, 71), (33, 71), (46, 71), (26, 72), (27, 72), (28, 72), (29, 72), (45, 74), (25, 75), (44, 78), (24, 79), (43, 81), (23, 82), (42, 85), (22, 86), (40, 88), (41, 88), (42, 88), (22, 89), (36, 89), (37, 89), (38, 89), (39, 89), (23, 90), (33, 90), (34, 90), (35, 90), (24, 91), (29, 91), (30, 91), (31, 91), (32, 91), (25, 92), (26, 92), (27, 92), (28, 92)]
[(40, 88), (41, 88), (42, 88), (36, 89), (37, 89), (38, 89), (39, 89), (43, 89), (33, 90), (34, 90), (35, 90), (44, 90), (29, 91), (30, 91), (31, 91), (32, 91), (45, 91), (25, 92), (26, 92), (27, 92), (28, 92), (44, 94), (24, 95), (43, 98), (23, 99), (42, 101), (22, 102), (41, 105), (21, 106), (39, 108), (40, 108), (41, 108), (21, 109), (35, 109), (36, 109), (37, 109), (38, 109), (22, 110), (32, 110), (33, 110), (34, 110), (23, 111), (28, 111), (29, 111), (30, 111), (31, 111), (24, 112), (25, 112), (26, 112), (27, 112)]
[(60, 87), (61, 87), (62, 87), (56, 88), (57, 88), (58, 88), (59, 88), (63, 88), (53, 89), (54, 89), (55, 89), (64, 89), (49, 90), (50, 90), (51, 90), (52, 90), (65, 90), (45, 91), (46, 91), (47, 91), (48, 91), (64, 93), (44, 94), (63, 97), (43, 98), (62, 100), (42, 101), (61, 104), (41, 105), (59, 107), (60, 107), (61, 107), (41, 108), (55, 108), (56, 108), (57, 108), (58, 108), (42, 109), (52, 109), (53, 109), (54, 109), (43, 110), (48, 110), (49, 110), (50, 110), (51, 110), (44, 111), (45, 111), (46, 111), (47, 111)]
[(59, 107), (60, 107), (61, 107), (55, 108), (56, 108), (57, 108), (58, 108), (62, 108), (52, 109), (53, 109), (54, 109), (63, 109), (48, 110), (49, 110), (50, 110), (51, 110), (64, 110), (44, 111), (45, 111), (46, 111), (47, 111), (63, 113), (43, 114)]
[(79, 106), (80, 106), (81, 106), (75, 107), (76, 107), (77, 107), (78, 107), (82, 107), (72, 108), (73, 108), (74, 108), (83, 108), (68, 109), (69, 109), (70, 109), (71, 109), (84, 109), (64, 110), (65, 110), (66, 110), (67, 110), (83, 112), (63, 113)]
[(20, 89), (21, 89), (22, 89), (16, 90), (17, 90), (18, 90), (19, 90), (23, 90), (13, 91), (14, 91), (15, 91), (24, 91), (9, 92), (10, 92), (11, 92), (12, 92), (25, 92), (5, 93), (6, 93), (7, 93), (8, 93), (24, 95), (4, 96), (23, 99), (3, 100), (22, 102), (2, 103), (21, 106), (1, 107), (19, 109), (20, 109), (21, 109), (1, 110), (15, 110), (16, 110), (17, 110), (18, 110), (2, 111), (12, 111), (13, 111), (14, 111), (3, 112), (8, 112), (9, 112), (10, 112), (11, 112), (4, 113), (5, 113), (6, 113), (7, 113)]
[(19, 109), (20, 109), (21, 109), (15, 110), (16, 110), (17, 110), (18, 110), (22, 110), (12, 111), (13, 111), (14, 111), (23, 111), (8, 112), (9, 112), (10, 112), (11, 112), (24, 112), (4, 113), (5, 113), (6, 113), (7, 113)]
[(39, 108), (40, 108), (41, 108), (35, 109), (36, 109), (37, 109), (38, 109), (42, 109), (32, 110), (33, 110), (34, 110), (43, 110), (28, 111), (29, 111), (30, 111), (31, 111), (44, 111), (24, 112), (25, 112), (26, 112), (27, 112), (43, 114)]
