[(113, 27), (114, 27), (111, 28), (112, 28), (108, 29), (109, 29), (110, 29), (105, 30), (106, 30), (107, 30), (104, 32), (103, 35), (102, 37), (101, 40), (100, 42), (99, 45), (99, 46), (100, 47), (101, 48), (112, 48), (113, 48), (114, 48), (102, 49), (110, 49), (111, 49), (103, 50), (107, 50), (108, 50), (109, 50), (104, 51), (105, 51), (106, 51)]
[(79, 26), (76, 27), (77, 27), (78, 27), (80, 27), (74, 28), (75, 28), (81, 28), (71, 29), (72, 29), (73, 29), (82, 29), (69, 30), (70, 30), (83, 30), (66, 31), (67, 31), (68, 31), (84, 31), (63, 32), (64, 32), (65, 32), (83, 33), (62, 34), (82, 36), (61, 37), (81, 38), (60, 39), (80, 41), (59, 42), (79, 43), (58, 44), (78, 46), (57, 47), (78, 47), (57, 48), (75, 48), (76, 48), (77, 48), (58, 49), (73, 49), (74, 49), (59, 50), (70, 50), (71, 50), (72, 50), (60, 51), (68, 51), (69, 51), (61, 52), (65, 52), (66, 52), (67, 52), (62, 53), (63, 53), (64, 53)]
[(100, 25), (97, 26), (98, 26), (99, 26), (101, 26), (95, 27), (96, 27), (102, 27), (92, 28), (93, 28), (94, 28), (103, 28), (90, 29), (91, 29), (104, 29), (87, 30), (88, 30), (89, 30), (105, 30), (84, 31), (85, 31), (86, 31), (104, 32), (83, 33), (103, 35), (82, 36), (102, 37), (81, 38), (101, 40), (80, 41), (100, 42), (79, 43), (99, 45), (78, 46), (99, 46), (78, 47), (96, 47), (97, 47), (98, 47), (79, 48), (94, 48), (95, 48), (80, 49), (91, 49), (92, 49), (93, 49), (81, 50), (89, 50), (90, 50), (82, 51), (86, 51), (87, 51), (88, 51), (83, 52), (84, 52), (85, 52)]
[(99, 46), (96, 47), (97, 47), (98, 47), (100, 47), (94, 48), (95, 48), (101, 48), (91, 49), (92, 49), (93, 49), (102, 49), (89, 50), (90, 50), (103, 50), (86, 51), (87, 51), (88, 51), (104, 51), (83, 52), (84, 52), (85, 52), (103, 53), (82, 54), (102, 56), (81, 57), (101, 58), (80, 59), (100, 61), (79, 62), (99, 63), (78, 64), (98, 66), (77, 67), (98, 67), (77, 68), (95, 68), (96, 68), (97, 68), (78, 69), (93, 69), (94, 69), (79, 70), (90, 70), (91, 70), (92, 70), (80, 71), (88, 71), (89, 71), (81, 72), (85, 72), (86, 72), (87, 72), (82, 73), (83, 73), (84, 73)]
[(112, 48), (113, 48), (114, 48), (110, 49), (111, 49), (107, 50), (108, 50), (109, 50), (104, 51), (105, 51), (106, 51), (103, 53), (102, 56), (101, 58), (100, 61), (99, 63), (98, 66), (98, 67), (99, 68), (114, 68), (100, 69), (111, 69), (112, 69), (113, 69), (101, 70), (109, 70), (110, 70), (102, 71), (106, 71), (107, 71), (108, 71), (103, 72), (104, 72), (105, 72)]
[(114, 68), (111, 69), (112, 69), (113, 69), (109, 70), (110, 70), (106, 71), (107, 71), (108, 71), (103, 72), (104, 72), (105, 72), (102, 74), (101, 77), (100, 79), (99, 82), (98, 84), (97, 87), (97, 88), (98, 89), (113, 89), (114, 89), (99, 90), (110, 90), (111, 90), (112, 90), (100, 91), (108, 91), (109, 91), (101, 92), (105, 92), (106, 92), (107, 92), (102, 93), (103, 93), (104, 93)]
[(57, 48), (54, 49), (55, 49), (56, 49), (58, 49), (52, 50), (53, 50), (59, 50), (49, 51), (50, 51), (51, 51), (60, 51), (47, 52), (48, 52), (61, 52), (44, 53), (45, 53), (46, 53), (62, 53), (41, 54), (42, 54), (43, 54), (61, 55), (40, 56), (60, 58), (39, 59), (59, 60), (38, 61), (58, 63), (37, 64), (57, 65), (36, 66), (56, 68), (35, 69), (56, 69), (35, 70), (53, 70), (54, 70), (55, 70), (36, 71), (51, 71), (52, 71), (37, 72), (48, 72), (49, 72), (50, 72), (38, 73), (46, 73), (47, 73), (39, 74), (43, 74), (44, 74), (45, 74), (40, 75), (41, 75), (42, 75)]
[(78, 47), (75, 48), (76, 48), (77, 48), (79, 48), (73, 49), (74, 49), (80, 49), (70, 50), (71, 50), (72, 50), (81, 50), (68, 51), (69, 51), (82, 51), (65, 52), (66, 52), (67, 52), (83, 52), (62, 53), (63, 53), (64, 53), (82, 54), (61, 55), (81, 57), (60, 58), (80, 59), (59, 60), (79, 62), (58, 63), (78, 64), (57, 65), (77, 67), (56, 68), (77, 68), (56, 69), (74, 69), (75, 69), (76, 69), (57, 70), (72, 70), (73, 70), (58, 71), (69, 71), (70, 71), (71, 71), (59, 72), (67, 72), (68, 72), (60, 73), (64, 73), (65, 73), (66, 73), (61, 74), (62, 74), (63, 74)]
[(77, 68), (74, 69), (75, 69), (76, 69), (78, 69), (72, 70), (73, 70), (79, 70), (69, 71), (70, 71), (71, 71), (80, 71), (67, 72), (68, 72), (81, 72), (64, 73), (65, 73), (66, 73), (82, 73), (61, 74), (62, 74), (63, 74), (81, 75), (60, 76), (80, 78), (59, 79), (79, 80), (58, 81), (78, 83), (57, 84), (77, 85), (56, 86), (76, 88), (55, 89), (76, 89), (55, 90), (73, 90), (74, 90), (75, 90), (56, 91), (71, 91), (72, 91), (57, 92), (68, 92), (69, 92), (70, 92), (58, 93), (66, 93), (67, 93), (59, 94), (63, 94), (64, 94), (65, 94), (60, 95), (61, 95), (62, 95)]
[(98, 67), (95, 68), (96, 68), (97, 68), (99, 68), (93, 69), (94, 69), (100, 69), (90, 70), (91, 70), (92, 70), (101, 70), (88, 71), (89, 71), (102, 71), (85, 72), (86, 72), (87, 72), (103, 72), (82, 73), (83, 73), (84, 73), (102, 74), (81, 75), (101, 77), (80, 78), (100, 79), (79, 80), (99, 82), (78, 83), (98, 84), (77, 85), (97, 87), (76, 88), (97, 88), (76, 89), (94, 89), (95, 89), (96, 89), (77, 90), (92, 90), (93, 90), (78, 91), (89, 91), (90, 91), (91, 91), (79, 92), (87, 92), (88, 92), (80, 93), (84, 93), (85, 93), (86, 93), (81, 94), (82, 94), (83, 94)]
[(97, 88), (94, 89), (95, 89), (96, 89), (98, 89), (92, 90), (93, 90), (99, 90), (89, 91), (90, 91), (91, 91), (100, 91), (87, 92), (88, 92), (101, 92), (84, 93), (85, 93), (86, 93), (102, 93), (81, 94), (82, 94), (83, 94), (101, 95), (80, 96), (100, 98), (79, 99), (99, 100), (78, 101), (98, 103), (77, 104), (97, 105), (76, 106), (96, 108), (75, 109), (96, 109), (75, 110), (93, 110), (94, 110), (95, 110), (76, 111), (91, 111), (92, 111), (77, 112), (88, 112), (89, 112), (90, 112), (78, 113), (86, 113), (87, 113), (79, 114), (83, 114), (84, 114), (85, 114)]
[(113, 89), (114, 89), (110, 90), (111, 90), (112, 90), (108, 91), (109, 91), (105, 92), (106, 92), (107, 92), (102, 93), (103, 93), (104, 93), (101, 95), (100, 98), (99, 100), (98, 103), (97, 105), (96, 108), (96, 109), (114, 109), (97, 110), (112, 110), (113, 110), (98, 111), (109, 111), (110, 111), (111, 111), (99, 112), (107, 112), (108, 112), (100, 113), (104, 113), (105, 113), (106, 113), (101, 114), (102, 114), (103, 114)]
[(56, 69), (53, 70), (54, 70), (55, 70), (57, 70), (51, 71), (52, 71), (58, 71), (48, 72), (49, 72), (50, 72), (59, 72), (46, 73), (47, 73), (60, 73), (43, 74), (44, 74), (45, 74), (61, 74), (40, 75), (41, 75), (42, 75), (60, 76), (39, 77), (59, 79), (38, 80), (58, 81), (37, 82), (57, 84), (36, 85), (56, 86), (35, 87), (55, 89), (34, 90), (55, 90), (34, 91), (52, 91), (53, 91), (54, 91), (35, 92), (50, 92), (51, 92), (36, 93), (47, 93), (48, 93), (49, 93), (37, 94), (45, 94), (46, 94), (38, 95), (42, 95), (43, 95), (44, 95), (39, 96), (40, 96), (41, 96)]
[(55, 90), (52, 91), (53, 91), (54, 91), (56, 91), (50, 92), (51, 92), (57, 92), (47, 93), (48, 93), (49, 93), (58, 93), (45, 94), (46, 94), (59, 94), (42, 95), (43, 95), (44, 95), (60, 95), (39, 96), (40, 96), (41, 96), (59, 97), (38, 98), (58, 100), (37, 101), (57, 102), (36, 103), (56, 105), (35, 106), (55, 107), (34, 108), (54, 110), (33, 111), (54, 111), (33, 112), (51, 112), (52, 112), (53, 112), (34, 113), (49, 113), (50, 113), (35, 114), (46, 114), (47, 114), (48, 114)]
[(76, 89), (73, 90), (74, 90), (75, 90), (77, 90), (71, 91), (72, 91), (78, 91), (68, 92), (69, 92), (70, 92), (79, 92), (66, 93), (67, 93), (80, 93), (63, 94), (64, 94), (65, 94), (81, 94), (60, 95), (61, 95), (62, 95), (80, 96), (59, 97), (79, 99), (58, 100), (78, 101), (57, 102), (77, 104), (56, 105), (76, 106), (55, 107), (75, 109), (54, 110), (75, 110), (54, 111), (72, 111), (73, 111), (74, 111), (55, 112), (70, 112), (71, 112), (56, 113), (67, 113), (68, 113), (69, 113), (57, 114), (65, 114), (66, 114)]
[(75, 110), (72, 111), (73, 111), (74, 111), (76, 111), (70, 112), (71, 112), (77, 112), (67, 113), (68, 113), (69, 113), (78, 113), (65, 114), (66, 114), (79, 114)]
[(96, 109), (93, 110), (94, 110), (95, 110), (97, 110), (91, 111), (92, 111), (98, 111), (88, 112), (89, 112), (90, 112), (99, 112), (86, 113), (87, 113), (100, 113), (83, 114), (84, 114), (85, 114), (101, 114)]
[(54, 111), (51, 112), (52, 112), (53, 112), (55, 112), (49, 113), (50, 113), (56, 113), (46, 114), (47, 114), (48, 114), (57, 114)]
