[(94, 0), (95, 0), (91, 1), (92, 1), (93, 1), (90, 3), (89, 5), (88, 8), (87, 10), (86, 13), (85, 15), (84, 17), (83, 20), (82, 22), (114, 22), (113, 24), (114, 24), (81, 25), (111, 25), (112, 25), (108, 26), (109, 26), (110, 26), (80, 27), (106, 27), (107, 27), (104, 28), (105, 28), (79, 29), (101, 29), (102, 29), (103, 29), (99, 30), (100, 30), (79, 31), (96, 31), (97, 31), (98, 31), (80, 32), (94, 32), (95, 32), (81, 33), (92, 33), (93, 33), (82, 34), (89, 34), (90, 34), (91, 34), (83, 35), (87, 35), (88, 35), (84, 36), (85, 36), (86, 36)]
[(114, 22), (114, 24)]
[(114, 41), (113, 43), (112, 45), (111, 48), (110, 50), (109, 53), (108, 55), (107, 57), (107, 59), (108, 60), (109, 61), (110, 62), (111, 63), (112, 64), (113, 64), (114, 64)]
[(50, 3), (51, 3), (48, 4), (49, 4), (52, 4), (45, 5), (46, 5), (47, 5), (53, 5), (43, 6), (44, 6), (54, 6), (41, 7), (42, 7), (55, 7), (38, 8), (39, 8), (40, 8), (56, 8), (36, 9), (37, 9), (33, 10), (34, 10), (35, 10), (55, 10), (31, 11), (32, 11), (29, 12), (30, 12), (54, 12), (26, 13), (27, 13), (28, 13), (24, 14), (25, 14), (21, 15), (22, 15), (23, 15), (53, 15), (20, 17), (52, 17), (19, 19), (51, 20), (18, 22), (50, 22), (17, 24), (49, 24), (16, 27), (48, 27), (15, 29), (47, 29), (14, 31), (46, 32), (13, 34), (45, 34), (12, 36), (44, 36), (43, 38), (44, 38), (11, 39), (41, 39), (42, 39), (38, 40), (39, 40), (40, 40), (10, 41), (36, 41), (37, 41), (34, 42), (35, 42), (9, 43), (31, 43), (32, 43), (33, 43), (29, 44), (30, 44), (9, 45), (26, 45), (27, 45), (28, 45), (10, 46), (24, 46), (25, 46), (11, 47), (22, 47), (23, 47), (12, 48), (19, 48), (20, 48), (21, 48), (13, 49), (17, 49), (18, 49), (14, 50), (15, 50), (16, 50)]
[(76, 0), (77, 0), (90, 0), (73, 1), (74, 1), (75, 1), (91, 1), (71, 2), (72, 2), (68, 3), (69, 3), (70, 3), (90, 3), (66, 4), (67, 4), (64, 5), (65, 5), (89, 5), (61, 6), (62, 6), (63, 6), (59, 7), (60, 7), (56, 8), (57, 8), (58, 8), (88, 8), (55, 10), (87, 10), (54, 12), (86, 13), (53, 15), (85, 15), (52, 17), (84, 17), (51, 20), (83, 20), (50, 22), (82, 22), (49, 24), (81, 25), (48, 27), (80, 27), (47, 29), (79, 29), (78, 31), (79, 31), (46, 32), (76, 32), (77, 32), (73, 33), (74, 33), (75, 33), (45, 34), (71, 34), (72, 34), (69, 35), (70, 35), (44, 36), (66, 36), (67, 36), (68, 36), (64, 37), (65, 37), (44, 38), (61, 38), (62, 38), (63, 38), (45, 39), (59, 39), (60, 39), (46, 40), (57, 40), (58, 40), (47, 41), (54, 41), (55, 41), (56, 41), (48, 42), (52, 42), (53, 42), (49, 43), (50, 43), (51, 43)]
[(78, 31), (79, 31), (76, 32), (77, 32), (80, 32), (73, 33), (74, 33), (75, 33), (81, 33), (71, 34), (72, 34), (82, 34), (69, 35), (70, 35), (83, 35), (66, 36), (67, 36), (68, 36), (84, 36), (64, 37), (65, 37), (61, 38), (62, 38), (63, 38), (83, 38), (59, 39), (60, 39), (57, 40), (58, 40), (82, 40), (54, 41), (55, 41), (56, 41), (52, 42), (53, 42), (49, 43), (50, 43), (51, 43), (81, 43), (48, 45), (80, 45), (47, 47), (79, 48), (46, 50), (78, 50), (45, 52), (77, 52), (44, 55), (76, 55), (43, 57), (75, 57), (42, 59), (74, 60), (41, 62), (73, 62), (40, 64), (72, 64), (71, 66), (72, 66), (39, 67), (69, 67), (70, 67), (66, 68), (67, 68), (68, 68), (38, 69), (64, 69), (65, 69), (62, 70), (63, 70), (37, 71), (59, 71), (60, 71), (61, 71), (57, 72), (58, 72), (37, 73), (54, 73), (55, 73), (56, 73), (38, 74), (52, 74), (53, 74), (39, 75), (50, 75), (51, 75), (40, 76), (47, 76), (48, 76), (49, 76), (41, 77), (45, 77), (46, 77), (42, 78), (43, 78), (44, 78)]
[(113, 24), (114, 24), (111, 25), (112, 25), (108, 26), (109, 26), (110, 26), (106, 27), (107, 27), (104, 28), (105, 28), (101, 29), (102, 29), (103, 29), (99, 30), (100, 30), (96, 31), (97, 31), (98, 31), (94, 32), (95, 32), (92, 33), (93, 33), (89, 34), (90, 34), (91, 34), (87, 35), (88, 35), (84, 36), (85, 36), (86, 36), (83, 38), (82, 40), (114, 41), (81, 43), (113, 43), (80, 45), (112, 45), (79, 48), (111, 48), (78, 50), (110, 50), (77, 52), (109, 53), (76, 55), (108, 55), (75, 57), (107, 57), (106, 59), (107, 59), (74, 60), (104, 60), (105, 60), (101, 61), (102, 61), (103, 61), (73, 62), (99, 62), (100, 62), (97, 63), (98, 63), (72, 64), (94, 64), (95, 64), (96, 64), (92, 65), (93, 65), (72, 66), (89, 66), (90, 66), (91, 66), (73, 67), (87, 67), (88, 67), (74, 68), (85, 68), (86, 68), (75, 69), (82, 69), (83, 69), (84, 69), (76, 70), (80, 70), (81, 70), (77, 71), (78, 71), (79, 71)]
[(106, 59), (107, 59), (104, 60), (105, 60), (108, 60), (101, 61), (102, 61), (103, 61), (109, 61), (99, 62), (100, 62), (110, 62), (97, 63), (98, 63), (111, 63), (94, 64), (95, 64), (96, 64), (112, 64), (92, 65), (93, 65), (89, 66), (90, 66), (91, 66), (111, 66), (87, 67), (88, 67), (85, 68), (86, 68), (110, 68), (82, 69), (83, 69), (84, 69), (80, 70), (81, 70), (77, 71), (78, 71), (79, 71), (109, 71), (76, 73), (108, 73), (75, 75), (107, 76), (74, 78), (106, 78), (73, 80), (105, 80), (72, 83), (104, 83), (71, 85), (103, 85), (70, 87), (102, 88), (69, 90), (101, 90), (68, 92), (100, 92), (99, 94), (100, 94), (67, 95), (97, 95), (98, 95), (94, 96), (95, 96), (96, 96), (66, 97), (92, 97), (93, 97), (90, 98), (91, 98), (65, 99), (87, 99), (88, 99), (89, 99), (85, 100), (86, 100), (65, 101), (82, 101), (83, 101), (84, 101), (66, 102), (80, 102), (81, 102), (67, 103), (78, 103), (79, 103), (68, 104), (75, 104), (76, 104), (77, 104), (69, 105), (73, 105), (74, 105), (70, 106), (71, 106), (72, 106)]
[(112, 64), (113, 64), (114, 64), (111, 66), (110, 68), (109, 71), (108, 73), (107, 76), (106, 78), (105, 80), (104, 83), (103, 85), (102, 88), (101, 90), (100, 92), (100, 94), (101, 95), (102, 96), (113, 96), (114, 96), (103, 97), (110, 97), (111, 97), (112, 97), (104, 98), (108, 98), (109, 98), (105, 99), (106, 99), (107, 99)]
[(113, 96), (114, 96), (110, 97), (111, 97), (112, 97), (108, 98), (109, 98), (105, 99), (106, 99), (107, 99), (104, 101), (103, 103), (102, 106), (101, 108), (100, 111), (99, 113)]
[(8, 45), (9, 45), (6, 46), (7, 46), (10, 46), (3, 47), (4, 47), (5, 47), (11, 47), (1, 48), (2, 48), (12, 48), (0, 49), (13, 49), (14, 50), (13, 52), (12, 54), (11, 57), (10, 59), (9, 62), (8, 64), (7, 66), (6, 69), (5, 71), (4, 74), (3, 76), (2, 78), (1, 80), (2, 80), (0, 81)]
[(43, 38), (44, 38), (41, 39), (42, 39), (45, 39), (38, 40), (39, 40), (40, 40), (46, 40), (36, 41), (37, 41), (47, 41), (34, 42), (35, 42), (48, 42), (31, 43), (32, 43), (33, 43), (49, 43), (29, 44), (30, 44), (26, 45), (27, 45), (28, 45), (48, 45), (24, 46), (25, 46), (22, 47), (23, 47), (47, 47), (19, 48), (20, 48), (21, 48), (17, 49), (18, 49), (14, 50), (15, 50), (16, 50), (46, 50), (13, 52), (45, 52), (12, 54), (44, 55), (11, 57), (43, 57), (10, 59), (42, 59), (9, 62), (41, 62), (8, 64), (40, 64), (7, 66), (39, 67), (6, 69), (38, 69), (5, 71), (37, 71), (36, 73), (37, 73), (4, 74), (34, 74), (35, 74), (31, 75), (32, 75), (33, 75), (3, 76), (29, 76), (30, 76), (27, 77), (28, 77), (2, 78), (24, 78), (25, 78), (26, 78), (22, 79), (23, 79), (2, 80), (19, 80), (20, 80), (21, 80), (3, 81), (17, 81), (18, 81), (4, 82), (15, 82), (16, 82), (5, 83), (12, 83), (13, 83), (14, 83), (6, 84), (10, 84), (11, 84), (7, 85), (8, 85), (9, 85)]
[(36, 73), (37, 73), (34, 74), (35, 74), (38, 74), (31, 75), (32, 75), (33, 75), (39, 75), (29, 76), (30, 76), (40, 76), (27, 77), (28, 77), (41, 77), (24, 78), (25, 78), (26, 78), (42, 78), (22, 79), (23, 79), (19, 80), (20, 80), (21, 80), (41, 80), (17, 81), (18, 81), (15, 82), (16, 82), (40, 82), (12, 83), (13, 83), (14, 83), (10, 84), (11, 84), (7, 85), (8, 85), (9, 85), (39, 85), (6, 87), (38, 87), (5, 89), (37, 90), (4, 92), (36, 92), (3, 94), (35, 94), (2, 97), (34, 97), (1, 99), (33, 99), (0, 101), (32, 102), (31, 104), (30, 106), (29, 108), (30, 108), (27, 109), (28, 109), (24, 110), (25, 110), (26, 110), (22, 111), (23, 111), (20, 112), (21, 112), (17, 113), (18, 113), (19, 113), (15, 114), (16, 114)]
[(71, 66), (72, 66), (69, 67), (70, 67), (73, 67), (66, 68), (67, 68), (68, 68), (74, 68), (64, 69), (65, 69), (75, 69), (62, 70), (63, 70), (76, 70), (59, 71), (60, 71), (61, 71), (77, 71), (57, 72), (58, 72), (54, 73), (55, 73), (56, 73), (76, 73), (52, 74), (53, 74), (50, 75), (51, 75), (75, 75), (47, 76), (48, 76), (49, 76), (45, 77), (46, 77), (42, 78), (43, 78), (44, 78), (74, 78), (41, 80), (73, 80), (40, 82), (72, 83), (39, 85), (71, 85), (38, 87), (70, 87), (37, 90), (69, 90), (36, 92), (68, 92), (35, 94), (67, 95), (34, 97), (66, 97), (33, 99), (65, 99), (64, 101), (65, 101), (32, 102), (62, 102), (63, 102), (59, 103), (60, 103), (61, 103), (31, 104), (57, 104), (58, 104), (55, 105), (56, 105), (30, 106), (52, 106), (53, 106), (54, 106), (50, 107), (51, 107), (30, 108), (47, 108), (48, 108), (49, 108), (31, 109), (45, 109), (46, 109), (32, 110), (43, 110), (44, 110), (33, 111), (40, 111), (41, 111), (42, 111), (34, 112), (38, 112), (39, 112), (35, 113), (36, 113), (37, 113)]
[(64, 101), (65, 101), (62, 102), (63, 102), (66, 102), (59, 103), (60, 103), (61, 103), (67, 103), (57, 104), (58, 104), (68, 104), (55, 105), (56, 105), (69, 105), (52, 106), (53, 106), (54, 106), (70, 106), (50, 107), (51, 107), (47, 108), (48, 108), (49, 108), (69, 108), (45, 109), (46, 109), (43, 110), (44, 110), (68, 110), (40, 111), (41, 111), (42, 111), (38, 112), (39, 112), (35, 113), (36, 113), (37, 113), (67, 113)]
[(99, 94), (100, 94), (97, 95), (98, 95), (101, 95), (94, 96), (95, 96), (96, 96), (102, 96), (92, 97), (93, 97), (103, 97), (90, 98), (91, 98), (104, 98), (87, 99), (88, 99), (89, 99), (105, 99), (85, 100), (86, 100), (82, 101), (83, 101), (84, 101), (104, 101), (80, 102), (81, 102), (78, 103), (79, 103), (103, 103), (75, 104), (76, 104), (77, 104), (73, 105), (74, 105), (70, 106), (71, 106), (72, 106), (102, 106), (69, 108), (101, 108), (68, 110), (100, 111), (67, 113), (99, 113)]
[(1, 80), (2, 80), (0, 81), (3, 81), (4, 82), (5, 83), (6, 84), (7, 85), (6, 87), (5, 89), (4, 92), (3, 94), (2, 97), (1, 99), (0, 101)]
[(29, 108), (30, 108), (27, 109), (28, 109), (31, 109), (24, 110), (25, 110), (26, 110), (32, 110), (22, 111), (23, 111), (33, 111), (20, 112), (21, 112), (34, 112), (17, 113), (18, 113), (19, 113), (35, 113), (15, 114), (16, 114)]
