[(72, 44), (68, 45), (69, 45), (70, 45), (71, 45), (73, 45), (64, 46), (65, 46), (66, 46), (67, 46), (74, 46), (60, 47), (61, 47), (62, 47), (63, 47), (75, 47), (56, 48), (57, 48), (58, 48), (59, 48), (76, 48), (55, 51), (75, 51), (54, 55), (74, 55), (53, 59), (73, 59), (52, 63), (72, 63), (52, 64), (72, 64), (53, 65), (68, 65), (69, 65), (70, 65), (71, 65), (54, 66), (64, 66), (65, 66), (66, 66), (67, 66), (55, 67), (60, 67), (61, 67), (62, 67), (63, 67), (56, 68), (57, 68), (58, 68), (59, 68)]
[(92, 44), (88, 45), (89, 45), (90, 45), (91, 45), (93, 45), (84, 46), (85, 46), (86, 46), (87, 46), (94, 46), (80, 47), (81, 47), (82, 47), (83, 47), (95, 47), (76, 48), (77, 48), (78, 48), (79, 48), (96, 48), (75, 51), (95, 51), (74, 55), (94, 55), (73, 59), (93, 59), (72, 63), (92, 63), (72, 64), (92, 64), (73, 65), (88, 65), (89, 65), (90, 65), (91, 65), (74, 66), (84, 66), (85, 66), (86, 66), (87, 66), (75, 67), (80, 67), (81, 67), (82, 67), (83, 67), (76, 68), (77, 68), (78, 68), (79, 68)]
[(92, 64), (88, 65), (89, 65), (90, 65), (91, 65), (93, 65), (84, 66), (85, 66), (86, 66), (87, 66), (94, 66), (80, 67), (81, 67), (82, 67), (83, 67), (95, 67), (76, 68), (77, 68), (78, 68), (79, 68), (96, 68), (75, 71), (95, 71), (74, 75), (94, 75), (73, 79), (93, 79), (72, 83), (92, 83), (72, 84), (92, 84), (73, 85), (88, 85), (89, 85), (90, 85), (91, 85), (74, 86), (84, 86), (85, 86), (86, 86), (87, 86), (75, 87), (80, 87), (81, 87), (82, 87), (83, 87), (76, 88), (77, 88), (78, 88), (79, 88)]
[(112, 64), (108, 65), (109, 65), (110, 65), (111, 65), (113, 65), (104, 66), (105, 66), (106, 66), (107, 66), (114, 66), (100, 67), (101, 67), (102, 67), (103, 67), (96, 68), (97, 68), (98, 68), (99, 68), (95, 71), (94, 75), (114, 75), (93, 79), (113, 79), (92, 83), (112, 83), (92, 84), (112, 84), (93, 85), (108, 85), (109, 85), (110, 85), (111, 85), (94, 86), (104, 86), (105, 86), (106, 86), (107, 86), (95, 87), (100, 87), (101, 87), (102, 87), (103, 87), (96, 88), (97, 88), (98, 88), (99, 88)]
[(112, 84), (108, 85), (109, 85), (110, 85), (111, 85), (113, 85), (104, 86), (105, 86), (106, 86), (107, 86), (114, 86), (100, 87), (101, 87), (102, 87), (103, 87), (96, 88), (97, 88), (98, 88), (99, 88), (95, 91), (94, 95), (114, 95), (93, 99), (113, 99), (92, 103), (112, 103), (92, 104), (112, 104), (93, 105), (108, 105), (109, 105), (110, 105), (111, 105), (94, 106), (104, 106), (105, 106), (106, 106), (107, 106), (95, 107), (100, 107), (101, 107), (102, 107), (103, 107), (96, 108), (97, 108), (98, 108), (99, 108)]
[(114, 95), (113, 99), (112, 103), (112, 104), (113, 105), (114, 106)]
[(32, 44), (28, 45), (29, 45), (30, 45), (31, 45), (33, 45), (24, 46), (25, 46), (26, 46), (27, 46), (34, 46), (20, 47), (21, 47), (22, 47), (23, 47), (35, 47), (16, 48), (17, 48), (18, 48), (19, 48), (36, 48), (15, 51), (35, 51), (14, 55), (34, 55), (13, 59), (33, 59), (12, 63), (32, 63), (12, 64), (32, 64), (13, 65), (28, 65), (29, 65), (30, 65), (31, 65), (14, 66), (24, 66), (25, 66), (26, 66), (27, 66), (15, 67), (20, 67), (21, 67), (22, 67), (23, 67), (16, 68), (17, 68), (18, 68), (19, 68)]
[(52, 44), (48, 45), (49, 45), (50, 45), (51, 45), (53, 45), (44, 46), (45, 46), (46, 46), (47, 46), (54, 46), (40, 47), (41, 47), (42, 47), (43, 47), (55, 47), (36, 48), (37, 48), (38, 48), (39, 48), (56, 48), (35, 51), (55, 51), (34, 55), (54, 55), (33, 59), (53, 59), (32, 63), (52, 63), (32, 64), (52, 64), (33, 65), (48, 65), (49, 65), (50, 65), (51, 65), (34, 66), (44, 66), (45, 66), (46, 66), (47, 66), (35, 67), (40, 67), (41, 67), (42, 67), (43, 67), (36, 68), (37, 68), (38, 68), (39, 68)]
[(52, 64), (48, 65), (49, 65), (50, 65), (51, 65), (53, 65), (44, 66), (45, 66), (46, 66), (47, 66), (54, 66), (40, 67), (41, 67), (42, 67), (43, 67), (55, 67), (36, 68), (37, 68), (38, 68), (39, 68), (56, 68), (35, 71), (55, 71), (34, 75), (54, 75), (33, 79), (53, 79), (32, 83), (52, 83), (32, 84), (52, 84), (33, 85), (48, 85), (49, 85), (50, 85), (51, 85), (34, 86), (44, 86), (45, 86), (46, 86), (47, 86), (35, 87), (40, 87), (41, 87), (42, 87), (43, 87), (36, 88), (37, 88), (38, 88), (39, 88)]
[(72, 64), (68, 65), (69, 65), (70, 65), (71, 65), (73, 65), (64, 66), (65, 66), (66, 66), (67, 66), (74, 66), (60, 67), (61, 67), (62, 67), (63, 67), (75, 67), (56, 68), (57, 68), (58, 68), (59, 68), (76, 68), (55, 71), (75, 71), (54, 75), (74, 75), (53, 79), (73, 79), (52, 83), (72, 83), (52, 84), (72, 84), (53, 85), (68, 85), (69, 85), (70, 85), (71, 85), (54, 86), (64, 86), (65, 86), (66, 86), (67, 86), (55, 87), (60, 87), (61, 87), (62, 87), (63, 87), (56, 88), (57, 88), (58, 88), (59, 88)]
[(72, 84), (68, 85), (69, 85), (70, 85), (71, 85), (73, 85), (64, 86), (65, 86), (66, 86), (67, 86), (74, 86), (60, 87), (61, 87), (62, 87), (63, 87), (75, 87), (56, 88), (57, 88), (58, 88), (59, 88), (76, 88), (55, 91), (75, 91), (54, 95), (74, 95), (53, 99), (73, 99), (52, 103), (72, 103), (52, 104), (72, 104), (53, 105), (68, 105), (69, 105), (70, 105), (71, 105), (54, 106), (64, 106), (65, 106), (66, 106), (67, 106), (55, 107), (60, 107), (61, 107), (62, 107), (63, 107), (56, 108), (57, 108), (58, 108), (59, 108)]
[(92, 84), (88, 85), (89, 85), (90, 85), (91, 85), (93, 85), (84, 86), (85, 86), (86, 86), (87, 86), (94, 86), (80, 87), (81, 87), (82, 87), (83, 87), (95, 87), (76, 88), (77, 88), (78, 88), (79, 88), (96, 88), (75, 91), (95, 91), (74, 95), (94, 95), (73, 99), (93, 99), (72, 103), (92, 103), (72, 104), (92, 104), (73, 105), (88, 105), (89, 105), (90, 105), (91, 105), (74, 106), (84, 106), (85, 106), (86, 106), (87, 106), (75, 107), (80, 107), (81, 107), (82, 107), (83, 107), (76, 108), (77, 108), (78, 108), (79, 108)]
[(92, 104), (88, 105), (89, 105), (90, 105), (91, 105), (93, 105), (84, 106), (85, 106), (86, 106), (87, 106), (94, 106), (80, 107), (81, 107), (82, 107), (83, 107), (95, 107), (76, 108), (77, 108), (78, 108), (79, 108), (96, 108), (75, 111), (95, 111)]
[(112, 104), (108, 105), (109, 105), (110, 105), (111, 105), (113, 105), (104, 106), (105, 106), (106, 106), (107, 106), (114, 106), (100, 107), (101, 107), (102, 107), (103, 107), (96, 108), (97, 108), (98, 108), (99, 108), (95, 111)]
[(12, 64), (8, 65), (9, 65), (10, 65), (11, 65), (13, 65), (4, 66), (5, 66), (6, 66), (7, 66), (14, 66), (0, 67), (1, 67), (2, 67), (3, 67), (15, 67), (16, 68), (15, 71), (14, 75), (13, 79), (12, 83), (12, 84), (8, 85), (9, 85), (10, 85), (11, 85), (4, 86), (5, 86), (6, 86), (7, 86), (0, 87), (1, 87), (2, 87), (3, 87)]
[(32, 64), (28, 65), (29, 65), (30, 65), (31, 65), (33, 65), (24, 66), (25, 66), (26, 66), (27, 66), (34, 66), (20, 67), (21, 67), (22, 67), (23, 67), (35, 67), (16, 68), (17, 68), (18, 68), (19, 68), (36, 68), (15, 71), (35, 71), (14, 75), (34, 75), (13, 79), (33, 79), (12, 83), (32, 83), (12, 84), (32, 84), (13, 85), (28, 85), (29, 85), (30, 85), (31, 85), (14, 86), (24, 86), (25, 86), (26, 86), (27, 86), (15, 87), (20, 87), (21, 87), (22, 87), (23, 87), (16, 88), (17, 88), (18, 88), (19, 88)]
[(32, 84), (28, 85), (29, 85), (30, 85), (31, 85), (33, 85), (24, 86), (25, 86), (26, 86), (27, 86), (34, 86), (20, 87), (21, 87), (22, 87), (23, 87), (35, 87), (16, 88), (17, 88), (18, 88), (19, 88), (36, 88), (15, 91), (35, 91), (14, 95), (34, 95), (13, 99), (33, 99), (12, 103), (32, 103), (12, 104), (32, 104), (13, 105), (28, 105), (29, 105), (30, 105), (31, 105), (14, 106), (24, 106), (25, 106), (26, 106), (27, 106), (15, 107), (20, 107), (21, 107), (22, 107), (23, 107), (16, 108), (17, 108), (18, 108), (19, 108)]
[(52, 84), (48, 85), (49, 85), (50, 85), (51, 85), (53, 85), (44, 86), (45, 86), (46, 86), (47, 86), (54, 86), (40, 87), (41, 87), (42, 87), (43, 87), (55, 87), (36, 88), (37, 88), (38, 88), (39, 88), (56, 88), (35, 91), (55, 91), (34, 95), (54, 95), (33, 99), (53, 99), (32, 103), (52, 103), (32, 104), (52, 104), (33, 105), (48, 105), (49, 105), (50, 105), (51, 105), (34, 106), (44, 106), (45, 106), (46, 106), (47, 106), (35, 107), (40, 107), (41, 107), (42, 107), (43, 107), (36, 108), (37, 108), (38, 108), (39, 108)]
[(52, 104), (48, 105), (49, 105), (50, 105), (51, 105), (53, 105), (44, 106), (45, 106), (46, 106), (47, 106), (54, 106), (40, 107), (41, 107), (42, 107), (43, 107), (55, 107), (36, 108), (37, 108), (38, 108), (39, 108), (56, 108), (35, 111), (55, 111)]
[(72, 104), (68, 105), (69, 105), (70, 105), (71, 105), (73, 105), (64, 106), (65, 106), (66, 106), (67, 106), (74, 106), (60, 107), (61, 107), (62, 107), (63, 107), (75, 107), (56, 108), (57, 108), (58, 108), (59, 108), (76, 108), (55, 111), (75, 111)]
[(12, 84), (8, 85), (9, 85), (10, 85), (11, 85), (13, 85), (4, 86), (5, 86), (6, 86), (7, 86), (14, 86), (0, 87), (1, 87), (2, 87), (3, 87), (15, 87), (16, 88), (15, 91), (14, 95), (13, 99), (12, 103), (12, 104), (8, 105), (9, 105), (10, 105), (11, 105), (4, 106), (5, 106), (6, 106), (7, 106), (0, 107), (1, 107), (2, 107), (3, 107)]
[(12, 104), (8, 105), (9, 105), (10, 105), (11, 105), (13, 105), (4, 106), (5, 106), (6, 106), (7, 106), (14, 106), (0, 107), (1, 107), (2, 107), (3, 107), (15, 107), (16, 108), (15, 111)]
[(32, 104), (28, 105), (29, 105), (30, 105), (31, 105), (33, 105), (24, 106), (25, 106), (26, 106), (27, 106), (34, 106), (20, 107), (21, 107), (22, 107), (23, 107), (35, 107), (16, 108), (17, 108), (18, 108), (19, 108), (36, 108), (15, 111), (35, 111)]
