[(100, 3), (98, 4), (99, 4), (101, 4), (96, 5), (97, 5), (102, 5), (94, 6), (95, 6), (91, 7), (92, 7), (93, 7), (101, 7), (89, 8), (90, 8), (87, 9), (88, 9), (100, 9), (85, 10), (86, 10), (82, 11), (83, 11), (84, 11), (99, 11), (81, 13), (98, 13), (80, 15), (97, 16), (79, 17), (96, 18), (78, 19), (95, 20), (77, 22), (94, 22), (94, 23), (76, 24), (92, 24), (93, 24), (90, 25), (91, 25), (75, 26), (88, 26), (89, 26), (85, 27), (86, 27), (87, 27), (74, 28), (83, 28), (84, 28), (74, 29), (81, 29), (82, 29), (75, 30), (79, 30), (80, 30), (76, 31), (77, 31), (78, 31)]
[(114, 0), (111, 1), (112, 1), (113, 1), (109, 2), (110, 2), (107, 3), (108, 3), (105, 4), (106, 4), (102, 5), (103, 5), (104, 5), (101, 7), (100, 9), (99, 11), (98, 13), (97, 16), (114, 16), (114, 17), (96, 18), (112, 18), (113, 18), (110, 19), (111, 19), (95, 20), (108, 20), (109, 20), (105, 21), (106, 21), (107, 21), (94, 22), (103, 22), (104, 22), (94, 23), (101, 23), (102, 23), (95, 24), (99, 24), (100, 24), (96, 25), (97, 25), (98, 25)]
[(114, 17), (112, 18), (113, 18), (110, 19), (111, 19), (108, 20), (109, 20), (105, 21), (106, 21), (107, 21), (103, 22), (104, 22), (101, 23), (102, 23), (114, 23), (99, 24), (100, 24), (96, 25), (97, 25), (98, 25), (113, 25), (95, 27), (112, 27), (94, 29), (111, 30), (93, 31), (110, 32), (92, 33), (109, 34), (91, 36), (108, 36), (108, 37), (90, 38), (106, 38), (107, 38), (104, 39), (105, 39), (89, 40), (102, 40), (103, 40), (99, 41), (100, 41), (101, 41), (88, 42), (97, 42), (98, 42), (88, 43), (95, 43), (96, 43), (89, 44), (93, 44), (94, 44), (90, 45), (91, 45), (92, 45)]
[(114, 23), (113, 25), (112, 27), (111, 30), (110, 32), (109, 34), (108, 36), (108, 37), (109, 38), (113, 38), (114, 38), (110, 39), (111, 39), (112, 39)]
[(113, 38), (114, 38), (110, 39), (111, 39), (112, 39), (109, 41), (108, 43), (107, 45), (106, 47), (105, 50), (104, 52), (103, 54), (113, 55), (114, 55), (102, 56), (111, 56), (112, 56), (102, 57), (109, 57), (110, 57), (103, 58), (107, 58), (108, 58), (104, 59), (105, 59), (106, 59)]
[(60, 15), (58, 16), (59, 16), (61, 16), (56, 17), (57, 17), (62, 17), (54, 18), (55, 18), (51, 19), (52, 19), (53, 19), (61, 19), (49, 20), (50, 20), (47, 21), (48, 21), (60, 21), (45, 22), (46, 22), (42, 23), (43, 23), (44, 23), (59, 23), (41, 25), (58, 25), (40, 27), (57, 28), (39, 29), (56, 30), (38, 31), (55, 32), (37, 34), (54, 34), (54, 35), (36, 36), (52, 36), (53, 36), (50, 37), (51, 37), (35, 38), (48, 38), (49, 38), (45, 39), (46, 39), (47, 39), (34, 40), (43, 40), (44, 40), (34, 41), (41, 41), (42, 41), (35, 42), (39, 42), (40, 42), (36, 43), (37, 43), (38, 43)]
[(80, 9), (78, 10), (79, 10), (81, 10), (76, 11), (77, 11), (82, 11), (74, 12), (75, 12), (71, 13), (72, 13), (73, 13), (81, 13), (69, 14), (70, 14), (67, 15), (68, 15), (80, 15), (65, 16), (66, 16), (62, 17), (63, 17), (64, 17), (79, 17), (61, 19), (78, 19), (60, 21), (77, 22), (59, 23), (76, 24), (58, 25), (75, 26), (57, 28), (74, 28), (74, 29), (56, 30), (72, 30), (73, 30), (70, 31), (71, 31), (55, 32), (68, 32), (69, 32), (65, 33), (66, 33), (67, 33), (54, 34), (63, 34), (64, 34), (54, 35), (61, 35), (62, 35), (55, 36), (59, 36), (60, 36), (56, 37), (57, 37), (58, 37)]
[(74, 29), (72, 30), (73, 30), (75, 30), (70, 31), (71, 31), (76, 31), (68, 32), (69, 32), (65, 33), (66, 33), (67, 33), (75, 33), (63, 34), (64, 34), (61, 35), (62, 35), (74, 35), (59, 36), (60, 36), (56, 37), (57, 37), (58, 37), (73, 37), (55, 39), (72, 39), (54, 41), (71, 42), (53, 43), (70, 44), (52, 45), (69, 46), (51, 48), (68, 48), (68, 49), (50, 50), (66, 50), (67, 50), (64, 51), (65, 51), (49, 52), (62, 52), (63, 52), (59, 53), (60, 53), (61, 53), (48, 54), (57, 54), (58, 54), (48, 55), (55, 55), (56, 55), (49, 56), (53, 56), (54, 56), (50, 57), (51, 57), (52, 57)]
[(94, 23), (92, 24), (93, 24), (95, 24), (90, 25), (91, 25), (96, 25), (88, 26), (89, 26), (85, 27), (86, 27), (87, 27), (95, 27), (83, 28), (84, 28), (81, 29), (82, 29), (94, 29), (79, 30), (80, 30), (76, 31), (77, 31), (78, 31), (93, 31), (75, 33), (92, 33), (74, 35), (91, 36), (73, 37), (90, 38), (72, 39), (89, 40), (71, 42), (88, 42), (88, 43), (70, 44), (86, 44), (87, 44), (84, 45), (85, 45), (69, 46), (82, 46), (83, 46), (79, 47), (80, 47), (81, 47), (68, 48), (77, 48), (78, 48), (68, 49), (75, 49), (76, 49), (69, 50), (73, 50), (74, 50), (70, 51), (71, 51), (72, 51)]
[(88, 43), (86, 44), (87, 44), (89, 44), (84, 45), (85, 45), (90, 45), (82, 46), (83, 46), (79, 47), (80, 47), (81, 47), (89, 47), (77, 48), (78, 48), (75, 49), (76, 49), (88, 49), (73, 50), (74, 50), (70, 51), (71, 51), (72, 51), (87, 51), (69, 53), (86, 53), (68, 55), (85, 56), (67, 57), (84, 58), (66, 59), (83, 60), (65, 62), (82, 62), (82, 63), (64, 64), (80, 64), (81, 64), (78, 65), (79, 65), (63, 66), (76, 66), (77, 66), (73, 67), (74, 67), (75, 67), (62, 68), (71, 68), (72, 68), (62, 69), (69, 69), (70, 69), (63, 70), (67, 70), (68, 70), (64, 71), (65, 71), (66, 71)]
[(108, 37), (106, 38), (107, 38), (109, 38), (104, 39), (105, 39), (110, 39), (102, 40), (103, 40), (99, 41), (100, 41), (101, 41), (109, 41), (97, 42), (98, 42), (95, 43), (96, 43), (108, 43), (93, 44), (94, 44), (90, 45), (91, 45), (92, 45), (107, 45), (89, 47), (106, 47), (88, 49), (105, 50), (87, 51), (104, 52), (86, 53), (103, 54), (85, 56), (102, 56), (102, 57), (84, 58), (100, 58), (101, 58), (98, 59), (99, 59), (83, 60), (96, 60), (97, 60), (93, 61), (94, 61), (95, 61), (82, 62), (91, 62), (92, 62), (82, 63), (89, 63), (90, 63), (83, 64), (87, 64), (88, 64), (84, 65), (85, 65), (86, 65)]
[(102, 57), (100, 58), (101, 58), (103, 58), (98, 59), (99, 59), (104, 59), (96, 60), (97, 60), (93, 61), (94, 61), (95, 61), (103, 61), (91, 62), (92, 62), (89, 63), (90, 63), (102, 63), (87, 64), (88, 64), (84, 65), (85, 65), (86, 65), (101, 65), (83, 67), (100, 67), (82, 69), (99, 70), (81, 71), (98, 72), (80, 73), (97, 74), (79, 76), (96, 76), (96, 77), (78, 78), (94, 78), (95, 78), (92, 79), (93, 79), (77, 80), (90, 80), (91, 80), (87, 81), (88, 81), (89, 81), (76, 82), (85, 82), (86, 82), (76, 83), (83, 83), (84, 83), (77, 84), (81, 84), (82, 84), (78, 85), (79, 85), (80, 85)]
[(113, 55), (114, 55), (111, 56), (112, 56), (109, 57), (110, 57), (107, 58), (108, 58), (104, 59), (105, 59), (106, 59), (103, 61), (102, 63), (101, 65), (100, 67), (99, 70), (98, 72), (114, 72), (112, 73), (113, 73), (97, 74), (110, 74), (111, 74), (107, 75), (108, 75), (109, 75), (96, 76), (105, 76), (106, 76), (96, 77), (103, 77), (104, 77), (97, 78), (101, 78), (102, 78), (98, 79), (99, 79), (100, 79)]
[(114, 72), (112, 73), (113, 73), (110, 74), (111, 74), (107, 75), (108, 75), (109, 75), (105, 76), (106, 76), (103, 77), (104, 77), (101, 78), (102, 78), (98, 79), (99, 79), (100, 79), (97, 81), (114, 81), (96, 83), (113, 84), (95, 85), (112, 86), (94, 87), (111, 88), (93, 90), (110, 90), (110, 91), (92, 92), (108, 92), (109, 92), (106, 93), (107, 93), (91, 94), (104, 94), (105, 94), (101, 95), (102, 95), (103, 95), (90, 96), (99, 96), (100, 96), (90, 97), (97, 97), (98, 97), (91, 98), (95, 98), (96, 98), (92, 99), (93, 99), (94, 99)]
[(114, 81), (113, 84), (112, 86), (111, 88), (110, 90), (110, 91), (111, 92), (112, 93), (113, 93), (114, 93)]
[(112, 93), (113, 93), (114, 93), (111, 95), (110, 97), (109, 99), (108, 101), (107, 104), (106, 106), (105, 108), (104, 110), (113, 110), (114, 110), (104, 111), (111, 111), (112, 111), (105, 112), (109, 112), (110, 112), (106, 113), (107, 113), (108, 113)]
[(34, 41), (32, 42), (33, 42), (35, 42), (30, 43), (31, 43), (36, 43), (28, 44), (29, 44), (25, 45), (26, 45), (27, 45), (35, 45), (23, 46), (24, 46), (21, 47), (22, 47), (34, 47), (19, 48), (20, 48), (16, 49), (17, 49), (18, 49), (33, 49), (15, 51), (32, 51), (14, 53), (31, 54), (13, 55), (30, 56), (12, 57), (29, 58), (11, 60), (28, 60), (28, 61), (10, 62), (26, 62), (27, 62), (24, 63), (25, 63), (9, 64), (22, 64), (23, 64), (19, 65), (20, 65), (21, 65), (8, 66), (17, 66), (18, 66), (8, 67), (15, 67), (16, 67), (9, 68), (13, 68), (14, 68), (10, 69), (11, 69), (12, 69)]
[(54, 35), (52, 36), (53, 36), (55, 36), (50, 37), (51, 37), (56, 37), (48, 38), (49, 38), (45, 39), (46, 39), (47, 39), (55, 39), (43, 40), (44, 40), (41, 41), (42, 41), (54, 41), (39, 42), (40, 42), (36, 43), (37, 43), (38, 43), (53, 43), (35, 45), (52, 45), (34, 47), (51, 48), (33, 49), (50, 50), (32, 51), (49, 52), (31, 54), (48, 54), (48, 55), (30, 56), (46, 56), (47, 56), (44, 57), (45, 57), (29, 58), (42, 58), (43, 58), (39, 59), (40, 59), (41, 59), (28, 60), (37, 60), (38, 60), (28, 61), (35, 61), (36, 61), (29, 62), (33, 62), (34, 62), (30, 63), (31, 63), (32, 63)]
[(48, 55), (46, 56), (47, 56), (49, 56), (44, 57), (45, 57), (50, 57), (42, 58), (43, 58), (39, 59), (40, 59), (41, 59), (49, 59), (37, 60), (38, 60), (35, 61), (36, 61), (48, 61), (33, 62), (34, 62), (30, 63), (31, 63), (32, 63), (47, 63), (29, 65), (46, 65), (28, 67), (45, 68), (27, 69), (44, 70), (26, 71), (43, 72), (25, 74), (42, 74), (42, 75), (24, 76), (40, 76), (41, 76), (38, 77), (39, 77), (23, 78), (36, 78), (37, 78), (33, 79), (34, 79), (35, 79), (22, 80), (31, 80), (32, 80), (22, 81), (29, 81), (30, 81), (23, 82), (27, 82), (28, 82), (24, 83), (25, 83), (26, 83)]
[(68, 49), (66, 50), (67, 50), (69, 50), (64, 51), (65, 51), (70, 51), (62, 52), (63, 52), (59, 53), (60, 53), (61, 53), (69, 53), (57, 54), (58, 54), (55, 55), (56, 55), (68, 55), (53, 56), (54, 56), (50, 57), (51, 57), (52, 57), (67, 57), (49, 59), (66, 59), (48, 61), (65, 62), (47, 63), (64, 64), (46, 65), (63, 66), (45, 68), (62, 68), (62, 69), (44, 70), (60, 70), (61, 70), (58, 71), (59, 71), (43, 72), (56, 72), (57, 72), (53, 73), (54, 73), (55, 73), (42, 74), (51, 74), (52, 74), (42, 75), (49, 75), (50, 75), (43, 76), (47, 76), (48, 76), (44, 77), (45, 77), (46, 77)]
[(62, 69), (60, 70), (61, 70), (63, 70), (58, 71), (59, 71), (64, 71), (56, 72), (57, 72), (53, 73), (54, 73), (55, 73), (63, 73), (51, 74), (52, 74), (49, 75), (50, 75), (62, 75), (47, 76), (48, 76), (44, 77), (45, 77), (46, 77), (61, 77), (43, 79), (60, 79), (42, 81), (59, 82), (41, 83), (58, 84), (40, 85), (57, 86), (39, 88), (56, 88), (56, 89), (38, 90), (54, 90), (55, 90), (52, 91), (53, 91), (37, 92), (50, 92), (51, 92), (47, 93), (48, 93), (49, 93), (36, 94), (45, 94), (46, 94), (36, 95), (43, 95), (44, 95), (37, 96), (41, 96), (42, 96), (38, 97), (39, 97), (40, 97)]
[(82, 63), (80, 64), (81, 64), (83, 64), (78, 65), (79, 65), (84, 65), (76, 66), (77, 66), (73, 67), (74, 67), (75, 67), (83, 67), (71, 68), (72, 68), (69, 69), (70, 69), (82, 69), (67, 70), (68, 70), (64, 71), (65, 71), (66, 71), (81, 71), (63, 73), (80, 73), (62, 75), (79, 76), (61, 77), (78, 78), (60, 79), (77, 80), (59, 82), (76, 82), (76, 83), (58, 84), (74, 84), (75, 84), (72, 85), (73, 85), (57, 86), (70, 86), (71, 86), (67, 87), (68, 87), (69, 87), (56, 88), (65, 88), (66, 88), (56, 89), (63, 89), (64, 89), (57, 90), (61, 90), (62, 90), (58, 91), (59, 91), (60, 91)]
[(76, 83), (74, 84), (75, 84), (77, 84), (72, 85), (73, 85), (78, 85), (70, 86), (71, 86), (67, 87), (68, 87), (69, 87), (77, 87), (65, 88), (66, 88), (63, 89), (64, 89), (76, 89), (61, 90), (62, 90), (58, 91), (59, 91), (60, 91), (75, 91), (57, 93), (74, 93), (56, 95), (73, 96), (55, 97), (72, 98), (54, 99), (71, 100), (53, 102), (70, 102), (70, 103), (52, 104), (68, 104), (69, 104), (66, 105), (67, 105), (51, 106), (64, 106), (65, 106), (61, 107), (62, 107), (63, 107), (50, 108), (59, 108), (60, 108), (50, 109), (57, 109), (58, 109), (51, 110), (55, 110), (56, 110), (52, 111), (53, 111), (54, 111)]
[(96, 77), (94, 78), (95, 78), (97, 78), (92, 79), (93, 79), (98, 79), (90, 80), (91, 80), (87, 81), (88, 81), (89, 81), (97, 81), (85, 82), (86, 82), (83, 83), (84, 83), (96, 83), (81, 84), (82, 84), (78, 85), (79, 85), (80, 85), (95, 85), (77, 87), (94, 87), (76, 89), (93, 90), (75, 91), (92, 92), (74, 93), (91, 94), (73, 96), (90, 96), (90, 97), (72, 98), (88, 98), (89, 98), (86, 99), (87, 99), (71, 100), (84, 100), (85, 100), (81, 101), (82, 101), (83, 101), (70, 102), (79, 102), (80, 102), (70, 103), (77, 103), (78, 103), (71, 104), (75, 104), (76, 104), (72, 105), (73, 105), (74, 105)]
[(90, 97), (88, 98), (89, 98), (91, 98), (86, 99), (87, 99), (92, 99), (84, 100), (85, 100), (81, 101), (82, 101), (83, 101), (91, 101), (79, 102), (80, 102), (77, 103), (78, 103), (90, 103), (75, 104), (76, 104), (72, 105), (73, 105), (74, 105), (89, 105), (71, 107), (88, 107), (70, 109), (87, 110), (69, 111), (86, 112), (68, 113), (85, 114)]
[(110, 91), (108, 92), (109, 92), (111, 92), (106, 93), (107, 93), (112, 93), (104, 94), (105, 94), (101, 95), (102, 95), (103, 95), (111, 95), (99, 96), (100, 96), (97, 97), (98, 97), (110, 97), (95, 98), (96, 98), (92, 99), (93, 99), (94, 99), (109, 99), (91, 101), (108, 101), (90, 103), (107, 104), (89, 105), (106, 106), (88, 107), (105, 108), (87, 110), (104, 110), (104, 111), (86, 112), (102, 112), (103, 112), (100, 113), (101, 113), (85, 114), (98, 114), (99, 114)]
[(104, 111), (102, 112), (103, 112), (105, 112), (100, 113), (101, 113), (106, 113), (98, 114), (99, 114)]
[(113, 110), (114, 110), (111, 111), (112, 111), (109, 112), (110, 112), (106, 113), (107, 113), (108, 113)]
[(28, 61), (26, 62), (27, 62), (29, 62), (24, 63), (25, 63), (30, 63), (22, 64), (23, 64), (19, 65), (20, 65), (21, 65), (29, 65), (17, 66), (18, 66), (15, 67), (16, 67), (28, 67), (13, 68), (14, 68), (10, 69), (11, 69), (12, 69), (27, 69), (9, 71), (26, 71), (8, 73), (25, 74), (7, 75), (24, 76), (6, 77), (23, 78), (5, 80), (22, 80), (22, 81), (4, 82), (20, 82), (21, 82), (18, 83), (19, 83), (3, 84), (16, 84), (17, 84), (13, 85), (14, 85), (15, 85), (2, 86), (11, 86), (12, 86), (2, 87), (9, 87), (10, 87), (3, 88), (7, 88), (8, 88), (4, 89), (5, 89), (6, 89)]
[(22, 81), (20, 82), (21, 82), (23, 82), (18, 83), (19, 83), (24, 83), (16, 84), (17, 84), (13, 85), (14, 85), (15, 85), (23, 85), (11, 86), (12, 86), (9, 87), (10, 87), (22, 87), (7, 88), (8, 88), (4, 89), (5, 89), (6, 89), (21, 89), (3, 91), (20, 91), (2, 93), (19, 94), (1, 95), (18, 96), (0, 97), (17, 98), (16, 100), (16, 101), (14, 102), (15, 102), (12, 103), (13, 103), (10, 104), (11, 104), (7, 105), (8, 105), (9, 105), (5, 106), (6, 106), (3, 107), (4, 107), (1, 108), (2, 108), (0, 109)]
[(42, 75), (40, 76), (41, 76), (43, 76), (38, 77), (39, 77), (44, 77), (36, 78), (37, 78), (33, 79), (34, 79), (35, 79), (43, 79), (31, 80), (32, 80), (29, 81), (30, 81), (42, 81), (27, 82), (28, 82), (24, 83), (25, 83), (26, 83), (41, 83), (23, 85), (40, 85), (22, 87), (39, 88), (21, 89), (38, 90), (20, 91), (37, 92), (19, 94), (36, 94), (36, 95), (18, 96), (34, 96), (35, 96), (32, 97), (33, 97), (17, 98), (30, 98), (31, 98), (27, 99), (28, 99), (29, 99), (16, 100), (25, 100), (26, 100), (16, 101), (23, 101), (24, 101), (17, 102), (21, 102), (22, 102), (18, 103), (19, 103), (20, 103)]
[(36, 95), (34, 96), (35, 96), (37, 96), (32, 97), (33, 97), (38, 97), (30, 98), (31, 98), (27, 99), (28, 99), (29, 99), (37, 99), (25, 100), (26, 100), (23, 101), (24, 101), (36, 101), (21, 102), (22, 102), (18, 103), (19, 103), (20, 103), (35, 103), (17, 105), (34, 105), (16, 107), (33, 108), (15, 109), (32, 110), (14, 111), (31, 112), (13, 114), (30, 114)]
[(56, 89), (54, 90), (55, 90), (57, 90), (52, 91), (53, 91), (58, 91), (50, 92), (51, 92), (47, 93), (48, 93), (49, 93), (57, 93), (45, 94), (46, 94), (43, 95), (44, 95), (56, 95), (41, 96), (42, 96), (38, 97), (39, 97), (40, 97), (55, 97), (37, 99), (54, 99), (36, 101), (53, 102), (35, 103), (52, 104), (34, 105), (51, 106), (33, 108), (50, 108), (50, 109), (32, 110), (48, 110), (49, 110), (46, 111), (47, 111), (31, 112), (44, 112), (45, 112), (41, 113), (42, 113), (43, 113), (30, 114), (39, 114), (40, 114)]
[(50, 109), (48, 110), (49, 110), (51, 110), (46, 111), (47, 111), (52, 111), (44, 112), (45, 112), (41, 113), (42, 113), (43, 113), (51, 113), (39, 114), (40, 114)]
[(70, 103), (68, 104), (69, 104), (71, 104), (66, 105), (67, 105), (72, 105), (64, 106), (65, 106), (61, 107), (62, 107), (63, 107), (71, 107), (59, 108), (60, 108), (57, 109), (58, 109), (70, 109), (55, 110), (56, 110), (52, 111), (53, 111), (54, 111), (69, 111), (51, 113), (68, 113)]
[(16, 101), (14, 102), (15, 102), (17, 102), (12, 103), (13, 103), (18, 103), (10, 104), (11, 104), (7, 105), (8, 105), (9, 105), (17, 105), (5, 106), (6, 106), (3, 107), (4, 107), (16, 107), (1, 108), (2, 108), (0, 109), (15, 109), (14, 111), (13, 114)]
