[(110, 30), (106, 31), (107, 31), (108, 31), (109, 31), (111, 31), (102, 32), (103, 32), (104, 32), (105, 32), (112, 32), (98, 33), (99, 33), (100, 33), (101, 33), (113, 33), (94, 34), (95, 34), (96, 34), (97, 34), (114, 34), (93, 37), (113, 37), (92, 41), (112, 41), (91, 45), (111, 45), (90, 49), (110, 49), (90, 50), (110, 50), (91, 51), (106, 51), (107, 51), (108, 51), (109, 51), (92, 52), (102, 52), (103, 52), (104, 52), (105, 52), (93, 53), (98, 53), (99, 53), (100, 53), (101, 53), (94, 54), (95, 54), (96, 54), (97, 54)]
[(114, 34), (113, 37), (112, 41), (111, 45), (110, 49), (110, 50), (111, 51), (112, 52), (113, 53), (114, 54)]
[(114, 54), (113, 57), (112, 61), (111, 65), (110, 69), (110, 70), (111, 71), (112, 72), (113, 73), (114, 74)]
[(70, 30), (66, 31), (67, 31), (68, 31), (69, 31), (71, 31), (62, 32), (63, 32), (64, 32), (65, 32), (72, 32), (58, 33), (59, 33), (60, 33), (61, 33), (73, 33), (54, 34), (55, 34), (56, 34), (57, 34), (74, 34), (53, 37), (73, 37), (52, 41), (72, 41), (51, 45), (71, 45), (50, 49), (70, 49), (50, 50), (70, 50), (51, 51), (66, 51), (67, 51), (68, 51), (69, 51), (52, 52), (62, 52), (63, 52), (64, 52), (65, 52), (53, 53), (58, 53), (59, 53), (60, 53), (61, 53), (54, 54), (55, 54), (56, 54), (57, 54)]
[(90, 30), (86, 31), (87, 31), (88, 31), (89, 31), (91, 31), (82, 32), (83, 32), (84, 32), (85, 32), (92, 32), (78, 33), (79, 33), (80, 33), (81, 33), (93, 33), (74, 34), (75, 34), (76, 34), (77, 34), (94, 34), (73, 37), (93, 37), (72, 41), (92, 41), (71, 45), (91, 45), (70, 49), (90, 49), (70, 50), (90, 50), (71, 51), (86, 51), (87, 51), (88, 51), (89, 51), (72, 52), (82, 52), (83, 52), (84, 52), (85, 52), (73, 53), (78, 53), (79, 53), (80, 53), (81, 53), (74, 54), (75, 54), (76, 54), (77, 54)]
[(90, 50), (86, 51), (87, 51), (88, 51), (89, 51), (91, 51), (82, 52), (83, 52), (84, 52), (85, 52), (92, 52), (78, 53), (79, 53), (80, 53), (81, 53), (93, 53), (74, 54), (75, 54), (76, 54), (77, 54), (94, 54), (73, 57), (93, 57), (72, 61), (92, 61), (71, 65), (91, 65), (70, 69), (90, 69), (70, 70), (90, 70), (71, 71), (86, 71), (87, 71), (88, 71), (89, 71), (72, 72), (82, 72), (83, 72), (84, 72), (85, 72), (73, 73), (78, 73), (79, 73), (80, 73), (81, 73), (74, 74), (75, 74), (76, 74), (77, 74)]
[(110, 50), (106, 51), (107, 51), (108, 51), (109, 51), (111, 51), (102, 52), (103, 52), (104, 52), (105, 52), (112, 52), (98, 53), (99, 53), (100, 53), (101, 53), (113, 53), (94, 54), (95, 54), (96, 54), (97, 54), (114, 54), (93, 57), (113, 57), (92, 61), (112, 61), (91, 65), (111, 65), (90, 69), (110, 69), (90, 70), (110, 70), (91, 71), (106, 71), (107, 71), (108, 71), (109, 71), (92, 72), (102, 72), (103, 72), (104, 72), (105, 72), (93, 73), (98, 73), (99, 73), (100, 73), (101, 73), (94, 74), (95, 74), (96, 74), (97, 74)]
[(110, 70), (106, 71), (107, 71), (108, 71), (109, 71), (111, 71), (102, 72), (103, 72), (104, 72), (105, 72), (112, 72), (98, 73), (99, 73), (100, 73), (101, 73), (113, 73), (94, 74), (95, 74), (96, 74), (97, 74), (114, 74), (93, 77), (113, 77), (92, 81), (112, 81), (91, 85), (111, 85), (90, 89), (110, 89), (90, 90), (110, 90), (91, 91), (106, 91), (107, 91), (108, 91), (109, 91), (92, 92), (102, 92), (103, 92), (104, 92), (105, 92), (93, 93), (98, 93), (99, 93), (100, 93), (101, 93), (94, 94), (95, 94), (96, 94), (97, 94)]
[(114, 74), (113, 77), (112, 81), (111, 85), (110, 89), (110, 90), (111, 91), (112, 92), (113, 93), (114, 94)]
[(50, 50), (46, 51), (47, 51), (48, 51), (49, 51), (51, 51), (42, 52), (43, 52), (44, 52), (45, 52), (52, 52), (38, 53), (39, 53), (40, 53), (41, 53), (53, 53), (34, 54), (35, 54), (36, 54), (37, 54), (54, 54), (33, 57), (53, 57), (32, 61), (52, 61), (31, 65), (51, 65), (30, 69), (50, 69), (30, 70), (50, 70), (31, 71), (46, 71), (47, 71), (48, 71), (49, 71), (32, 72), (42, 72), (43, 72), (44, 72), (45, 72), (33, 73), (38, 73), (39, 73), (40, 73), (41, 73), (34, 74), (35, 74), (36, 74), (37, 74)]
[(70, 50), (66, 51), (67, 51), (68, 51), (69, 51), (71, 51), (62, 52), (63, 52), (64, 52), (65, 52), (72, 52), (58, 53), (59, 53), (60, 53), (61, 53), (73, 53), (54, 54), (55, 54), (56, 54), (57, 54), (74, 54), (53, 57), (73, 57), (52, 61), (72, 61), (51, 65), (71, 65), (50, 69), (70, 69), (50, 70), (70, 70), (51, 71), (66, 71), (67, 71), (68, 71), (69, 71), (52, 72), (62, 72), (63, 72), (64, 72), (65, 72), (53, 73), (58, 73), (59, 73), (60, 73), (61, 73), (54, 74), (55, 74), (56, 74), (57, 74)]
[(70, 70), (66, 71), (67, 71), (68, 71), (69, 71), (71, 71), (62, 72), (63, 72), (64, 72), (65, 72), (72, 72), (58, 73), (59, 73), (60, 73), (61, 73), (73, 73), (54, 74), (55, 74), (56, 74), (57, 74), (74, 74), (53, 77), (73, 77), (52, 81), (72, 81), (51, 85), (71, 85), (50, 89), (70, 89), (50, 90), (70, 90), (51, 91), (66, 91), (67, 91), (68, 91), (69, 91), (52, 92), (62, 92), (63, 92), (64, 92), (65, 92), (53, 93), (58, 93), (59, 93), (60, 93), (61, 93), (54, 94), (55, 94), (56, 94), (57, 94)]
[(90, 70), (86, 71), (87, 71), (88, 71), (89, 71), (91, 71), (82, 72), (83, 72), (84, 72), (85, 72), (92, 72), (78, 73), (79, 73), (80, 73), (81, 73), (93, 73), (74, 74), (75, 74), (76, 74), (77, 74), (94, 74), (73, 77), (93, 77), (72, 81), (92, 81), (71, 85), (91, 85), (70, 89), (90, 89), (70, 90), (90, 90), (71, 91), (86, 91), (87, 91), (88, 91), (89, 91), (72, 92), (82, 92), (83, 92), (84, 92), (85, 92), (73, 93), (78, 93), (79, 93), (80, 93), (81, 93), (74, 94), (75, 94), (76, 94), (77, 94)]
[(90, 90), (86, 91), (87, 91), (88, 91), (89, 91), (91, 91), (82, 92), (83, 92), (84, 92), (85, 92), (92, 92), (78, 93), (79, 93), (80, 93), (81, 93), (93, 93), (74, 94), (75, 94), (76, 94), (77, 94), (94, 94), (73, 97), (93, 97), (72, 101), (92, 101), (71, 105), (91, 105), (70, 109), (90, 109), (70, 110), (90, 110), (71, 111), (86, 111), (87, 111), (88, 111), (89, 111), (72, 112), (82, 112), (83, 112), (84, 112), (85, 112), (73, 113), (78, 113), (79, 113), (80, 113), (81, 113), (74, 114), (75, 114), (76, 114), (77, 114)]
[(110, 90), (106, 91), (107, 91), (108, 91), (109, 91), (111, 91), (102, 92), (103, 92), (104, 92), (105, 92), (112, 92), (98, 93), (99, 93), (100, 93), (101, 93), (113, 93), (94, 94), (95, 94), (96, 94), (97, 94), (114, 94), (93, 97), (113, 97), (92, 101), (112, 101), (91, 105), (111, 105), (90, 109), (110, 109), (90, 110), (110, 110), (91, 111), (106, 111), (107, 111), (108, 111), (109, 111), (92, 112), (102, 112), (103, 112), (104, 112), (105, 112), (93, 113), (98, 113), (99, 113), (100, 113), (101, 113), (94, 114), (95, 114), (96, 114), (97, 114)]
[(50, 70), (46, 71), (47, 71), (48, 71), (49, 71), (51, 71), (42, 72), (43, 72), (44, 72), (45, 72), (52, 72), (38, 73), (39, 73), (40, 73), (41, 73), (53, 73), (34, 74), (35, 74), (36, 74), (37, 74), (54, 74), (33, 77), (53, 77), (32, 81), (52, 81), (31, 85), (51, 85), (30, 89), (50, 89), (30, 90), (50, 90), (31, 91), (46, 91), (47, 91), (48, 91), (49, 91), (32, 92), (42, 92), (43, 92), (44, 92), (45, 92), (33, 93), (38, 93), (39, 93), (40, 93), (41, 93), (34, 94), (35, 94), (36, 94), (37, 94)]
[(50, 90), (46, 91), (47, 91), (48, 91), (49, 91), (51, 91), (42, 92), (43, 92), (44, 92), (45, 92), (52, 92), (38, 93), (39, 93), (40, 93), (41, 93), (53, 93), (34, 94), (35, 94), (36, 94), (37, 94), (54, 94), (33, 97), (53, 97), (32, 101), (52, 101), (31, 105), (51, 105), (30, 109), (50, 109), (30, 110), (50, 110), (31, 111), (46, 111), (47, 111), (48, 111), (49, 111), (32, 112), (42, 112), (43, 112), (44, 112), (45, 112), (33, 113), (38, 113), (39, 113), (40, 113), (41, 113), (34, 114), (35, 114), (36, 114), (37, 114)]
[(70, 90), (66, 91), (67, 91), (68, 91), (69, 91), (71, 91), (62, 92), (63, 92), (64, 92), (65, 92), (72, 92), (58, 93), (59, 93), (60, 93), (61, 93), (73, 93), (54, 94), (55, 94), (56, 94), (57, 94), (74, 94), (53, 97), (73, 97), (52, 101), (72, 101), (51, 105), (71, 105), (50, 109), (70, 109), (50, 110), (70, 110), (51, 111), (66, 111), (67, 111), (68, 111), (69, 111), (52, 112), (62, 112), (63, 112), (64, 112), (65, 112), (53, 113), (58, 113), (59, 113), (60, 113), (61, 113), (54, 114), (55, 114), (56, 114), (57, 114)]
[(70, 110), (66, 111), (67, 111), (68, 111), (69, 111), (71, 111), (62, 112), (63, 112), (64, 112), (65, 112), (72, 112), (58, 113), (59, 113), (60, 113), (61, 113), (73, 113), (54, 114), (55, 114), (56, 114), (57, 114), (74, 114)]
[(90, 110), (86, 111), (87, 111), (88, 111), (89, 111), (91, 111), (82, 112), (83, 112), (84, 112), (85, 112), (92, 112), (78, 113), (79, 113), (80, 113), (81, 113), (93, 113), (74, 114), (75, 114), (76, 114), (77, 114), (94, 114)]
[(50, 110), (46, 111), (47, 111), (48, 111), (49, 111), (51, 111), (42, 112), (43, 112), (44, 112), (45, 112), (52, 112), (38, 113), (39, 113), (40, 113), (41, 113), (53, 113), (34, 114), (35, 114), (36, 114), (37, 114), (54, 114)]
