[(113, 31), (114, 31), (111, 32), (112, 32), (109, 33), (110, 33), (106, 34), (107, 34), (108, 34), (105, 36), (104, 38), (103, 40), (102, 42), (101, 44), (100, 46), (99, 48), (98, 50), (97, 52), (114, 52), (112, 53), (113, 53), (96, 54), (110, 54), (111, 54), (108, 55), (109, 55), (95, 56), (96, 56), (106, 56), (107, 56), (97, 57), (104, 57), (105, 57), (98, 58), (102, 58), (103, 58), (99, 59), (100, 59), (101, 59)]
[(114, 72), (113, 74), (114, 74)]
[(77, 38), (78, 38), (75, 39), (76, 39), (79, 39), (73, 40), (74, 40), (80, 40), (71, 41), (72, 41), (81, 41), (69, 42), (70, 42), (67, 43), (68, 43), (80, 43), (65, 44), (66, 44), (63, 45), (64, 45), (79, 45), (61, 46), (62, 46), (59, 47), (60, 47), (78, 47), (56, 48), (57, 48), (58, 48), (77, 49), (55, 50), (76, 51), (54, 52), (75, 53), (53, 54), (74, 55), (52, 56), (73, 57), (51, 58), (72, 59), (50, 60), (71, 61), (49, 62), (70, 63), (71, 63), (48, 64), (68, 64), (69, 64), (66, 65), (67, 65), (47, 66), (64, 66), (65, 66), (62, 67), (63, 67), (46, 68), (60, 68), (61, 68), (58, 69), (59, 69), (45, 70), (46, 70), (56, 70), (57, 70), (47, 71), (54, 71), (55, 71), (48, 72), (52, 72), (53, 72), (49, 73), (50, 73), (51, 73)]
[(102, 31), (103, 31), (100, 32), (101, 32), (104, 32), (98, 33), (99, 33), (105, 33), (96, 34), (97, 34), (106, 34), (94, 35), (95, 35), (92, 36), (93, 36), (105, 36), (90, 37), (91, 37), (88, 38), (89, 38), (104, 38), (86, 39), (87, 39), (84, 40), (85, 40), (103, 40), (81, 41), (82, 41), (83, 41), (102, 42), (80, 43), (101, 44), (79, 45), (100, 46), (78, 47), (99, 48), (77, 49), (98, 50), (76, 51), (97, 52), (75, 53), (96, 54), (74, 55), (95, 56), (96, 56), (73, 57), (93, 57), (94, 57), (91, 58), (92, 58), (72, 59), (89, 59), (90, 59), (87, 60), (88, 60), (71, 61), (85, 61), (86, 61), (83, 62), (84, 62), (70, 63), (71, 63), (81, 63), (82, 63), (72, 64), (79, 64), (80, 64), (73, 65), (77, 65), (78, 65), (74, 66), (75, 66), (76, 66)]
[(95, 56), (96, 56), (93, 57), (94, 57), (97, 57), (91, 58), (92, 58), (98, 58), (89, 59), (90, 59), (99, 59), (87, 60), (88, 60), (85, 61), (86, 61), (98, 61), (83, 62), (84, 62), (81, 63), (82, 63), (97, 63), (79, 64), (80, 64), (77, 65), (78, 65), (96, 65), (74, 66), (75, 66), (76, 66), (95, 67), (73, 68), (94, 69), (72, 70), (93, 71), (71, 72), (92, 73), (70, 74), (91, 75), (69, 76), (90, 77), (68, 78), (89, 79), (67, 80), (88, 81), (89, 81), (66, 82), (86, 82), (87, 82), (84, 83), (85, 83), (65, 84), (82, 84), (83, 84), (80, 85), (81, 85), (64, 86), (78, 86), (79, 86), (76, 87), (77, 87), (63, 88), (64, 88), (74, 88), (75, 88), (65, 89), (72, 89), (73, 89), (66, 90), (70, 90), (71, 90), (67, 91), (68, 91), (69, 91)]
[(114, 52), (112, 53), (113, 53), (110, 54), (111, 54), (108, 55), (109, 55), (106, 56), (107, 56), (104, 57), (105, 57), (102, 58), (103, 58), (99, 59), (100, 59), (101, 59), (98, 61), (97, 63), (96, 65), (95, 67), (94, 69), (93, 71), (114, 72), (92, 73), (113, 74), (114, 74), (91, 75), (111, 75), (112, 75), (109, 76), (110, 76), (90, 77), (107, 77), (108, 77), (105, 78), (106, 78), (89, 79), (103, 79), (104, 79), (101, 80), (102, 80), (88, 81), (89, 81), (99, 81), (100, 81), (90, 82), (97, 82), (98, 82), (91, 83), (95, 83), (96, 83), (92, 84), (93, 84), (94, 84)]
[(113, 74), (114, 74), (111, 75), (112, 75), (109, 76), (110, 76), (107, 77), (108, 77), (105, 78), (106, 78), (103, 79), (104, 79), (101, 80), (102, 80), (99, 81), (100, 81), (97, 82), (98, 82), (95, 83), (96, 83), (114, 83), (92, 84), (93, 84), (94, 84), (113, 85), (91, 86), (112, 87), (90, 88), (111, 89), (89, 90), (110, 91), (88, 92), (109, 93), (87, 94), (108, 95), (86, 96), (107, 97), (85, 98), (106, 99), (107, 99), (84, 100), (104, 100), (105, 100), (102, 101), (103, 101), (83, 102), (100, 102), (101, 102), (98, 103), (99, 103), (82, 104), (96, 104), (97, 104), (94, 105), (95, 105), (81, 106), (82, 106), (92, 106), (93, 106), (83, 107), (90, 107), (91, 107), (84, 108), (88, 108), (89, 108), (85, 109), (86, 109), (87, 109)]
[(114, 83), (113, 85), (112, 87), (111, 89), (110, 91), (109, 93), (108, 95), (107, 97), (106, 99), (107, 99), (108, 100), (109, 101), (113, 101), (114, 101), (110, 102), (111, 102), (112, 102)]
[(113, 101), (114, 101), (110, 102), (111, 102), (112, 102), (109, 104), (108, 106), (107, 108), (106, 110), (105, 112), (104, 114)]
[(45, 70), (46, 70), (43, 71), (44, 71), (47, 71), (41, 72), (42, 72), (48, 72), (39, 73), (40, 73), (49, 73), (37, 74), (38, 74), (35, 75), (36, 75), (48, 75), (33, 76), (34, 76), (31, 77), (32, 77), (47, 77), (29, 78), (30, 78), (27, 79), (28, 79), (46, 79), (24, 80), (25, 80), (26, 80), (45, 81), (23, 82), (44, 83), (22, 84), (43, 85), (21, 86), (42, 87), (20, 88), (41, 89), (19, 90), (40, 91), (18, 92), (39, 93), (17, 94), (38, 95), (39, 95), (16, 96), (36, 96), (37, 96), (34, 97), (35, 97), (15, 98), (32, 98), (33, 98), (30, 99), (31, 99), (14, 100), (28, 100), (29, 100), (26, 101), (27, 101), (13, 102), (14, 102), (24, 102), (25, 102), (15, 103), (22, 103), (23, 103), (16, 104), (20, 104), (21, 104), (17, 105), (18, 105), (19, 105)]
[(70, 63), (71, 63), (68, 64), (69, 64), (72, 64), (66, 65), (67, 65), (73, 65), (64, 66), (65, 66), (74, 66), (62, 67), (63, 67), (60, 68), (61, 68), (73, 68), (58, 69), (59, 69), (56, 70), (57, 70), (72, 70), (54, 71), (55, 71), (52, 72), (53, 72), (71, 72), (49, 73), (50, 73), (51, 73), (70, 74), (48, 75), (69, 76), (47, 77), (68, 78), (46, 79), (67, 80), (45, 81), (66, 82), (44, 83), (65, 84), (43, 85), (64, 86), (42, 87), (63, 88), (64, 88), (41, 89), (61, 89), (62, 89), (59, 90), (60, 90), (40, 91), (57, 91), (58, 91), (55, 92), (56, 92), (39, 93), (53, 93), (54, 93), (51, 94), (52, 94), (38, 95), (39, 95), (49, 95), (50, 95), (40, 96), (47, 96), (48, 96), (41, 97), (45, 97), (46, 97), (42, 98), (43, 98), (44, 98)]
[(63, 88), (64, 88), (61, 89), (62, 89), (65, 89), (59, 90), (60, 90), (66, 90), (57, 91), (58, 91), (67, 91), (55, 92), (56, 92), (53, 93), (54, 93), (66, 93), (51, 94), (52, 94), (49, 95), (50, 95), (65, 95), (47, 96), (48, 96), (45, 97), (46, 97), (64, 97), (42, 98), (43, 98), (44, 98), (63, 99), (41, 100), (62, 101), (40, 102), (61, 103), (39, 104), (60, 105), (38, 106), (59, 107), (37, 108), (58, 109), (36, 110), (57, 111), (35, 112), (56, 113), (57, 113), (34, 114), (54, 114), (55, 114)]
[(88, 81), (89, 81), (86, 82), (87, 82), (90, 82), (84, 83), (85, 83), (91, 83), (82, 84), (83, 84), (92, 84), (80, 85), (81, 85), (78, 86), (79, 86), (91, 86), (76, 87), (77, 87), (74, 88), (75, 88), (90, 88), (72, 89), (73, 89), (70, 90), (71, 90), (89, 90), (67, 91), (68, 91), (69, 91), (88, 92), (66, 93), (87, 94), (65, 95), (86, 96), (64, 97), (85, 98), (63, 99), (84, 100), (62, 101), (83, 102), (61, 103), (82, 104), (60, 105), (81, 106), (82, 106), (59, 107), (79, 107), (80, 107), (77, 108), (78, 108), (58, 109), (75, 109), (76, 109), (73, 110), (74, 110), (57, 111), (71, 111), (72, 111), (69, 112), (70, 112), (56, 113), (57, 113), (67, 113), (68, 113), (58, 114), (65, 114), (66, 114)]
[(81, 106), (82, 106), (79, 107), (80, 107), (83, 107), (77, 108), (78, 108), (84, 108), (75, 109), (76, 109), (85, 109), (73, 110), (74, 110), (71, 111), (72, 111), (84, 111), (69, 112), (70, 112), (67, 113), (68, 113), (83, 113), (65, 114), (66, 114)]
[(106, 99), (107, 99), (104, 100), (105, 100), (108, 100), (102, 101), (103, 101), (109, 101), (100, 102), (101, 102), (110, 102), (98, 103), (99, 103), (96, 104), (97, 104), (109, 104), (94, 105), (95, 105), (92, 106), (93, 106), (108, 106), (90, 107), (91, 107), (88, 108), (89, 108), (107, 108), (85, 109), (86, 109), (87, 109), (106, 110), (84, 111), (105, 112), (83, 113), (104, 114)]
[(38, 95), (39, 95), (36, 96), (37, 96), (40, 96), (34, 97), (35, 97), (41, 97), (32, 98), (33, 98), (42, 98), (30, 99), (31, 99), (28, 100), (29, 100), (41, 100), (26, 101), (27, 101), (24, 102), (25, 102), (40, 102), (22, 103), (23, 103), (20, 104), (21, 104), (39, 104), (17, 105), (18, 105), (19, 105), (38, 106), (16, 107), (37, 108), (15, 109), (36, 110), (14, 111), (35, 112), (13, 113), (34, 114)]
[(56, 113), (57, 113), (54, 114), (55, 114), (58, 114)]
