[(70, 43), (66, 44), (67, 44), (68, 44), (69, 44), (71, 44), (63, 45), (64, 45), (65, 45), (72, 45), (59, 46), (60, 46), (61, 46), (62, 46), (73, 46), (55, 47), (56, 47), (57, 47), (58, 47), (74, 47), (54, 50), (73, 50), (53, 54), (72, 54), (52, 57), (71, 57), (51, 61), (70, 61), (51, 62), (70, 62), (52, 63), (66, 63), (67, 63), (68, 63), (69, 63), (53, 64), (63, 64), (64, 64), (65, 64), (54, 65), (59, 65), (60, 65), (61, 65), (62, 65), (55, 66), (56, 66), (57, 66), (58, 66)]
[(89, 43), (85, 44), (86, 44), (87, 44), (88, 44), (90, 44), (82, 45), (83, 45), (84, 45), (91, 45), (78, 46), (79, 46), (80, 46), (81, 46), (92, 46), (74, 47), (75, 47), (76, 47), (77, 47), (93, 47), (73, 50), (92, 50), (72, 54), (91, 54), (71, 57), (90, 57), (70, 61), (89, 61), (70, 62), (89, 62), (71, 63), (85, 63), (86, 63), (87, 63), (88, 63), (72, 64), (82, 64), (83, 64), (84, 64), (73, 65), (78, 65), (79, 65), (80, 65), (81, 65), (74, 66), (75, 66), (76, 66), (77, 66)]
[(89, 62), (85, 63), (86, 63), (87, 63), (88, 63), (90, 63), (82, 64), (83, 64), (84, 64), (91, 64), (78, 65), (79, 65), (80, 65), (81, 65), (92, 65), (74, 66), (75, 66), (76, 66), (77, 66), (93, 66), (73, 69), (92, 69), (72, 73), (91, 73), (71, 76), (90, 76), (70, 80), (89, 80), (70, 81), (89, 81), (71, 82), (85, 82), (86, 82), (87, 82), (88, 82), (72, 83), (82, 83), (83, 83), (84, 83), (73, 84), (78, 84), (79, 84), (80, 84), (81, 84), (74, 85), (75, 85), (76, 85), (77, 85)]
[(108, 62), (104, 63), (105, 63), (106, 63), (107, 63), (109, 63), (101, 64), (102, 64), (103, 64), (110, 64), (97, 65), (98, 65), (99, 65), (100, 65), (111, 65), (93, 66), (94, 66), (95, 66), (96, 66), (112, 66), (92, 69), (111, 69), (91, 73), (110, 73), (90, 76), (109, 76), (89, 80), (108, 80), (89, 81), (108, 81), (90, 82), (104, 82), (105, 82), (106, 82), (107, 82), (91, 83), (101, 83), (102, 83), (103, 83), (92, 84), (97, 84), (98, 84), (99, 84), (100, 84), (93, 85), (94, 85), (95, 85), (96, 85)]
[(108, 81), (104, 82), (105, 82), (106, 82), (107, 82), (109, 82), (101, 83), (102, 83), (103, 83), (110, 83), (97, 84), (98, 84), (99, 84), (100, 84), (111, 84), (93, 85), (94, 85), (95, 85), (96, 85), (112, 85), (92, 88), (111, 88), (91, 92), (110, 92), (90, 95), (109, 95), (89, 99), (108, 99), (89, 100), (108, 100), (90, 101), (104, 101), (105, 101), (106, 101), (107, 101), (91, 102), (101, 102), (102, 102), (103, 102), (92, 103), (97, 103), (98, 103), (99, 103), (100, 103), (93, 104), (94, 104), (95, 104), (96, 104)]
[(112, 85), (113, 85), (114, 85), (111, 88), (110, 92), (109, 95), (108, 99), (108, 100), (109, 101), (110, 102), (111, 103), (112, 104), (113, 104), (114, 104)]
[(32, 43), (28, 44), (29, 44), (30, 44), (31, 44), (33, 44), (25, 45), (26, 45), (27, 45), (34, 45), (21, 46), (22, 46), (23, 46), (24, 46), (35, 46), (17, 47), (18, 47), (19, 47), (20, 47), (36, 47), (16, 50), (35, 50), (15, 54), (34, 54), (14, 57), (33, 57), (13, 61), (32, 61), (13, 62), (32, 62), (14, 63), (28, 63), (29, 63), (30, 63), (31, 63), (15, 64), (25, 64), (26, 64), (27, 64), (16, 65), (21, 65), (22, 65), (23, 65), (24, 65), (17, 66), (18, 66), (19, 66), (20, 66)]
[(51, 43), (47, 44), (48, 44), (49, 44), (50, 44), (52, 44), (44, 45), (45, 45), (46, 45), (53, 45), (40, 46), (41, 46), (42, 46), (43, 46), (54, 46), (36, 47), (37, 47), (38, 47), (39, 47), (55, 47), (35, 50), (54, 50), (34, 54), (53, 54), (33, 57), (52, 57), (32, 61), (51, 61), (32, 62), (51, 62), (33, 63), (47, 63), (48, 63), (49, 63), (50, 63), (34, 64), (44, 64), (45, 64), (46, 64), (35, 65), (40, 65), (41, 65), (42, 65), (43, 65), (36, 66), (37, 66), (38, 66), (39, 66)]
[(51, 62), (47, 63), (48, 63), (49, 63), (50, 63), (52, 63), (44, 64), (45, 64), (46, 64), (53, 64), (40, 65), (41, 65), (42, 65), (43, 65), (54, 65), (36, 66), (37, 66), (38, 66), (39, 66), (55, 66), (35, 69), (54, 69), (34, 73), (53, 73), (33, 76), (52, 76), (32, 80), (51, 80), (32, 81), (51, 81), (33, 82), (47, 82), (48, 82), (49, 82), (50, 82), (34, 83), (44, 83), (45, 83), (46, 83), (35, 84), (40, 84), (41, 84), (42, 84), (43, 84), (36, 85), (37, 85), (38, 85), (39, 85)]
[(70, 62), (66, 63), (67, 63), (68, 63), (69, 63), (71, 63), (63, 64), (64, 64), (65, 64), (72, 64), (59, 65), (60, 65), (61, 65), (62, 65), (73, 65), (55, 66), (56, 66), (57, 66), (58, 66), (74, 66), (54, 69), (73, 69), (53, 73), (72, 73), (52, 76), (71, 76), (51, 80), (70, 80), (51, 81), (70, 81), (52, 82), (66, 82), (67, 82), (68, 82), (69, 82), (53, 83), (63, 83), (64, 83), (65, 83), (54, 84), (59, 84), (60, 84), (61, 84), (62, 84), (55, 85), (56, 85), (57, 85), (58, 85)]
[(70, 81), (66, 82), (67, 82), (68, 82), (69, 82), (71, 82), (63, 83), (64, 83), (65, 83), (72, 83), (59, 84), (60, 84), (61, 84), (62, 84), (73, 84), (55, 85), (56, 85), (57, 85), (58, 85), (74, 85), (54, 88), (73, 88), (53, 92), (72, 92), (52, 95), (71, 95), (51, 99), (70, 99), (51, 100), (70, 100), (52, 101), (66, 101), (67, 101), (68, 101), (69, 101), (53, 102), (63, 102), (64, 102), (65, 102), (54, 103), (59, 103), (60, 103), (61, 103), (62, 103), (55, 104), (56, 104), (57, 104), (58, 104)]
[(89, 81), (85, 82), (86, 82), (87, 82), (88, 82), (90, 82), (82, 83), (83, 83), (84, 83), (91, 83), (78, 84), (79, 84), (80, 84), (81, 84), (92, 84), (74, 85), (75, 85), (76, 85), (77, 85), (93, 85), (73, 88), (92, 88), (72, 92), (91, 92), (71, 95), (90, 95), (70, 99), (89, 99), (70, 100), (89, 100), (71, 101), (85, 101), (86, 101), (87, 101), (88, 101), (72, 102), (82, 102), (83, 102), (84, 102), (73, 103), (78, 103), (79, 103), (80, 103), (81, 103), (74, 104), (75, 104), (76, 104), (77, 104)]
[(89, 100), (85, 101), (86, 101), (87, 101), (88, 101), (90, 101), (82, 102), (83, 102), (84, 102), (91, 102), (78, 103), (79, 103), (80, 103), (81, 103), (92, 103), (74, 104), (75, 104), (76, 104), (77, 104), (93, 104), (73, 107), (92, 107), (72, 111), (91, 111), (71, 114), (90, 114)]
[(108, 100), (104, 101), (105, 101), (106, 101), (107, 101), (109, 101), (101, 102), (102, 102), (103, 102), (110, 102), (97, 103), (98, 103), (99, 103), (100, 103), (111, 103), (93, 104), (94, 104), (95, 104), (96, 104), (112, 104), (92, 107), (111, 107), (91, 111), (110, 111), (90, 114), (109, 114)]
[(13, 62), (9, 63), (10, 63), (11, 63), (12, 63), (14, 63), (6, 64), (7, 64), (8, 64), (15, 64), (2, 65), (3, 65), (4, 65), (5, 65), (16, 65), (0, 66), (1, 66), (17, 66), (16, 69), (15, 73), (14, 76), (13, 80), (13, 81), (9, 82), (10, 82), (11, 82), (12, 82), (6, 83), (7, 83), (8, 83), (2, 84), (3, 84), (4, 84), (5, 84), (0, 85), (1, 85)]
[(32, 62), (28, 63), (29, 63), (30, 63), (31, 63), (33, 63), (25, 64), (26, 64), (27, 64), (34, 64), (21, 65), (22, 65), (23, 65), (24, 65), (35, 65), (17, 66), (18, 66), (19, 66), (20, 66), (36, 66), (16, 69), (35, 69), (15, 73), (34, 73), (14, 76), (33, 76), (13, 80), (32, 80), (13, 81), (32, 81), (14, 82), (28, 82), (29, 82), (30, 82), (31, 82), (15, 83), (25, 83), (26, 83), (27, 83), (16, 84), (21, 84), (22, 84), (23, 84), (24, 84), (17, 85), (18, 85), (19, 85), (20, 85)]
[(32, 81), (28, 82), (29, 82), (30, 82), (31, 82), (33, 82), (25, 83), (26, 83), (27, 83), (34, 83), (21, 84), (22, 84), (23, 84), (24, 84), (35, 84), (17, 85), (18, 85), (19, 85), (20, 85), (36, 85), (16, 88), (35, 88), (15, 92), (34, 92), (14, 95), (33, 95), (13, 99), (32, 99), (13, 100), (32, 100), (14, 101), (28, 101), (29, 101), (30, 101), (31, 101), (15, 102), (25, 102), (26, 102), (27, 102), (16, 103), (21, 103), (22, 103), (23, 103), (24, 103), (17, 104), (18, 104), (19, 104), (20, 104)]
[(51, 81), (47, 82), (48, 82), (49, 82), (50, 82), (52, 82), (44, 83), (45, 83), (46, 83), (53, 83), (40, 84), (41, 84), (42, 84), (43, 84), (54, 84), (36, 85), (37, 85), (38, 85), (39, 85), (55, 85), (35, 88), (54, 88), (34, 92), (53, 92), (33, 95), (52, 95), (32, 99), (51, 99), (32, 100), (51, 100), (33, 101), (47, 101), (48, 101), (49, 101), (50, 101), (34, 102), (44, 102), (45, 102), (46, 102), (35, 103), (40, 103), (41, 103), (42, 103), (43, 103), (36, 104), (37, 104), (38, 104), (39, 104)]
[(51, 100), (47, 101), (48, 101), (49, 101), (50, 101), (52, 101), (44, 102), (45, 102), (46, 102), (53, 102), (40, 103), (41, 103), (42, 103), (43, 103), (54, 103), (36, 104), (37, 104), (38, 104), (39, 104), (55, 104), (35, 107), (54, 107), (34, 111), (53, 111), (33, 114), (52, 114)]
[(70, 100), (66, 101), (67, 101), (68, 101), (69, 101), (71, 101), (63, 102), (64, 102), (65, 102), (72, 102), (59, 103), (60, 103), (61, 103), (62, 103), (73, 103), (55, 104), (56, 104), (57, 104), (58, 104), (74, 104), (54, 107), (73, 107), (53, 111), (72, 111), (52, 114), (71, 114)]
[(13, 81), (9, 82), (10, 82), (11, 82), (12, 82), (14, 82), (6, 83), (7, 83), (8, 83), (15, 83), (2, 84), (3, 84), (4, 84), (5, 84), (16, 84), (0, 85), (1, 85), (17, 85), (16, 88), (15, 92), (14, 95), (13, 99), (13, 100), (9, 101), (10, 101), (11, 101), (12, 101), (6, 102), (7, 102), (8, 102), (2, 103), (3, 103), (4, 103), (5, 103), (0, 104), (1, 104)]
[(13, 100), (9, 101), (10, 101), (11, 101), (12, 101), (14, 101), (6, 102), (7, 102), (8, 102), (15, 102), (2, 103), (3, 103), (4, 103), (5, 103), (16, 103), (0, 104), (1, 104), (17, 104), (16, 107), (15, 111), (14, 114)]
[(32, 100), (28, 101), (29, 101), (30, 101), (31, 101), (33, 101), (25, 102), (26, 102), (27, 102), (34, 102), (21, 103), (22, 103), (23, 103), (24, 103), (35, 103), (17, 104), (18, 104), (19, 104), (20, 104), (36, 104), (16, 107), (35, 107), (15, 111), (34, 111), (14, 114), (33, 114)]
