[(113, 10), (114, 10), (110, 11), (111, 11), (112, 11), (108, 12), (109, 12), (105, 13), (106, 13), (107, 13), (102, 14), (103, 14), (104, 14), (101, 16), (100, 19), (99, 22), (98, 24), (97, 27), (97, 29), (98, 30), (99, 31), (114, 31), (100, 32), (111, 32), (112, 32), (113, 32), (101, 33), (109, 33), (110, 33), (102, 34), (106, 34), (107, 34), (108, 34), (103, 35), (104, 35), (105, 35)]
[(74, 7), (75, 7), (71, 8), (72, 8), (73, 8), (76, 8), (68, 9), (69, 9), (70, 9), (77, 9), (66, 10), (67, 10), (78, 10), (63, 11), (64, 11), (65, 11), (79, 11), (60, 12), (61, 12), (62, 12), (80, 12), (81, 13), (59, 14), (80, 15), (58, 17), (79, 18), (57, 20), (78, 21), (56, 22), (77, 23), (55, 25), (76, 26), (55, 27), (56, 28), (75, 28), (76, 28), (57, 29), (72, 29), (73, 29), (74, 29), (58, 30), (69, 30), (70, 30), (71, 30), (59, 31), (67, 31), (68, 31), (60, 32), (64, 32), (65, 32), (66, 32), (61, 33), (62, 33), (63, 33)]
[(95, 8), (96, 8), (92, 9), (93, 9), (94, 9), (97, 9), (89, 10), (90, 10), (91, 10), (98, 10), (87, 11), (88, 11), (99, 11), (84, 12), (85, 12), (86, 12), (100, 12), (81, 13), (82, 13), (83, 13), (101, 13), (102, 14), (80, 15), (101, 16), (79, 18), (100, 19), (78, 21), (99, 22), (77, 23), (98, 24), (76, 26), (97, 27), (76, 28), (77, 29), (96, 29), (97, 29), (78, 30), (93, 30), (94, 30), (95, 30), (79, 31), (90, 31), (91, 31), (92, 31), (80, 32), (88, 32), (89, 32), (81, 33), (85, 33), (86, 33), (87, 33), (82, 34), (83, 34), (84, 34)]
[(96, 29), (97, 29), (93, 30), (94, 30), (95, 30), (98, 30), (90, 31), (91, 31), (92, 31), (99, 31), (88, 32), (89, 32), (100, 32), (85, 33), (86, 33), (87, 33), (101, 33), (82, 34), (83, 34), (84, 34), (102, 34), (103, 35), (81, 36), (102, 37), (80, 39), (101, 40), (79, 42), (100, 43), (78, 44), (99, 45), (77, 47), (98, 48), (77, 49), (78, 50), (97, 50), (98, 50), (79, 51), (94, 51), (95, 51), (96, 51), (80, 52), (91, 52), (92, 52), (93, 52), (81, 53), (89, 53), (90, 53), (82, 54), (86, 54), (87, 54), (88, 54), (83, 55), (84, 55), (85, 55)]
[(114, 31), (111, 32), (112, 32), (113, 32), (109, 33), (110, 33), (106, 34), (107, 34), (108, 34), (103, 35), (104, 35), (105, 35), (102, 37), (101, 40), (100, 43), (99, 45), (98, 48), (98, 50), (99, 51), (100, 52), (101, 53), (112, 53), (113, 53), (114, 53), (102, 54), (110, 54), (111, 54), (103, 55), (107, 55), (108, 55), (109, 55), (104, 56), (105, 56), (106, 56)]
[(112, 53), (113, 53), (114, 53), (110, 54), (111, 54), (107, 55), (108, 55), (109, 55), (104, 56), (105, 56), (106, 56), (103, 58), (102, 61), (101, 64), (100, 66), (99, 69), (99, 71), (100, 72), (101, 73), (102, 74), (113, 74), (114, 74), (103, 75), (111, 75), (112, 75), (104, 76), (108, 76), (109, 76), (110, 76), (105, 77), (106, 77), (107, 77)]
[(54, 27), (55, 27), (51, 28), (52, 28), (53, 28), (56, 28), (48, 29), (49, 29), (50, 29), (57, 29), (46, 30), (47, 30), (58, 30), (43, 31), (44, 31), (45, 31), (59, 31), (40, 32), (41, 32), (42, 32), (60, 32), (61, 33), (39, 34), (60, 35), (38, 37), (59, 38), (37, 40), (58, 41), (36, 42), (57, 43), (35, 45), (56, 46), (35, 47), (36, 48), (55, 48), (56, 48), (37, 49), (52, 49), (53, 49), (54, 49), (38, 50), (49, 50), (50, 50), (51, 50), (39, 51), (47, 51), (48, 51), (40, 52), (44, 52), (45, 52), (46, 52), (41, 53), (42, 53), (43, 53)]
[(75, 28), (76, 28), (72, 29), (73, 29), (74, 29), (77, 29), (69, 30), (70, 30), (71, 30), (78, 30), (67, 31), (68, 31), (79, 31), (64, 32), (65, 32), (66, 32), (80, 32), (61, 33), (62, 33), (63, 33), (81, 33), (82, 34), (60, 35), (81, 36), (59, 38), (80, 39), (58, 41), (79, 42), (57, 43), (78, 44), (56, 46), (77, 47), (56, 48), (57, 49), (76, 49), (77, 49), (58, 50), (73, 50), (74, 50), (75, 50), (59, 51), (70, 51), (71, 51), (72, 51), (60, 52), (68, 52), (69, 52), (61, 53), (65, 53), (66, 53), (67, 53), (62, 54), (63, 54), (64, 54)]
[(76, 49), (77, 49), (73, 50), (74, 50), (75, 50), (78, 50), (70, 51), (71, 51), (72, 51), (79, 51), (68, 52), (69, 52), (80, 52), (65, 53), (66, 53), (67, 53), (81, 53), (62, 54), (63, 54), (64, 54), (82, 54), (83, 55), (61, 56), (82, 57), (60, 59), (81, 60), (59, 62), (80, 63), (58, 64), (79, 65), (57, 67), (78, 68), (57, 69), (58, 70), (77, 70), (78, 70), (59, 71), (74, 71), (75, 71), (76, 71), (60, 72), (71, 72), (72, 72), (73, 72), (61, 73), (69, 73), (70, 73), (62, 74), (66, 74), (67, 74), (68, 74), (63, 75), (64, 75), (65, 75)]
[(97, 50), (98, 50), (94, 51), (95, 51), (96, 51), (99, 51), (91, 52), (92, 52), (93, 52), (100, 52), (89, 53), (90, 53), (101, 53), (86, 54), (87, 54), (88, 54), (102, 54), (83, 55), (84, 55), (85, 55), (103, 55), (104, 56), (82, 57), (103, 58), (81, 60), (102, 61), (80, 63), (101, 64), (79, 65), (100, 66), (78, 68), (99, 69), (78, 70), (79, 71), (98, 71), (99, 71), (80, 72), (95, 72), (96, 72), (97, 72), (81, 73), (92, 73), (93, 73), (94, 73), (82, 74), (90, 74), (91, 74), (83, 75), (87, 75), (88, 75), (89, 75), (84, 76), (85, 76), (86, 76)]
[(98, 71), (99, 71), (95, 72), (96, 72), (97, 72), (100, 72), (92, 73), (93, 73), (94, 73), (101, 73), (90, 74), (91, 74), (102, 74), (87, 75), (88, 75), (89, 75), (103, 75), (84, 76), (85, 76), (86, 76), (104, 76), (105, 77), (83, 78), (104, 79), (82, 81), (103, 82), (81, 84), (102, 85), (80, 86), (101, 87), (79, 89), (100, 90), (79, 91), (80, 92), (99, 92), (100, 92), (81, 93), (96, 93), (97, 93), (98, 93), (82, 94), (93, 94), (94, 94), (95, 94), (83, 95), (91, 95), (92, 95), (84, 96), (88, 96), (89, 96), (90, 96), (85, 97), (86, 97), (87, 97)]
[(113, 74), (114, 74), (111, 75), (112, 75), (108, 76), (109, 76), (110, 76), (105, 77), (106, 77), (107, 77), (104, 79), (103, 82), (102, 85), (101, 87), (100, 90), (100, 92), (101, 93), (102, 94), (103, 95), (114, 95), (104, 96), (112, 96), (113, 96), (105, 97), (109, 97), (110, 97), (111, 97), (106, 98), (107, 98), (108, 98)]
[(55, 48), (56, 48), (52, 49), (53, 49), (54, 49), (57, 49), (49, 50), (50, 50), (51, 50), (58, 50), (47, 51), (48, 51), (59, 51), (44, 52), (45, 52), (46, 52), (60, 52), (41, 53), (42, 53), (43, 53), (61, 53), (62, 54), (40, 55), (61, 56), (39, 58), (60, 59), (38, 61), (59, 62), (37, 63), (58, 64), (36, 66), (57, 67), (36, 68), (37, 69), (56, 69), (57, 69), (38, 70), (53, 70), (54, 70), (55, 70), (39, 71), (50, 71), (51, 71), (52, 71), (40, 72), (48, 72), (49, 72), (41, 73), (45, 73), (46, 73), (47, 73), (42, 74), (43, 74), (44, 74)]
[(56, 69), (57, 69), (53, 70), (54, 70), (55, 70), (58, 70), (50, 71), (51, 71), (52, 71), (59, 71), (48, 72), (49, 72), (60, 72), (45, 73), (46, 73), (47, 73), (61, 73), (42, 74), (43, 74), (44, 74), (62, 74), (63, 75), (41, 76), (62, 77), (40, 79), (61, 80), (39, 82), (60, 83), (38, 84), (59, 85), (37, 87), (58, 88), (37, 89), (38, 90), (57, 90), (58, 90), (39, 91), (54, 91), (55, 91), (56, 91), (40, 92), (51, 92), (52, 92), (53, 92), (41, 93), (49, 93), (50, 93), (42, 94), (46, 94), (47, 94), (48, 94), (43, 95), (44, 95), (45, 95)]
[(77, 70), (78, 70), (74, 71), (75, 71), (76, 71), (79, 71), (71, 72), (72, 72), (73, 72), (80, 72), (69, 73), (70, 73), (81, 73), (66, 74), (67, 74), (68, 74), (82, 74), (63, 75), (64, 75), (65, 75), (83, 75), (84, 76), (62, 77), (83, 78), (61, 80), (82, 81), (60, 83), (81, 84), (59, 85), (80, 86), (58, 88), (79, 89), (58, 90), (59, 91), (78, 91), (79, 91), (60, 92), (75, 92), (76, 92), (77, 92), (61, 93), (72, 93), (73, 93), (74, 93), (62, 94), (70, 94), (71, 94), (63, 95), (67, 95), (68, 95), (69, 95), (64, 96), (65, 96), (66, 96)]
[(78, 91), (79, 91), (75, 92), (76, 92), (77, 92), (80, 92), (72, 93), (73, 93), (74, 93), (81, 93), (70, 94), (71, 94), (82, 94), (67, 95), (68, 95), (69, 95), (83, 95), (64, 96), (65, 96), (66, 96), (84, 96), (85, 97), (63, 98), (84, 99), (62, 101), (83, 102), (61, 104), (82, 105), (60, 106), (81, 107), (59, 109), (80, 110), (59, 111), (60, 112), (79, 112), (80, 112), (61, 113), (76, 113), (77, 113), (78, 113), (62, 114), (73, 114), (74, 114), (75, 114)]
[(99, 92), (100, 92), (96, 93), (97, 93), (98, 93), (101, 93), (93, 94), (94, 94), (95, 94), (102, 94), (91, 95), (92, 95), (103, 95), (88, 96), (89, 96), (90, 96), (104, 96), (85, 97), (86, 97), (87, 97), (105, 97), (106, 98), (84, 99), (105, 100), (83, 102), (104, 103), (82, 105), (103, 106), (81, 107), (102, 108), (80, 110), (101, 111), (80, 112), (81, 113), (100, 113), (101, 113), (82, 114), (97, 114), (98, 114), (99, 114)]
[(57, 90), (58, 90), (54, 91), (55, 91), (56, 91), (59, 91), (51, 92), (52, 92), (53, 92), (60, 92), (49, 93), (50, 93), (61, 93), (46, 94), (47, 94), (48, 94), (62, 94), (43, 95), (44, 95), (45, 95), (63, 95), (64, 96), (42, 97), (63, 98), (41, 100), (62, 101), (40, 103), (61, 104), (39, 105), (60, 106), (38, 108), (59, 109), (38, 110), (39, 111), (58, 111), (59, 111), (40, 112), (55, 112), (56, 112), (57, 112), (41, 113), (52, 113), (53, 113), (54, 113), (42, 114), (50, 114), (51, 114)]
[(58, 111), (59, 111), (55, 112), (56, 112), (57, 112), (60, 112), (52, 113), (53, 113), (54, 113), (61, 113), (50, 114), (51, 114), (62, 114)]
[(79, 112), (80, 112), (76, 113), (77, 113), (78, 113), (81, 113), (73, 114), (74, 114), (75, 114), (82, 114)]
