[(81, 37), (78, 38), (79, 38), (80, 38), (82, 38), (76, 39), (77, 39), (83, 39), (73, 40), (74, 40), (75, 40), (84, 40), (71, 41), (72, 41), (85, 41), (68, 42), (69, 42), (70, 42), (86, 42), (65, 43), (66, 43), (67, 43), (85, 44), (64, 45), (84, 47), (63, 48), (83, 49), (62, 50), (82, 52), (61, 53), (81, 54), (60, 55), (80, 57), (59, 58), (80, 58), (59, 59), (77, 59), (78, 59), (79, 59), (60, 60), (75, 60), (76, 60), (61, 61), (72, 61), (73, 61), (74, 61), (62, 62), (70, 62), (71, 62), (63, 63), (67, 63), (68, 63), (69, 63), (64, 64), (65, 64), (66, 64)]
[(102, 36), (99, 37), (100, 37), (101, 37), (103, 37), (97, 38), (98, 38), (104, 38), (94, 39), (95, 39), (96, 39), (105, 39), (92, 40), (93, 40), (106, 40), (89, 41), (90, 41), (91, 41), (107, 41), (86, 42), (87, 42), (88, 42), (106, 43), (85, 44), (105, 46), (84, 47), (104, 48), (83, 49), (103, 51), (82, 52), (102, 53), (81, 54), (101, 56), (80, 57), (101, 57), (80, 58), (98, 58), (99, 58), (100, 58), (81, 59), (96, 59), (97, 59), (82, 60), (93, 60), (94, 60), (95, 60), (83, 61), (91, 61), (92, 61), (84, 62), (88, 62), (89, 62), (90, 62), (85, 63), (86, 63), (87, 63)]
[(101, 57), (98, 58), (99, 58), (100, 58), (102, 58), (96, 59), (97, 59), (103, 59), (93, 60), (94, 60), (95, 60), (104, 60), (91, 61), (92, 61), (105, 61), (88, 62), (89, 62), (90, 62), (106, 62), (85, 63), (86, 63), (87, 63), (105, 64), (84, 65), (104, 67), (83, 68), (103, 69), (82, 70), (102, 72), (81, 73), (101, 74), (80, 75), (100, 77), (79, 78), (100, 78), (79, 79), (97, 79), (98, 79), (99, 79), (80, 80), (95, 80), (96, 80), (81, 81), (92, 81), (93, 81), (94, 81), (82, 82), (90, 82), (91, 82), (83, 83), (87, 83), (88, 83), (89, 83), (84, 84), (85, 84), (86, 84)]
[(114, 59), (112, 60), (113, 60), (109, 61), (110, 61), (111, 61), (106, 62), (107, 62), (108, 62), (105, 64), (104, 67), (103, 69), (102, 72), (101, 74), (100, 77), (100, 78), (101, 79), (102, 80), (113, 80), (114, 80), (103, 81), (111, 81), (112, 81), (104, 82), (108, 82), (109, 82), (110, 82), (105, 83), (106, 83), (107, 83)]
[(113, 80), (114, 80), (111, 81), (112, 81), (108, 82), (109, 82), (110, 82), (105, 83), (106, 83), (107, 83), (104, 85), (103, 88), (102, 90), (101, 93), (100, 95), (99, 98), (99, 99), (100, 100), (101, 101), (112, 101), (113, 101), (114, 101), (102, 102), (110, 102), (111, 102), (103, 103), (107, 103), (108, 103), (109, 103), (104, 104), (105, 104), (106, 104)]
[(39, 39), (36, 40), (37, 40), (38, 40), (40, 40), (34, 41), (35, 41), (41, 41), (31, 42), (32, 42), (33, 42), (42, 42), (29, 43), (30, 43), (43, 43), (26, 44), (27, 44), (28, 44), (44, 44), (23, 45), (24, 45), (25, 45), (43, 46), (22, 47), (42, 49), (21, 50), (41, 51), (20, 52), (40, 54), (19, 55), (39, 56), (18, 57), (38, 59), (17, 60), (38, 60), (17, 61), (35, 61), (36, 61), (37, 61), (18, 62), (33, 62), (34, 62), (19, 63), (30, 63), (31, 63), (32, 63), (20, 64), (28, 64), (29, 64), (21, 65), (25, 65), (26, 65), (27, 65), (22, 66), (23, 66), (24, 66)]
[(60, 38), (57, 39), (58, 39), (59, 39), (61, 39), (55, 40), (56, 40), (62, 40), (52, 41), (53, 41), (54, 41), (63, 41), (50, 42), (51, 42), (64, 42), (47, 43), (48, 43), (49, 43), (65, 43), (44, 44), (45, 44), (46, 44), (64, 45), (43, 46), (63, 48), (42, 49), (62, 50), (41, 51), (61, 53), (40, 54), (60, 55), (39, 56), (59, 58), (38, 59), (59, 59), (38, 60), (56, 60), (57, 60), (58, 60), (39, 61), (54, 61), (55, 61), (40, 62), (51, 62), (52, 62), (53, 62), (41, 63), (49, 63), (50, 63), (42, 64), (46, 64), (47, 64), (48, 64), (43, 65), (44, 65), (45, 65)]
[(59, 59), (56, 60), (57, 60), (58, 60), (60, 60), (54, 61), (55, 61), (61, 61), (51, 62), (52, 62), (53, 62), (62, 62), (49, 63), (50, 63), (63, 63), (46, 64), (47, 64), (48, 64), (64, 64), (43, 65), (44, 65), (45, 65), (63, 66), (42, 67), (62, 69), (41, 70), (61, 71), (40, 72), (60, 74), (39, 75), (59, 76), (38, 77), (58, 79), (37, 80), (58, 80), (37, 81), (55, 81), (56, 81), (57, 81), (38, 82), (53, 82), (54, 82), (39, 83), (50, 83), (51, 83), (52, 83), (40, 84), (48, 84), (49, 84), (41, 85), (45, 85), (46, 85), (47, 85), (42, 86), (43, 86), (44, 86)]
[(80, 58), (77, 59), (78, 59), (79, 59), (81, 59), (75, 60), (76, 60), (82, 60), (72, 61), (73, 61), (74, 61), (83, 61), (70, 62), (71, 62), (84, 62), (67, 63), (68, 63), (69, 63), (85, 63), (64, 64), (65, 64), (66, 64), (84, 65), (63, 66), (83, 68), (62, 69), (82, 70), (61, 71), (81, 73), (60, 74), (80, 75), (59, 76), (79, 78), (58, 79), (79, 79), (58, 80), (76, 80), (77, 80), (78, 80), (59, 81), (74, 81), (75, 81), (60, 82), (71, 82), (72, 82), (73, 82), (61, 83), (69, 83), (70, 83), (62, 84), (66, 84), (67, 84), (68, 84), (63, 85), (64, 85), (65, 85)]
[(79, 79), (76, 80), (77, 80), (78, 80), (80, 80), (74, 81), (75, 81), (81, 81), (71, 82), (72, 82), (73, 82), (82, 82), (69, 83), (70, 83), (83, 83), (66, 84), (67, 84), (68, 84), (84, 84), (63, 85), (64, 85), (65, 85), (83, 86), (62, 87), (82, 89), (61, 90), (81, 91), (60, 92), (80, 94), (59, 95), (79, 96), (58, 97), (78, 99), (57, 100), (78, 100), (57, 101), (75, 101), (76, 101), (77, 101), (58, 102), (73, 102), (74, 102), (59, 103), (70, 103), (71, 103), (72, 103), (60, 104), (68, 104), (69, 104), (61, 105), (65, 105), (66, 105), (67, 105), (62, 106), (63, 106), (64, 106)]
[(100, 78), (97, 79), (98, 79), (99, 79), (101, 79), (95, 80), (96, 80), (102, 80), (92, 81), (93, 81), (94, 81), (103, 81), (90, 82), (91, 82), (104, 82), (87, 83), (88, 83), (89, 83), (105, 83), (84, 84), (85, 84), (86, 84), (104, 85), (83, 86), (103, 88), (82, 89), (102, 90), (81, 91), (101, 93), (80, 94), (100, 95), (79, 96), (99, 98), (78, 99), (99, 99), (78, 100), (96, 100), (97, 100), (98, 100), (79, 101), (94, 101), (95, 101), (80, 102), (91, 102), (92, 102), (93, 102), (81, 103), (89, 103), (90, 103), (82, 104), (86, 104), (87, 104), (88, 104), (83, 105), (84, 105), (85, 105)]
[(99, 99), (96, 100), (97, 100), (98, 100), (100, 100), (94, 101), (95, 101), (101, 101), (91, 102), (92, 102), (93, 102), (102, 102), (89, 103), (90, 103), (103, 103), (86, 104), (87, 104), (88, 104), (104, 104), (83, 105), (84, 105), (85, 105), (103, 106), (82, 107), (102, 109), (81, 110), (101, 111), (80, 112), (100, 114)]
[(112, 101), (113, 101), (114, 101), (110, 102), (111, 102), (107, 103), (108, 103), (109, 103), (104, 104), (105, 104), (106, 104), (103, 106), (102, 109), (101, 111), (100, 114)]
[(17, 61), (14, 62), (15, 62), (16, 62), (18, 62), (12, 63), (13, 63), (19, 63), (9, 64), (10, 64), (11, 64), (20, 64), (7, 65), (8, 65), (21, 65), (4, 66), (5, 66), (6, 66), (22, 66), (1, 67), (2, 67), (3, 67), (21, 68), (0, 69), (20, 71), (19, 73), (18, 76), (17, 78), (16, 81), (16, 82), (13, 83), (14, 83), (15, 83), (11, 84), (12, 84), (8, 85), (9, 85), (10, 85), (6, 86), (7, 86), (3, 87), (4, 87), (5, 87), (0, 88), (1, 88), (2, 88)]
[(38, 60), (35, 61), (36, 61), (37, 61), (39, 61), (33, 62), (34, 62), (40, 62), (30, 63), (31, 63), (32, 63), (41, 63), (28, 64), (29, 64), (42, 64), (25, 65), (26, 65), (27, 65), (43, 65), (22, 66), (23, 66), (24, 66), (42, 67), (21, 68), (41, 70), (20, 71), (40, 72), (19, 73), (39, 75), (18, 76), (38, 77), (17, 78), (37, 80), (16, 81), (37, 81), (16, 82), (34, 82), (35, 82), (36, 82), (17, 83), (32, 83), (33, 83), (18, 84), (29, 84), (30, 84), (31, 84), (19, 85), (27, 85), (28, 85), (20, 86), (24, 86), (25, 86), (26, 86), (21, 87), (22, 87), (23, 87)]
[(37, 81), (34, 82), (35, 82), (36, 82), (38, 82), (32, 83), (33, 83), (39, 83), (29, 84), (30, 84), (31, 84), (40, 84), (27, 85), (28, 85), (41, 85), (24, 86), (25, 86), (26, 86), (42, 86), (21, 87), (22, 87), (23, 87), (41, 88), (20, 89), (40, 91), (19, 92), (39, 93), (18, 94), (38, 96), (17, 97), (37, 98), (16, 99), (36, 101), (15, 102), (36, 102), (15, 103), (33, 103), (34, 103), (35, 103), (16, 104), (31, 104), (32, 104), (17, 105), (28, 105), (29, 105), (30, 105), (18, 106), (26, 106), (27, 106), (19, 107), (23, 107), (24, 107), (25, 107), (20, 108), (21, 108), (22, 108)]
[(58, 80), (55, 81), (56, 81), (57, 81), (59, 81), (53, 82), (54, 82), (60, 82), (50, 83), (51, 83), (52, 83), (61, 83), (48, 84), (49, 84), (62, 84), (45, 85), (46, 85), (47, 85), (63, 85), (42, 86), (43, 86), (44, 86), (62, 87), (41, 88), (61, 90), (40, 91), (60, 92), (39, 93), (59, 95), (38, 96), (58, 97), (37, 98), (57, 100), (36, 101), (57, 101), (36, 102), (54, 102), (55, 102), (56, 102), (37, 103), (52, 103), (53, 103), (38, 104), (49, 104), (50, 104), (51, 104), (39, 105), (47, 105), (48, 105), (40, 106), (44, 106), (45, 106), (46, 106), (41, 107), (42, 107), (43, 107)]
[(57, 101), (54, 102), (55, 102), (56, 102), (58, 102), (52, 103), (53, 103), (59, 103), (49, 104), (50, 104), (51, 104), (60, 104), (47, 105), (48, 105), (61, 105), (44, 106), (45, 106), (46, 106), (62, 106), (41, 107), (42, 107), (43, 107), (61, 108), (40, 109), (60, 111), (39, 112), (59, 113), (38, 114)]
[(78, 100), (75, 101), (76, 101), (77, 101), (79, 101), (73, 102), (74, 102), (80, 102), (70, 103), (71, 103), (72, 103), (81, 103), (68, 104), (69, 104), (82, 104), (65, 105), (66, 105), (67, 105), (83, 105), (62, 106), (63, 106), (64, 106), (82, 107), (61, 108), (81, 110), (60, 111), (80, 112), (59, 113)]
[(16, 82), (13, 83), (14, 83), (15, 83), (17, 83), (11, 84), (12, 84), (18, 84), (8, 85), (9, 85), (10, 85), (19, 85), (6, 86), (7, 86), (20, 86), (3, 87), (4, 87), (5, 87), (21, 87), (0, 88), (1, 88), (2, 88), (20, 89), (19, 92), (18, 94), (17, 97), (16, 99), (15, 102), (15, 103), (12, 104), (13, 104), (14, 104), (10, 105), (11, 105), (7, 106), (8, 106), (9, 106), (5, 107), (6, 107), (2, 108), (3, 108), (4, 108), (0, 109), (1, 109)]
[(15, 103), (12, 104), (13, 104), (14, 104), (16, 104), (10, 105), (11, 105), (17, 105), (7, 106), (8, 106), (9, 106), (18, 106), (5, 107), (6, 107), (19, 107), (2, 108), (3, 108), (4, 108), (20, 108), (0, 109), (1, 109), (19, 110), (18, 113)]
[(36, 102), (33, 103), (34, 103), (35, 103), (37, 103), (31, 104), (32, 104), (38, 104), (28, 105), (29, 105), (30, 105), (39, 105), (26, 106), (27, 106), (40, 106), (23, 107), (24, 107), (25, 107), (41, 107), (20, 108), (21, 108), (22, 108), (40, 109), (19, 110), (39, 112), (18, 113), (38, 114)]
