[(96, 15), (97, 15), (98, 15), (94, 16), (95, 16), (99, 16), (91, 17), (92, 17), (93, 17), (100, 17), (88, 18), (89, 18), (90, 18), (101, 18), (86, 19), (87, 19), (102, 19), (83, 20), (84, 20), (85, 20), (103, 20), (80, 21), (81, 21), (82, 21), (104, 21), (79, 23), (103, 23), (78, 26), (102, 26), (77, 29), (101, 29), (76, 31), (100, 31), (75, 34), (99, 34), (74, 37), (98, 37), (73, 39), (74, 39), (96, 39), (97, 39), (98, 39), (75, 40), (94, 40), (95, 40), (76, 41), (91, 41), (92, 41), (93, 41), (77, 42), (88, 42), (89, 42), (90, 42), (78, 43), (86, 43), (87, 43), (79, 44), (83, 44), (84, 44), (85, 44), (80, 45), (81, 45), (82, 45)]
[(112, 18), (113, 18), (114, 18), (110, 19), (111, 19), (107, 20), (108, 20), (109, 20), (104, 21), (105, 21), (106, 21), (103, 23), (102, 26), (101, 29), (100, 31), (99, 34), (98, 37), (97, 39), (98, 39), (99, 40), (100, 41), (101, 42), (112, 42), (113, 42), (114, 42), (102, 43), (110, 43), (111, 43), (103, 44), (107, 44), (108, 44), (109, 44), (104, 45), (105, 45), (106, 45)]
[(112, 42), (113, 42), (114, 42), (110, 43), (111, 43), (107, 44), (108, 44), (109, 44), (104, 45), (105, 45), (106, 45), (103, 47), (102, 50), (101, 53), (100, 55), (99, 58), (98, 61), (97, 63), (98, 63), (99, 64), (100, 65), (101, 66), (112, 66), (113, 66), (114, 66), (102, 67), (110, 67), (111, 67), (103, 68), (107, 68), (108, 68), (109, 68), (104, 69), (105, 69), (106, 69)]
[(48, 15), (49, 15), (50, 15), (46, 16), (47, 16), (51, 16), (43, 17), (44, 17), (45, 17), (52, 17), (40, 18), (41, 18), (42, 18), (53, 18), (38, 19), (39, 19), (54, 19), (35, 20), (36, 20), (37, 20), (55, 20), (32, 21), (33, 21), (34, 21), (56, 21), (31, 23), (55, 23), (30, 26), (54, 26), (29, 29), (53, 29), (28, 31), (52, 31), (27, 34), (51, 34), (26, 37), (50, 37), (25, 39), (26, 39), (48, 39), (49, 39), (50, 39), (27, 40), (46, 40), (47, 40), (28, 41), (43, 41), (44, 41), (45, 41), (29, 42), (40, 42), (41, 42), (42, 42), (30, 43), (38, 43), (39, 43), (31, 44), (35, 44), (36, 44), (37, 44), (32, 45), (33, 45), (34, 45)]
[(72, 15), (73, 15), (74, 15), (70, 16), (71, 16), (75, 16), (67, 17), (68, 17), (69, 17), (76, 17), (64, 18), (65, 18), (66, 18), (77, 18), (62, 19), (63, 19), (78, 19), (59, 20), (60, 20), (61, 20), (79, 20), (56, 21), (57, 21), (58, 21), (80, 21), (55, 23), (79, 23), (54, 26), (78, 26), (53, 29), (77, 29), (52, 31), (76, 31), (51, 34), (75, 34), (50, 37), (74, 37), (49, 39), (50, 39), (72, 39), (73, 39), (74, 39), (51, 40), (70, 40), (71, 40), (52, 41), (67, 41), (68, 41), (69, 41), (53, 42), (64, 42), (65, 42), (66, 42), (54, 43), (62, 43), (63, 43), (55, 44), (59, 44), (60, 44), (61, 44), (56, 45), (57, 45), (58, 45)]
[(72, 39), (73, 39), (74, 39), (70, 40), (71, 40), (75, 40), (67, 41), (68, 41), (69, 41), (76, 41), (64, 42), (65, 42), (66, 42), (77, 42), (62, 43), (63, 43), (78, 43), (59, 44), (60, 44), (61, 44), (79, 44), (56, 45), (57, 45), (58, 45), (80, 45), (55, 47), (79, 47), (54, 50), (78, 50), (53, 53), (77, 53), (52, 55), (76, 55), (51, 58), (75, 58), (50, 61), (74, 61), (49, 63), (50, 63), (72, 63), (73, 63), (74, 63), (51, 64), (70, 64), (71, 64), (52, 65), (67, 65), (68, 65), (69, 65), (53, 66), (64, 66), (65, 66), (66, 66), (54, 67), (62, 67), (63, 67), (55, 68), (59, 68), (60, 68), (61, 68), (56, 69), (57, 69), (58, 69)]
[(96, 39), (97, 39), (98, 39), (94, 40), (95, 40), (99, 40), (91, 41), (92, 41), (93, 41), (100, 41), (88, 42), (89, 42), (90, 42), (101, 42), (86, 43), (87, 43), (102, 43), (83, 44), (84, 44), (85, 44), (103, 44), (80, 45), (81, 45), (82, 45), (104, 45), (79, 47), (103, 47), (78, 50), (102, 50), (77, 53), (101, 53), (76, 55), (100, 55), (75, 58), (99, 58), (74, 61), (98, 61), (73, 63), (74, 63), (96, 63), (97, 63), (98, 63), (75, 64), (94, 64), (95, 64), (76, 65), (91, 65), (92, 65), (93, 65), (77, 66), (88, 66), (89, 66), (90, 66), (78, 67), (86, 67), (87, 67), (79, 68), (83, 68), (84, 68), (85, 68), (80, 69), (81, 69), (82, 69)]
[(96, 63), (97, 63), (98, 63), (94, 64), (95, 64), (99, 64), (91, 65), (92, 65), (93, 65), (100, 65), (88, 66), (89, 66), (90, 66), (101, 66), (86, 67), (87, 67), (102, 67), (83, 68), (84, 68), (85, 68), (103, 68), (80, 69), (81, 69), (82, 69), (104, 69), (79, 71), (103, 71), (78, 74), (102, 74), (77, 77), (101, 77), (76, 79), (100, 79), (75, 82), (99, 82), (74, 85), (98, 85), (73, 87), (74, 87), (96, 87), (97, 87), (98, 87), (75, 88), (94, 88), (95, 88), (76, 89), (91, 89), (92, 89), (93, 89), (77, 90), (88, 90), (89, 90), (90, 90), (78, 91), (86, 91), (87, 91), (79, 92), (83, 92), (84, 92), (85, 92), (80, 93), (81, 93), (82, 93)]
[(112, 66), (113, 66), (114, 66), (110, 67), (111, 67), (107, 68), (108, 68), (109, 68), (104, 69), (105, 69), (106, 69), (103, 71), (102, 74), (101, 77), (100, 79), (99, 82), (98, 85), (97, 87), (98, 87), (99, 88), (100, 89), (101, 90), (112, 90), (113, 90), (114, 90), (102, 91), (110, 91), (111, 91), (103, 92), (107, 92), (108, 92), (109, 92), (104, 93), (105, 93), (106, 93)]
[(112, 90), (113, 90), (114, 90), (110, 91), (111, 91), (107, 92), (108, 92), (109, 92), (104, 93), (105, 93), (106, 93), (103, 95), (102, 98), (101, 101), (100, 103), (99, 106), (98, 109), (97, 111), (98, 111), (99, 112), (100, 113), (101, 114), (112, 114), (113, 114), (114, 114)]
[(24, 39), (25, 39), (26, 39), (22, 40), (23, 40), (27, 40), (19, 41), (20, 41), (21, 41), (28, 41), (16, 42), (17, 42), (18, 42), (29, 42), (14, 43), (15, 43), (30, 43), (11, 44), (12, 44), (13, 44), (31, 44), (8, 45), (9, 45), (10, 45), (32, 45), (7, 47), (31, 47), (6, 50), (30, 50), (5, 53), (29, 53), (4, 55), (28, 55), (3, 58), (27, 58), (2, 61), (26, 61), (1, 63), (2, 63), (24, 63), (25, 63), (26, 63), (3, 64), (22, 64), (23, 64), (4, 65), (19, 65), (20, 65), (21, 65), (5, 66), (16, 66), (17, 66), (18, 66), (6, 67), (14, 67), (15, 67), (7, 68), (11, 68), (12, 68), (13, 68), (8, 69), (9, 69), (10, 69)]
[(48, 39), (49, 39), (50, 39), (46, 40), (47, 40), (51, 40), (43, 41), (44, 41), (45, 41), (52, 41), (40, 42), (41, 42), (42, 42), (53, 42), (38, 43), (39, 43), (54, 43), (35, 44), (36, 44), (37, 44), (55, 44), (32, 45), (33, 45), (34, 45), (56, 45), (31, 47), (55, 47), (30, 50), (54, 50), (29, 53), (53, 53), (28, 55), (52, 55), (27, 58), (51, 58), (26, 61), (50, 61), (25, 63), (26, 63), (48, 63), (49, 63), (50, 63), (27, 64), (46, 64), (47, 64), (28, 65), (43, 65), (44, 65), (45, 65), (29, 66), (40, 66), (41, 66), (42, 66), (30, 67), (38, 67), (39, 67), (31, 68), (35, 68), (36, 68), (37, 68), (32, 69), (33, 69), (34, 69)]
[(48, 63), (49, 63), (50, 63), (46, 64), (47, 64), (51, 64), (43, 65), (44, 65), (45, 65), (52, 65), (40, 66), (41, 66), (42, 66), (53, 66), (38, 67), (39, 67), (54, 67), (35, 68), (36, 68), (37, 68), (55, 68), (32, 69), (33, 69), (34, 69), (56, 69), (31, 71), (55, 71), (30, 74), (54, 74), (29, 77), (53, 77), (28, 79), (52, 79), (27, 82), (51, 82), (26, 85), (50, 85), (25, 87), (26, 87), (48, 87), (49, 87), (50, 87), (27, 88), (46, 88), (47, 88), (28, 89), (43, 89), (44, 89), (45, 89), (29, 90), (40, 90), (41, 90), (42, 90), (30, 91), (38, 91), (39, 91), (31, 92), (35, 92), (36, 92), (37, 92), (32, 93), (33, 93), (34, 93)]
[(72, 63), (73, 63), (74, 63), (70, 64), (71, 64), (75, 64), (67, 65), (68, 65), (69, 65), (76, 65), (64, 66), (65, 66), (66, 66), (77, 66), (62, 67), (63, 67), (78, 67), (59, 68), (60, 68), (61, 68), (79, 68), (56, 69), (57, 69), (58, 69), (80, 69), (55, 71), (79, 71), (54, 74), (78, 74), (53, 77), (77, 77), (52, 79), (76, 79), (51, 82), (75, 82), (50, 85), (74, 85), (49, 87), (50, 87), (72, 87), (73, 87), (74, 87), (51, 88), (70, 88), (71, 88), (52, 89), (67, 89), (68, 89), (69, 89), (53, 90), (64, 90), (65, 90), (66, 90), (54, 91), (62, 91), (63, 91), (55, 92), (59, 92), (60, 92), (61, 92), (56, 93), (57, 93), (58, 93)]
[(72, 87), (73, 87), (74, 87), (70, 88), (71, 88), (75, 88), (67, 89), (68, 89), (69, 89), (76, 89), (64, 90), (65, 90), (66, 90), (77, 90), (62, 91), (63, 91), (78, 91), (59, 92), (60, 92), (61, 92), (79, 92), (56, 93), (57, 93), (58, 93), (80, 93), (55, 95), (79, 95), (54, 98), (78, 98), (53, 101), (77, 101), (52, 103), (76, 103), (51, 106), (75, 106), (50, 109), (74, 109), (49, 111), (50, 111), (72, 111), (73, 111), (74, 111), (51, 112), (70, 112), (71, 112), (52, 113), (67, 113), (68, 113), (69, 113), (53, 114), (64, 114), (65, 114), (66, 114)]
[(96, 87), (97, 87), (98, 87), (94, 88), (95, 88), (99, 88), (91, 89), (92, 89), (93, 89), (100, 89), (88, 90), (89, 90), (90, 90), (101, 90), (86, 91), (87, 91), (102, 91), (83, 92), (84, 92), (85, 92), (103, 92), (80, 93), (81, 93), (82, 93), (104, 93), (79, 95), (103, 95), (78, 98), (102, 98), (77, 101), (101, 101), (76, 103), (100, 103), (75, 106), (99, 106), (74, 109), (98, 109), (73, 111), (74, 111), (96, 111), (97, 111), (98, 111), (75, 112), (94, 112), (95, 112), (76, 113), (91, 113), (92, 113), (93, 113), (77, 114), (88, 114), (89, 114), (90, 114)]
[(96, 111), (97, 111), (98, 111), (94, 112), (95, 112), (99, 112), (91, 113), (92, 113), (93, 113), (100, 113), (88, 114), (89, 114), (90, 114), (101, 114)]
[(112, 114), (113, 114), (114, 114)]
[(24, 63), (25, 63), (26, 63), (22, 64), (23, 64), (27, 64), (19, 65), (20, 65), (21, 65), (28, 65), (16, 66), (17, 66), (18, 66), (29, 66), (14, 67), (15, 67), (30, 67), (11, 68), (12, 68), (13, 68), (31, 68), (8, 69), (9, 69), (10, 69), (32, 69), (7, 71), (31, 71), (6, 74), (30, 74), (5, 77), (29, 77), (4, 79), (28, 79), (3, 82), (27, 82), (2, 85), (26, 85), (1, 87), (2, 87), (24, 87), (25, 87), (26, 87), (3, 88), (22, 88), (23, 88), (4, 89), (19, 89), (20, 89), (21, 89), (5, 90), (16, 90), (17, 90), (18, 90), (6, 91), (14, 91), (15, 91), (7, 92), (11, 92), (12, 92), (13, 92), (8, 93), (9, 93), (10, 93)]
[(24, 87), (25, 87), (26, 87), (22, 88), (23, 88), (27, 88), (19, 89), (20, 89), (21, 89), (28, 89), (16, 90), (17, 90), (18, 90), (29, 90), (14, 91), (15, 91), (30, 91), (11, 92), (12, 92), (13, 92), (31, 92), (8, 93), (9, 93), (10, 93), (32, 93), (7, 95), (31, 95), (6, 98), (30, 98), (5, 101), (29, 101), (4, 103), (28, 103), (3, 106), (27, 106), (2, 109), (26, 109), (1, 111), (2, 111), (24, 111), (25, 111), (26, 111), (3, 112), (22, 112), (23, 112), (4, 113), (19, 113), (20, 113), (21, 113), (5, 114), (16, 114), (17, 114), (18, 114)]
[(48, 87), (49, 87), (50, 87), (46, 88), (47, 88), (51, 88), (43, 89), (44, 89), (45, 89), (52, 89), (40, 90), (41, 90), (42, 90), (53, 90), (38, 91), (39, 91), (54, 91), (35, 92), (36, 92), (37, 92), (55, 92), (32, 93), (33, 93), (34, 93), (56, 93), (31, 95), (55, 95), (30, 98), (54, 98), (29, 101), (53, 101), (28, 103), (52, 103), (27, 106), (51, 106), (26, 109), (50, 109), (25, 111), (26, 111), (48, 111), (49, 111), (50, 111), (27, 112), (46, 112), (47, 112), (28, 113), (43, 113), (44, 113), (45, 113), (29, 114), (40, 114), (41, 114), (42, 114)]
[(48, 111), (49, 111), (50, 111), (46, 112), (47, 112), (51, 112), (43, 113), (44, 113), (45, 113), (52, 113), (40, 114), (41, 114), (42, 114), (53, 114)]
[(72, 111), (73, 111), (74, 111), (70, 112), (71, 112), (75, 112), (67, 113), (68, 113), (69, 113), (76, 113), (64, 114), (65, 114), (66, 114), (77, 114)]
[(24, 111), (25, 111), (26, 111), (22, 112), (23, 112), (27, 112), (19, 113), (20, 113), (21, 113), (28, 113), (16, 114), (17, 114), (18, 114), (29, 114)]
