[(81, 13), (77, 14), (78, 14), (79, 14), (80, 14), (82, 14), (74, 15), (75, 15), (76, 15), (83, 15), (70, 16), (71, 16), (72, 16), (73, 16), (84, 16), (66, 17), (67, 17), (68, 17), (69, 17), (85, 17), (65, 20), (84, 20), (64, 24), (83, 24), (63, 27), (82, 27), (62, 31), (81, 31), (62, 32), (81, 32), (63, 33), (77, 33), (78, 33), (79, 33), (80, 33), (64, 34), (74, 34), (75, 34), (76, 34), (65, 35), (70, 35), (71, 35), (72, 35), (73, 35), (66, 36), (67, 36), (68, 36), (69, 36)]
[(100, 13), (96, 14), (97, 14), (98, 14), (99, 14), (101, 14), (93, 15), (94, 15), (95, 15), (102, 15), (89, 16), (90, 16), (91, 16), (92, 16), (103, 16), (85, 17), (86, 17), (87, 17), (88, 17), (104, 17), (84, 20), (103, 20), (83, 24), (102, 24), (82, 27), (101, 27), (81, 31), (100, 31), (81, 32), (100, 32), (82, 33), (96, 33), (97, 33), (98, 33), (99, 33), (83, 34), (93, 34), (94, 34), (95, 34), (84, 35), (89, 35), (90, 35), (91, 35), (92, 35), (85, 36), (86, 36), (87, 36), (88, 36)]
[(100, 32), (96, 33), (97, 33), (98, 33), (99, 33), (101, 33), (93, 34), (94, 34), (95, 34), (102, 34), (89, 35), (90, 35), (91, 35), (92, 35), (103, 35), (85, 36), (86, 36), (87, 36), (88, 36), (104, 36), (84, 39), (103, 39), (83, 43), (102, 43), (82, 46), (101, 46), (81, 50), (100, 50), (81, 51), (100, 51), (82, 52), (96, 52), (97, 52), (98, 52), (99, 52), (83, 53), (93, 53), (94, 53), (95, 53), (84, 54), (89, 54), (90, 54), (91, 54), (92, 54), (85, 55), (86, 55), (87, 55), (88, 55)]
[(112, 34), (113, 34), (114, 34), (108, 35), (109, 35), (110, 35), (111, 35), (104, 36), (105, 36), (106, 36), (107, 36), (103, 39), (102, 43), (101, 46), (100, 50), (100, 51), (101, 52), (102, 53), (112, 53), (113, 53), (114, 53), (103, 54), (108, 54), (109, 54), (110, 54), (111, 54), (104, 55), (105, 55), (106, 55), (107, 55)]
[(112, 53), (113, 53), (114, 53), (108, 54), (109, 54), (110, 54), (111, 54), (104, 55), (105, 55), (106, 55), (107, 55), (103, 58), (102, 62), (101, 65), (100, 69), (100, 70), (101, 71), (102, 72), (112, 72), (113, 72), (114, 72), (103, 73), (108, 73), (109, 73), (110, 73), (111, 73), (104, 74), (105, 74), (106, 74), (107, 74)]
[(43, 13), (39, 14), (40, 14), (41, 14), (42, 14), (44, 14), (36, 15), (37, 15), (38, 15), (45, 15), (32, 16), (33, 16), (34, 16), (35, 16), (46, 16), (28, 17), (29, 17), (30, 17), (31, 17), (47, 17), (27, 20), (46, 20), (26, 24), (45, 24), (25, 27), (44, 27), (24, 31), (43, 31), (24, 32), (43, 32), (25, 33), (39, 33), (40, 33), (41, 33), (42, 33), (26, 34), (36, 34), (37, 34), (38, 34), (27, 35), (32, 35), (33, 35), (34, 35), (35, 35), (28, 36), (29, 36), (30, 36), (31, 36)]
[(62, 13), (58, 14), (59, 14), (60, 14), (61, 14), (63, 14), (55, 15), (56, 15), (57, 15), (64, 15), (51, 16), (52, 16), (53, 16), (54, 16), (65, 16), (47, 17), (48, 17), (49, 17), (50, 17), (66, 17), (46, 20), (65, 20), (45, 24), (64, 24), (44, 27), (63, 27), (43, 31), (62, 31), (43, 32), (62, 32), (44, 33), (58, 33), (59, 33), (60, 33), (61, 33), (45, 34), (55, 34), (56, 34), (57, 34), (46, 35), (51, 35), (52, 35), (53, 35), (54, 35), (47, 36), (48, 36), (49, 36), (50, 36)]
[(62, 32), (58, 33), (59, 33), (60, 33), (61, 33), (63, 33), (55, 34), (56, 34), (57, 34), (64, 34), (51, 35), (52, 35), (53, 35), (54, 35), (65, 35), (47, 36), (48, 36), (49, 36), (50, 36), (66, 36), (46, 39), (65, 39), (45, 43), (64, 43), (44, 46), (63, 46), (43, 50), (62, 50), (43, 51), (62, 51), (44, 52), (58, 52), (59, 52), (60, 52), (61, 52), (45, 53), (55, 53), (56, 53), (57, 53), (46, 54), (51, 54), (52, 54), (53, 54), (54, 54), (47, 55), (48, 55), (49, 55), (50, 55)]
[(81, 32), (77, 33), (78, 33), (79, 33), (80, 33), (82, 33), (74, 34), (75, 34), (76, 34), (83, 34), (70, 35), (71, 35), (72, 35), (73, 35), (84, 35), (66, 36), (67, 36), (68, 36), (69, 36), (85, 36), (65, 39), (84, 39), (64, 43), (83, 43), (63, 46), (82, 46), (62, 50), (81, 50), (62, 51), (81, 51), (63, 52), (77, 52), (78, 52), (79, 52), (80, 52), (64, 53), (74, 53), (75, 53), (76, 53), (65, 54), (70, 54), (71, 54), (72, 54), (73, 54), (66, 55), (67, 55), (68, 55), (69, 55)]
[(81, 51), (77, 52), (78, 52), (79, 52), (80, 52), (82, 52), (74, 53), (75, 53), (76, 53), (83, 53), (70, 54), (71, 54), (72, 54), (73, 54), (84, 54), (66, 55), (67, 55), (68, 55), (69, 55), (85, 55), (65, 58), (84, 58), (64, 62), (83, 62), (63, 65), (82, 65), (62, 69), (81, 69), (62, 70), (81, 70), (63, 71), (77, 71), (78, 71), (79, 71), (80, 71), (64, 72), (74, 72), (75, 72), (76, 72), (65, 73), (70, 73), (71, 73), (72, 73), (73, 73), (66, 74), (67, 74), (68, 74), (69, 74)]
[(100, 51), (96, 52), (97, 52), (98, 52), (99, 52), (101, 52), (93, 53), (94, 53), (95, 53), (102, 53), (89, 54), (90, 54), (91, 54), (92, 54), (103, 54), (85, 55), (86, 55), (87, 55), (88, 55), (104, 55), (84, 58), (103, 58), (83, 62), (102, 62), (82, 65), (101, 65), (81, 69), (100, 69), (81, 70), (100, 70), (82, 71), (96, 71), (97, 71), (98, 71), (99, 71), (83, 72), (93, 72), (94, 72), (95, 72), (84, 73), (89, 73), (90, 73), (91, 73), (92, 73), (85, 74), (86, 74), (87, 74), (88, 74)]
[(100, 70), (96, 71), (97, 71), (98, 71), (99, 71), (101, 71), (93, 72), (94, 72), (95, 72), (102, 72), (89, 73), (90, 73), (91, 73), (92, 73), (103, 73), (85, 74), (86, 74), (87, 74), (88, 74), (104, 74), (84, 77), (103, 77), (83, 81), (102, 81), (82, 84), (101, 84), (81, 88), (100, 88), (81, 89), (100, 89), (82, 90), (96, 90), (97, 90), (98, 90), (99, 90), (83, 91), (93, 91), (94, 91), (95, 91), (84, 92), (89, 92), (90, 92), (91, 92), (92, 92), (85, 93), (86, 93), (87, 93), (88, 93)]
[(112, 72), (113, 72), (114, 72), (108, 73), (109, 73), (110, 73), (111, 73), (104, 74), (105, 74), (106, 74), (107, 74), (103, 77), (102, 81), (101, 84), (100, 88), (100, 89), (101, 90), (102, 91), (112, 91), (113, 91), (114, 91), (103, 92), (108, 92), (109, 92), (110, 92), (111, 92), (104, 93), (105, 93), (106, 93), (107, 93)]
[(112, 91), (113, 91), (114, 91), (108, 92), (109, 92), (110, 92), (111, 92), (104, 93), (105, 93), (106, 93), (107, 93), (103, 96), (102, 100), (101, 103), (100, 107), (100, 108), (101, 109), (102, 110), (112, 110), (113, 110), (114, 110), (103, 111), (108, 111), (109, 111), (110, 111), (111, 111), (104, 112), (105, 112), (106, 112), (107, 112)]
[(24, 32), (20, 33), (21, 33), (22, 33), (23, 33), (25, 33), (17, 34), (18, 34), (19, 34), (26, 34), (13, 35), (14, 35), (15, 35), (16, 35), (27, 35), (9, 36), (10, 36), (11, 36), (12, 36), (28, 36), (8, 39), (27, 39), (7, 43), (26, 43), (6, 46), (25, 46), (5, 50), (24, 50), (5, 51), (24, 51), (6, 52), (20, 52), (21, 52), (22, 52), (23, 52), (7, 53), (17, 53), (18, 53), (19, 53), (8, 54), (13, 54), (14, 54), (15, 54), (16, 54), (9, 55), (10, 55), (11, 55), (12, 55)]
[(43, 32), (39, 33), (40, 33), (41, 33), (42, 33), (44, 33), (36, 34), (37, 34), (38, 34), (45, 34), (32, 35), (33, 35), (34, 35), (35, 35), (46, 35), (28, 36), (29, 36), (30, 36), (31, 36), (47, 36), (27, 39), (46, 39), (26, 43), (45, 43), (25, 46), (44, 46), (24, 50), (43, 50), (24, 51), (43, 51), (25, 52), (39, 52), (40, 52), (41, 52), (42, 52), (26, 53), (36, 53), (37, 53), (38, 53), (27, 54), (32, 54), (33, 54), (34, 54), (35, 54), (28, 55), (29, 55), (30, 55), (31, 55)]
[(43, 51), (39, 52), (40, 52), (41, 52), (42, 52), (44, 52), (36, 53), (37, 53), (38, 53), (45, 53), (32, 54), (33, 54), (34, 54), (35, 54), (46, 54), (28, 55), (29, 55), (30, 55), (31, 55), (47, 55), (27, 58), (46, 58), (26, 62), (45, 62), (25, 65), (44, 65), (24, 69), (43, 69), (24, 70), (43, 70), (25, 71), (39, 71), (40, 71), (41, 71), (42, 71), (26, 72), (36, 72), (37, 72), (38, 72), (27, 73), (32, 73), (33, 73), (34, 73), (35, 73), (28, 74), (29, 74), (30, 74), (31, 74)]
[(62, 51), (58, 52), (59, 52), (60, 52), (61, 52), (63, 52), (55, 53), (56, 53), (57, 53), (64, 53), (51, 54), (52, 54), (53, 54), (54, 54), (65, 54), (47, 55), (48, 55), (49, 55), (50, 55), (66, 55), (46, 58), (65, 58), (45, 62), (64, 62), (44, 65), (63, 65), (43, 69), (62, 69), (43, 70), (62, 70), (44, 71), (58, 71), (59, 71), (60, 71), (61, 71), (45, 72), (55, 72), (56, 72), (57, 72), (46, 73), (51, 73), (52, 73), (53, 73), (54, 73), (47, 74), (48, 74), (49, 74), (50, 74)]
[(62, 70), (58, 71), (59, 71), (60, 71), (61, 71), (63, 71), (55, 72), (56, 72), (57, 72), (64, 72), (51, 73), (52, 73), (53, 73), (54, 73), (65, 73), (47, 74), (48, 74), (49, 74), (50, 74), (66, 74), (46, 77), (65, 77), (45, 81), (64, 81), (44, 84), (63, 84), (43, 88), (62, 88), (43, 89), (62, 89), (44, 90), (58, 90), (59, 90), (60, 90), (61, 90), (45, 91), (55, 91), (56, 91), (57, 91), (46, 92), (51, 92), (52, 92), (53, 92), (54, 92), (47, 93), (48, 93), (49, 93), (50, 93)]
[(81, 70), (77, 71), (78, 71), (79, 71), (80, 71), (82, 71), (74, 72), (75, 72), (76, 72), (83, 72), (70, 73), (71, 73), (72, 73), (73, 73), (84, 73), (66, 74), (67, 74), (68, 74), (69, 74), (85, 74), (65, 77), (84, 77), (64, 81), (83, 81), (63, 84), (82, 84), (62, 88), (81, 88), (62, 89), (81, 89), (63, 90), (77, 90), (78, 90), (79, 90), (80, 90), (64, 91), (74, 91), (75, 91), (76, 91), (65, 92), (70, 92), (71, 92), (72, 92), (73, 92), (66, 93), (67, 93), (68, 93), (69, 93)]
[(81, 89), (77, 90), (78, 90), (79, 90), (80, 90), (82, 90), (74, 91), (75, 91), (76, 91), (83, 91), (70, 92), (71, 92), (72, 92), (73, 92), (84, 92), (66, 93), (67, 93), (68, 93), (69, 93), (85, 93), (65, 96), (84, 96), (64, 100), (83, 100), (63, 103), (82, 103), (62, 107), (81, 107), (62, 108), (81, 108), (63, 109), (77, 109), (78, 109), (79, 109), (80, 109), (64, 110), (74, 110), (75, 110), (76, 110), (65, 111), (70, 111), (71, 111), (72, 111), (73, 111), (66, 112), (67, 112), (68, 112), (69, 112)]
[(100, 89), (96, 90), (97, 90), (98, 90), (99, 90), (101, 90), (93, 91), (94, 91), (95, 91), (102, 91), (89, 92), (90, 92), (91, 92), (92, 92), (103, 92), (85, 93), (86, 93), (87, 93), (88, 93), (104, 93), (84, 96), (103, 96), (83, 100), (102, 100), (82, 103), (101, 103), (81, 107), (100, 107), (81, 108), (100, 108), (82, 109), (96, 109), (97, 109), (98, 109), (99, 109), (83, 110), (93, 110), (94, 110), (95, 110), (84, 111), (89, 111), (90, 111), (91, 111), (92, 111), (85, 112), (86, 112), (87, 112), (88, 112)]
[(100, 108), (96, 109), (97, 109), (98, 109), (99, 109), (101, 109), (93, 110), (94, 110), (95, 110), (102, 110), (89, 111), (90, 111), (91, 111), (92, 111), (103, 111), (85, 112), (86, 112), (87, 112), (88, 112), (104, 112)]
[(112, 110), (113, 110), (114, 110), (108, 111), (109, 111), (110, 111), (111, 111), (104, 112), (105, 112), (106, 112), (107, 112)]
[(24, 51), (20, 52), (21, 52), (22, 52), (23, 52), (25, 52), (17, 53), (18, 53), (19, 53), (26, 53), (13, 54), (14, 54), (15, 54), (16, 54), (27, 54), (9, 55), (10, 55), (11, 55), (12, 55), (28, 55), (8, 58), (27, 58), (7, 62), (26, 62), (6, 65), (25, 65), (5, 69), (24, 69), (5, 70), (24, 70), (6, 71), (20, 71), (21, 71), (22, 71), (23, 71), (7, 72), (17, 72), (18, 72), (19, 72), (8, 73), (13, 73), (14, 73), (15, 73), (16, 73), (9, 74), (10, 74), (11, 74), (12, 74)]
[(24, 70), (20, 71), (21, 71), (22, 71), (23, 71), (25, 71), (17, 72), (18, 72), (19, 72), (26, 72), (13, 73), (14, 73), (15, 73), (16, 73), (27, 73), (9, 74), (10, 74), (11, 74), (12, 74), (28, 74), (8, 77), (27, 77), (7, 81), (26, 81), (6, 84), (25, 84), (5, 88), (24, 88), (5, 89), (24, 89), (6, 90), (20, 90), (21, 90), (22, 90), (23, 90), (7, 91), (17, 91), (18, 91), (19, 91), (8, 92), (13, 92), (14, 92), (15, 92), (16, 92), (9, 93), (10, 93), (11, 93), (12, 93)]
[(43, 70), (39, 71), (40, 71), (41, 71), (42, 71), (44, 71), (36, 72), (37, 72), (38, 72), (45, 72), (32, 73), (33, 73), (34, 73), (35, 73), (46, 73), (28, 74), (29, 74), (30, 74), (31, 74), (47, 74), (27, 77), (46, 77), (26, 81), (45, 81), (25, 84), (44, 84), (24, 88), (43, 88), (24, 89), (43, 89), (25, 90), (39, 90), (40, 90), (41, 90), (42, 90), (26, 91), (36, 91), (37, 91), (38, 91), (27, 92), (32, 92), (33, 92), (34, 92), (35, 92), (28, 93), (29, 93), (30, 93), (31, 93)]
[(43, 89), (39, 90), (40, 90), (41, 90), (42, 90), (44, 90), (36, 91), (37, 91), (38, 91), (45, 91), (32, 92), (33, 92), (34, 92), (35, 92), (46, 92), (28, 93), (29, 93), (30, 93), (31, 93), (47, 93), (27, 96), (46, 96), (26, 100), (45, 100), (25, 103), (44, 103), (24, 107), (43, 107), (24, 108), (43, 108), (25, 109), (39, 109), (40, 109), (41, 109), (42, 109), (26, 110), (36, 110), (37, 110), (38, 110), (27, 111), (32, 111), (33, 111), (34, 111), (35, 111), (28, 112), (29, 112), (30, 112), (31, 112)]
[(62, 89), (58, 90), (59, 90), (60, 90), (61, 90), (63, 90), (55, 91), (56, 91), (57, 91), (64, 91), (51, 92), (52, 92), (53, 92), (54, 92), (65, 92), (47, 93), (48, 93), (49, 93), (50, 93), (66, 93), (46, 96), (65, 96), (45, 100), (64, 100), (44, 103), (63, 103), (43, 107), (62, 107), (43, 108), (62, 108), (44, 109), (58, 109), (59, 109), (60, 109), (61, 109), (45, 110), (55, 110), (56, 110), (57, 110), (46, 111), (51, 111), (52, 111), (53, 111), (54, 111), (47, 112), (48, 112), (49, 112), (50, 112)]
[(62, 108), (58, 109), (59, 109), (60, 109), (61, 109), (63, 109), (55, 110), (56, 110), (57, 110), (64, 110), (51, 111), (52, 111), (53, 111), (54, 111), (65, 111), (47, 112), (48, 112), (49, 112), (50, 112), (66, 112)]
[(81, 108), (77, 109), (78, 109), (79, 109), (80, 109), (82, 109), (74, 110), (75, 110), (76, 110), (83, 110), (70, 111), (71, 111), (72, 111), (73, 111), (84, 111), (66, 112), (67, 112), (68, 112), (69, 112), (85, 112)]
[(24, 89), (20, 90), (21, 90), (22, 90), (23, 90), (25, 90), (17, 91), (18, 91), (19, 91), (26, 91), (13, 92), (14, 92), (15, 92), (16, 92), (27, 92), (9, 93), (10, 93), (11, 93), (12, 93), (28, 93), (8, 96), (27, 96), (7, 100), (26, 100), (6, 103), (25, 103), (5, 107), (24, 107), (5, 108), (24, 108), (6, 109), (20, 109), (21, 109), (22, 109), (23, 109), (7, 110), (17, 110), (18, 110), (19, 110), (8, 111), (13, 111), (14, 111), (15, 111), (16, 111), (9, 112), (10, 112), (11, 112), (12, 112)]
[(24, 108), (20, 109), (21, 109), (22, 109), (23, 109), (25, 109), (17, 110), (18, 110), (19, 110), (26, 110), (13, 111), (14, 111), (15, 111), (16, 111), (27, 111), (9, 112), (10, 112), (11, 112), (12, 112), (28, 112)]
[(43, 108), (39, 109), (40, 109), (41, 109), (42, 109), (44, 109), (36, 110), (37, 110), (38, 110), (45, 110), (32, 111), (33, 111), (34, 111), (35, 111), (46, 111), (28, 112), (29, 112), (30, 112), (31, 112), (47, 112)]
