[(74, 11), (70, 12), (71, 12), (72, 12), (73, 12), (75, 12), (66, 13), (67, 13), (68, 13), (69, 13), (76, 13), (62, 14), (63, 14), (64, 14), (65, 14), (77, 14), (58, 15), (59, 15), (60, 15), (61, 15), (78, 15), (57, 18), (77, 18), (56, 22), (76, 22), (55, 26), (75, 26), (54, 30), (74, 30), (54, 31), (74, 31), (55, 32), (70, 32), (71, 32), (72, 32), (73, 32), (56, 33), (66, 33), (67, 33), (68, 33), (69, 33), (57, 34), (62, 34), (63, 34), (64, 34), (65, 34), (58, 35), (59, 35), (60, 35), (61, 35)]
[(94, 11), (90, 12), (91, 12), (92, 12), (93, 12), (95, 12), (86, 13), (87, 13), (88, 13), (89, 13), (96, 13), (82, 14), (83, 14), (84, 14), (85, 14), (97, 14), (78, 15), (79, 15), (80, 15), (81, 15), (98, 15), (77, 18), (97, 18), (76, 22), (96, 22), (75, 26), (95, 26), (74, 30), (94, 30), (74, 31), (94, 31), (75, 32), (90, 32), (91, 32), (92, 32), (93, 32), (76, 33), (86, 33), (87, 33), (88, 33), (89, 33), (77, 34), (82, 34), (83, 34), (84, 34), (85, 34), (78, 35), (79, 35), (80, 35), (81, 35)]
[(94, 31), (90, 32), (91, 32), (92, 32), (93, 32), (95, 32), (86, 33), (87, 33), (88, 33), (89, 33), (96, 33), (82, 34), (83, 34), (84, 34), (85, 34), (97, 34), (78, 35), (79, 35), (80, 35), (81, 35), (98, 35), (77, 38), (97, 38), (76, 42), (96, 42), (75, 46), (95, 46), (74, 50), (94, 50), (74, 51), (94, 51), (75, 52), (90, 52), (91, 52), (92, 52), (93, 52), (76, 53), (86, 53), (87, 53), (88, 53), (89, 53), (77, 54), (82, 54), (83, 54), (84, 54), (85, 54), (78, 55), (79, 55), (80, 55), (81, 55)]
[(114, 31), (110, 32), (111, 32), (112, 32), (113, 32), (106, 33), (107, 33), (108, 33), (109, 33), (102, 34), (103, 34), (104, 34), (105, 34), (98, 35), (99, 35), (100, 35), (101, 35), (97, 38), (96, 42), (95, 46), (94, 50), (114, 50), (94, 51), (114, 51), (95, 52), (110, 52), (111, 52), (112, 52), (113, 52), (96, 53), (106, 53), (107, 53), (108, 53), (109, 53), (97, 54), (102, 54), (103, 54), (104, 54), (105, 54), (98, 55), (99, 55), (100, 55), (101, 55)]
[(114, 51), (110, 52), (111, 52), (112, 52), (113, 52), (106, 53), (107, 53), (108, 53), (109, 53), (102, 54), (103, 54), (104, 54), (105, 54), (98, 55), (99, 55), (100, 55), (101, 55), (97, 58), (96, 62), (95, 66), (94, 70), (114, 70), (94, 71), (114, 71), (95, 72), (110, 72), (111, 72), (112, 72), (113, 72), (96, 73), (106, 73), (107, 73), (108, 73), (109, 73), (97, 74), (102, 74), (103, 74), (104, 74), (105, 74), (98, 75), (99, 75), (100, 75), (101, 75)]
[(114, 70), (114, 71)]
[(114, 90), (114, 91)]
[(34, 11), (30, 12), (31, 12), (32, 12), (33, 12), (35, 12), (26, 13), (27, 13), (28, 13), (29, 13), (36, 13), (22, 14), (23, 14), (24, 14), (25, 14), (37, 14), (18, 15), (19, 15), (20, 15), (21, 15), (38, 15), (17, 18), (37, 18), (16, 22), (36, 22), (15, 26), (35, 26), (14, 30), (34, 30), (14, 31), (34, 31), (15, 32), (30, 32), (31, 32), (32, 32), (33, 32), (16, 33), (26, 33), (27, 33), (28, 33), (29, 33), (17, 34), (22, 34), (23, 34), (24, 34), (25, 34), (18, 35), (19, 35), (20, 35), (21, 35)]
[(54, 11), (50, 12), (51, 12), (52, 12), (53, 12), (55, 12), (46, 13), (47, 13), (48, 13), (49, 13), (56, 13), (42, 14), (43, 14), (44, 14), (45, 14), (57, 14), (38, 15), (39, 15), (40, 15), (41, 15), (58, 15), (37, 18), (57, 18), (36, 22), (56, 22), (35, 26), (55, 26), (34, 30), (54, 30), (34, 31), (54, 31), (35, 32), (50, 32), (51, 32), (52, 32), (53, 32), (36, 33), (46, 33), (47, 33), (48, 33), (49, 33), (37, 34), (42, 34), (43, 34), (44, 34), (45, 34), (38, 35), (39, 35), (40, 35), (41, 35)]
[(54, 31), (50, 32), (51, 32), (52, 32), (53, 32), (55, 32), (46, 33), (47, 33), (48, 33), (49, 33), (56, 33), (42, 34), (43, 34), (44, 34), (45, 34), (57, 34), (38, 35), (39, 35), (40, 35), (41, 35), (58, 35), (37, 38), (57, 38), (36, 42), (56, 42), (35, 46), (55, 46), (34, 50), (54, 50), (34, 51), (54, 51), (35, 52), (50, 52), (51, 52), (52, 52), (53, 52), (36, 53), (46, 53), (47, 53), (48, 53), (49, 53), (37, 54), (42, 54), (43, 54), (44, 54), (45, 54), (38, 55), (39, 55), (40, 55), (41, 55)]
[(74, 31), (70, 32), (71, 32), (72, 32), (73, 32), (75, 32), (66, 33), (67, 33), (68, 33), (69, 33), (76, 33), (62, 34), (63, 34), (64, 34), (65, 34), (77, 34), (58, 35), (59, 35), (60, 35), (61, 35), (78, 35), (57, 38), (77, 38), (56, 42), (76, 42), (55, 46), (75, 46), (54, 50), (74, 50), (54, 51), (74, 51), (55, 52), (70, 52), (71, 52), (72, 52), (73, 52), (56, 53), (66, 53), (67, 53), (68, 53), (69, 53), (57, 54), (62, 54), (63, 54), (64, 54), (65, 54), (58, 55), (59, 55), (60, 55), (61, 55)]
[(74, 51), (70, 52), (71, 52), (72, 52), (73, 52), (75, 52), (66, 53), (67, 53), (68, 53), (69, 53), (76, 53), (62, 54), (63, 54), (64, 54), (65, 54), (77, 54), (58, 55), (59, 55), (60, 55), (61, 55), (78, 55), (57, 58), (77, 58), (56, 62), (76, 62), (55, 66), (75, 66), (54, 70), (74, 70), (54, 71), (74, 71), (55, 72), (70, 72), (71, 72), (72, 72), (73, 72), (56, 73), (66, 73), (67, 73), (68, 73), (69, 73), (57, 74), (62, 74), (63, 74), (64, 74), (65, 74), (58, 75), (59, 75), (60, 75), (61, 75)]
[(94, 51), (90, 52), (91, 52), (92, 52), (93, 52), (95, 52), (86, 53), (87, 53), (88, 53), (89, 53), (96, 53), (82, 54), (83, 54), (84, 54), (85, 54), (97, 54), (78, 55), (79, 55), (80, 55), (81, 55), (98, 55), (77, 58), (97, 58), (76, 62), (96, 62), (75, 66), (95, 66), (74, 70), (94, 70), (74, 71), (94, 71), (75, 72), (90, 72), (91, 72), (92, 72), (93, 72), (76, 73), (86, 73), (87, 73), (88, 73), (89, 73), (77, 74), (82, 74), (83, 74), (84, 74), (85, 74), (78, 75), (79, 75), (80, 75), (81, 75)]
[(94, 71), (90, 72), (91, 72), (92, 72), (93, 72), (95, 72), (86, 73), (87, 73), (88, 73), (89, 73), (96, 73), (82, 74), (83, 74), (84, 74), (85, 74), (97, 74), (78, 75), (79, 75), (80, 75), (81, 75), (98, 75), (77, 78), (97, 78), (76, 82), (96, 82), (75, 86), (95, 86), (74, 90), (94, 90), (74, 91), (94, 91), (75, 92), (90, 92), (91, 92), (92, 92), (93, 92), (76, 93), (86, 93), (87, 93), (88, 93), (89, 93), (77, 94), (82, 94), (83, 94), (84, 94), (85, 94), (78, 95), (79, 95), (80, 95), (81, 95)]
[(114, 71), (110, 72), (111, 72), (112, 72), (113, 72), (106, 73), (107, 73), (108, 73), (109, 73), (102, 74), (103, 74), (104, 74), (105, 74), (98, 75), (99, 75), (100, 75), (101, 75), (97, 78), (96, 82), (95, 86), (94, 90), (114, 90), (94, 91), (114, 91), (95, 92), (110, 92), (111, 92), (112, 92), (113, 92), (96, 93), (106, 93), (107, 93), (108, 93), (109, 93), (97, 94), (102, 94), (103, 94), (104, 94), (105, 94), (98, 95), (99, 95), (100, 95), (101, 95)]
[(114, 91), (110, 92), (111, 92), (112, 92), (113, 92), (106, 93), (107, 93), (108, 93), (109, 93), (102, 94), (103, 94), (104, 94), (105, 94), (98, 95), (99, 95), (100, 95), (101, 95), (97, 98), (96, 102), (95, 106), (94, 110), (114, 110), (94, 111), (114, 111), (95, 112), (110, 112), (111, 112), (112, 112), (113, 112), (96, 113), (106, 113), (107, 113), (108, 113), (109, 113), (97, 114), (102, 114), (103, 114), (104, 114), (105, 114)]
[(114, 110), (114, 111)]
[(14, 31), (10, 32), (11, 32), (12, 32), (13, 32), (15, 32), (6, 33), (7, 33), (8, 33), (9, 33), (16, 33), (2, 34), (3, 34), (4, 34), (5, 34), (17, 34), (0, 35), (1, 35), (18, 35), (17, 38), (16, 42), (15, 46), (14, 50), (14, 51), (10, 52), (11, 52), (12, 52), (13, 52), (6, 53), (7, 53), (8, 53), (9, 53), (2, 54), (3, 54), (4, 54), (5, 54), (0, 55), (1, 55)]
[(34, 31), (30, 32), (31, 32), (32, 32), (33, 32), (35, 32), (26, 33), (27, 33), (28, 33), (29, 33), (36, 33), (22, 34), (23, 34), (24, 34), (25, 34), (37, 34), (18, 35), (19, 35), (20, 35), (21, 35), (38, 35), (17, 38), (37, 38), (16, 42), (36, 42), (15, 46), (35, 46), (14, 50), (34, 50), (14, 51), (34, 51), (15, 52), (30, 52), (31, 52), (32, 52), (33, 52), (16, 53), (26, 53), (27, 53), (28, 53), (29, 53), (17, 54), (22, 54), (23, 54), (24, 54), (25, 54), (18, 55), (19, 55), (20, 55), (21, 55)]
[(34, 51), (30, 52), (31, 52), (32, 52), (33, 52), (35, 52), (26, 53), (27, 53), (28, 53), (29, 53), (36, 53), (22, 54), (23, 54), (24, 54), (25, 54), (37, 54), (18, 55), (19, 55), (20, 55), (21, 55), (38, 55), (17, 58), (37, 58), (16, 62), (36, 62), (15, 66), (35, 66), (14, 70), (34, 70), (14, 71), (34, 71), (15, 72), (30, 72), (31, 72), (32, 72), (33, 72), (16, 73), (26, 73), (27, 73), (28, 73), (29, 73), (17, 74), (22, 74), (23, 74), (24, 74), (25, 74), (18, 75), (19, 75), (20, 75), (21, 75)]
[(54, 51), (50, 52), (51, 52), (52, 52), (53, 52), (55, 52), (46, 53), (47, 53), (48, 53), (49, 53), (56, 53), (42, 54), (43, 54), (44, 54), (45, 54), (57, 54), (38, 55), (39, 55), (40, 55), (41, 55), (58, 55), (37, 58), (57, 58), (36, 62), (56, 62), (35, 66), (55, 66), (34, 70), (54, 70), (34, 71), (54, 71), (35, 72), (50, 72), (51, 72), (52, 72), (53, 72), (36, 73), (46, 73), (47, 73), (48, 73), (49, 73), (37, 74), (42, 74), (43, 74), (44, 74), (45, 74), (38, 75), (39, 75), (40, 75), (41, 75)]
[(54, 71), (50, 72), (51, 72), (52, 72), (53, 72), (55, 72), (46, 73), (47, 73), (48, 73), (49, 73), (56, 73), (42, 74), (43, 74), (44, 74), (45, 74), (57, 74), (38, 75), (39, 75), (40, 75), (41, 75), (58, 75), (37, 78), (57, 78), (36, 82), (56, 82), (35, 86), (55, 86), (34, 90), (54, 90), (34, 91), (54, 91), (35, 92), (50, 92), (51, 92), (52, 92), (53, 92), (36, 93), (46, 93), (47, 93), (48, 93), (49, 93), (37, 94), (42, 94), (43, 94), (44, 94), (45, 94), (38, 95), (39, 95), (40, 95), (41, 95)]
[(74, 71), (70, 72), (71, 72), (72, 72), (73, 72), (75, 72), (66, 73), (67, 73), (68, 73), (69, 73), (76, 73), (62, 74), (63, 74), (64, 74), (65, 74), (77, 74), (58, 75), (59, 75), (60, 75), (61, 75), (78, 75), (57, 78), (77, 78), (56, 82), (76, 82), (55, 86), (75, 86), (54, 90), (74, 90), (54, 91), (74, 91), (55, 92), (70, 92), (71, 92), (72, 92), (73, 92), (56, 93), (66, 93), (67, 93), (68, 93), (69, 93), (57, 94), (62, 94), (63, 94), (64, 94), (65, 94), (58, 95), (59, 95), (60, 95), (61, 95)]
[(74, 91), (70, 92), (71, 92), (72, 92), (73, 92), (75, 92), (66, 93), (67, 93), (68, 93), (69, 93), (76, 93), (62, 94), (63, 94), (64, 94), (65, 94), (77, 94), (58, 95), (59, 95), (60, 95), (61, 95), (78, 95), (57, 98), (77, 98), (56, 102), (76, 102), (55, 106), (75, 106), (54, 110), (74, 110), (54, 111), (74, 111), (55, 112), (70, 112), (71, 112), (72, 112), (73, 112), (56, 113), (66, 113), (67, 113), (68, 113), (69, 113), (57, 114), (62, 114), (63, 114), (64, 114), (65, 114)]
[(94, 91), (90, 92), (91, 92), (92, 92), (93, 92), (95, 92), (86, 93), (87, 93), (88, 93), (89, 93), (96, 93), (82, 94), (83, 94), (84, 94), (85, 94), (97, 94), (78, 95), (79, 95), (80, 95), (81, 95), (98, 95), (77, 98), (97, 98), (76, 102), (96, 102), (75, 106), (95, 106), (74, 110), (94, 110), (74, 111), (94, 111), (75, 112), (90, 112), (91, 112), (92, 112), (93, 112), (76, 113), (86, 113), (87, 113), (88, 113), (89, 113), (77, 114), (82, 114), (83, 114), (84, 114), (85, 114)]
[(94, 111), (90, 112), (91, 112), (92, 112), (93, 112), (95, 112), (86, 113), (87, 113), (88, 113), (89, 113), (96, 113), (82, 114), (83, 114), (84, 114), (85, 114), (97, 114)]
[(114, 111), (110, 112), (111, 112), (112, 112), (113, 112), (106, 113), (107, 113), (108, 113), (109, 113), (102, 114), (103, 114), (104, 114), (105, 114)]
[(14, 51), (10, 52), (11, 52), (12, 52), (13, 52), (15, 52), (6, 53), (7, 53), (8, 53), (9, 53), (16, 53), (2, 54), (3, 54), (4, 54), (5, 54), (17, 54), (0, 55), (1, 55), (18, 55), (17, 58), (16, 62), (15, 66), (14, 70), (14, 71), (10, 72), (11, 72), (12, 72), (13, 72), (6, 73), (7, 73), (8, 73), (9, 73), (2, 74), (3, 74), (4, 74), (5, 74), (0, 75), (1, 75)]
[(14, 71), (10, 72), (11, 72), (12, 72), (13, 72), (15, 72), (6, 73), (7, 73), (8, 73), (9, 73), (16, 73), (2, 74), (3, 74), (4, 74), (5, 74), (17, 74), (0, 75), (1, 75), (18, 75), (17, 78), (16, 82), (15, 86), (14, 90), (14, 91), (10, 92), (11, 92), (12, 92), (13, 92), (6, 93), (7, 93), (8, 93), (9, 93), (2, 94), (3, 94), (4, 94), (5, 94), (0, 95), (1, 95)]
[(34, 71), (30, 72), (31, 72), (32, 72), (33, 72), (35, 72), (26, 73), (27, 73), (28, 73), (29, 73), (36, 73), (22, 74), (23, 74), (24, 74), (25, 74), (37, 74), (18, 75), (19, 75), (20, 75), (21, 75), (38, 75), (17, 78), (37, 78), (16, 82), (36, 82), (15, 86), (35, 86), (14, 90), (34, 90), (14, 91), (34, 91), (15, 92), (30, 92), (31, 92), (32, 92), (33, 92), (16, 93), (26, 93), (27, 93), (28, 93), (29, 93), (17, 94), (22, 94), (23, 94), (24, 94), (25, 94), (18, 95), (19, 95), (20, 95), (21, 95)]
[(34, 91), (30, 92), (31, 92), (32, 92), (33, 92), (35, 92), (26, 93), (27, 93), (28, 93), (29, 93), (36, 93), (22, 94), (23, 94), (24, 94), (25, 94), (37, 94), (18, 95), (19, 95), (20, 95), (21, 95), (38, 95), (17, 98), (37, 98), (16, 102), (36, 102), (15, 106), (35, 106), (14, 110), (34, 110), (14, 111), (34, 111), (15, 112), (30, 112), (31, 112), (32, 112), (33, 112), (16, 113), (26, 113), (27, 113), (28, 113), (29, 113), (17, 114), (22, 114), (23, 114), (24, 114), (25, 114)]
[(54, 91), (50, 92), (51, 92), (52, 92), (53, 92), (55, 92), (46, 93), (47, 93), (48, 93), (49, 93), (56, 93), (42, 94), (43, 94), (44, 94), (45, 94), (57, 94), (38, 95), (39, 95), (40, 95), (41, 95), (58, 95), (37, 98), (57, 98), (36, 102), (56, 102), (35, 106), (55, 106), (34, 110), (54, 110), (34, 111), (54, 111), (35, 112), (50, 112), (51, 112), (52, 112), (53, 112), (36, 113), (46, 113), (47, 113), (48, 113), (49, 113), (37, 114), (42, 114), (43, 114), (44, 114), (45, 114)]
[(54, 111), (50, 112), (51, 112), (52, 112), (53, 112), (55, 112), (46, 113), (47, 113), (48, 113), (49, 113), (56, 113), (42, 114), (43, 114), (44, 114), (45, 114), (57, 114)]
[(74, 111), (70, 112), (71, 112), (72, 112), (73, 112), (75, 112), (66, 113), (67, 113), (68, 113), (69, 113), (76, 113), (62, 114), (63, 114), (64, 114), (65, 114), (77, 114)]
[(14, 91), (10, 92), (11, 92), (12, 92), (13, 92), (15, 92), (6, 93), (7, 93), (8, 93), (9, 93), (16, 93), (2, 94), (3, 94), (4, 94), (5, 94), (17, 94), (0, 95), (1, 95), (18, 95), (17, 98), (16, 102), (15, 106), (14, 110), (14, 111), (10, 112), (11, 112), (12, 112), (13, 112), (6, 113), (7, 113), (8, 113), (9, 113), (2, 114), (3, 114), (4, 114), (5, 114)]
[(14, 111), (10, 112), (11, 112), (12, 112), (13, 112), (15, 112), (6, 113), (7, 113), (8, 113), (9, 113), (16, 113), (2, 114), (3, 114), (4, 114), (5, 114), (17, 114)]
[(34, 111), (30, 112), (31, 112), (32, 112), (33, 112), (35, 112), (26, 113), (27, 113), (28, 113), (29, 113), (36, 113), (22, 114), (23, 114), (24, 114), (25, 114), (37, 114)]
