[(112, 31), (113, 31), (114, 31), (108, 32), (109, 32), (110, 32), (111, 32), (104, 33), (105, 33), (106, 33), (107, 33), (100, 34), (101, 34), (102, 34), (103, 34), (99, 37), (98, 41), (97, 45), (96, 49), (96, 52), (97, 53), (112, 53), (113, 53), (114, 53), (98, 54), (108, 54), (109, 54), (110, 54), (111, 54), (99, 55), (104, 55), (105, 55), (106, 55), (107, 55), (100, 56), (101, 56), (102, 56), (103, 56)]
[(72, 30), (73, 30), (74, 30), (68, 31), (69, 31), (70, 31), (71, 31), (75, 31), (64, 32), (65, 32), (66, 32), (67, 32), (76, 32), (60, 33), (61, 33), (62, 33), (63, 33), (77, 33), (56, 34), (57, 34), (58, 34), (59, 34), (78, 34), (55, 37), (77, 37), (54, 41), (76, 41), (53, 45), (75, 45), (52, 49), (74, 49), (52, 52), (72, 52), (73, 52), (74, 52), (53, 53), (68, 53), (69, 53), (70, 53), (71, 53), (54, 54), (64, 54), (65, 54), (66, 54), (67, 54), (55, 55), (60, 55), (61, 55), (62, 55), (63, 55), (56, 56), (57, 56), (58, 56), (59, 56)]
[(94, 30), (95, 30), (96, 30), (90, 31), (91, 31), (92, 31), (93, 31), (97, 31), (86, 32), (87, 32), (88, 32), (89, 32), (98, 32), (82, 33), (83, 33), (84, 33), (85, 33), (99, 33), (78, 34), (79, 34), (80, 34), (81, 34), (100, 34), (77, 37), (99, 37), (76, 41), (98, 41), (75, 45), (97, 45), (74, 49), (96, 49), (74, 52), (94, 52), (95, 52), (96, 52), (75, 53), (90, 53), (91, 53), (92, 53), (93, 53), (76, 54), (86, 54), (87, 54), (88, 54), (89, 54), (77, 55), (82, 55), (83, 55), (84, 55), (85, 55), (78, 56), (79, 56), (80, 56), (81, 56)]
[(94, 52), (95, 52), (96, 52), (90, 53), (91, 53), (92, 53), (93, 53), (97, 53), (86, 54), (87, 54), (88, 54), (89, 54), (98, 54), (82, 55), (83, 55), (84, 55), (85, 55), (99, 55), (78, 56), (79, 56), (80, 56), (81, 56), (100, 56), (77, 59), (99, 59), (76, 63), (98, 63), (75, 67), (97, 67), (74, 71), (96, 71), (74, 74), (94, 74), (95, 74), (96, 74), (75, 75), (90, 75), (91, 75), (92, 75), (93, 75), (76, 76), (86, 76), (87, 76), (88, 76), (89, 76), (77, 77), (82, 77), (83, 77), (84, 77), (85, 77), (78, 78), (79, 78), (80, 78), (81, 78)]
[(112, 53), (113, 53), (114, 53), (108, 54), (109, 54), (110, 54), (111, 54), (104, 55), (105, 55), (106, 55), (107, 55), (100, 56), (101, 56), (102, 56), (103, 56), (99, 59), (98, 63), (97, 67), (96, 71), (96, 74), (97, 75), (112, 75), (113, 75), (114, 75), (98, 76), (108, 76), (109, 76), (110, 76), (111, 76), (99, 77), (104, 77), (105, 77), (106, 77), (107, 77), (100, 78), (101, 78), (102, 78), (103, 78)]
[(112, 75), (113, 75), (114, 75), (108, 76), (109, 76), (110, 76), (111, 76), (104, 77), (105, 77), (106, 77), (107, 77), (100, 78), (101, 78), (102, 78), (103, 78), (99, 81), (98, 85), (97, 89), (96, 93), (96, 96), (97, 97), (112, 97), (113, 97), (114, 97), (98, 98), (108, 98), (109, 98), (110, 98), (111, 98), (99, 99), (104, 99), (105, 99), (106, 99), (107, 99), (100, 100), (101, 100), (102, 100), (103, 100)]
[(50, 52), (51, 52), (52, 52), (46, 53), (47, 53), (48, 53), (49, 53), (53, 53), (42, 54), (43, 54), (44, 54), (45, 54), (54, 54), (38, 55), (39, 55), (40, 55), (41, 55), (55, 55), (34, 56), (35, 56), (36, 56), (37, 56), (56, 56), (33, 59), (55, 59), (32, 63), (54, 63), (31, 67), (53, 67), (30, 71), (52, 71), (30, 74), (50, 74), (51, 74), (52, 74), (31, 75), (46, 75), (47, 75), (48, 75), (49, 75), (32, 76), (42, 76), (43, 76), (44, 76), (45, 76), (33, 77), (38, 77), (39, 77), (40, 77), (41, 77), (34, 78), (35, 78), (36, 78), (37, 78)]
[(72, 52), (73, 52), (74, 52), (68, 53), (69, 53), (70, 53), (71, 53), (75, 53), (64, 54), (65, 54), (66, 54), (67, 54), (76, 54), (60, 55), (61, 55), (62, 55), (63, 55), (77, 55), (56, 56), (57, 56), (58, 56), (59, 56), (78, 56), (55, 59), (77, 59), (54, 63), (76, 63), (53, 67), (75, 67), (52, 71), (74, 71), (52, 74), (72, 74), (73, 74), (74, 74), (53, 75), (68, 75), (69, 75), (70, 75), (71, 75), (54, 76), (64, 76), (65, 76), (66, 76), (67, 76), (55, 77), (60, 77), (61, 77), (62, 77), (63, 77), (56, 78), (57, 78), (58, 78), (59, 78)]
[(72, 74), (73, 74), (74, 74), (68, 75), (69, 75), (70, 75), (71, 75), (75, 75), (64, 76), (65, 76), (66, 76), (67, 76), (76, 76), (60, 77), (61, 77), (62, 77), (63, 77), (77, 77), (56, 78), (57, 78), (58, 78), (59, 78), (78, 78), (55, 81), (77, 81), (54, 85), (76, 85), (53, 89), (75, 89), (52, 93), (74, 93), (52, 96), (72, 96), (73, 96), (74, 96), (53, 97), (68, 97), (69, 97), (70, 97), (71, 97), (54, 98), (64, 98), (65, 98), (66, 98), (67, 98), (55, 99), (60, 99), (61, 99), (62, 99), (63, 99), (56, 100), (57, 100), (58, 100), (59, 100)]
[(94, 74), (95, 74), (96, 74), (90, 75), (91, 75), (92, 75), (93, 75), (97, 75), (86, 76), (87, 76), (88, 76), (89, 76), (98, 76), (82, 77), (83, 77), (84, 77), (85, 77), (99, 77), (78, 78), (79, 78), (80, 78), (81, 78), (100, 78), (77, 81), (99, 81), (76, 85), (98, 85), (75, 89), (97, 89), (74, 93), (96, 93), (74, 96), (94, 96), (95, 96), (96, 96), (75, 97), (90, 97), (91, 97), (92, 97), (93, 97), (76, 98), (86, 98), (87, 98), (88, 98), (89, 98), (77, 99), (82, 99), (83, 99), (84, 99), (85, 99), (78, 100), (79, 100), (80, 100), (81, 100)]
[(94, 96), (95, 96), (96, 96), (90, 97), (91, 97), (92, 97), (93, 97), (97, 97), (86, 98), (87, 98), (88, 98), (89, 98), (98, 98), (82, 99), (83, 99), (84, 99), (85, 99), (99, 99), (78, 100), (79, 100), (80, 100), (81, 100), (100, 100), (77, 103), (99, 103), (76, 107), (98, 107), (75, 111), (97, 111)]
[(112, 97), (113, 97), (114, 97), (108, 98), (109, 98), (110, 98), (111, 98), (104, 99), (105, 99), (106, 99), (107, 99), (100, 100), (101, 100), (102, 100), (103, 100), (99, 103), (98, 107), (97, 111)]
[(50, 74), (51, 74), (52, 74), (46, 75), (47, 75), (48, 75), (49, 75), (53, 75), (42, 76), (43, 76), (44, 76), (45, 76), (54, 76), (38, 77), (39, 77), (40, 77), (41, 77), (55, 77), (34, 78), (35, 78), (36, 78), (37, 78), (56, 78), (33, 81), (55, 81), (32, 85), (54, 85), (31, 89), (53, 89), (30, 93), (52, 93), (30, 96), (50, 96), (51, 96), (52, 96), (31, 97), (46, 97), (47, 97), (48, 97), (49, 97), (32, 98), (42, 98), (43, 98), (44, 98), (45, 98), (33, 99), (38, 99), (39, 99), (40, 99), (41, 99), (34, 100), (35, 100), (36, 100), (37, 100)]
[(50, 96), (51, 96), (52, 96), (46, 97), (47, 97), (48, 97), (49, 97), (53, 97), (42, 98), (43, 98), (44, 98), (45, 98), (54, 98), (38, 99), (39, 99), (40, 99), (41, 99), (55, 99), (34, 100), (35, 100), (36, 100), (37, 100), (56, 100), (33, 103), (55, 103), (32, 107), (54, 107), (31, 111), (53, 111)]
[(72, 96), (73, 96), (74, 96), (68, 97), (69, 97), (70, 97), (71, 97), (75, 97), (64, 98), (65, 98), (66, 98), (67, 98), (76, 98), (60, 99), (61, 99), (62, 99), (63, 99), (77, 99), (56, 100), (57, 100), (58, 100), (59, 100), (78, 100), (55, 103), (77, 103), (54, 107), (76, 107), (53, 111), (75, 111)]
