[(113, 44), (114, 44), (110, 45), (111, 45), (112, 45), (108, 46), (109, 46), (106, 47), (107, 47), (103, 48), (104, 48), (105, 48), (102, 50), (101, 52), (100, 54), (99, 57), (98, 59), (97, 61), (96, 64), (95, 66), (95, 67), (96, 68), (97, 69), (98, 70), (99, 71), (100, 72), (114, 72), (101, 73), (111, 73), (112, 73), (113, 73), (102, 74), (109, 74), (110, 74), (103, 75), (107, 75), (108, 75), (104, 76), (105, 76), (106, 76)]
[(66, 38), (64, 39), (65, 39), (67, 39), (61, 40), (62, 40), (63, 40), (68, 40), (59, 41), (60, 41), (69, 41), (57, 42), (58, 42), (70, 42), (54, 43), (55, 43), (56, 43), (71, 43), (52, 44), (53, 44), (72, 44), (50, 45), (51, 45), (73, 45), (47, 46), (48, 46), (49, 46), (74, 46), (75, 47), (46, 48), (74, 49), (45, 50), (73, 51), (44, 52), (72, 53), (43, 55), (71, 56), (42, 57), (70, 58), (41, 59), (69, 60), (40, 62), (68, 63), (39, 64), (39, 65), (67, 65), (40, 66), (67, 66), (41, 67), (65, 67), (66, 67), (42, 68), (62, 68), (63, 68), (64, 68), (43, 69), (60, 69), (61, 69), (44, 70), (58, 70), (59, 70), (45, 71), (55, 71), (56, 71), (57, 71), (46, 72), (53, 72), (54, 72), (47, 73), (51, 73), (52, 73), (48, 74), (49, 74), (50, 74)]
[(94, 39), (92, 40), (93, 40), (95, 40), (89, 41), (90, 41), (91, 41), (96, 41), (87, 42), (88, 42), (97, 42), (85, 43), (86, 43), (98, 43), (82, 44), (83, 44), (84, 44), (99, 44), (80, 45), (81, 45), (100, 45), (78, 46), (79, 46), (101, 46), (75, 47), (76, 47), (77, 47), (102, 47), (103, 48), (74, 49), (102, 50), (73, 51), (101, 52), (72, 53), (100, 54), (71, 56), (99, 57), (70, 58), (98, 59), (69, 60), (97, 61), (68, 63), (96, 64), (67, 65), (67, 66), (95, 66), (68, 67), (95, 67), (69, 68), (93, 68), (94, 68), (70, 69), (90, 69), (91, 69), (92, 69), (71, 70), (88, 70), (89, 70), (72, 71), (86, 71), (87, 71), (73, 72), (83, 72), (84, 72), (85, 72), (74, 73), (81, 73), (82, 73), (75, 74), (79, 74), (80, 74), (76, 75), (77, 75), (78, 75)]
[(95, 67), (93, 68), (94, 68), (96, 68), (90, 69), (91, 69), (92, 69), (97, 69), (88, 70), (89, 70), (98, 70), (86, 71), (87, 71), (99, 71), (83, 72), (84, 72), (85, 72), (100, 72), (81, 73), (82, 73), (101, 73), (79, 74), (80, 74), (102, 74), (76, 75), (77, 75), (78, 75), (103, 75), (104, 76), (75, 77), (103, 78), (74, 79), (102, 80), (73, 81), (101, 82), (72, 84), (100, 85), (71, 86), (99, 87), (70, 88), (98, 89), (69, 91), (97, 92), (68, 93), (68, 94), (96, 94), (69, 95), (96, 95), (70, 96), (94, 96), (95, 96), (71, 97), (91, 97), (92, 97), (93, 97), (72, 98), (89, 98), (90, 98), (73, 99), (87, 99), (88, 99), (74, 100), (84, 100), (85, 100), (86, 100), (75, 101), (82, 101), (83, 101), (76, 102), (80, 102), (81, 102), (77, 103), (78, 103), (79, 103)]
[(114, 72), (111, 73), (112, 73), (113, 73), (109, 74), (110, 74), (107, 75), (108, 75), (104, 76), (105, 76), (106, 76), (103, 78), (102, 80), (101, 82), (100, 85), (99, 87), (98, 89), (97, 92), (96, 94), (96, 95), (97, 96), (98, 97), (99, 98), (100, 99), (101, 100), (102, 101), (112, 101), (113, 101), (114, 101), (103, 102), (110, 102), (111, 102), (104, 103), (108, 103), (109, 103), (105, 104), (106, 104), (107, 104)]
[(112, 101), (113, 101), (114, 101), (110, 102), (111, 102), (108, 103), (109, 103), (105, 104), (106, 104), (107, 104), (104, 106), (103, 108), (102, 110), (101, 113)]
[(39, 65), (37, 66), (38, 66), (40, 66), (34, 67), (35, 67), (36, 67), (41, 67), (32, 68), (33, 68), (42, 68), (30, 69), (31, 69), (43, 69), (27, 70), (28, 70), (29, 70), (44, 70), (25, 71), (26, 71), (45, 71), (23, 72), (24, 72), (46, 72), (20, 73), (21, 73), (22, 73), (47, 73), (48, 74), (19, 75), (47, 76), (18, 77), (46, 78), (17, 79), (45, 80), (16, 82), (44, 83), (15, 84), (43, 85), (14, 86), (42, 87), (13, 89), (41, 90), (12, 91), (12, 92), (40, 92), (13, 93), (40, 93), (14, 94), (38, 94), (39, 94), (15, 95), (35, 95), (36, 95), (37, 95), (16, 96), (33, 96), (34, 96), (17, 97), (31, 97), (32, 97), (18, 98), (28, 98), (29, 98), (30, 98), (19, 99), (26, 99), (27, 99), (20, 100), (24, 100), (25, 100), (21, 101), (22, 101), (23, 101)]
[(67, 66), (65, 67), (66, 67), (68, 67), (62, 68), (63, 68), (64, 68), (69, 68), (60, 69), (61, 69), (70, 69), (58, 70), (59, 70), (71, 70), (55, 71), (56, 71), (57, 71), (72, 71), (53, 72), (54, 72), (73, 72), (51, 73), (52, 73), (74, 73), (48, 74), (49, 74), (50, 74), (75, 74), (76, 75), (47, 76), (75, 77), (46, 78), (74, 79), (45, 80), (73, 81), (44, 83), (72, 84), (43, 85), (71, 86), (42, 87), (70, 88), (41, 90), (69, 91), (40, 92), (40, 93), (68, 93), (41, 94), (68, 94), (42, 95), (66, 95), (67, 95), (43, 96), (63, 96), (64, 96), (65, 96), (44, 97), (61, 97), (62, 97), (45, 98), (59, 98), (60, 98), (46, 99), (56, 99), (57, 99), (58, 99), (47, 100), (54, 100), (55, 100), (48, 101), (52, 101), (53, 101), (49, 102), (50, 102), (51, 102)]
[(68, 94), (66, 95), (67, 95), (69, 95), (63, 96), (64, 96), (65, 96), (70, 96), (61, 97), (62, 97), (71, 97), (59, 98), (60, 98), (72, 98), (56, 99), (57, 99), (58, 99), (73, 99), (54, 100), (55, 100), (74, 100), (52, 101), (53, 101), (75, 101), (49, 102), (50, 102), (51, 102), (76, 102), (77, 103), (48, 104), (76, 105), (47, 106), (75, 107), (46, 108), (74, 109), (45, 111), (73, 112), (44, 113), (72, 114)]
[(96, 95), (94, 96), (95, 96), (97, 96), (91, 97), (92, 97), (93, 97), (98, 97), (89, 98), (90, 98), (99, 98), (87, 99), (88, 99), (100, 99), (84, 100), (85, 100), (86, 100), (101, 100), (82, 101), (83, 101), (102, 101), (80, 102), (81, 102), (103, 102), (77, 103), (78, 103), (79, 103), (104, 103), (105, 104), (76, 105), (104, 106), (75, 107), (103, 108), (74, 109), (102, 110), (73, 112), (101, 113), (72, 114)]
[(40, 93), (38, 94), (39, 94), (41, 94), (35, 95), (36, 95), (37, 95), (42, 95), (33, 96), (34, 96), (43, 96), (31, 97), (32, 97), (44, 97), (28, 98), (29, 98), (30, 98), (45, 98), (26, 99), (27, 99), (46, 99), (24, 100), (25, 100), (47, 100), (21, 101), (22, 101), (23, 101), (48, 101), (49, 102), (20, 103), (48, 104), (19, 105), (47, 106), (18, 107), (46, 108), (17, 110), (45, 111), (16, 112), (44, 113), (15, 114)]
