[(77, 27), (78, 27), (72, 28), (73, 28), (74, 28), (75, 28), (76, 28), (79, 28), (67, 29), (68, 29), (69, 29), (70, 29), (71, 29), (62, 30), (63, 30), (64, 30), (65, 30), (66, 30), (78, 32), (61, 34), (77, 37), (60, 39), (76, 42), (59, 44), (75, 44), (76, 44), (70, 45), (71, 45), (72, 45), (73, 45), (74, 45), (59, 46), (65, 46), (66, 46), (67, 46), (68, 46), (69, 46), (60, 47), (61, 47), (62, 47), (63, 47), (64, 47)]
[(94, 25), (95, 25), (89, 26), (90, 26), (91, 26), (92, 26), (93, 26), (96, 26), (84, 27), (85, 27), (86, 27), (87, 27), (88, 27), (79, 28), (80, 28), (81, 28), (82, 28), (83, 28), (95, 30), (78, 32), (94, 35), (77, 37), (93, 40), (76, 42), (92, 42), (93, 42), (87, 43), (88, 43), (89, 43), (90, 43), (91, 43), (76, 44), (82, 44), (83, 44), (84, 44), (85, 44), (86, 44), (77, 45), (78, 45), (79, 45), (80, 45), (81, 45)]
[(92, 42), (93, 42), (87, 43), (88, 43), (89, 43), (90, 43), (91, 43), (94, 43), (82, 44), (83, 44), (84, 44), (85, 44), (86, 44), (77, 45), (78, 45), (79, 45), (80, 45), (81, 45), (93, 47), (76, 49), (92, 52), (75, 54), (91, 57), (74, 59), (90, 59), (91, 59), (85, 60), (86, 60), (87, 60), (88, 60), (89, 60), (74, 61), (80, 61), (81, 61), (82, 61), (83, 61), (84, 61), (75, 62), (76, 62), (77, 62), (78, 62), (79, 62)]
[(109, 40), (110, 40), (104, 41), (105, 41), (106, 41), (107, 41), (108, 41), (111, 41), (99, 42), (100, 42), (101, 42), (102, 42), (103, 42), (94, 43), (95, 43), (96, 43), (97, 43), (98, 43), (110, 45), (93, 47), (109, 50), (92, 52), (108, 55), (91, 57), (107, 57), (108, 57), (102, 58), (103, 58), (104, 58), (105, 58), (106, 58), (91, 59), (97, 59), (98, 59), (99, 59), (100, 59), (101, 59), (92, 60), (93, 60), (94, 60), (95, 60), (96, 60)]
[(107, 57), (108, 57), (102, 58), (103, 58), (104, 58), (105, 58), (106, 58), (109, 58), (97, 59), (98, 59), (99, 59), (100, 59), (101, 59), (92, 60), (93, 60), (94, 60), (95, 60), (96, 60), (108, 62), (91, 64), (107, 67), (90, 69), (106, 72), (89, 74), (105, 74), (106, 74), (100, 75), (101, 75), (102, 75), (103, 75), (104, 75), (89, 76), (95, 76), (96, 76), (97, 76), (98, 76), (99, 76), (90, 77), (91, 77), (92, 77), (93, 77), (94, 77)]
[(114, 57), (109, 58), (110, 58), (111, 58), (112, 58), (113, 58), (108, 62), (107, 67), (106, 72), (106, 74), (112, 74), (113, 74), (114, 74), (107, 75), (108, 75), (109, 75), (110, 75), (111, 75)]
[(112, 74), (113, 74), (114, 74), (107, 75), (108, 75), (109, 75), (110, 75), (111, 75), (106, 79), (105, 84), (104, 89), (104, 91), (110, 91), (111, 91), (112, 91), (113, 91), (114, 91), (105, 92), (106, 92), (107, 92), (108, 92), (109, 92)]
[(43, 31), (44, 31), (38, 32), (39, 32), (40, 32), (41, 32), (42, 32), (45, 32), (33, 33), (34, 33), (35, 33), (36, 33), (37, 33), (28, 34), (29, 34), (30, 34), (31, 34), (32, 34), (44, 36), (27, 38), (43, 41), (26, 43), (42, 46), (25, 48), (41, 48), (42, 48), (36, 49), (37, 49), (38, 49), (39, 49), (40, 49), (25, 50), (31, 50), (32, 50), (33, 50), (34, 50), (35, 50), (26, 51), (27, 51), (28, 51), (29, 51), (30, 51)]
[(60, 29), (61, 29), (55, 30), (56, 30), (57, 30), (58, 30), (59, 30), (62, 30), (50, 31), (51, 31), (52, 31), (53, 31), (54, 31), (45, 32), (46, 32), (47, 32), (48, 32), (49, 32), (61, 34), (44, 36), (60, 39), (43, 41), (59, 44), (42, 46), (58, 46), (59, 46), (53, 47), (54, 47), (55, 47), (56, 47), (57, 47), (42, 48), (48, 48), (49, 48), (50, 48), (51, 48), (52, 48), (43, 49), (44, 49), (45, 49), (46, 49), (47, 49)]
[(58, 46), (59, 46), (53, 47), (54, 47), (55, 47), (56, 47), (57, 47), (60, 47), (48, 48), (49, 48), (50, 48), (51, 48), (52, 48), (43, 49), (44, 49), (45, 49), (46, 49), (47, 49), (59, 51), (42, 53), (58, 56), (41, 58), (57, 61), (40, 63), (56, 63), (57, 63), (51, 64), (52, 64), (53, 64), (54, 64), (55, 64), (40, 65), (46, 65), (47, 65), (48, 65), (49, 65), (50, 65), (41, 66), (42, 66), (43, 66), (44, 66), (45, 66)]
[(75, 44), (76, 44), (70, 45), (71, 45), (72, 45), (73, 45), (74, 45), (77, 45), (65, 46), (66, 46), (67, 46), (68, 46), (69, 46), (60, 47), (61, 47), (62, 47), (63, 47), (64, 47), (76, 49), (59, 51), (75, 54), (58, 56), (74, 59), (57, 61), (73, 61), (74, 61), (68, 62), (69, 62), (70, 62), (71, 62), (72, 62), (57, 63), (63, 63), (64, 63), (65, 63), (66, 63), (67, 63), (58, 64), (59, 64), (60, 64), (61, 64), (62, 64)]
[(73, 61), (74, 61), (68, 62), (69, 62), (70, 62), (71, 62), (72, 62), (75, 62), (63, 63), (64, 63), (65, 63), (66, 63), (67, 63), (58, 64), (59, 64), (60, 64), (61, 64), (62, 64), (74, 66), (57, 68), (73, 71), (56, 73), (72, 76), (55, 78), (71, 78), (72, 78), (66, 79), (67, 79), (68, 79), (69, 79), (70, 79), (55, 80), (61, 80), (62, 80), (63, 80), (64, 80), (65, 80), (56, 81), (57, 81), (58, 81), (59, 81), (60, 81)]
[(90, 59), (91, 59), (85, 60), (86, 60), (87, 60), (88, 60), (89, 60), (92, 60), (80, 61), (81, 61), (82, 61), (83, 61), (84, 61), (75, 62), (76, 62), (77, 62), (78, 62), (79, 62), (91, 64), (74, 66), (90, 69), (73, 71), (89, 74), (72, 76), (88, 76), (89, 76), (83, 77), (84, 77), (85, 77), (86, 77), (87, 77), (72, 78), (78, 78), (79, 78), (80, 78), (81, 78), (82, 78), (73, 79), (74, 79), (75, 79), (76, 79), (77, 79)]
[(88, 76), (89, 76), (83, 77), (84, 77), (85, 77), (86, 77), (87, 77), (90, 77), (78, 78), (79, 78), (80, 78), (81, 78), (82, 78), (73, 79), (74, 79), (75, 79), (76, 79), (77, 79), (89, 81), (72, 83), (88, 86), (71, 88), (87, 91), (70, 93), (86, 93), (87, 93), (81, 94), (82, 94), (83, 94), (84, 94), (85, 94), (70, 95), (76, 95), (77, 95), (78, 95), (79, 95), (80, 95), (71, 96), (72, 96), (73, 96), (74, 96), (75, 96)]
[(105, 74), (106, 74), (100, 75), (101, 75), (102, 75), (103, 75), (104, 75), (107, 75), (95, 76), (96, 76), (97, 76), (98, 76), (99, 76), (90, 77), (91, 77), (92, 77), (93, 77), (94, 77), (106, 79), (89, 81), (105, 84), (88, 86), (104, 89), (87, 91), (103, 91), (104, 91), (98, 92), (99, 92), (100, 92), (101, 92), (102, 92), (87, 93), (93, 93), (94, 93), (95, 93), (96, 93), (97, 93), (88, 94), (89, 94), (90, 94), (91, 94), (92, 94)]
[(103, 91), (104, 91), (98, 92), (99, 92), (100, 92), (101, 92), (102, 92), (105, 92), (93, 93), (94, 93), (95, 93), (96, 93), (97, 93), (88, 94), (89, 94), (90, 94), (91, 94), (92, 94), (104, 96), (87, 98), (103, 101), (86, 103), (102, 106), (85, 108), (101, 108), (102, 108), (96, 109), (97, 109), (98, 109), (99, 109), (100, 109), (85, 110), (91, 110), (92, 110), (93, 110), (94, 110), (95, 110), (86, 111), (87, 111), (88, 111), (89, 111), (90, 111)]
[(110, 91), (111, 91), (112, 91), (113, 91), (114, 91), (105, 92), (106, 92), (107, 92), (108, 92), (109, 92), (104, 96), (103, 101), (102, 106), (113, 107), (114, 107), (102, 108), (108, 108), (109, 108), (110, 108), (111, 108), (112, 108), (103, 109), (104, 109), (105, 109), (106, 109), (107, 109)]
[(113, 107), (114, 107), (108, 108), (109, 108), (110, 108), (111, 108), (112, 108), (103, 109), (104, 109), (105, 109), (106, 109), (107, 109), (102, 113)]
[(24, 50), (25, 50), (19, 51), (20, 51), (21, 51), (22, 51), (23, 51), (26, 51), (14, 52), (15, 52), (16, 52), (17, 52), (18, 52), (9, 53), (10, 53), (11, 53), (12, 53), (13, 53), (25, 55), (8, 57), (24, 60), (7, 62), (23, 65), (6, 67), (22, 67), (23, 67), (17, 68), (18, 68), (19, 68), (20, 68), (21, 68), (6, 69), (12, 69), (13, 69), (14, 69), (15, 69), (16, 69), (7, 70), (8, 70), (9, 70), (10, 70), (11, 70)]
[(41, 48), (42, 48), (36, 49), (37, 49), (38, 49), (39, 49), (40, 49), (43, 49), (31, 50), (32, 50), (33, 50), (34, 50), (35, 50), (26, 51), (27, 51), (28, 51), (29, 51), (30, 51), (42, 53), (25, 55), (41, 58), (24, 60), (40, 63), (23, 65), (39, 65), (40, 65), (34, 66), (35, 66), (36, 66), (37, 66), (38, 66), (23, 67), (29, 67), (30, 67), (31, 67), (32, 67), (33, 67), (24, 68), (25, 68), (26, 68), (27, 68), (28, 68)]
[(39, 65), (40, 65), (34, 66), (35, 66), (36, 66), (37, 66), (38, 66), (41, 66), (29, 67), (30, 67), (31, 67), (32, 67), (33, 67), (24, 68), (25, 68), (26, 68), (27, 68), (28, 68), (40, 70), (23, 72), (39, 75), (22, 77), (38, 80), (21, 82), (37, 82), (38, 82), (32, 83), (33, 83), (34, 83), (35, 83), (36, 83), (21, 84), (27, 84), (28, 84), (29, 84), (30, 84), (31, 84), (22, 85), (23, 85), (24, 85), (25, 85), (26, 85)]
[(56, 63), (57, 63), (51, 64), (52, 64), (53, 64), (54, 64), (55, 64), (58, 64), (46, 65), (47, 65), (48, 65), (49, 65), (50, 65), (41, 66), (42, 66), (43, 66), (44, 66), (45, 66), (57, 68), (40, 70), (56, 73), (39, 75), (55, 78), (38, 80), (54, 80), (55, 80), (49, 81), (50, 81), (51, 81), (52, 81), (53, 81), (38, 82), (44, 82), (45, 82), (46, 82), (47, 82), (48, 82), (39, 83), (40, 83), (41, 83), (42, 83), (43, 83)]
[(54, 80), (55, 80), (49, 81), (50, 81), (51, 81), (52, 81), (53, 81), (56, 81), (44, 82), (45, 82), (46, 82), (47, 82), (48, 82), (39, 83), (40, 83), (41, 83), (42, 83), (43, 83), (55, 85), (38, 87), (54, 90), (37, 92), (53, 95), (36, 97), (52, 97), (53, 97), (47, 98), (48, 98), (49, 98), (50, 98), (51, 98), (36, 99), (42, 99), (43, 99), (44, 99), (45, 99), (46, 99), (37, 100), (38, 100), (39, 100), (40, 100), (41, 100)]
[(71, 78), (72, 78), (66, 79), (67, 79), (68, 79), (69, 79), (70, 79), (73, 79), (61, 80), (62, 80), (63, 80), (64, 80), (65, 80), (56, 81), (57, 81), (58, 81), (59, 81), (60, 81), (72, 83), (55, 85), (71, 88), (54, 90), (70, 93), (53, 95), (69, 95), (70, 95), (64, 96), (65, 96), (66, 96), (67, 96), (68, 96), (53, 97), (59, 97), (60, 97), (61, 97), (62, 97), (63, 97), (54, 98), (55, 98), (56, 98), (57, 98), (58, 98)]
[(69, 95), (70, 95), (64, 96), (65, 96), (66, 96), (67, 96), (68, 96), (71, 96), (59, 97), (60, 97), (61, 97), (62, 97), (63, 97), (54, 98), (55, 98), (56, 98), (57, 98), (58, 98), (70, 100), (53, 102), (69, 105), (52, 107), (68, 110), (51, 112), (67, 112), (68, 112), (62, 113), (63, 113), (64, 113), (65, 113), (66, 113), (51, 114), (57, 114), (58, 114), (59, 114), (60, 114), (61, 114)]
[(86, 93), (87, 93), (81, 94), (82, 94), (83, 94), (84, 94), (85, 94), (88, 94), (76, 95), (77, 95), (78, 95), (79, 95), (80, 95), (71, 96), (72, 96), (73, 96), (74, 96), (75, 96), (87, 98), (70, 100), (86, 103), (69, 105), (85, 108), (68, 110), (84, 110), (85, 110), (79, 111), (80, 111), (81, 111), (82, 111), (83, 111), (68, 112), (74, 112), (75, 112), (76, 112), (77, 112), (78, 112), (69, 113), (70, 113), (71, 113), (72, 113), (73, 113)]
[(84, 110), (85, 110), (79, 111), (80, 111), (81, 111), (82, 111), (83, 111), (86, 111), (74, 112), (75, 112), (76, 112), (77, 112), (78, 112), (69, 113), (70, 113), (71, 113), (72, 113), (73, 113)]
[(101, 108), (102, 108), (96, 109), (97, 109), (98, 109), (99, 109), (100, 109), (103, 109), (91, 110), (92, 110), (93, 110), (94, 110), (95, 110), (86, 111), (87, 111), (88, 111), (89, 111), (90, 111), (102, 113)]
[(22, 67), (23, 67), (17, 68), (18, 68), (19, 68), (20, 68), (21, 68), (24, 68), (12, 69), (13, 69), (14, 69), (15, 69), (16, 69), (7, 70), (8, 70), (9, 70), (10, 70), (11, 70), (23, 72), (6, 74), (22, 77), (5, 79), (21, 82), (4, 84), (20, 84), (21, 84), (15, 85), (16, 85), (17, 85), (18, 85), (19, 85), (4, 86), (10, 86), (11, 86), (12, 86), (13, 86), (14, 86), (5, 87), (6, 87), (7, 87), (8, 87), (9, 87)]
[(20, 84), (21, 84), (15, 85), (16, 85), (17, 85), (18, 85), (19, 85), (22, 85), (10, 86), (11, 86), (12, 86), (13, 86), (14, 86), (5, 87), (6, 87), (7, 87), (8, 87), (9, 87), (21, 89), (4, 91), (20, 94), (3, 96), (19, 99), (2, 101), (18, 101), (19, 101), (13, 102), (14, 102), (15, 102), (16, 102), (17, 102), (2, 103), (8, 103), (9, 103), (10, 103), (11, 103), (12, 103), (3, 104), (4, 104), (5, 104), (6, 104), (7, 104)]
[(37, 82), (38, 82), (32, 83), (33, 83), (34, 83), (35, 83), (36, 83), (39, 83), (27, 84), (28, 84), (29, 84), (30, 84), (31, 84), (22, 85), (23, 85), (24, 85), (25, 85), (26, 85), (38, 87), (21, 89), (37, 92), (20, 94), (36, 97), (19, 99), (35, 99), (36, 99), (30, 100), (31, 100), (32, 100), (33, 100), (34, 100), (19, 101), (25, 101), (26, 101), (27, 101), (28, 101), (29, 101), (20, 102), (21, 102), (22, 102), (23, 102), (24, 102)]
[(35, 99), (36, 99), (30, 100), (31, 100), (32, 100), (33, 100), (34, 100), (37, 100), (25, 101), (26, 101), (27, 101), (28, 101), (29, 101), (20, 102), (21, 102), (22, 102), (23, 102), (24, 102), (36, 104), (19, 106), (35, 109), (18, 111), (34, 114)]
[(52, 97), (53, 97), (47, 98), (48, 98), (49, 98), (50, 98), (51, 98), (54, 98), (42, 99), (43, 99), (44, 99), (45, 99), (46, 99), (37, 100), (38, 100), (39, 100), (40, 100), (41, 100), (53, 102), (36, 104), (52, 107), (35, 109), (51, 112), (34, 114), (50, 114), (51, 114)]
[(50, 114), (51, 114)]
[(67, 112), (68, 112), (62, 113), (63, 113), (64, 113), (65, 113), (66, 113), (69, 113), (57, 114), (58, 114), (59, 114), (60, 114), (61, 114)]
[(18, 101), (19, 101), (13, 102), (14, 102), (15, 102), (16, 102), (17, 102), (20, 102), (8, 103), (9, 103), (10, 103), (11, 103), (12, 103), (3, 104), (4, 104), (5, 104), (6, 104), (7, 104), (19, 106), (2, 108), (18, 111), (1, 113)]
