[(72, 0), (73, 0), (88, 0), (70, 1), (71, 1), (68, 2), (69, 2), (87, 2), (65, 3), (66, 3), (67, 3), (86, 4), (64, 5), (85, 6), (63, 7), (84, 8), (62, 9), (83, 10), (61, 11), (82, 12), (60, 13), (81, 14), (59, 15), (80, 16), (58, 17), (79, 18), (80, 18), (57, 19), (77, 19), (78, 19), (75, 20), (76, 20), (56, 21), (73, 21), (74, 21), (71, 22), (72, 22), (55, 23), (69, 23), (70, 23), (67, 24), (68, 24), (54, 25), (55, 25), (65, 25), (66, 25), (56, 26), (63, 26), (64, 26), (57, 27), (61, 27), (62, 27), (58, 28), (59, 28), (60, 28)]
[(88, 0), (109, 1), (87, 2), (108, 3), (86, 4), (107, 5), (85, 6), (106, 7), (84, 8), (105, 9), (83, 10), (104, 11), (105, 11), (82, 12), (102, 12), (103, 12), (100, 13), (101, 13), (81, 14), (98, 14), (99, 14), (96, 15), (97, 15), (80, 16), (94, 16), (95, 16), (92, 17), (93, 17), (79, 18), (80, 18), (90, 18), (91, 18), (81, 19), (88, 19), (89, 19), (82, 20), (86, 20), (87, 20), (83, 21), (84, 21), (85, 21)]
[(104, 11), (105, 11), (102, 12), (103, 12), (106, 12), (100, 13), (101, 13), (107, 13), (98, 14), (99, 14), (108, 14), (96, 15), (97, 15), (94, 16), (95, 16), (107, 16), (92, 17), (93, 17), (90, 18), (91, 18), (106, 18), (88, 19), (89, 19), (86, 20), (87, 20), (105, 20), (83, 21), (84, 21), (85, 21), (104, 22), (82, 23), (103, 24), (81, 25), (102, 26), (80, 27), (101, 28), (79, 29), (100, 30), (78, 31), (99, 32), (77, 33), (98, 34), (76, 35), (97, 36), (98, 36), (75, 37), (95, 37), (96, 37), (93, 38), (94, 38), (74, 39), (91, 39), (92, 39), (89, 40), (90, 40), (73, 41), (87, 41), (88, 41), (85, 42), (86, 42), (72, 43), (73, 43), (83, 43), (84, 43), (74, 44), (81, 44), (82, 44), (75, 45), (79, 45), (80, 45), (76, 46), (77, 46), (78, 46)]
[(113, 12), (114, 12), (111, 13), (112, 13), (108, 14), (109, 14), (110, 14), (107, 16), (106, 18), (105, 20), (104, 22), (103, 24), (102, 26), (101, 28), (100, 30), (99, 32), (114, 33), (98, 34), (112, 34), (113, 34), (110, 35), (111, 35), (97, 36), (98, 36), (108, 36), (109, 36), (99, 37), (106, 37), (107, 37), (100, 38), (104, 38), (105, 38), (101, 39), (102, 39), (103, 39)]
[(114, 33), (112, 34), (113, 34), (110, 35), (111, 35), (108, 36), (109, 36), (106, 37), (107, 37), (104, 38), (105, 38), (101, 39), (102, 39), (103, 39), (100, 41), (99, 43), (98, 45), (97, 47), (96, 49), (95, 51), (94, 53), (93, 55), (113, 55), (114, 55), (111, 56), (112, 56), (92, 57), (109, 57), (110, 57), (107, 58), (108, 58), (91, 59), (105, 59), (106, 59), (103, 60), (104, 60), (90, 61), (91, 61), (101, 61), (102, 61), (92, 62), (99, 62), (100, 62), (93, 63), (97, 63), (98, 63), (94, 64), (95, 64), (96, 64)]
[(114, 67), (113, 69), (112, 71), (111, 73), (110, 75), (109, 77), (108, 79), (109, 79), (110, 80), (111, 81), (112, 82), (113, 82), (114, 82)]
[(36, 7), (37, 7), (34, 8), (35, 8), (38, 8), (32, 9), (33, 9), (39, 9), (30, 10), (31, 10), (40, 10), (28, 11), (29, 11), (26, 12), (27, 12), (39, 12), (24, 13), (25, 13), (22, 14), (23, 14), (38, 14), (20, 15), (21, 15), (18, 16), (19, 16), (37, 16), (15, 17), (16, 17), (17, 17), (36, 18), (14, 19), (35, 20), (13, 21), (34, 22), (12, 23), (33, 24), (11, 25), (32, 26), (10, 27), (31, 28), (9, 29), (30, 30), (8, 31), (29, 32), (30, 32), (7, 33), (27, 33), (28, 33), (25, 34), (26, 34), (6, 35), (23, 35), (24, 35), (21, 36), (22, 36), (5, 37), (19, 37), (20, 37), (17, 38), (18, 38), (4, 39), (5, 39), (15, 39), (16, 39), (6, 40), (13, 40), (14, 40), (7, 41), (11, 41), (12, 41), (8, 42), (9, 42), (10, 42)]
[(61, 0), (62, 0), (59, 1), (60, 1), (63, 1), (57, 2), (58, 2), (64, 2), (55, 3), (56, 3), (65, 3), (53, 4), (54, 4), (51, 5), (52, 5), (64, 5), (49, 6), (50, 6), (47, 7), (48, 7), (63, 7), (45, 8), (46, 8), (43, 9), (44, 9), (62, 9), (40, 10), (41, 10), (42, 10), (61, 11), (39, 12), (60, 13), (38, 14), (59, 15), (37, 16), (58, 17), (36, 18), (57, 19), (35, 20), (56, 21), (34, 22), (55, 23), (33, 24), (54, 25), (55, 25), (32, 26), (52, 26), (53, 26), (50, 27), (51, 27), (31, 28), (48, 28), (49, 28), (46, 29), (47, 29), (30, 30), (44, 30), (45, 30), (42, 31), (43, 31), (29, 32), (30, 32), (40, 32), (41, 32), (31, 33), (38, 33), (39, 33), (32, 34), (36, 34), (37, 34), (33, 35), (34, 35), (35, 35)]
[(54, 25), (55, 25), (52, 26), (53, 26), (56, 26), (50, 27), (51, 27), (57, 27), (48, 28), (49, 28), (58, 28), (46, 29), (47, 29), (44, 30), (45, 30), (57, 30), (42, 31), (43, 31), (40, 32), (41, 32), (56, 32), (38, 33), (39, 33), (36, 34), (37, 34), (55, 34), (33, 35), (34, 35), (35, 35), (54, 36), (32, 37), (53, 38), (31, 39), (52, 40), (30, 41), (51, 42), (29, 43), (50, 44), (28, 45), (49, 46), (27, 47), (48, 48), (26, 49), (47, 50), (48, 50), (25, 51), (45, 51), (46, 51), (43, 52), (44, 52), (24, 53), (41, 53), (42, 53), (39, 54), (40, 54), (23, 55), (37, 55), (38, 55), (35, 56), (36, 56), (22, 57), (23, 57), (33, 57), (34, 57), (24, 58), (31, 58), (32, 58), (25, 59), (29, 59), (30, 59), (26, 60), (27, 60), (28, 60)]
[(79, 18), (80, 18), (77, 19), (78, 19), (81, 19), (75, 20), (76, 20), (82, 20), (73, 21), (74, 21), (83, 21), (71, 22), (72, 22), (69, 23), (70, 23), (82, 23), (67, 24), (68, 24), (65, 25), (66, 25), (81, 25), (63, 26), (64, 26), (61, 27), (62, 27), (80, 27), (58, 28), (59, 28), (60, 28), (79, 29), (57, 30), (78, 31), (56, 32), (77, 33), (55, 34), (76, 35), (54, 36), (75, 37), (53, 38), (74, 39), (52, 40), (73, 41), (51, 42), (72, 43), (73, 43), (50, 44), (70, 44), (71, 44), (68, 45), (69, 45), (49, 46), (66, 46), (67, 46), (64, 47), (65, 47), (48, 48), (62, 48), (63, 48), (60, 49), (61, 49), (47, 50), (48, 50), (58, 50), (59, 50), (49, 51), (56, 51), (57, 51), (50, 52), (54, 52), (55, 52), (51, 53), (52, 53), (53, 53)]
[(72, 43), (73, 43), (70, 44), (71, 44), (74, 44), (68, 45), (69, 45), (75, 45), (66, 46), (67, 46), (76, 46), (64, 47), (65, 47), (62, 48), (63, 48), (75, 48), (60, 49), (61, 49), (58, 50), (59, 50), (74, 50), (56, 51), (57, 51), (54, 52), (55, 52), (73, 52), (51, 53), (52, 53), (53, 53), (72, 54), (50, 55), (71, 56), (49, 57), (70, 58), (48, 59), (69, 60), (47, 61), (68, 62), (46, 63), (67, 64), (45, 65), (66, 66), (44, 67), (65, 68), (66, 68), (43, 69), (63, 69), (64, 69), (61, 70), (62, 70), (42, 71), (59, 71), (60, 71), (57, 72), (58, 72), (41, 73), (55, 73), (56, 73), (53, 74), (54, 74), (40, 75), (41, 75), (51, 75), (52, 75), (42, 76), (49, 76), (50, 76), (43, 77), (47, 77), (48, 77), (44, 78), (45, 78), (46, 78)]
[(97, 36), (98, 36), (95, 37), (96, 37), (99, 37), (93, 38), (94, 38), (100, 38), (91, 39), (92, 39), (101, 39), (89, 40), (90, 40), (87, 41), (88, 41), (100, 41), (85, 42), (86, 42), (83, 43), (84, 43), (99, 43), (81, 44), (82, 44), (79, 45), (80, 45), (98, 45), (76, 46), (77, 46), (78, 46), (97, 47), (75, 48), (96, 49), (74, 50), (95, 51), (73, 52), (94, 53), (72, 54), (93, 55), (71, 56), (92, 57), (70, 58), (91, 59), (69, 60), (90, 61), (91, 61), (68, 62), (88, 62), (89, 62), (86, 63), (87, 63), (67, 64), (84, 64), (85, 64), (82, 65), (83, 65), (66, 66), (80, 66), (81, 66), (78, 67), (79, 67), (65, 68), (66, 68), (76, 68), (77, 68), (67, 69), (74, 69), (75, 69), (68, 70), (72, 70), (73, 70), (69, 71), (70, 71), (71, 71)]
[(90, 61), (91, 61), (88, 62), (89, 62), (92, 62), (86, 63), (87, 63), (93, 63), (84, 64), (85, 64), (94, 64), (82, 65), (83, 65), (80, 66), (81, 66), (93, 66), (78, 67), (79, 67), (76, 68), (77, 68), (92, 68), (74, 69), (75, 69), (72, 70), (73, 70), (91, 70), (69, 71), (70, 71), (71, 71), (90, 72), (68, 73), (89, 74), (67, 75), (88, 76), (66, 77), (87, 78), (65, 79), (86, 80), (64, 81), (85, 82), (63, 83), (84, 84), (62, 85), (83, 86), (84, 86), (61, 87), (81, 87), (82, 87), (79, 88), (80, 88), (60, 89), (77, 89), (78, 89), (75, 90), (76, 90), (59, 91), (73, 91), (74, 91), (71, 92), (72, 92), (58, 93), (59, 93), (69, 93), (70, 93), (60, 94), (67, 94), (68, 94), (61, 95), (65, 95), (66, 95), (62, 96), (63, 96), (64, 96)]
[(113, 55), (114, 55), (111, 56), (112, 56), (109, 57), (110, 57), (107, 58), (108, 58), (105, 59), (106, 59), (103, 60), (104, 60), (101, 61), (102, 61), (99, 62), (100, 62), (97, 63), (98, 63), (94, 64), (95, 64), (96, 64), (93, 66), (114, 67), (92, 68), (113, 69), (91, 70), (112, 71), (90, 72), (111, 73), (89, 74), (110, 75), (88, 76), (109, 77), (87, 78), (108, 79), (109, 79), (86, 80), (106, 80), (107, 80), (104, 81), (105, 81), (85, 82), (102, 82), (103, 82), (100, 83), (101, 83), (84, 84), (98, 84), (99, 84), (96, 85), (97, 85), (83, 86), (84, 86), (94, 86), (95, 86), (85, 87), (92, 87), (93, 87), (86, 88), (90, 88), (91, 88), (87, 89), (88, 89), (89, 89)]
[(108, 79), (109, 79), (106, 80), (107, 80), (110, 80), (104, 81), (105, 81), (111, 81), (102, 82), (103, 82), (112, 82), (100, 83), (101, 83), (98, 84), (99, 84), (111, 84), (96, 85), (97, 85), (94, 86), (95, 86), (110, 86), (92, 87), (93, 87), (90, 88), (91, 88), (109, 88), (87, 89), (88, 89), (89, 89), (108, 90), (86, 91), (107, 92), (85, 93), (106, 94), (84, 95), (105, 96), (83, 97), (104, 98), (82, 99), (103, 100), (81, 101), (102, 102), (80, 103), (101, 104), (102, 104), (79, 105), (99, 105), (100, 105), (97, 106), (98, 106), (78, 107), (95, 107), (96, 107), (93, 108), (94, 108), (77, 109), (91, 109), (92, 109), (89, 110), (90, 110), (76, 111), (77, 111), (87, 111), (88, 111), (78, 112), (85, 112), (86, 112), (79, 113), (83, 113), (84, 113), (80, 114), (81, 114), (82, 114)]
[(112, 82), (113, 82), (114, 82), (111, 84), (110, 86), (109, 88), (108, 90), (107, 92), (106, 94), (105, 96), (104, 98), (103, 100), (102, 102), (114, 103), (101, 104), (102, 104), (112, 104), (113, 104), (103, 105), (110, 105), (111, 105), (104, 106), (108, 106), (109, 106), (105, 107), (106, 107), (107, 107)]
[(114, 103), (112, 104), (113, 104), (110, 105), (111, 105), (108, 106), (109, 106), (105, 107), (106, 107), (107, 107), (104, 109), (103, 111), (102, 113)]
[(4, 39), (5, 39), (2, 40), (3, 40), (6, 40), (0, 41), (1, 41), (7, 41), (8, 42), (7, 44), (6, 46), (5, 48), (4, 50), (3, 52), (2, 54), (1, 56), (0, 58)]
[(29, 32), (30, 32), (27, 33), (28, 33), (31, 33), (25, 34), (26, 34), (32, 34), (23, 35), (24, 35), (33, 35), (21, 36), (22, 36), (19, 37), (20, 37), (32, 37), (17, 38), (18, 38), (15, 39), (16, 39), (31, 39), (13, 40), (14, 40), (11, 41), (12, 41), (30, 41), (8, 42), (9, 42), (10, 42), (29, 43), (7, 44), (28, 45), (6, 46), (27, 47), (5, 48), (26, 49), (4, 50), (25, 51), (3, 52), (24, 53), (2, 54), (23, 55), (1, 56), (22, 57), (23, 57), (0, 58), (20, 58), (21, 58), (18, 59), (19, 59), (16, 60), (17, 60), (14, 61), (15, 61), (12, 62), (13, 62), (10, 63), (11, 63), (8, 64), (9, 64), (6, 65), (7, 65), (0, 66), (4, 66), (5, 66), (1, 67), (2, 67), (3, 67)]
[(22, 57), (23, 57), (20, 58), (21, 58), (24, 58), (18, 59), (19, 59), (25, 59), (16, 60), (17, 60), (26, 60), (14, 61), (15, 61), (12, 62), (13, 62), (25, 62), (10, 63), (11, 63), (8, 64), (9, 64), (24, 64), (6, 65), (7, 65), (4, 66), (5, 66), (23, 66), (1, 67), (2, 67), (3, 67), (22, 68), (0, 69), (21, 70), (20, 72), (19, 74), (18, 76), (17, 78), (16, 80), (15, 82), (16, 82), (13, 83), (14, 83), (11, 84), (12, 84), (9, 85), (10, 85), (7, 86), (8, 86), (5, 87), (6, 87), (3, 88), (4, 88), (1, 89), (2, 89), (0, 90)]
[(47, 50), (48, 50), (45, 51), (46, 51), (49, 51), (43, 52), (44, 52), (50, 52), (41, 53), (42, 53), (51, 53), (39, 54), (40, 54), (37, 55), (38, 55), (50, 55), (35, 56), (36, 56), (33, 57), (34, 57), (49, 57), (31, 58), (32, 58), (29, 59), (30, 59), (48, 59), (26, 60), (27, 60), (28, 60), (47, 61), (25, 62), (46, 63), (24, 64), (45, 65), (23, 66), (44, 67), (22, 68), (43, 69), (21, 70), (42, 71), (20, 72), (41, 73), (19, 74), (40, 75), (41, 75), (18, 76), (38, 76), (39, 76), (36, 77), (37, 77), (17, 78), (34, 78), (35, 78), (32, 79), (33, 79), (16, 80), (30, 80), (31, 80), (28, 81), (29, 81), (15, 82), (16, 82), (26, 82), (27, 82), (17, 83), (24, 83), (25, 83), (18, 84), (22, 84), (23, 84), (19, 85), (20, 85), (21, 85)]
[(40, 75), (41, 75), (38, 76), (39, 76), (42, 76), (36, 77), (37, 77), (43, 77), (34, 78), (35, 78), (44, 78), (32, 79), (33, 79), (30, 80), (31, 80), (43, 80), (28, 81), (29, 81), (26, 82), (27, 82), (42, 82), (24, 83), (25, 83), (22, 84), (23, 84), (41, 84), (19, 85), (20, 85), (21, 85), (40, 86), (18, 87), (39, 88), (17, 89), (38, 90), (16, 91), (37, 92), (15, 93), (36, 94), (14, 95), (35, 96), (13, 97), (34, 98), (12, 99), (33, 100), (34, 100), (11, 101), (31, 101), (32, 101), (29, 102), (30, 102), (10, 103), (27, 103), (28, 103), (25, 104), (26, 104), (9, 105), (23, 105), (24, 105), (21, 106), (22, 106), (8, 107), (9, 107), (19, 107), (20, 107), (10, 108), (17, 108), (18, 108), (11, 109), (15, 109), (16, 109), (12, 110), (13, 110), (14, 110)]
[(65, 68), (66, 68), (63, 69), (64, 69), (67, 69), (61, 70), (62, 70), (68, 70), (59, 71), (60, 71), (69, 71), (57, 72), (58, 72), (55, 73), (56, 73), (68, 73), (53, 74), (54, 74), (51, 75), (52, 75), (67, 75), (49, 76), (50, 76), (47, 77), (48, 77), (66, 77), (44, 78), (45, 78), (46, 78), (65, 79), (43, 80), (64, 81), (42, 82), (63, 83), (41, 84), (62, 85), (40, 86), (61, 87), (39, 88), (60, 89), (38, 90), (59, 91), (37, 92), (58, 93), (59, 93), (36, 94), (56, 94), (57, 94), (54, 95), (55, 95), (35, 96), (52, 96), (53, 96), (50, 97), (51, 97), (34, 98), (48, 98), (49, 98), (46, 99), (47, 99), (33, 100), (34, 100), (44, 100), (45, 100), (35, 101), (42, 101), (43, 101), (36, 102), (40, 102), (41, 102), (37, 103), (38, 103), (39, 103)]
[(58, 93), (59, 93), (56, 94), (57, 94), (60, 94), (54, 95), (55, 95), (61, 95), (52, 96), (53, 96), (62, 96), (50, 97), (51, 97), (48, 98), (49, 98), (61, 98), (46, 99), (47, 99), (44, 100), (45, 100), (60, 100), (42, 101), (43, 101), (40, 102), (41, 102), (59, 102), (37, 103), (38, 103), (39, 103), (58, 104), (36, 105), (57, 106), (35, 107), (56, 108), (34, 109), (55, 110), (33, 111), (54, 112), (32, 113), (53, 114)]
[(83, 86), (84, 86), (81, 87), (82, 87), (85, 87), (79, 88), (80, 88), (86, 88), (77, 89), (78, 89), (87, 89), (75, 90), (76, 90), (73, 91), (74, 91), (86, 91), (71, 92), (72, 92), (69, 93), (70, 93), (85, 93), (67, 94), (68, 94), (65, 95), (66, 95), (84, 95), (62, 96), (63, 96), (64, 96), (83, 97), (61, 98), (82, 99), (60, 100), (81, 101), (59, 102), (80, 103), (58, 104), (79, 105), (57, 106), (78, 107), (56, 108), (77, 109), (55, 110), (76, 111), (77, 111), (54, 112), (74, 112), (75, 112), (72, 113), (73, 113), (53, 114), (70, 114), (71, 114)]
[(76, 111), (77, 111), (74, 112), (75, 112), (78, 112), (72, 113), (73, 113), (79, 113), (70, 114), (71, 114), (80, 114)]
[(101, 104), (102, 104), (99, 105), (100, 105), (103, 105), (97, 106), (98, 106), (104, 106), (95, 107), (96, 107), (105, 107), (93, 108), (94, 108), (91, 109), (92, 109), (104, 109), (89, 110), (90, 110), (87, 111), (88, 111), (103, 111), (85, 112), (86, 112), (83, 113), (84, 113), (102, 113), (80, 114), (81, 114), (82, 114)]
[(0, 66), (1, 67), (0, 69)]
[(15, 82), (16, 82), (13, 83), (14, 83), (17, 83), (11, 84), (12, 84), (18, 84), (9, 85), (10, 85), (19, 85), (7, 86), (8, 86), (5, 87), (6, 87), (18, 87), (3, 88), (4, 88), (1, 89), (2, 89), (17, 89), (0, 90), (16, 91), (15, 93), (14, 95), (13, 97), (12, 99), (11, 101), (10, 103), (9, 105), (8, 107), (9, 107), (6, 108), (7, 108), (4, 109), (5, 109), (2, 110), (3, 110), (0, 111), (1, 111)]
[(8, 107), (9, 107), (6, 108), (7, 108), (10, 108), (4, 109), (5, 109), (11, 109), (2, 110), (3, 110), (12, 110), (0, 111), (1, 111), (11, 112), (10, 114)]
[(33, 100), (34, 100), (31, 101), (32, 101), (35, 101), (29, 102), (30, 102), (36, 102), (27, 103), (28, 103), (37, 103), (25, 104), (26, 104), (23, 105), (24, 105), (36, 105), (21, 106), (22, 106), (19, 107), (20, 107), (35, 107), (17, 108), (18, 108), (15, 109), (16, 109), (34, 109), (12, 110), (13, 110), (14, 110), (33, 111), (11, 112), (32, 113), (10, 114)]
