[(86, 15), (83, 16), (84, 16), (85, 16), (87, 16), (80, 17), (81, 17), (82, 17), (88, 17), (76, 18), (77, 18), (78, 18), (79, 18), (89, 18), (73, 19), (74, 19), (75, 19), (90, 19), (69, 20), (70, 20), (71, 20), (72, 20), (91, 20), (92, 21), (93, 22), (68, 23), (92, 25), (67, 26), (91, 28), (66, 30), (90, 32), (65, 33), (89, 35), (64, 36), (64, 37), (65, 38), (88, 38), (66, 39), (88, 39), (67, 40), (85, 40), (86, 40), (87, 40), (68, 41), (82, 41), (83, 41), (84, 41), (69, 42), (78, 42), (79, 42), (80, 42), (81, 42), (70, 43), (75, 43), (76, 43), (77, 43), (71, 44), (72, 44), (73, 44), (74, 44)]
[(110, 17), (107, 18), (108, 18), (109, 18), (111, 18), (104, 19), (105, 19), (106, 19), (112, 19), (100, 20), (101, 20), (102, 20), (103, 20), (113, 20), (97, 21), (98, 21), (99, 21), (114, 21), (93, 22), (94, 22), (95, 22), (96, 22), (92, 25), (91, 28), (90, 32), (114, 34), (89, 35), (113, 37), (88, 38), (88, 39), (89, 40), (112, 40), (90, 41), (112, 41), (91, 42), (109, 42), (110, 42), (111, 42), (92, 43), (106, 43), (107, 43), (108, 43), (93, 44), (102, 44), (103, 44), (104, 44), (105, 44), (94, 45), (99, 45), (100, 45), (101, 45), (95, 46), (96, 46), (97, 46), (98, 46)]
[(112, 41), (109, 42), (110, 42), (111, 42), (113, 42), (106, 43), (107, 43), (108, 43), (114, 43), (102, 44), (103, 44), (104, 44), (105, 44), (99, 45), (100, 45), (101, 45), (95, 46), (96, 46), (97, 46), (98, 46), (94, 49), (93, 52), (92, 56), (91, 59), (90, 62), (90, 63), (91, 64), (114, 64), (92, 65), (114, 65), (93, 66), (111, 66), (112, 66), (113, 66), (94, 67), (108, 67), (109, 67), (110, 67), (95, 68), (104, 68), (105, 68), (106, 68), (107, 68), (96, 69), (101, 69), (102, 69), (103, 69), (97, 70), (98, 70), (99, 70), (100, 70)]
[(114, 64), (114, 65)]
[(38, 11), (35, 12), (36, 12), (37, 12), (39, 12), (32, 13), (33, 13), (34, 13), (40, 13), (28, 14), (29, 14), (30, 14), (31, 14), (41, 14), (25, 15), (26, 15), (27, 15), (42, 15), (21, 16), (22, 16), (23, 16), (24, 16), (43, 16), (44, 17), (45, 18), (20, 19), (44, 21), (19, 22), (43, 24), (18, 26), (42, 28), (17, 29), (41, 31), (16, 32), (16, 33), (17, 34), (40, 34), (18, 35), (40, 35), (19, 36), (37, 36), (38, 36), (39, 36), (20, 37), (34, 37), (35, 37), (36, 37), (21, 38), (30, 38), (31, 38), (32, 38), (33, 38), (22, 39), (27, 39), (28, 39), (29, 39), (23, 40), (24, 40), (25, 40), (26, 40)]
[(62, 13), (59, 14), (60, 14), (61, 14), (63, 14), (56, 15), (57, 15), (58, 15), (64, 15), (52, 16), (53, 16), (54, 16), (55, 16), (65, 16), (49, 17), (50, 17), (51, 17), (66, 17), (45, 18), (46, 18), (47, 18), (48, 18), (67, 18), (68, 19), (69, 20), (44, 21), (68, 23), (43, 24), (67, 26), (42, 28), (66, 30), (41, 31), (65, 33), (40, 34), (40, 35), (41, 36), (64, 36), (42, 37), (64, 37), (43, 38), (61, 38), (62, 38), (63, 38), (44, 39), (58, 39), (59, 39), (60, 39), (45, 40), (54, 40), (55, 40), (56, 40), (57, 40), (46, 41), (51, 41), (52, 41), (53, 41), (47, 42), (48, 42), (49, 42), (50, 42)]
[(64, 37), (61, 38), (62, 38), (63, 38), (65, 38), (58, 39), (59, 39), (60, 39), (66, 39), (54, 40), (55, 40), (56, 40), (57, 40), (67, 40), (51, 41), (52, 41), (53, 41), (68, 41), (47, 42), (48, 42), (49, 42), (50, 42), (69, 42), (70, 43), (71, 44), (46, 45), (70, 47), (45, 48), (69, 50), (44, 52), (68, 54), (43, 55), (67, 57), (42, 58), (42, 59), (43, 60), (66, 60), (44, 61), (66, 61), (45, 62), (63, 62), (64, 62), (65, 62), (46, 63), (60, 63), (61, 63), (62, 63), (47, 64), (56, 64), (57, 64), (58, 64), (59, 64), (48, 65), (53, 65), (54, 65), (55, 65), (49, 66), (50, 66), (51, 66), (52, 66)]
[(88, 39), (85, 40), (86, 40), (87, 40), (89, 40), (82, 41), (83, 41), (84, 41), (90, 41), (78, 42), (79, 42), (80, 42), (81, 42), (91, 42), (75, 43), (76, 43), (77, 43), (92, 43), (71, 44), (72, 44), (73, 44), (74, 44), (93, 44), (94, 45), (95, 46), (70, 47), (94, 49), (69, 50), (93, 52), (68, 54), (92, 56), (67, 57), (91, 59), (66, 60), (66, 61), (67, 62), (90, 62), (68, 63), (90, 63), (69, 64), (87, 64), (88, 64), (89, 64), (70, 65), (84, 65), (85, 65), (86, 65), (71, 66), (80, 66), (81, 66), (82, 66), (83, 66), (72, 67), (77, 67), (78, 67), (79, 67), (73, 68), (74, 68), (75, 68), (76, 68)]
[(90, 63), (87, 64), (88, 64), (89, 64), (91, 64), (84, 65), (85, 65), (86, 65), (92, 65), (80, 66), (81, 66), (82, 66), (83, 66), (93, 66), (77, 67), (78, 67), (79, 67), (94, 67), (73, 68), (74, 68), (75, 68), (76, 68), (95, 68), (96, 69), (97, 70), (72, 71), (96, 73), (71, 74), (95, 76), (70, 78), (94, 80), (69, 81), (93, 83), (68, 84), (68, 85), (69, 86), (92, 86), (70, 87), (92, 87), (71, 88), (89, 88), (90, 88), (91, 88), (72, 89), (86, 89), (87, 89), (88, 89), (73, 90), (82, 90), (83, 90), (84, 90), (85, 90), (74, 91), (79, 91), (80, 91), (81, 91), (75, 92), (76, 92), (77, 92), (78, 92)]
[(114, 65), (111, 66), (112, 66), (113, 66), (108, 67), (109, 67), (110, 67), (104, 68), (105, 68), (106, 68), (107, 68), (101, 69), (102, 69), (103, 69), (97, 70), (98, 70), (99, 70), (100, 70), (96, 73), (95, 76), (94, 80), (93, 83), (92, 86), (92, 87), (93, 88), (94, 89), (95, 90), (113, 90), (114, 90), (96, 91), (110, 91), (111, 91), (112, 91), (97, 92), (106, 92), (107, 92), (108, 92), (109, 92), (98, 93), (103, 93), (104, 93), (105, 93), (99, 94), (100, 94), (101, 94), (102, 94)]
[(113, 90), (114, 90), (110, 91), (111, 91), (112, 91), (106, 92), (107, 92), (108, 92), (109, 92), (103, 93), (104, 93), (105, 93), (99, 94), (100, 94), (101, 94), (102, 94), (98, 97), (97, 100), (96, 104), (95, 107), (94, 110), (94, 111), (95, 112), (96, 113), (97, 114)]
[(16, 33), (13, 34), (14, 34), (15, 34), (17, 34), (10, 35), (11, 35), (12, 35), (18, 35), (6, 36), (7, 36), (8, 36), (9, 36), (19, 36), (3, 37), (4, 37), (5, 37), (20, 37), (0, 38), (1, 38), (2, 38), (21, 38), (22, 39), (23, 40), (22, 43), (21, 46), (20, 50), (19, 53), (18, 56), (18, 57), (15, 58), (16, 58), (17, 58), (12, 59), (13, 59), (14, 59), (8, 60), (9, 60), (10, 60), (11, 60), (0, 61), (5, 61), (6, 61), (7, 61), (1, 62), (2, 62), (3, 62), (4, 62)]
[(40, 35), (37, 36), (38, 36), (39, 36), (41, 36), (34, 37), (35, 37), (36, 37), (42, 37), (30, 38), (31, 38), (32, 38), (33, 38), (43, 38), (27, 39), (28, 39), (29, 39), (44, 39), (23, 40), (24, 40), (25, 40), (26, 40), (45, 40), (46, 41), (47, 42), (22, 43), (46, 45), (21, 46), (45, 48), (20, 50), (44, 52), (19, 53), (43, 55), (18, 56), (18, 57), (19, 58), (42, 58), (20, 59), (42, 59), (21, 60), (39, 60), (40, 60), (41, 60), (22, 61), (36, 61), (37, 61), (38, 61), (23, 62), (32, 62), (33, 62), (34, 62), (35, 62), (24, 63), (29, 63), (30, 63), (31, 63), (25, 64), (26, 64), (27, 64), (28, 64)]
[(42, 59), (39, 60), (40, 60), (41, 60), (43, 60), (36, 61), (37, 61), (38, 61), (44, 61), (32, 62), (33, 62), (34, 62), (35, 62), (45, 62), (29, 63), (30, 63), (31, 63), (46, 63), (25, 64), (26, 64), (27, 64), (28, 64), (47, 64), (48, 65), (49, 66), (24, 67), (48, 69), (23, 70), (47, 72), (22, 74), (46, 76), (21, 77), (45, 79), (20, 80), (20, 81), (21, 82), (44, 82), (22, 83), (44, 83), (23, 84), (41, 84), (42, 84), (43, 84), (24, 85), (38, 85), (39, 85), (40, 85), (25, 86), (34, 86), (35, 86), (36, 86), (37, 86), (26, 87), (31, 87), (32, 87), (33, 87), (27, 88), (28, 88), (29, 88), (30, 88)]
[(66, 61), (63, 62), (64, 62), (65, 62), (67, 62), (60, 63), (61, 63), (62, 63), (68, 63), (56, 64), (57, 64), (58, 64), (59, 64), (69, 64), (53, 65), (54, 65), (55, 65), (70, 65), (49, 66), (50, 66), (51, 66), (52, 66), (71, 66), (72, 67), (73, 68), (48, 69), (72, 71), (47, 72), (71, 74), (46, 76), (70, 78), (45, 79), (69, 81), (44, 82), (44, 83), (45, 84), (68, 84), (46, 85), (68, 85), (47, 86), (65, 86), (66, 86), (67, 86), (48, 87), (62, 87), (63, 87), (64, 87), (49, 88), (58, 88), (59, 88), (60, 88), (61, 88), (50, 89), (55, 89), (56, 89), (57, 89), (51, 90), (52, 90), (53, 90), (54, 90)]
[(68, 85), (65, 86), (66, 86), (67, 86), (69, 86), (62, 87), (63, 87), (64, 87), (70, 87), (58, 88), (59, 88), (60, 88), (61, 88), (71, 88), (55, 89), (56, 89), (57, 89), (72, 89), (51, 90), (52, 90), (53, 90), (54, 90), (73, 90), (74, 91), (75, 92), (50, 93), (74, 95), (49, 96), (73, 98), (48, 100), (72, 102), (47, 103), (71, 105), (46, 106), (46, 107), (47, 108), (70, 108), (48, 109), (70, 109), (49, 110), (67, 110), (68, 110), (69, 110), (50, 111), (64, 111), (65, 111), (66, 111), (51, 112), (60, 112), (61, 112), (62, 112), (63, 112), (52, 113), (57, 113), (58, 113), (59, 113), (53, 114), (54, 114), (55, 114), (56, 114)]
[(92, 87), (89, 88), (90, 88), (91, 88), (93, 88), (86, 89), (87, 89), (88, 89), (94, 89), (82, 90), (83, 90), (84, 90), (85, 90), (95, 90), (79, 91), (80, 91), (81, 91), (96, 91), (75, 92), (76, 92), (77, 92), (78, 92), (97, 92), (98, 93), (99, 94), (74, 95), (98, 97), (73, 98), (97, 100), (72, 102), (96, 104), (71, 105), (95, 107), (70, 108), (70, 109), (71, 110), (94, 110), (72, 111), (94, 111), (73, 112), (91, 112), (92, 112), (93, 112), (74, 113), (88, 113), (89, 113), (90, 113), (75, 114), (84, 114), (85, 114), (86, 114), (87, 114)]
[(94, 111), (91, 112), (92, 112), (93, 112), (95, 112), (88, 113), (89, 113), (90, 113), (96, 113), (84, 114), (85, 114), (86, 114), (87, 114), (97, 114)]
[(18, 57), (15, 58), (16, 58), (17, 58), (19, 58), (12, 59), (13, 59), (14, 59), (20, 59), (8, 60), (9, 60), (10, 60), (11, 60), (21, 60), (5, 61), (6, 61), (7, 61), (22, 61), (1, 62), (2, 62), (3, 62), (4, 62), (23, 62), (24, 63), (25, 64), (0, 65), (24, 67), (23, 70), (22, 74), (21, 77), (20, 80), (20, 81), (17, 82), (18, 82), (19, 82), (0, 83), (14, 83), (15, 83), (16, 83), (1, 84), (10, 84), (11, 84), (12, 84), (13, 84), (2, 85), (7, 85), (8, 85), (9, 85), (3, 86), (4, 86), (5, 86), (6, 86)]
[(20, 81), (17, 82), (18, 82), (19, 82), (21, 82), (14, 83), (15, 83), (16, 83), (22, 83), (10, 84), (11, 84), (12, 84), (13, 84), (23, 84), (7, 85), (8, 85), (9, 85), (24, 85), (3, 86), (4, 86), (5, 86), (6, 86), (25, 86), (26, 87), (27, 88), (2, 89), (26, 91), (1, 92), (25, 94), (0, 96), (24, 98), (23, 101), (22, 104), (0, 105), (22, 105), (1, 106), (19, 106), (20, 106), (21, 106), (2, 107), (16, 107), (17, 107), (18, 107), (3, 108), (12, 108), (13, 108), (14, 108), (15, 108), (4, 109), (9, 109), (10, 109), (11, 109), (5, 110), (6, 110), (7, 110), (8, 110)]
[(44, 83), (41, 84), (42, 84), (43, 84), (45, 84), (38, 85), (39, 85), (40, 85), (46, 85), (34, 86), (35, 86), (36, 86), (37, 86), (47, 86), (31, 87), (32, 87), (33, 87), (48, 87), (27, 88), (28, 88), (29, 88), (30, 88), (49, 88), (50, 89), (51, 90), (26, 91), (50, 93), (25, 94), (49, 96), (24, 98), (48, 100), (23, 101), (47, 103), (22, 104), (22, 105), (23, 106), (46, 106), (24, 107), (46, 107), (25, 108), (43, 108), (44, 108), (45, 108), (26, 109), (40, 109), (41, 109), (42, 109), (27, 110), (36, 110), (37, 110), (38, 110), (39, 110), (28, 111), (33, 111), (34, 111), (35, 111), (29, 112), (30, 112), (31, 112), (32, 112)]
[(46, 107), (43, 108), (44, 108), (45, 108), (47, 108), (40, 109), (41, 109), (42, 109), (48, 109), (36, 110), (37, 110), (38, 110), (39, 110), (49, 110), (33, 111), (34, 111), (35, 111), (50, 111), (29, 112), (30, 112), (31, 112), (32, 112), (51, 112), (52, 113), (53, 114)]
[(70, 109), (67, 110), (68, 110), (69, 110), (71, 110), (64, 111), (65, 111), (66, 111), (72, 111), (60, 112), (61, 112), (62, 112), (63, 112), (73, 112), (57, 113), (58, 113), (59, 113), (74, 113), (53, 114), (54, 114), (55, 114), (56, 114), (75, 114)]
[(22, 105), (19, 106), (20, 106), (21, 106), (23, 106), (16, 107), (17, 107), (18, 107), (24, 107), (12, 108), (13, 108), (14, 108), (15, 108), (25, 108), (9, 109), (10, 109), (11, 109), (26, 109), (5, 110), (6, 110), (7, 110), (8, 110), (27, 110), (28, 111), (29, 112), (4, 113)]
