[(108, 11), (105, 12), (106, 12), (107, 12), (109, 12), (103, 13), (104, 13), (110, 13), (100, 14), (101, 14), (102, 14), (111, 14), (98, 15), (99, 15), (112, 15), (95, 16), (96, 16), (97, 16), (113, 16), (92, 17), (93, 17), (94, 17), (112, 18), (91, 19), (111, 21), (90, 22), (110, 23), (89, 24), (109, 26), (88, 27), (108, 28), (87, 29), (107, 31), (86, 32), (107, 32), (86, 33), (104, 33), (105, 33), (106, 33), (87, 34), (102, 34), (103, 34), (88, 35), (99, 35), (100, 35), (101, 35), (89, 36), (97, 36), (98, 36), (90, 37), (94, 37), (95, 37), (96, 37), (91, 38), (92, 38), (93, 38)]
[(113, 16), (114, 16), (112, 18), (111, 21), (110, 23), (109, 26), (108, 28), (107, 31), (107, 32), (108, 33), (109, 34), (110, 35), (111, 36), (112, 37), (113, 37), (114, 37)]
[(112, 37), (113, 37), (114, 37), (111, 39), (110, 42), (109, 44), (108, 47), (107, 49), (106, 52), (106, 53), (107, 54), (108, 55), (109, 56), (110, 57), (114, 57), (111, 58), (112, 58), (113, 58)]
[(66, 13), (63, 14), (64, 14), (65, 14), (67, 14), (61, 15), (62, 15), (68, 15), (58, 16), (59, 16), (60, 16), (69, 16), (56, 17), (57, 17), (70, 17), (53, 18), (54, 18), (55, 18), (71, 18), (50, 19), (51, 19), (52, 19), (70, 20), (49, 21), (69, 23), (48, 24), (68, 25), (47, 26), (67, 28), (46, 29), (66, 30), (45, 31), (65, 33), (44, 34), (65, 34), (44, 35), (62, 35), (63, 35), (64, 35), (45, 36), (60, 36), (61, 36), (46, 37), (57, 37), (58, 37), (59, 37), (47, 38), (55, 38), (56, 38), (48, 39), (52, 39), (53, 39), (54, 39), (49, 40), (50, 40), (51, 40)]
[(87, 12), (84, 13), (85, 13), (86, 13), (88, 13), (82, 14), (83, 14), (89, 14), (79, 15), (80, 15), (81, 15), (90, 15), (77, 16), (78, 16), (91, 16), (74, 17), (75, 17), (76, 17), (92, 17), (71, 18), (72, 18), (73, 18), (91, 19), (70, 20), (90, 22), (69, 23), (89, 24), (68, 25), (88, 27), (67, 28), (87, 29), (66, 30), (86, 32), (65, 33), (86, 33), (65, 34), (83, 34), (84, 34), (85, 34), (66, 35), (81, 35), (82, 35), (67, 36), (78, 36), (79, 36), (80, 36), (68, 37), (76, 37), (77, 37), (69, 38), (73, 38), (74, 38), (75, 38), (70, 39), (71, 39), (72, 39)]
[(86, 33), (83, 34), (84, 34), (85, 34), (87, 34), (81, 35), (82, 35), (88, 35), (78, 36), (79, 36), (80, 36), (89, 36), (76, 37), (77, 37), (90, 37), (73, 38), (74, 38), (75, 38), (91, 38), (70, 39), (71, 39), (72, 39), (90, 40), (69, 41), (89, 43), (68, 44), (88, 45), (67, 46), (87, 48), (66, 49), (86, 50), (65, 51), (85, 53), (64, 54), (85, 54), (64, 55), (82, 55), (83, 55), (84, 55), (65, 56), (80, 56), (81, 56), (66, 57), (77, 57), (78, 57), (79, 57), (67, 58), (75, 58), (76, 58), (68, 59), (72, 59), (73, 59), (74, 59), (69, 60), (70, 60), (71, 60)]
[(107, 32), (104, 33), (105, 33), (106, 33), (108, 33), (102, 34), (103, 34), (109, 34), (99, 35), (100, 35), (101, 35), (110, 35), (97, 36), (98, 36), (111, 36), (94, 37), (95, 37), (96, 37), (112, 37), (91, 38), (92, 38), (93, 38), (111, 39), (90, 40), (110, 42), (89, 43), (109, 44), (88, 45), (108, 47), (87, 48), (107, 49), (86, 50), (106, 52), (85, 53), (106, 53), (85, 54), (103, 54), (104, 54), (105, 54), (86, 55), (101, 55), (102, 55), (87, 56), (98, 56), (99, 56), (100, 56), (88, 57), (96, 57), (97, 57), (89, 58), (93, 58), (94, 58), (95, 58), (90, 59), (91, 59), (92, 59)]
[(106, 53), (103, 54), (104, 54), (105, 54), (107, 54), (101, 55), (102, 55), (108, 55), (98, 56), (99, 56), (100, 56), (109, 56), (96, 57), (97, 57), (110, 57), (93, 58), (94, 58), (95, 58), (111, 58), (90, 59), (91, 59), (92, 59), (110, 60), (89, 61), (109, 63), (88, 64), (108, 65), (87, 66), (107, 68), (86, 69), (106, 70), (85, 71), (105, 73), (84, 74), (105, 74), (84, 75), (102, 75), (103, 75), (104, 75), (85, 76), (100, 76), (101, 76), (86, 77), (97, 77), (98, 77), (99, 77), (87, 78), (95, 78), (96, 78), (88, 79), (92, 79), (93, 79), (94, 79), (89, 80), (90, 80), (91, 80)]
[(114, 57), (111, 58), (112, 58), (113, 58), (110, 60), (109, 63), (108, 65), (107, 68), (106, 70), (105, 73), (105, 74), (106, 75), (107, 76), (108, 77), (109, 78), (113, 78), (114, 78), (110, 79), (111, 79), (112, 79)]
[(113, 78), (114, 78), (110, 79), (111, 79), (112, 79), (109, 81), (108, 84), (107, 86), (106, 89), (105, 91), (104, 94), (104, 95), (105, 96), (106, 97), (107, 98), (108, 99), (112, 99), (113, 99), (114, 99), (109, 100), (110, 100), (111, 100)]
[(44, 35), (41, 36), (42, 36), (43, 36), (45, 36), (39, 37), (40, 37), (46, 37), (36, 38), (37, 38), (38, 38), (47, 38), (34, 39), (35, 39), (48, 39), (31, 40), (32, 40), (33, 40), (49, 40), (28, 41), (29, 41), (30, 41), (48, 42), (27, 43), (47, 45), (26, 46), (46, 47), (25, 48), (45, 50), (24, 51), (44, 52), (23, 53), (43, 55), (22, 56), (43, 56), (22, 57), (40, 57), (41, 57), (42, 57), (23, 58), (38, 58), (39, 58), (24, 59), (35, 59), (36, 59), (37, 59), (25, 60), (33, 60), (34, 60), (26, 61), (30, 61), (31, 61), (32, 61), (27, 62), (28, 62), (29, 62)]
[(65, 34), (62, 35), (63, 35), (64, 35), (66, 35), (60, 36), (61, 36), (67, 36), (57, 37), (58, 37), (59, 37), (68, 37), (55, 38), (56, 38), (69, 38), (52, 39), (53, 39), (54, 39), (70, 39), (49, 40), (50, 40), (51, 40), (69, 41), (48, 42), (68, 44), (47, 45), (67, 46), (46, 47), (66, 49), (45, 50), (65, 51), (44, 52), (64, 54), (43, 55), (64, 55), (43, 56), (61, 56), (62, 56), (63, 56), (44, 57), (59, 57), (60, 57), (45, 58), (56, 58), (57, 58), (58, 58), (46, 59), (54, 59), (55, 59), (47, 60), (51, 60), (52, 60), (53, 60), (48, 61), (49, 61), (50, 61)]
[(64, 55), (61, 56), (62, 56), (63, 56), (65, 56), (59, 57), (60, 57), (66, 57), (56, 58), (57, 58), (58, 58), (67, 58), (54, 59), (55, 59), (68, 59), (51, 60), (52, 60), (53, 60), (69, 60), (48, 61), (49, 61), (50, 61), (68, 62), (47, 63), (67, 65), (46, 66), (66, 67), (45, 68), (65, 70), (44, 71), (64, 72), (43, 73), (63, 75), (42, 76), (63, 76), (42, 77), (60, 77), (61, 77), (62, 77), (43, 78), (58, 78), (59, 78), (44, 79), (55, 79), (56, 79), (57, 79), (45, 80), (53, 80), (54, 80), (46, 81), (50, 81), (51, 81), (52, 81), (47, 82), (48, 82), (49, 82)]
[(85, 54), (82, 55), (83, 55), (84, 55), (86, 55), (80, 56), (81, 56), (87, 56), (77, 57), (78, 57), (79, 57), (88, 57), (75, 58), (76, 58), (89, 58), (72, 59), (73, 59), (74, 59), (90, 59), (69, 60), (70, 60), (71, 60), (89, 61), (68, 62), (88, 64), (67, 65), (87, 66), (66, 67), (86, 69), (65, 70), (85, 71), (64, 72), (84, 74), (63, 75), (84, 75), (63, 76), (81, 76), (82, 76), (83, 76), (64, 77), (79, 77), (80, 77), (65, 78), (76, 78), (77, 78), (78, 78), (66, 79), (74, 79), (75, 79), (67, 80), (71, 80), (72, 80), (73, 80), (68, 81), (69, 81), (70, 81)]
[(84, 75), (81, 76), (82, 76), (83, 76), (85, 76), (79, 77), (80, 77), (86, 77), (76, 78), (77, 78), (78, 78), (87, 78), (74, 79), (75, 79), (88, 79), (71, 80), (72, 80), (73, 80), (89, 80), (68, 81), (69, 81), (70, 81), (88, 82), (67, 83), (87, 85), (66, 86), (86, 87), (65, 88), (85, 90), (64, 91), (84, 92), (63, 93), (83, 95), (62, 96), (83, 96), (62, 97), (80, 97), (81, 97), (82, 97), (63, 98), (78, 98), (79, 98), (64, 99), (75, 99), (76, 99), (77, 99), (65, 100), (73, 100), (74, 100), (66, 101), (70, 101), (71, 101), (72, 101), (67, 102), (68, 102), (69, 102)]
[(105, 74), (102, 75), (103, 75), (104, 75), (106, 75), (100, 76), (101, 76), (107, 76), (97, 77), (98, 77), (99, 77), (108, 77), (95, 78), (96, 78), (109, 78), (92, 79), (93, 79), (94, 79), (110, 79), (89, 80), (90, 80), (91, 80), (109, 81), (88, 82), (108, 84), (87, 85), (107, 86), (86, 87), (106, 89), (85, 90), (105, 91), (84, 92), (104, 94), (83, 95), (104, 95), (83, 96), (101, 96), (102, 96), (103, 96), (84, 97), (99, 97), (100, 97), (85, 98), (96, 98), (97, 98), (98, 98), (86, 99), (94, 99), (95, 99), (87, 100), (91, 100), (92, 100), (93, 100), (88, 101), (89, 101), (90, 101)]
[(104, 95), (101, 96), (102, 96), (103, 96), (105, 96), (99, 97), (100, 97), (106, 97), (96, 98), (97, 98), (98, 98), (107, 98), (94, 99), (95, 99), (108, 99), (91, 100), (92, 100), (93, 100), (109, 100), (88, 101), (89, 101), (90, 101), (108, 102), (87, 103), (107, 105), (86, 106), (106, 107), (85, 108), (105, 110), (84, 111), (104, 112), (83, 113)]
[(112, 99), (113, 99), (114, 99), (109, 100), (110, 100), (111, 100), (108, 102), (107, 105), (106, 107), (105, 110), (104, 112)]
[(43, 56), (40, 57), (41, 57), (42, 57), (44, 57), (38, 58), (39, 58), (45, 58), (35, 59), (36, 59), (37, 59), (46, 59), (33, 60), (34, 60), (47, 60), (30, 61), (31, 61), (32, 61), (48, 61), (27, 62), (28, 62), (29, 62), (47, 63), (26, 64), (46, 66), (25, 67), (45, 68), (24, 69), (44, 71), (23, 72), (43, 73), (22, 74), (42, 76), (21, 77), (42, 77), (21, 78), (39, 78), (40, 78), (41, 78), (22, 79), (37, 79), (38, 79), (23, 80), (34, 80), (35, 80), (36, 80), (24, 81), (32, 81), (33, 81), (25, 82), (29, 82), (30, 82), (31, 82), (26, 83), (27, 83), (28, 83)]
[(42, 77), (39, 78), (40, 78), (41, 78), (43, 78), (37, 79), (38, 79), (44, 79), (34, 80), (35, 80), (36, 80), (45, 80), (32, 81), (33, 81), (46, 81), (29, 82), (30, 82), (31, 82), (47, 82), (26, 83), (27, 83), (28, 83), (46, 84), (25, 85), (45, 87), (24, 88), (44, 89), (23, 90), (43, 92), (22, 93), (42, 94), (21, 95), (41, 97), (20, 98), (41, 98), (20, 99), (38, 99), (39, 99), (40, 99), (21, 100), (36, 100), (37, 100), (22, 101), (33, 101), (34, 101), (35, 101), (23, 102), (31, 102), (32, 102), (24, 103), (28, 103), (29, 103), (30, 103), (25, 104), (26, 104), (27, 104)]
[(63, 76), (60, 77), (61, 77), (62, 77), (64, 77), (58, 78), (59, 78), (65, 78), (55, 79), (56, 79), (57, 79), (66, 79), (53, 80), (54, 80), (67, 80), (50, 81), (51, 81), (52, 81), (68, 81), (47, 82), (48, 82), (49, 82), (67, 83), (46, 84), (66, 86), (45, 87), (65, 88), (44, 89), (64, 91), (43, 92), (63, 93), (42, 94), (62, 96), (41, 97), (62, 97), (41, 98), (59, 98), (60, 98), (61, 98), (42, 99), (57, 99), (58, 99), (43, 100), (54, 100), (55, 100), (56, 100), (44, 101), (52, 101), (53, 101), (45, 102), (49, 102), (50, 102), (51, 102), (46, 103), (47, 103), (48, 103)]
[(62, 97), (59, 98), (60, 98), (61, 98), (63, 98), (57, 99), (58, 99), (64, 99), (54, 100), (55, 100), (56, 100), (65, 100), (52, 101), (53, 101), (66, 101), (49, 102), (50, 102), (51, 102), (67, 102), (46, 103), (47, 103), (48, 103), (66, 104), (45, 105), (65, 107), (44, 108), (64, 109), (43, 110), (63, 112), (42, 113), (62, 114)]
[(83, 96), (80, 97), (81, 97), (82, 97), (84, 97), (78, 98), (79, 98), (85, 98), (75, 99), (76, 99), (77, 99), (86, 99), (73, 100), (74, 100), (87, 100), (70, 101), (71, 101), (72, 101), (88, 101), (67, 102), (68, 102), (69, 102), (87, 103), (66, 104), (86, 106), (65, 107), (85, 108), (64, 109), (84, 111), (63, 112), (83, 113), (62, 114)]
[(41, 98), (38, 99), (39, 99), (40, 99), (42, 99), (36, 100), (37, 100), (43, 100), (33, 101), (34, 101), (35, 101), (44, 101), (31, 102), (32, 102), (45, 102), (28, 103), (29, 103), (30, 103), (46, 103), (25, 104), (26, 104), (27, 104), (45, 105), (24, 106), (44, 108), (23, 109), (43, 110), (22, 111), (42, 113), (21, 114)]
