[(99, 15), (100, 15), (101, 15), (97, 16), (98, 16), (102, 16), (94, 17), (95, 17), (96, 17), (103, 17), (91, 18), (92, 18), (93, 18), (104, 18), (89, 19), (90, 19), (105, 19), (86, 20), (87, 20), (88, 20), (106, 20), (83, 21), (84, 21), (85, 21), (107, 21), (82, 23), (106, 23), (81, 26), (105, 26), (80, 29), (104, 29), (79, 31), (103, 31), (78, 34), (102, 34), (77, 37), (101, 37), (76, 39), (77, 39), (99, 39), (100, 39), (101, 39), (78, 40), (97, 40), (98, 40), (79, 41), (94, 41), (95, 41), (96, 41), (80, 42), (91, 42), (92, 42), (93, 42), (81, 43), (89, 43), (90, 43), (82, 44), (86, 44), (87, 44), (88, 44), (83, 45), (84, 45), (85, 45)]
[(113, 19), (114, 19), (110, 20), (111, 20), (112, 20), (107, 21), (108, 21), (109, 21), (106, 23), (105, 26), (104, 29), (103, 31), (102, 34), (101, 37), (100, 39), (101, 39), (102, 40), (103, 41), (104, 42), (105, 43), (113, 43), (114, 43), (106, 44), (110, 44), (111, 44), (112, 44), (107, 45), (108, 45), (109, 45)]
[(113, 43), (114, 43), (110, 44), (111, 44), (112, 44), (107, 45), (108, 45), (109, 45), (106, 47), (105, 50), (104, 53), (103, 55), (102, 58), (101, 61), (100, 63), (101, 63), (102, 64), (103, 65), (104, 66), (105, 67), (113, 67), (114, 67), (106, 68), (110, 68), (111, 68), (112, 68), (107, 69), (108, 69), (109, 69)]
[(51, 15), (52, 15), (53, 15), (49, 16), (50, 16), (54, 16), (46, 17), (47, 17), (48, 17), (55, 17), (43, 18), (44, 18), (45, 18), (56, 18), (41, 19), (42, 19), (57, 19), (38, 20), (39, 20), (40, 20), (58, 20), (35, 21), (36, 21), (37, 21), (59, 21), (34, 23), (58, 23), (33, 26), (57, 26), (32, 29), (56, 29), (31, 31), (55, 31), (30, 34), (54, 34), (29, 37), (53, 37), (28, 39), (29, 39), (51, 39), (52, 39), (53, 39), (30, 40), (49, 40), (50, 40), (31, 41), (46, 41), (47, 41), (48, 41), (32, 42), (43, 42), (44, 42), (45, 42), (33, 43), (41, 43), (42, 43), (34, 44), (38, 44), (39, 44), (40, 44), (35, 45), (36, 45), (37, 45)]
[(75, 15), (76, 15), (77, 15), (73, 16), (74, 16), (78, 16), (70, 17), (71, 17), (72, 17), (79, 17), (67, 18), (68, 18), (69, 18), (80, 18), (65, 19), (66, 19), (81, 19), (62, 20), (63, 20), (64, 20), (82, 20), (59, 21), (60, 21), (61, 21), (83, 21), (58, 23), (82, 23), (57, 26), (81, 26), (56, 29), (80, 29), (55, 31), (79, 31), (54, 34), (78, 34), (53, 37), (77, 37), (52, 39), (53, 39), (75, 39), (76, 39), (77, 39), (54, 40), (73, 40), (74, 40), (55, 41), (70, 41), (71, 41), (72, 41), (56, 42), (67, 42), (68, 42), (69, 42), (57, 43), (65, 43), (66, 43), (58, 44), (62, 44), (63, 44), (64, 44), (59, 45), (60, 45), (61, 45)]
[(75, 39), (76, 39), (77, 39), (73, 40), (74, 40), (78, 40), (70, 41), (71, 41), (72, 41), (79, 41), (67, 42), (68, 42), (69, 42), (80, 42), (65, 43), (66, 43), (81, 43), (62, 44), (63, 44), (64, 44), (82, 44), (59, 45), (60, 45), (61, 45), (83, 45), (58, 47), (82, 47), (57, 50), (81, 50), (56, 53), (80, 53), (55, 55), (79, 55), (54, 58), (78, 58), (53, 61), (77, 61), (52, 63), (53, 63), (75, 63), (76, 63), (77, 63), (54, 64), (73, 64), (74, 64), (55, 65), (70, 65), (71, 65), (72, 65), (56, 66), (67, 66), (68, 66), (69, 66), (57, 67), (65, 67), (66, 67), (58, 68), (62, 68), (63, 68), (64, 68), (59, 69), (60, 69), (61, 69)]
[(99, 39), (100, 39), (101, 39), (97, 40), (98, 40), (102, 40), (94, 41), (95, 41), (96, 41), (103, 41), (91, 42), (92, 42), (93, 42), (104, 42), (89, 43), (90, 43), (105, 43), (86, 44), (87, 44), (88, 44), (106, 44), (83, 45), (84, 45), (85, 45), (107, 45), (82, 47), (106, 47), (81, 50), (105, 50), (80, 53), (104, 53), (79, 55), (103, 55), (78, 58), (102, 58), (77, 61), (101, 61), (76, 63), (77, 63), (99, 63), (100, 63), (101, 63), (78, 64), (97, 64), (98, 64), (79, 65), (94, 65), (95, 65), (96, 65), (80, 66), (91, 66), (92, 66), (93, 66), (81, 67), (89, 67), (90, 67), (82, 68), (86, 68), (87, 68), (88, 68), (83, 69), (84, 69), (85, 69)]
[(99, 63), (100, 63), (101, 63), (97, 64), (98, 64), (102, 64), (94, 65), (95, 65), (96, 65), (103, 65), (91, 66), (92, 66), (93, 66), (104, 66), (89, 67), (90, 67), (105, 67), (86, 68), (87, 68), (88, 68), (106, 68), (83, 69), (84, 69), (85, 69), (107, 69), (82, 71), (106, 71), (81, 74), (105, 74), (80, 77), (104, 77), (79, 79), (103, 79), (78, 82), (102, 82), (77, 85), (101, 85), (76, 87), (77, 87), (99, 87), (100, 87), (101, 87), (78, 88), (97, 88), (98, 88), (79, 89), (94, 89), (95, 89), (96, 89), (80, 90), (91, 90), (92, 90), (93, 90), (81, 91), (89, 91), (90, 91), (82, 92), (86, 92), (87, 92), (88, 92), (83, 93), (84, 93), (85, 93)]
[(113, 67), (114, 67), (110, 68), (111, 68), (112, 68), (107, 69), (108, 69), (109, 69), (106, 71), (105, 74), (104, 77), (103, 79), (102, 82), (101, 85), (100, 87), (101, 87), (102, 88), (103, 89), (104, 90), (105, 91), (113, 91), (114, 91), (106, 92), (110, 92), (111, 92), (112, 92), (107, 93), (108, 93), (109, 93)]
[(113, 91), (114, 91), (110, 92), (111, 92), (112, 92), (107, 93), (108, 93), (109, 93), (106, 95), (105, 98), (104, 101), (103, 103), (102, 106), (101, 109), (100, 111), (101, 111), (102, 112), (103, 113), (104, 114)]
[(27, 39), (28, 39), (29, 39), (25, 40), (26, 40), (30, 40), (22, 41), (23, 41), (24, 41), (31, 41), (19, 42), (20, 42), (21, 42), (32, 42), (17, 43), (18, 43), (33, 43), (14, 44), (15, 44), (16, 44), (34, 44), (11, 45), (12, 45), (13, 45), (35, 45), (10, 47), (34, 47), (9, 50), (33, 50), (8, 53), (32, 53), (7, 55), (31, 55), (6, 58), (30, 58), (5, 61), (29, 61), (4, 63), (5, 63), (27, 63), (28, 63), (29, 63), (6, 64), (25, 64), (26, 64), (7, 65), (22, 65), (23, 65), (24, 65), (8, 66), (19, 66), (20, 66), (21, 66), (9, 67), (17, 67), (18, 67), (10, 68), (14, 68), (15, 68), (16, 68), (11, 69), (12, 69), (13, 69)]
[(51, 39), (52, 39), (53, 39), (49, 40), (50, 40), (54, 40), (46, 41), (47, 41), (48, 41), (55, 41), (43, 42), (44, 42), (45, 42), (56, 42), (41, 43), (42, 43), (57, 43), (38, 44), (39, 44), (40, 44), (58, 44), (35, 45), (36, 45), (37, 45), (59, 45), (34, 47), (58, 47), (33, 50), (57, 50), (32, 53), (56, 53), (31, 55), (55, 55), (30, 58), (54, 58), (29, 61), (53, 61), (28, 63), (29, 63), (51, 63), (52, 63), (53, 63), (30, 64), (49, 64), (50, 64), (31, 65), (46, 65), (47, 65), (48, 65), (32, 66), (43, 66), (44, 66), (45, 66), (33, 67), (41, 67), (42, 67), (34, 68), (38, 68), (39, 68), (40, 68), (35, 69), (36, 69), (37, 69)]
[(51, 63), (52, 63), (53, 63), (49, 64), (50, 64), (54, 64), (46, 65), (47, 65), (48, 65), (55, 65), (43, 66), (44, 66), (45, 66), (56, 66), (41, 67), (42, 67), (57, 67), (38, 68), (39, 68), (40, 68), (58, 68), (35, 69), (36, 69), (37, 69), (59, 69), (34, 71), (58, 71), (33, 74), (57, 74), (32, 77), (56, 77), (31, 79), (55, 79), (30, 82), (54, 82), (29, 85), (53, 85), (28, 87), (29, 87), (51, 87), (52, 87), (53, 87), (30, 88), (49, 88), (50, 88), (31, 89), (46, 89), (47, 89), (48, 89), (32, 90), (43, 90), (44, 90), (45, 90), (33, 91), (41, 91), (42, 91), (34, 92), (38, 92), (39, 92), (40, 92), (35, 93), (36, 93), (37, 93)]
[(75, 63), (76, 63), (77, 63), (73, 64), (74, 64), (78, 64), (70, 65), (71, 65), (72, 65), (79, 65), (67, 66), (68, 66), (69, 66), (80, 66), (65, 67), (66, 67), (81, 67), (62, 68), (63, 68), (64, 68), (82, 68), (59, 69), (60, 69), (61, 69), (83, 69), (58, 71), (82, 71), (57, 74), (81, 74), (56, 77), (80, 77), (55, 79), (79, 79), (54, 82), (78, 82), (53, 85), (77, 85), (52, 87), (53, 87), (75, 87), (76, 87), (77, 87), (54, 88), (73, 88), (74, 88), (55, 89), (70, 89), (71, 89), (72, 89), (56, 90), (67, 90), (68, 90), (69, 90), (57, 91), (65, 91), (66, 91), (58, 92), (62, 92), (63, 92), (64, 92), (59, 93), (60, 93), (61, 93)]
[(75, 87), (76, 87), (77, 87), (73, 88), (74, 88), (78, 88), (70, 89), (71, 89), (72, 89), (79, 89), (67, 90), (68, 90), (69, 90), (80, 90), (65, 91), (66, 91), (81, 91), (62, 92), (63, 92), (64, 92), (82, 92), (59, 93), (60, 93), (61, 93), (83, 93), (58, 95), (82, 95), (57, 98), (81, 98), (56, 101), (80, 101), (55, 103), (79, 103), (54, 106), (78, 106), (53, 109), (77, 109), (52, 111), (53, 111), (75, 111), (76, 111), (77, 111), (54, 112), (73, 112), (74, 112), (55, 113), (70, 113), (71, 113), (72, 113), (56, 114), (67, 114), (68, 114), (69, 114)]
[(99, 87), (100, 87), (101, 87), (97, 88), (98, 88), (102, 88), (94, 89), (95, 89), (96, 89), (103, 89), (91, 90), (92, 90), (93, 90), (104, 90), (89, 91), (90, 91), (105, 91), (86, 92), (87, 92), (88, 92), (106, 92), (83, 93), (84, 93), (85, 93), (107, 93), (82, 95), (106, 95), (81, 98), (105, 98), (80, 101), (104, 101), (79, 103), (103, 103), (78, 106), (102, 106), (77, 109), (101, 109), (76, 111), (77, 111), (99, 111), (100, 111), (101, 111), (78, 112), (97, 112), (98, 112), (79, 113), (94, 113), (95, 113), (96, 113), (80, 114), (91, 114), (92, 114), (93, 114)]
[(99, 111), (100, 111), (101, 111), (97, 112), (98, 112), (102, 112), (94, 113), (95, 113), (96, 113), (103, 113), (91, 114), (92, 114), (93, 114), (104, 114)]
[(27, 63), (28, 63), (29, 63), (25, 64), (26, 64), (30, 64), (22, 65), (23, 65), (24, 65), (31, 65), (19, 66), (20, 66), (21, 66), (32, 66), (17, 67), (18, 67), (33, 67), (14, 68), (15, 68), (16, 68), (34, 68), (11, 69), (12, 69), (13, 69), (35, 69), (10, 71), (34, 71), (9, 74), (33, 74), (8, 77), (32, 77), (7, 79), (31, 79), (6, 82), (30, 82), (5, 85), (29, 85), (4, 87), (5, 87), (27, 87), (28, 87), (29, 87), (6, 88), (25, 88), (26, 88), (7, 89), (22, 89), (23, 89), (24, 89), (8, 90), (19, 90), (20, 90), (21, 90), (9, 91), (17, 91), (18, 91), (10, 92), (14, 92), (15, 92), (16, 92), (11, 93), (12, 93), (13, 93)]
[(27, 87), (28, 87), (29, 87), (25, 88), (26, 88), (30, 88), (22, 89), (23, 89), (24, 89), (31, 89), (19, 90), (20, 90), (21, 90), (32, 90), (17, 91), (18, 91), (33, 91), (14, 92), (15, 92), (16, 92), (34, 92), (11, 93), (12, 93), (13, 93), (35, 93), (10, 95), (34, 95), (9, 98), (33, 98), (8, 101), (32, 101), (7, 103), (31, 103), (6, 106), (30, 106), (5, 109), (29, 109), (4, 111), (5, 111), (27, 111), (28, 111), (29, 111), (6, 112), (25, 112), (26, 112), (7, 113), (22, 113), (23, 113), (24, 113), (8, 114), (19, 114), (20, 114), (21, 114)]
[(51, 87), (52, 87), (53, 87), (49, 88), (50, 88), (54, 88), (46, 89), (47, 89), (48, 89), (55, 89), (43, 90), (44, 90), (45, 90), (56, 90), (41, 91), (42, 91), (57, 91), (38, 92), (39, 92), (40, 92), (58, 92), (35, 93), (36, 93), (37, 93), (59, 93), (34, 95), (58, 95), (33, 98), (57, 98), (32, 101), (56, 101), (31, 103), (55, 103), (30, 106), (54, 106), (29, 109), (53, 109), (28, 111), (29, 111), (51, 111), (52, 111), (53, 111), (30, 112), (49, 112), (50, 112), (31, 113), (46, 113), (47, 113), (48, 113), (32, 114), (43, 114), (44, 114), (45, 114)]
[(51, 111), (52, 111), (53, 111), (49, 112), (50, 112), (54, 112), (46, 113), (47, 113), (48, 113), (55, 113), (43, 114), (44, 114), (45, 114), (56, 114)]
[(75, 111), (76, 111), (77, 111), (73, 112), (74, 112), (78, 112), (70, 113), (71, 113), (72, 113), (79, 113), (67, 114), (68, 114), (69, 114), (80, 114)]
[(27, 111), (28, 111), (29, 111), (25, 112), (26, 112), (30, 112), (22, 113), (23, 113), (24, 113), (31, 113), (19, 114), (20, 114), (21, 114), (32, 114)]
