[(113, 20), (114, 20), (109, 21), (110, 21), (111, 21), (112, 21), (108, 24), (107, 27), (106, 31), (105, 34), (104, 38), (105, 38), (106, 39), (107, 40), (108, 41), (109, 42), (110, 43), (111, 44), (112, 44), (113, 44), (114, 44)]
[(77, 13), (78, 13), (79, 13), (80, 13), (74, 14), (75, 14), (76, 14), (81, 14), (70, 15), (71, 15), (72, 15), (73, 15), (82, 15), (67, 16), (68, 16), (69, 16), (83, 16), (63, 17), (64, 17), (65, 17), (66, 17), (84, 17), (85, 18), (86, 19), (62, 20), (85, 22), (61, 23), (84, 25), (60, 27), (83, 29), (59, 30), (82, 32), (58, 34), (59, 34), (60, 35), (61, 36), (79, 36), (80, 36), (81, 36), (82, 36), (62, 37), (76, 37), (77, 37), (78, 37), (63, 38), (72, 38), (73, 38), (74, 38), (75, 38), (64, 39), (69, 39), (70, 39), (71, 39), (65, 40), (66, 40), (67, 40), (68, 40)]
[(100, 15), (101, 15), (102, 15), (103, 15), (97, 16), (98, 16), (99, 16), (104, 16), (93, 17), (94, 17), (95, 17), (96, 17), (105, 17), (90, 18), (91, 18), (92, 18), (106, 18), (86, 19), (87, 19), (88, 19), (89, 19), (107, 19), (108, 20), (109, 21), (85, 22), (108, 24), (84, 25), (107, 27), (83, 29), (106, 31), (82, 32), (105, 34), (81, 36), (82, 36), (83, 37), (84, 38), (102, 38), (103, 38), (104, 38), (105, 38), (85, 39), (99, 39), (100, 39), (101, 39), (86, 40), (95, 40), (96, 40), (97, 40), (98, 40), (87, 41), (92, 41), (93, 41), (94, 41), (88, 42), (89, 42), (90, 42), (91, 42)]
[(102, 38), (103, 38), (104, 38), (105, 38), (99, 39), (100, 39), (101, 39), (106, 39), (95, 40), (96, 40), (97, 40), (98, 40), (107, 40), (92, 41), (93, 41), (94, 41), (108, 41), (88, 42), (89, 42), (90, 42), (91, 42), (109, 42), (110, 43), (111, 44), (87, 45), (110, 47), (86, 48), (109, 50), (85, 52), (108, 54), (84, 55), (107, 57), (83, 59), (84, 59), (85, 60), (86, 61), (104, 61), (105, 61), (106, 61), (107, 61), (87, 62), (101, 62), (102, 62), (103, 62), (88, 63), (97, 63), (98, 63), (99, 63), (100, 63), (89, 64), (94, 64), (95, 64), (96, 64), (90, 65), (91, 65), (92, 65), (93, 65)]
[(111, 44), (112, 44), (113, 44), (114, 44), (110, 47), (109, 50), (108, 54), (107, 57), (106, 61), (107, 61), (108, 62), (109, 63), (110, 64), (111, 65), (112, 66), (113, 67), (114, 67)]
[(113, 67), (114, 67), (112, 70), (111, 73), (110, 77), (109, 80), (108, 84), (109, 84), (110, 85), (111, 86), (112, 87), (113, 88), (114, 89)]
[(56, 34), (57, 34), (58, 34), (59, 34), (53, 35), (54, 35), (55, 35), (60, 35), (49, 36), (50, 36), (51, 36), (52, 36), (61, 36), (46, 37), (47, 37), (48, 37), (62, 37), (42, 38), (43, 38), (44, 38), (45, 38), (63, 38), (64, 39), (65, 40), (41, 41), (64, 43), (40, 44), (63, 46), (39, 48), (62, 50), (38, 51), (61, 53), (37, 55), (38, 55), (39, 56), (40, 57), (58, 57), (59, 57), (60, 57), (61, 57), (41, 58), (55, 58), (56, 58), (57, 58), (42, 59), (51, 59), (52, 59), (53, 59), (54, 59), (43, 60), (48, 60), (49, 60), (50, 60), (44, 61), (45, 61), (46, 61), (47, 61)]
[(79, 36), (80, 36), (81, 36), (82, 36), (76, 37), (77, 37), (78, 37), (83, 37), (72, 38), (73, 38), (74, 38), (75, 38), (84, 38), (69, 39), (70, 39), (71, 39), (85, 39), (65, 40), (66, 40), (67, 40), (68, 40), (86, 40), (87, 41), (88, 42), (64, 43), (87, 45), (63, 46), (86, 48), (62, 50), (85, 52), (61, 53), (84, 55), (60, 57), (61, 57), (62, 58), (63, 59), (81, 59), (82, 59), (83, 59), (84, 59), (64, 60), (78, 60), (79, 60), (80, 60), (65, 61), (74, 61), (75, 61), (76, 61), (77, 61), (66, 62), (71, 62), (72, 62), (73, 62), (67, 63), (68, 63), (69, 63), (70, 63)]
[(81, 59), (82, 59), (83, 59), (84, 59), (78, 60), (79, 60), (80, 60), (85, 60), (74, 61), (75, 61), (76, 61), (77, 61), (86, 61), (71, 62), (72, 62), (73, 62), (87, 62), (67, 63), (68, 63), (69, 63), (70, 63), (88, 63), (89, 64), (90, 65), (66, 66), (89, 68), (65, 69), (88, 71), (64, 73), (87, 75), (63, 76), (86, 78), (62, 80), (63, 80), (64, 81), (65, 82), (83, 82), (84, 82), (85, 82), (86, 82), (66, 83), (80, 83), (81, 83), (82, 83), (67, 84), (76, 84), (77, 84), (78, 84), (79, 84), (68, 85), (73, 85), (74, 85), (75, 85), (69, 86), (70, 86), (71, 86), (72, 86)]
[(104, 61), (105, 61), (106, 61), (107, 61), (101, 62), (102, 62), (103, 62), (108, 62), (97, 63), (98, 63), (99, 63), (100, 63), (109, 63), (94, 64), (95, 64), (96, 64), (110, 64), (90, 65), (91, 65), (92, 65), (93, 65), (111, 65), (112, 66), (113, 67), (89, 68), (112, 70), (88, 71), (111, 73), (87, 75), (110, 77), (86, 78), (109, 80), (85, 82), (86, 82), (87, 83), (88, 84), (106, 84), (107, 84), (108, 84), (109, 84), (89, 85), (103, 85), (104, 85), (105, 85), (90, 86), (99, 86), (100, 86), (101, 86), (102, 86), (91, 87), (96, 87), (97, 87), (98, 87), (92, 88), (93, 88), (94, 88), (95, 88)]
[(106, 84), (107, 84), (108, 84), (109, 84), (103, 85), (104, 85), (105, 85), (110, 85), (99, 86), (100, 86), (101, 86), (102, 86), (111, 86), (96, 87), (97, 87), (98, 87), (112, 87), (92, 88), (93, 88), (94, 88), (95, 88), (113, 88), (114, 89), (91, 91), (114, 93), (90, 94), (113, 96), (89, 98), (112, 100), (88, 101), (111, 103), (87, 105), (88, 105), (89, 106), (90, 107), (108, 107), (109, 107), (110, 107), (111, 107), (91, 108), (105, 108), (106, 108), (107, 108), (92, 109), (101, 109), (102, 109), (103, 109), (104, 109), (93, 110), (98, 110), (99, 110), (100, 110), (94, 111), (95, 111), (96, 111), (97, 111)]
[(114, 93), (113, 96), (112, 100), (111, 103), (110, 107), (111, 107), (112, 108), (113, 109), (114, 110)]
[(58, 57), (59, 57), (60, 57), (61, 57), (55, 58), (56, 58), (57, 58), (62, 58), (51, 59), (52, 59), (53, 59), (54, 59), (63, 59), (48, 60), (49, 60), (50, 60), (64, 60), (44, 61), (45, 61), (46, 61), (47, 61), (65, 61), (66, 62), (67, 63), (43, 64), (66, 66), (42, 67), (65, 69), (41, 71), (64, 73), (40, 74), (63, 76), (39, 78), (40, 78), (41, 79), (42, 80), (60, 80), (61, 80), (62, 80), (63, 80), (43, 81), (57, 81), (58, 81), (59, 81), (44, 82), (53, 82), (54, 82), (55, 82), (56, 82), (45, 83), (50, 83), (51, 83), (52, 83), (46, 84), (47, 84), (48, 84), (49, 84)]
[(60, 80), (61, 80), (62, 80), (63, 80), (57, 81), (58, 81), (59, 81), (64, 81), (53, 82), (54, 82), (55, 82), (56, 82), (65, 82), (50, 83), (51, 83), (52, 83), (66, 83), (46, 84), (47, 84), (48, 84), (49, 84), (67, 84), (68, 85), (69, 86), (45, 87), (68, 89), (44, 90), (67, 92), (43, 94), (66, 96), (42, 97), (65, 99), (41, 101), (42, 101), (43, 102), (44, 103), (62, 103), (63, 103), (64, 103), (65, 103), (45, 104), (59, 104), (60, 104), (61, 104), (46, 105), (55, 105), (56, 105), (57, 105), (58, 105), (47, 106), (52, 106), (53, 106), (54, 106), (48, 107), (49, 107), (50, 107), (51, 107)]
[(83, 82), (84, 82), (85, 82), (86, 82), (80, 83), (81, 83), (82, 83), (87, 83), (76, 84), (77, 84), (78, 84), (79, 84), (88, 84), (73, 85), (74, 85), (75, 85), (89, 85), (69, 86), (70, 86), (71, 86), (72, 86), (90, 86), (91, 87), (92, 88), (68, 89), (91, 91), (67, 92), (90, 94), (66, 96), (89, 98), (65, 99), (88, 101), (64, 103), (65, 103), (66, 104), (67, 105), (85, 105), (86, 105), (87, 105), (88, 105), (68, 106), (82, 106), (83, 106), (84, 106), (69, 107), (78, 107), (79, 107), (80, 107), (81, 107), (70, 108), (75, 108), (76, 108), (77, 108), (71, 109), (72, 109), (73, 109), (74, 109)]
[(85, 105), (86, 105), (87, 105), (88, 105), (82, 106), (83, 106), (84, 106), (89, 106), (78, 107), (79, 107), (80, 107), (81, 107), (90, 107), (75, 108), (76, 108), (77, 108), (91, 108), (71, 109), (72, 109), (73, 109), (74, 109), (92, 109), (93, 110), (94, 111), (70, 112), (93, 114)]
[(108, 107), (109, 107), (110, 107), (111, 107), (105, 108), (106, 108), (107, 108), (112, 108), (101, 109), (102, 109), (103, 109), (104, 109), (113, 109), (98, 110), (99, 110), (100, 110), (114, 110), (94, 111), (95, 111), (96, 111), (97, 111), (93, 114)]
[(62, 103), (63, 103), (64, 103), (65, 103), (59, 104), (60, 104), (61, 104), (66, 104), (55, 105), (56, 105), (57, 105), (58, 105), (67, 105), (52, 106), (53, 106), (54, 106), (68, 106), (48, 107), (49, 107), (50, 107), (51, 107), (69, 107), (70, 108), (71, 109), (47, 110), (70, 112), (46, 113)]
