[(105, 30), (106, 30), (103, 31), (104, 31), (107, 31), (100, 32), (101, 32), (102, 32), (108, 32), (97, 33), (98, 33), (99, 33), (109, 33), (94, 34), (95, 34), (96, 34), (110, 34), (91, 35), (92, 35), (93, 35), (111, 35), (88, 36), (89, 36), (90, 36), (110, 37), (87, 38), (109, 40), (86, 41), (108, 43), (85, 44), (107, 46), (84, 47), (106, 49), (83, 50), (105, 52), (82, 53), (104, 53), (105, 53), (82, 54), (102, 54), (103, 54), (83, 55), (99, 55), (100, 55), (101, 55), (84, 56), (96, 56), (97, 56), (98, 56), (85, 57), (93, 57), (94, 57), (95, 57), (86, 58), (90, 58), (91, 58), (92, 58), (87, 59), (88, 59), (89, 59)]
[(114, 34), (111, 35), (112, 35), (113, 35), (110, 37), (109, 40), (108, 43), (107, 46), (106, 49), (105, 52), (105, 53), (106, 54), (107, 55), (108, 56), (109, 57), (113, 57), (114, 57), (110, 58), (111, 58), (112, 58)]
[(113, 57), (114, 57), (110, 58), (111, 58), (112, 58), (109, 60), (108, 63), (107, 66), (106, 69), (105, 72), (104, 75), (104, 76), (105, 77), (106, 78), (107, 79), (108, 80), (112, 80), (113, 80), (114, 80), (109, 81), (110, 81), (111, 81)]
[(59, 32), (60, 32), (57, 33), (58, 33), (61, 33), (54, 34), (55, 34), (56, 34), (62, 34), (51, 35), (52, 35), (53, 35), (63, 35), (48, 36), (49, 36), (50, 36), (64, 36), (45, 37), (46, 37), (47, 37), (65, 37), (42, 38), (43, 38), (44, 38), (64, 39), (41, 40), (63, 42), (40, 43), (62, 45), (39, 46), (61, 48), (38, 49), (60, 51), (37, 52), (59, 54), (36, 55), (58, 55), (59, 55), (36, 56), (56, 56), (57, 56), (37, 57), (53, 57), (54, 57), (55, 57), (38, 58), (50, 58), (51, 58), (52, 58), (39, 59), (47, 59), (48, 59), (49, 59), (40, 60), (44, 60), (45, 60), (46, 60), (41, 61), (42, 61), (43, 61)]
[(82, 31), (83, 31), (80, 32), (81, 32), (84, 32), (77, 33), (78, 33), (79, 33), (85, 33), (74, 34), (75, 34), (76, 34), (86, 34), (71, 35), (72, 35), (73, 35), (87, 35), (68, 36), (69, 36), (70, 36), (88, 36), (65, 37), (66, 37), (67, 37), (87, 38), (64, 39), (86, 41), (63, 42), (85, 44), (62, 45), (84, 47), (61, 48), (83, 50), (60, 51), (82, 53), (59, 54), (81, 54), (82, 54), (59, 55), (79, 55), (80, 55), (60, 56), (76, 56), (77, 56), (78, 56), (61, 57), (73, 57), (74, 57), (75, 57), (62, 58), (70, 58), (71, 58), (72, 58), (63, 59), (67, 59), (68, 59), (69, 59), (64, 60), (65, 60), (66, 60)]
[(81, 54), (82, 54), (79, 55), (80, 55), (83, 55), (76, 56), (77, 56), (78, 56), (84, 56), (73, 57), (74, 57), (75, 57), (85, 57), (70, 58), (71, 58), (72, 58), (86, 58), (67, 59), (68, 59), (69, 59), (87, 59), (64, 60), (65, 60), (66, 60), (86, 61), (63, 62), (85, 64), (62, 65), (84, 67), (61, 68), (83, 70), (60, 71), (82, 73), (59, 74), (81, 76), (58, 77), (80, 77), (81, 77), (58, 78), (78, 78), (79, 78), (59, 79), (75, 79), (76, 79), (77, 79), (60, 80), (72, 80), (73, 80), (74, 80), (61, 81), (69, 81), (70, 81), (71, 81), (62, 82), (66, 82), (67, 82), (68, 82), (63, 83), (64, 83), (65, 83)]
[(104, 53), (105, 53), (102, 54), (103, 54), (106, 54), (99, 55), (100, 55), (101, 55), (107, 55), (96, 56), (97, 56), (98, 56), (108, 56), (93, 57), (94, 57), (95, 57), (109, 57), (90, 58), (91, 58), (92, 58), (110, 58), (87, 59), (88, 59), (89, 59), (109, 60), (86, 61), (108, 63), (85, 64), (107, 66), (84, 67), (106, 69), (83, 70), (105, 72), (82, 73), (104, 75), (81, 76), (103, 76), (104, 76), (81, 77), (101, 77), (102, 77), (82, 78), (98, 78), (99, 78), (100, 78), (83, 79), (95, 79), (96, 79), (97, 79), (84, 80), (92, 80), (93, 80), (94, 80), (85, 81), (89, 81), (90, 81), (91, 81), (86, 82), (87, 82), (88, 82)]
[(103, 76), (104, 76), (101, 77), (102, 77), (105, 77), (98, 78), (99, 78), (100, 78), (106, 78), (95, 79), (96, 79), (97, 79), (107, 79), (92, 80), (93, 80), (94, 80), (108, 80), (89, 81), (90, 81), (91, 81), (109, 81), (86, 82), (87, 82), (88, 82), (108, 83), (85, 84), (107, 86), (84, 87), (106, 89), (83, 90), (105, 92), (82, 93), (104, 95), (81, 96), (103, 98), (80, 99), (102, 99), (103, 99), (80, 100), (100, 100), (101, 100), (81, 101), (97, 101), (98, 101), (99, 101), (82, 102), (94, 102), (95, 102), (96, 102), (83, 103), (91, 103), (92, 103), (93, 103), (84, 104), (88, 104), (89, 104), (90, 104), (85, 105), (86, 105), (87, 105)]
[(112, 80), (113, 80), (114, 80), (109, 81), (110, 81), (111, 81), (108, 83), (107, 86), (106, 89), (105, 92), (104, 95), (103, 98), (103, 99), (104, 100), (105, 101), (106, 102), (114, 102), (107, 103), (111, 103), (112, 103), (113, 103), (108, 104), (109, 104), (110, 104)]
[(114, 102), (111, 103), (112, 103), (113, 103), (108, 104), (109, 104), (110, 104), (107, 106), (106, 109), (105, 112)]
[(35, 56), (36, 56), (33, 57), (34, 57), (37, 57), (30, 58), (31, 58), (32, 58), (38, 58), (27, 59), (28, 59), (29, 59), (39, 59), (24, 60), (25, 60), (26, 60), (40, 60), (21, 61), (22, 61), (23, 61), (41, 61), (18, 62), (19, 62), (20, 62), (40, 63), (17, 64), (39, 66), (16, 67), (38, 69), (15, 70), (37, 72), (14, 73), (36, 75), (13, 76), (35, 78), (12, 79), (34, 79), (35, 79), (12, 80), (32, 80), (33, 80), (13, 81), (29, 81), (30, 81), (31, 81), (14, 82), (26, 82), (27, 82), (28, 82), (15, 83), (23, 83), (24, 83), (25, 83), (16, 84), (20, 84), (21, 84), (22, 84), (17, 85), (18, 85), (19, 85)]
[(58, 55), (59, 55), (56, 56), (57, 56), (60, 56), (53, 57), (54, 57), (55, 57), (61, 57), (50, 58), (51, 58), (52, 58), (62, 58), (47, 59), (48, 59), (49, 59), (63, 59), (44, 60), (45, 60), (46, 60), (64, 60), (41, 61), (42, 61), (43, 61), (63, 62), (40, 63), (62, 65), (39, 66), (61, 68), (38, 69), (60, 71), (37, 72), (59, 74), (36, 75), (58, 77), (35, 78), (57, 78), (58, 78), (35, 79), (55, 79), (56, 79), (36, 80), (52, 80), (53, 80), (54, 80), (37, 81), (49, 81), (50, 81), (51, 81), (38, 82), (46, 82), (47, 82), (48, 82), (39, 83), (43, 83), (44, 83), (45, 83), (40, 84), (41, 84), (42, 84)]
[(57, 78), (58, 78), (55, 79), (56, 79), (59, 79), (52, 80), (53, 80), (54, 80), (60, 80), (49, 81), (50, 81), (51, 81), (61, 81), (46, 82), (47, 82), (48, 82), (62, 82), (43, 83), (44, 83), (45, 83), (63, 83), (40, 84), (41, 84), (42, 84), (62, 85), (39, 86), (61, 88), (38, 89), (60, 91), (37, 92), (59, 94), (36, 95), (58, 97), (35, 98), (57, 100), (34, 101), (56, 101), (57, 101), (34, 102), (54, 102), (55, 102), (35, 103), (51, 103), (52, 103), (53, 103), (36, 104), (48, 104), (49, 104), (50, 104), (37, 105), (45, 105), (46, 105), (47, 105), (38, 106), (42, 106), (43, 106), (44, 106), (39, 107), (40, 107), (41, 107)]
[(80, 77), (81, 77), (78, 78), (79, 78), (82, 78), (75, 79), (76, 79), (77, 79), (83, 79), (72, 80), (73, 80), (74, 80), (84, 80), (69, 81), (70, 81), (71, 81), (85, 81), (66, 82), (67, 82), (68, 82), (86, 82), (63, 83), (64, 83), (65, 83), (85, 84), (62, 85), (84, 87), (61, 88), (83, 90), (60, 91), (82, 93), (59, 94), (81, 96), (58, 97), (80, 99), (57, 100), (79, 100), (80, 100), (57, 101), (77, 101), (78, 101), (58, 102), (74, 102), (75, 102), (76, 102), (59, 103), (71, 103), (72, 103), (73, 103), (60, 104), (68, 104), (69, 104), (70, 104), (61, 105), (65, 105), (66, 105), (67, 105), (62, 106), (63, 106), (64, 106)]
[(79, 100), (80, 100), (77, 101), (78, 101), (81, 101), (74, 102), (75, 102), (76, 102), (82, 102), (71, 103), (72, 103), (73, 103), (83, 103), (68, 104), (69, 104), (70, 104), (84, 104), (65, 105), (66, 105), (67, 105), (85, 105), (62, 106), (63, 106), (64, 106), (84, 107), (61, 108), (83, 110), (60, 111), (82, 113), (59, 114)]
[(102, 99), (103, 99), (100, 100), (101, 100), (104, 100), (97, 101), (98, 101), (99, 101), (105, 101), (94, 102), (95, 102), (96, 102), (106, 102), (91, 103), (92, 103), (93, 103), (107, 103), (88, 104), (89, 104), (90, 104), (108, 104), (85, 105), (86, 105), (87, 105), (107, 106), (84, 107), (106, 109), (83, 110), (105, 112), (82, 113)]
[(34, 79), (35, 79), (32, 80), (33, 80), (36, 80), (29, 81), (30, 81), (31, 81), (37, 81), (26, 82), (27, 82), (28, 82), (38, 82), (23, 83), (24, 83), (25, 83), (39, 83), (20, 84), (21, 84), (22, 84), (40, 84), (17, 85), (18, 85), (19, 85), (39, 86), (16, 87), (38, 89), (15, 90), (37, 92), (14, 93), (36, 95), (13, 96), (35, 98), (12, 99), (34, 101), (11, 102), (33, 102), (34, 102), (11, 103), (31, 103), (32, 103), (12, 104), (28, 104), (29, 104), (30, 104), (13, 105), (25, 105), (26, 105), (27, 105), (14, 106), (22, 106), (23, 106), (24, 106), (15, 107), (19, 107), (20, 107), (21, 107), (16, 108), (17, 108), (18, 108)]
[(33, 102), (34, 102), (31, 103), (32, 103), (35, 103), (28, 104), (29, 104), (30, 104), (36, 104), (25, 105), (26, 105), (27, 105), (37, 105), (22, 106), (23, 106), (24, 106), (38, 106), (19, 107), (20, 107), (21, 107), (39, 107), (16, 108), (17, 108), (18, 108), (38, 109), (15, 110), (37, 112), (14, 113)]
[(56, 101), (57, 101), (54, 102), (55, 102), (58, 102), (51, 103), (52, 103), (53, 103), (59, 103), (48, 104), (49, 104), (50, 104), (60, 104), (45, 105), (46, 105), (47, 105), (61, 105), (42, 106), (43, 106), (44, 106), (62, 106), (39, 107), (40, 107), (41, 107), (61, 108), (38, 109), (60, 111), (37, 112), (59, 114)]
