[(88, 30), (89, 30), (90, 30), (85, 31), (86, 31), (87, 31), (91, 31), (82, 32), (83, 32), (84, 32), (92, 32), (79, 33), (80, 33), (81, 33), (76, 34), (77, 34), (78, 34), (73, 35), (74, 35), (75, 35), (91, 35), (69, 36), (70, 36), (71, 36), (72, 36), (90, 38), (68, 39), (89, 41), (67, 42), (88, 44), (66, 45), (87, 47), (65, 48), (86, 50), (64, 51), (84, 53), (85, 53), (86, 53), (63, 54), (81, 54), (82, 54), (83, 54), (78, 55), (79, 55), (80, 55), (75, 56), (76, 56), (77, 56), (63, 57), (72, 57), (73, 57), (74, 57), (64, 58), (69, 58), (70, 58), (71, 58), (65, 59), (66, 59), (67, 59), (68, 59)]
[(111, 26), (112, 26), (113, 26), (108, 27), (109, 27), (110, 27), (114, 27), (105, 28), (106, 28), (107, 28), (102, 29), (103, 29), (104, 29), (99, 30), (100, 30), (101, 30), (96, 31), (97, 31), (98, 31), (114, 31), (92, 32), (93, 32), (94, 32), (95, 32), (113, 34), (91, 35), (112, 37), (90, 38), (111, 40), (89, 41), (110, 43), (88, 44), (109, 46), (87, 47), (107, 49), (108, 49), (109, 49), (86, 50), (104, 50), (105, 50), (106, 50), (101, 51), (102, 51), (103, 51), (98, 52), (99, 52), (100, 52), (86, 53), (95, 53), (96, 53), (97, 53), (87, 54), (92, 54), (93, 54), (94, 54), (88, 55), (89, 55), (90, 55), (91, 55)]
[(107, 49), (108, 49), (109, 49), (104, 50), (105, 50), (106, 50), (110, 50), (101, 51), (102, 51), (103, 51), (111, 51), (98, 52), (99, 52), (100, 52), (95, 53), (96, 53), (97, 53), (92, 54), (93, 54), (94, 54), (110, 54), (88, 55), (89, 55), (90, 55), (91, 55), (109, 57), (87, 58), (108, 60), (86, 61), (107, 63), (85, 64), (106, 66), (84, 67), (105, 69), (83, 70), (103, 72), (104, 72), (105, 72), (82, 73), (100, 73), (101, 73), (102, 73), (97, 74), (98, 74), (99, 74), (94, 75), (95, 75), (96, 75), (82, 76), (91, 76), (92, 76), (93, 76), (83, 77), (88, 77), (89, 77), (90, 77), (84, 78), (85, 78), (86, 78), (87, 78)]
[(111, 51), (112, 51), (113, 51), (114, 51), (110, 54), (109, 57), (108, 60), (107, 63), (106, 66), (105, 69), (105, 72), (114, 72), (106, 73), (111, 73), (112, 73), (113, 73), (107, 74), (108, 74), (109, 74), (110, 74)]
[(114, 72), (111, 73), (112, 73), (113, 73), (107, 74), (108, 74), (109, 74), (110, 74), (106, 77), (105, 80), (104, 83), (103, 86), (102, 89), (101, 92), (113, 94), (114, 94), (101, 95), (110, 95), (111, 95), (112, 95), (102, 96), (107, 96), (108, 96), (109, 96), (103, 97), (104, 97), (105, 97), (106, 97)]
[(42, 38), (43, 38), (44, 38), (39, 39), (40, 39), (41, 39), (45, 39), (36, 40), (37, 40), (38, 40), (46, 40), (33, 41), (34, 41), (35, 41), (30, 42), (31, 42), (32, 42), (27, 43), (28, 43), (29, 43), (45, 43), (23, 44), (24, 44), (25, 44), (26, 44), (44, 46), (22, 47), (43, 49), (21, 50), (42, 52), (20, 53), (41, 55), (19, 56), (40, 58), (18, 59), (38, 61), (39, 61), (40, 61), (17, 62), (35, 62), (36, 62), (37, 62), (32, 63), (33, 63), (34, 63), (29, 64), (30, 64), (31, 64), (17, 65), (26, 65), (27, 65), (28, 65), (18, 66), (23, 66), (24, 66), (25, 66), (19, 67), (20, 67), (21, 67), (22, 67)]
[(65, 34), (66, 34), (67, 34), (62, 35), (63, 35), (64, 35), (68, 35), (59, 36), (60, 36), (61, 36), (69, 36), (56, 37), (57, 37), (58, 37), (53, 38), (54, 38), (55, 38), (50, 39), (51, 39), (52, 39), (68, 39), (46, 40), (47, 40), (48, 40), (49, 40), (67, 42), (45, 43), (66, 45), (44, 46), (65, 48), (43, 49), (64, 51), (42, 52), (63, 54), (41, 55), (61, 57), (62, 57), (63, 57), (40, 58), (58, 58), (59, 58), (60, 58), (55, 59), (56, 59), (57, 59), (52, 60), (53, 60), (54, 60), (40, 61), (49, 61), (50, 61), (51, 61), (41, 62), (46, 62), (47, 62), (48, 62), (42, 63), (43, 63), (44, 63), (45, 63)]
[(61, 57), (62, 57), (63, 57), (58, 58), (59, 58), (60, 58), (64, 58), (55, 59), (56, 59), (57, 59), (65, 59), (52, 60), (53, 60), (54, 60), (49, 61), (50, 61), (51, 61), (46, 62), (47, 62), (48, 62), (64, 62), (42, 63), (43, 63), (44, 63), (45, 63), (63, 65), (41, 66), (62, 68), (40, 69), (61, 71), (39, 72), (60, 74), (38, 75), (59, 77), (37, 78), (57, 80), (58, 80), (59, 80), (36, 81), (54, 81), (55, 81), (56, 81), (51, 82), (52, 82), (53, 82), (48, 83), (49, 83), (50, 83), (36, 84), (45, 84), (46, 84), (47, 84), (37, 85), (42, 85), (43, 85), (44, 85), (38, 86), (39, 86), (40, 86), (41, 86)]
[(84, 53), (85, 53), (86, 53), (81, 54), (82, 54), (83, 54), (87, 54), (78, 55), (79, 55), (80, 55), (88, 55), (75, 56), (76, 56), (77, 56), (72, 57), (73, 57), (74, 57), (69, 58), (70, 58), (71, 58), (87, 58), (65, 59), (66, 59), (67, 59), (68, 59), (86, 61), (64, 62), (85, 64), (63, 65), (84, 67), (62, 68), (83, 70), (61, 71), (82, 73), (60, 74), (80, 76), (81, 76), (82, 76), (59, 77), (77, 77), (78, 77), (79, 77), (74, 78), (75, 78), (76, 78), (71, 79), (72, 79), (73, 79), (59, 80), (68, 80), (69, 80), (70, 80), (60, 81), (65, 81), (66, 81), (67, 81), (61, 82), (62, 82), (63, 82), (64, 82)]
[(80, 76), (81, 76), (82, 76), (77, 77), (78, 77), (79, 77), (83, 77), (74, 78), (75, 78), (76, 78), (84, 78), (71, 79), (72, 79), (73, 79), (68, 80), (69, 80), (70, 80), (65, 81), (66, 81), (67, 81), (83, 81), (61, 82), (62, 82), (63, 82), (64, 82), (82, 84), (60, 85), (81, 87), (59, 88), (80, 90), (58, 91), (79, 93), (57, 94), (78, 96), (56, 97), (76, 99), (77, 99), (78, 99), (55, 100), (73, 100), (74, 100), (75, 100), (70, 101), (71, 101), (72, 101), (67, 102), (68, 102), (69, 102), (55, 103), (64, 103), (65, 103), (66, 103), (56, 104), (61, 104), (62, 104), (63, 104), (57, 105), (58, 105), (59, 105), (60, 105)]
[(103, 72), (104, 72), (105, 72), (100, 73), (101, 73), (102, 73), (106, 73), (97, 74), (98, 74), (99, 74), (107, 74), (94, 75), (95, 75), (96, 75), (91, 76), (92, 76), (93, 76), (88, 77), (89, 77), (90, 77), (106, 77), (84, 78), (85, 78), (86, 78), (87, 78), (105, 80), (83, 81), (104, 83), (82, 84), (103, 86), (81, 87), (102, 89), (80, 90), (101, 92), (79, 93), (99, 95), (100, 95), (101, 95), (78, 96), (96, 96), (97, 96), (98, 96), (93, 97), (94, 97), (95, 97), (90, 98), (91, 98), (92, 98), (78, 99), (87, 99), (88, 99), (89, 99), (79, 100), (84, 100), (85, 100), (86, 100), (80, 101), (81, 101), (82, 101), (83, 101)]
[(99, 95), (100, 95), (101, 95), (96, 96), (97, 96), (98, 96), (102, 96), (93, 97), (94, 97), (95, 97), (103, 97), (90, 98), (91, 98), (92, 98), (87, 99), (88, 99), (89, 99), (84, 100), (85, 100), (86, 100), (102, 100), (80, 101), (81, 101), (82, 101), (83, 101), (101, 103), (79, 104), (100, 106), (78, 107), (99, 109), (77, 110), (98, 112), (76, 113)]
[(113, 94), (114, 94), (110, 95), (111, 95), (112, 95), (107, 96), (108, 96), (109, 96), (103, 97), (104, 97), (105, 97), (106, 97), (102, 100), (101, 103), (100, 106), (99, 109), (98, 112)]
[(15, 65), (16, 65), (17, 65), (12, 66), (13, 66), (14, 66), (18, 66), (9, 67), (10, 67), (11, 67), (19, 67), (6, 68), (7, 68), (8, 68), (3, 69), (4, 69), (5, 69), (0, 70), (1, 70), (2, 70), (18, 70), (17, 73), (16, 76), (15, 79), (14, 82), (13, 85), (11, 88), (12, 88), (13, 88), (8, 89), (9, 89), (10, 89), (5, 90), (6, 90), (7, 90), (2, 91), (3, 91), (4, 91), (0, 92), (1, 92)]
[(38, 61), (39, 61), (40, 61), (35, 62), (36, 62), (37, 62), (41, 62), (32, 63), (33, 63), (34, 63), (42, 63), (29, 64), (30, 64), (31, 64), (26, 65), (27, 65), (28, 65), (23, 66), (24, 66), (25, 66), (41, 66), (19, 67), (20, 67), (21, 67), (22, 67), (40, 69), (18, 70), (39, 72), (17, 73), (38, 75), (16, 76), (37, 78), (15, 79), (36, 81), (14, 82), (34, 84), (35, 84), (36, 84), (13, 85), (31, 85), (32, 85), (33, 85), (28, 86), (29, 86), (30, 86), (25, 87), (26, 87), (27, 87), (13, 88), (22, 88), (23, 88), (24, 88), (14, 89), (19, 89), (20, 89), (21, 89), (15, 90), (16, 90), (17, 90), (18, 90)]
[(34, 84), (35, 84), (36, 84), (31, 85), (32, 85), (33, 85), (37, 85), (28, 86), (29, 86), (30, 86), (38, 86), (25, 87), (26, 87), (27, 87), (22, 88), (23, 88), (24, 88), (19, 89), (20, 89), (21, 89), (37, 89), (15, 90), (16, 90), (17, 90), (18, 90), (36, 92), (14, 93), (35, 95), (13, 96), (34, 98), (12, 99), (33, 101), (11, 102), (32, 104), (10, 105), (30, 107), (31, 107), (32, 107), (9, 108), (27, 108), (28, 108), (29, 108), (24, 109), (25, 109), (26, 109), (21, 110), (22, 110), (23, 110), (9, 111), (18, 111), (19, 111), (20, 111), (10, 112), (15, 112), (16, 112), (17, 112), (11, 113), (12, 113), (13, 113), (14, 113)]
[(57, 80), (58, 80), (59, 80), (54, 81), (55, 81), (56, 81), (60, 81), (51, 82), (52, 82), (53, 82), (61, 82), (48, 83), (49, 83), (50, 83), (45, 84), (46, 84), (47, 84), (42, 85), (43, 85), (44, 85), (60, 85), (38, 86), (39, 86), (40, 86), (41, 86), (59, 88), (37, 89), (58, 91), (36, 92), (57, 94), (35, 95), (56, 97), (34, 98), (55, 100), (33, 101), (53, 103), (54, 103), (55, 103), (32, 104), (50, 104), (51, 104), (52, 104), (47, 105), (48, 105), (49, 105), (44, 106), (45, 106), (46, 106), (32, 107), (41, 107), (42, 107), (43, 107), (33, 108), (38, 108), (39, 108), (40, 108), (34, 109), (35, 109), (36, 109), (37, 109)]
[(53, 103), (54, 103), (55, 103), (50, 104), (51, 104), (52, 104), (56, 104), (47, 105), (48, 105), (49, 105), (57, 105), (44, 106), (45, 106), (46, 106), (41, 107), (42, 107), (43, 107), (38, 108), (39, 108), (40, 108), (56, 108), (34, 109), (35, 109), (36, 109), (37, 109), (55, 111), (33, 112), (54, 114)]
[(76, 99), (77, 99), (78, 99), (73, 100), (74, 100), (75, 100), (79, 100), (70, 101), (71, 101), (72, 101), (80, 101), (67, 102), (68, 102), (69, 102), (64, 103), (65, 103), (66, 103), (61, 104), (62, 104), (63, 104), (79, 104), (57, 105), (58, 105), (59, 105), (60, 105), (78, 107), (56, 108), (77, 110), (55, 111), (76, 113), (54, 114)]
[(11, 88), (12, 88), (13, 88), (8, 89), (9, 89), (10, 89), (14, 89), (5, 90), (6, 90), (7, 90), (15, 90), (2, 91), (3, 91), (4, 91), (0, 92), (1, 92), (14, 93), (13, 96), (12, 99), (11, 102), (10, 105), (9, 108), (7, 111), (8, 111), (9, 111), (4, 112), (5, 112), (6, 112), (1, 113), (2, 113), (3, 113), (0, 114)]
[(7, 111), (8, 111), (9, 111), (4, 112), (5, 112), (6, 112), (10, 112), (1, 113), (2, 113), (3, 113), (11, 113), (0, 114)]
[(30, 107), (31, 107), (32, 107), (27, 108), (28, 108), (29, 108), (33, 108), (24, 109), (25, 109), (26, 109), (34, 109), (21, 110), (22, 110), (23, 110), (18, 111), (19, 111), (20, 111), (15, 112), (16, 112), (17, 112), (33, 112), (11, 113), (12, 113), (13, 113), (14, 113)]
