[(89, 17), (90, 17), (91, 17), (87, 18), (88, 18), (92, 18), (84, 19), (85, 19), (86, 19), (93, 19), (81, 20), (82, 20), (83, 20), (94, 20), (79, 21), (80, 21), (95, 21), (76, 22), (77, 22), (78, 22), (73, 23), (74, 23), (75, 23), (94, 23), (70, 24), (71, 24), (72, 24), (69, 26), (93, 26), (68, 29), (92, 29), (91, 31), (67, 32), (66, 34), (90, 34), (65, 37), (89, 37), (64, 40), (88, 40), (86, 42), (87, 42), (88, 42), (63, 43), (84, 43), (85, 43), (81, 44), (82, 44), (83, 44), (62, 45), (63, 45), (78, 45), (79, 45), (80, 45), (64, 46), (76, 46), (77, 46), (65, 47), (73, 47), (74, 47), (75, 47), (66, 48), (70, 48), (71, 48), (72, 48), (67, 49), (68, 49), (69, 49)]
[(114, 14), (112, 15), (113, 15), (109, 16), (110, 16), (111, 16), (106, 17), (107, 17), (108, 17), (104, 18), (105, 18), (101, 19), (102, 19), (103, 19), (98, 20), (99, 20), (100, 20), (95, 21), (96, 21), (97, 21), (94, 23), (93, 26), (92, 29), (91, 31), (90, 34), (114, 34), (89, 37), (113, 37), (111, 39), (112, 39), (113, 39), (88, 40), (109, 40), (110, 40), (106, 41), (107, 41), (108, 41), (87, 42), (88, 42), (103, 42), (104, 42), (105, 42), (89, 43), (101, 43), (102, 43), (90, 44), (98, 44), (99, 44), (100, 44), (91, 45), (95, 45), (96, 45), (97, 45), (92, 46), (93, 46), (94, 46)]
[(111, 39), (112, 39), (113, 39), (109, 40), (110, 40), (114, 40), (106, 41), (107, 41), (108, 41), (103, 42), (104, 42), (105, 42), (101, 43), (102, 43), (98, 44), (99, 44), (100, 44), (95, 45), (96, 45), (97, 45), (92, 46), (93, 46), (94, 46), (91, 48), (90, 51), (114, 51), (113, 53), (89, 54), (88, 56), (112, 56), (87, 59), (111, 59), (86, 62), (110, 62), (108, 64), (109, 64), (110, 64), (85, 65), (106, 65), (107, 65), (103, 66), (104, 66), (105, 66), (84, 67), (85, 67), (100, 67), (101, 67), (102, 67), (86, 68), (98, 68), (99, 68), (87, 69), (95, 69), (96, 69), (97, 69), (88, 70), (92, 70), (93, 70), (94, 70), (89, 71), (90, 71), (91, 71)]
[(114, 51), (113, 53), (112, 56), (111, 59), (110, 62), (109, 64), (110, 64), (111, 65), (112, 66), (113, 67), (114, 68)]
[(114, 68), (113, 70), (112, 73), (111, 76), (110, 78), (109, 81), (108, 84), (107, 87), (106, 89), (107, 89), (108, 90), (109, 91), (110, 92), (114, 92), (111, 93), (112, 93), (113, 93)]
[(39, 23), (40, 23), (41, 23), (37, 24), (38, 24), (42, 24), (34, 25), (35, 25), (36, 25), (43, 25), (31, 26), (32, 26), (33, 26), (44, 26), (29, 27), (30, 27), (45, 27), (26, 28), (27, 28), (28, 28), (23, 29), (24, 29), (25, 29), (44, 29), (20, 30), (21, 30), (22, 30), (19, 32), (43, 32), (18, 35), (42, 35), (41, 37), (17, 38), (16, 40), (40, 40), (15, 43), (39, 43), (14, 46), (38, 46), (36, 48), (37, 48), (38, 48), (13, 49), (34, 49), (35, 49), (31, 50), (32, 50), (33, 50), (12, 51), (13, 51), (28, 51), (29, 51), (30, 51), (14, 52), (26, 52), (27, 52), (15, 53), (23, 53), (24, 53), (25, 53), (16, 54), (20, 54), (21, 54), (22, 54), (17, 55), (18, 55), (19, 55)]
[(64, 20), (65, 20), (66, 20), (62, 21), (63, 21), (67, 21), (59, 22), (60, 22), (61, 22), (68, 22), (56, 23), (57, 23), (58, 23), (69, 23), (54, 24), (55, 24), (70, 24), (51, 25), (52, 25), (53, 25), (48, 26), (49, 26), (50, 26), (69, 26), (45, 27), (46, 27), (47, 27), (44, 29), (68, 29), (43, 32), (67, 32), (66, 34), (42, 35), (41, 37), (65, 37), (40, 40), (64, 40), (39, 43), (63, 43), (61, 45), (62, 45), (63, 45), (38, 46), (59, 46), (60, 46), (56, 47), (57, 47), (58, 47), (37, 48), (38, 48), (53, 48), (54, 48), (55, 48), (39, 49), (51, 49), (52, 49), (40, 50), (48, 50), (49, 50), (50, 50), (41, 51), (45, 51), (46, 51), (47, 51), (42, 52), (43, 52), (44, 52)]
[(61, 45), (62, 45), (63, 45), (59, 46), (60, 46), (64, 46), (56, 47), (57, 47), (58, 47), (65, 47), (53, 48), (54, 48), (55, 48), (66, 48), (51, 49), (52, 49), (67, 49), (48, 50), (49, 50), (50, 50), (45, 51), (46, 51), (47, 51), (66, 51), (42, 52), (43, 52), (44, 52), (41, 54), (65, 54), (40, 57), (64, 57), (63, 59), (39, 60), (38, 62), (62, 62), (37, 65), (61, 65), (36, 68), (60, 68), (58, 70), (59, 70), (60, 70), (35, 71), (56, 71), (57, 71), (53, 72), (54, 72), (55, 72), (34, 73), (35, 73), (50, 73), (51, 73), (52, 73), (36, 74), (48, 74), (49, 74), (37, 75), (45, 75), (46, 75), (47, 75), (38, 76), (42, 76), (43, 76), (44, 76), (39, 77), (40, 77), (41, 77)]
[(86, 42), (87, 42), (88, 42), (84, 43), (85, 43), (89, 43), (81, 44), (82, 44), (83, 44), (90, 44), (78, 45), (79, 45), (80, 45), (91, 45), (76, 46), (77, 46), (92, 46), (73, 47), (74, 47), (75, 47), (70, 48), (71, 48), (72, 48), (91, 48), (67, 49), (68, 49), (69, 49), (66, 51), (90, 51), (65, 54), (89, 54), (88, 56), (64, 57), (63, 59), (87, 59), (62, 62), (86, 62), (61, 65), (85, 65), (83, 67), (84, 67), (85, 67), (60, 68), (81, 68), (82, 68), (78, 69), (79, 69), (80, 69), (59, 70), (60, 70), (75, 70), (76, 70), (77, 70), (61, 71), (73, 71), (74, 71), (62, 72), (70, 72), (71, 72), (72, 72), (63, 73), (67, 73), (68, 73), (69, 73), (64, 74), (65, 74), (66, 74)]
[(83, 67), (84, 67), (85, 67), (81, 68), (82, 68), (86, 68), (78, 69), (79, 69), (80, 69), (87, 69), (75, 70), (76, 70), (77, 70), (88, 70), (73, 71), (74, 71), (89, 71), (70, 72), (71, 72), (72, 72), (67, 73), (68, 73), (69, 73), (88, 73), (64, 74), (65, 74), (66, 74), (63, 76), (87, 76), (62, 79), (86, 79), (85, 81), (61, 82), (60, 84), (84, 84), (59, 87), (83, 87), (58, 90), (82, 90), (80, 92), (81, 92), (82, 92), (57, 93), (78, 93), (79, 93), (75, 94), (76, 94), (77, 94), (56, 95), (57, 95), (72, 95), (73, 95), (74, 95), (58, 96), (70, 96), (71, 96), (59, 97), (67, 97), (68, 97), (69, 97), (60, 98), (64, 98), (65, 98), (66, 98), (61, 99), (62, 99), (63, 99)]
[(108, 64), (109, 64), (110, 64), (106, 65), (107, 65), (111, 65), (103, 66), (104, 66), (105, 66), (112, 66), (100, 67), (101, 67), (102, 67), (113, 67), (98, 68), (99, 68), (114, 68), (95, 69), (96, 69), (97, 69), (92, 70), (93, 70), (94, 70), (113, 70), (89, 71), (90, 71), (91, 71), (88, 73), (112, 73), (87, 76), (111, 76), (110, 78), (86, 79), (85, 81), (109, 81), (84, 84), (108, 84), (83, 87), (107, 87), (105, 89), (106, 89), (107, 89), (82, 90), (103, 90), (104, 90), (100, 91), (101, 91), (102, 91), (81, 92), (82, 92), (97, 92), (98, 92), (99, 92), (83, 93), (95, 93), (96, 93), (84, 94), (92, 94), (93, 94), (94, 94), (85, 95), (89, 95), (90, 95), (91, 95), (86, 96), (87, 96), (88, 96)]
[(105, 89), (106, 89), (107, 89), (103, 90), (104, 90), (108, 90), (100, 91), (101, 91), (102, 91), (109, 91), (97, 92), (98, 92), (99, 92), (110, 92), (95, 93), (96, 93), (111, 93), (92, 94), (93, 94), (94, 94), (89, 95), (90, 95), (91, 95), (110, 95), (86, 96), (87, 96), (88, 96), (85, 98), (109, 98), (84, 101), (108, 101), (107, 103), (83, 104), (82, 106), (106, 106), (81, 109), (105, 109), (80, 112), (104, 112), (102, 114), (103, 114), (104, 114)]
[(114, 92), (111, 93), (112, 93), (113, 93), (110, 95), (109, 98), (108, 101), (107, 103), (106, 106), (105, 109), (104, 112), (103, 114), (104, 114)]
[(11, 51), (12, 51), (13, 51), (9, 52), (10, 52), (14, 52), (6, 53), (7, 53), (8, 53), (15, 53), (3, 54), (4, 54), (5, 54), (16, 54), (1, 55), (2, 55), (17, 55), (0, 56), (16, 57), (15, 60), (14, 63), (13, 65), (12, 68), (11, 71), (10, 74), (8, 76), (9, 76), (10, 76), (6, 77), (7, 77), (3, 78), (4, 78), (5, 78), (0, 79), (1, 79), (2, 79)]
[(36, 48), (37, 48), (38, 48), (34, 49), (35, 49), (39, 49), (31, 50), (32, 50), (33, 50), (40, 50), (28, 51), (29, 51), (30, 51), (41, 51), (26, 52), (27, 52), (42, 52), (23, 53), (24, 53), (25, 53), (20, 54), (21, 54), (22, 54), (41, 54), (17, 55), (18, 55), (19, 55), (16, 57), (40, 57), (15, 60), (39, 60), (38, 62), (14, 63), (13, 65), (37, 65), (12, 68), (36, 68), (11, 71), (35, 71), (33, 73), (34, 73), (35, 73), (10, 74), (31, 74), (32, 74), (28, 75), (29, 75), (30, 75), (9, 76), (10, 76), (25, 76), (26, 76), (27, 76), (11, 77), (23, 77), (24, 77), (12, 78), (20, 78), (21, 78), (22, 78), (13, 79), (17, 79), (18, 79), (19, 79), (14, 80), (15, 80), (16, 80)]
[(33, 73), (34, 73), (35, 73), (31, 74), (32, 74), (36, 74), (28, 75), (29, 75), (30, 75), (37, 75), (25, 76), (26, 76), (27, 76), (38, 76), (23, 77), (24, 77), (39, 77), (20, 78), (21, 78), (22, 78), (17, 79), (18, 79), (19, 79), (38, 79), (14, 80), (15, 80), (16, 80), (13, 82), (37, 82), (12, 85), (36, 85), (35, 87), (11, 88), (10, 90), (34, 90), (9, 93), (33, 93), (8, 96), (32, 96), (30, 98), (31, 98), (32, 98), (7, 99), (28, 99), (29, 99), (25, 100), (26, 100), (27, 100), (6, 101), (7, 101), (22, 101), (23, 101), (24, 101), (8, 102), (20, 102), (21, 102), (9, 103), (17, 103), (18, 103), (19, 103), (10, 104), (14, 104), (15, 104), (16, 104), (11, 105), (12, 105), (13, 105)]
[(58, 70), (59, 70), (60, 70), (56, 71), (57, 71), (61, 71), (53, 72), (54, 72), (55, 72), (62, 72), (50, 73), (51, 73), (52, 73), (63, 73), (48, 74), (49, 74), (64, 74), (45, 75), (46, 75), (47, 75), (42, 76), (43, 76), (44, 76), (63, 76), (39, 77), (40, 77), (41, 77), (38, 79), (62, 79), (37, 82), (61, 82), (60, 84), (36, 85), (35, 87), (59, 87), (34, 90), (58, 90), (33, 93), (57, 93), (55, 95), (56, 95), (57, 95), (32, 96), (53, 96), (54, 96), (50, 97), (51, 97), (52, 97), (31, 98), (32, 98), (47, 98), (48, 98), (49, 98), (33, 99), (45, 99), (46, 99), (34, 100), (42, 100), (43, 100), (44, 100), (35, 101), (39, 101), (40, 101), (41, 101), (36, 102), (37, 102), (38, 102)]
[(55, 95), (56, 95), (57, 95), (53, 96), (54, 96), (58, 96), (50, 97), (51, 97), (52, 97), (59, 97), (47, 98), (48, 98), (49, 98), (60, 98), (45, 99), (46, 99), (61, 99), (42, 100), (43, 100), (44, 100), (39, 101), (40, 101), (41, 101), (60, 101), (36, 102), (37, 102), (38, 102), (35, 104), (59, 104), (34, 107), (58, 107), (57, 109), (33, 110), (32, 112), (56, 112)]
[(80, 92), (81, 92), (82, 92), (78, 93), (79, 93), (83, 93), (75, 94), (76, 94), (77, 94), (84, 94), (72, 95), (73, 95), (74, 95), (85, 95), (70, 96), (71, 96), (86, 96), (67, 97), (68, 97), (69, 97), (64, 98), (65, 98), (66, 98), (85, 98), (61, 99), (62, 99), (63, 99), (60, 101), (84, 101), (59, 104), (83, 104), (82, 106), (58, 107), (57, 109), (81, 109), (56, 112), (80, 112)]
[(102, 114), (103, 114), (104, 114)]
[(8, 76), (9, 76), (10, 76), (6, 77), (7, 77), (11, 77), (3, 78), (4, 78), (5, 78), (12, 78), (0, 79), (1, 79), (2, 79), (13, 79), (14, 80), (13, 82), (12, 85), (11, 88), (10, 90), (9, 93), (8, 96), (7, 99), (5, 101), (6, 101), (7, 101), (3, 102), (4, 102), (0, 103), (1, 103), (2, 103)]
[(5, 101), (6, 101), (7, 101), (3, 102), (4, 102), (8, 102), (0, 103), (1, 103), (2, 103), (9, 103), (10, 104), (11, 105), (10, 107), (9, 110), (8, 113)]
[(30, 98), (31, 98), (32, 98), (28, 99), (29, 99), (33, 99), (25, 100), (26, 100), (27, 100), (34, 100), (22, 101), (23, 101), (24, 101), (35, 101), (20, 102), (21, 102), (36, 102), (17, 103), (18, 103), (19, 103), (14, 104), (15, 104), (16, 104), (35, 104), (11, 105), (12, 105), (13, 105), (10, 107), (34, 107), (9, 110), (33, 110), (32, 112), (8, 113)]
