[(104, 49), (105, 49), (106, 49), (107, 49), (100, 50), (101, 50), (102, 50), (103, 50), (108, 50), (96, 51), (97, 51), (98, 51), (99, 51), (109, 51), (91, 52), (92, 52), (93, 52), (94, 52), (95, 52), (110, 52), (111, 53), (112, 54), (113, 55), (90, 56), (112, 59), (89, 60), (111, 63), (88, 64), (110, 67), (88, 68), (89, 69), (90, 70), (91, 71), (107, 71), (108, 71), (109, 71), (110, 71), (92, 72), (103, 72), (104, 72), (105, 72), (106, 72), (93, 73), (99, 73), (100, 73), (101, 73), (102, 73), (94, 74), (95, 74), (96, 74), (97, 74), (98, 74)]
[(113, 55), (114, 55), (112, 59), (111, 63), (110, 67), (110, 71), (111, 72), (112, 73), (113, 74), (114, 75)]
[(114, 85), (113, 89), (113, 93), (114, 94)]
[(60, 43), (61, 43), (62, 43), (63, 43), (56, 44), (57, 44), (58, 44), (59, 44), (64, 44), (52, 45), (53, 45), (54, 45), (55, 45), (65, 45), (47, 46), (48, 46), (49, 46), (50, 46), (51, 46), (66, 46), (67, 47), (68, 48), (69, 49), (46, 50), (68, 53), (45, 54), (67, 57), (44, 58), (66, 61), (44, 62), (45, 63), (46, 64), (47, 65), (63, 65), (64, 65), (65, 65), (66, 65), (48, 66), (59, 66), (60, 66), (61, 66), (62, 66), (49, 67), (55, 67), (56, 67), (57, 67), (58, 67), (50, 68), (51, 68), (52, 68), (53, 68), (54, 68)]
[(82, 46), (83, 46), (84, 46), (85, 46), (78, 47), (79, 47), (80, 47), (81, 47), (86, 47), (74, 48), (75, 48), (76, 48), (77, 48), (87, 48), (69, 49), (70, 49), (71, 49), (72, 49), (73, 49), (88, 49), (89, 50), (90, 51), (91, 52), (68, 53), (90, 56), (67, 57), (89, 60), (66, 61), (88, 64), (66, 65), (67, 66), (68, 67), (69, 68), (85, 68), (86, 68), (87, 68), (88, 68), (70, 69), (81, 69), (82, 69), (83, 69), (84, 69), (71, 70), (77, 70), (78, 70), (79, 70), (80, 70), (72, 71), (73, 71), (74, 71), (75, 71), (76, 71)]
[(85, 68), (86, 68), (87, 68), (88, 68), (81, 69), (82, 69), (83, 69), (84, 69), (89, 69), (77, 70), (78, 70), (79, 70), (80, 70), (90, 70), (72, 71), (73, 71), (74, 71), (75, 71), (76, 71), (91, 71), (92, 72), (93, 73), (94, 74), (71, 75), (93, 78), (70, 79), (92, 82), (69, 83), (91, 86), (69, 87), (70, 88), (71, 89), (72, 90), (88, 90), (89, 90), (90, 90), (91, 90), (73, 91), (84, 91), (85, 91), (86, 91), (87, 91), (74, 92), (80, 92), (81, 92), (82, 92), (83, 92), (75, 93), (76, 93), (77, 93), (78, 93), (79, 93)]
[(107, 71), (108, 71), (109, 71), (110, 71), (103, 72), (104, 72), (105, 72), (106, 72), (111, 72), (99, 73), (100, 73), (101, 73), (102, 73), (112, 73), (94, 74), (95, 74), (96, 74), (97, 74), (98, 74), (113, 74), (114, 75), (93, 78), (92, 82), (114, 85), (91, 86), (113, 89), (91, 90), (92, 91), (93, 92), (94, 93), (110, 93), (111, 93), (112, 93), (113, 93), (95, 94), (106, 94), (107, 94), (108, 94), (109, 94), (96, 95), (102, 95), (103, 95), (104, 95), (105, 95), (97, 96), (98, 96), (99, 96), (100, 96), (101, 96)]
[(110, 93), (111, 93), (112, 93), (113, 93), (106, 94), (107, 94), (108, 94), (109, 94), (114, 94), (102, 95), (103, 95), (104, 95), (105, 95), (97, 96), (98, 96), (99, 96), (100, 96), (101, 96), (96, 100), (95, 104), (94, 108), (94, 112), (95, 113), (96, 114)]
[(41, 62), (42, 62), (43, 62), (44, 62), (37, 63), (38, 63), (39, 63), (40, 63), (45, 63), (33, 64), (34, 64), (35, 64), (36, 64), (46, 64), (28, 65), (29, 65), (30, 65), (31, 65), (32, 65), (47, 65), (48, 66), (49, 67), (50, 68), (27, 69), (49, 72), (26, 73), (48, 76), (25, 77), (47, 80), (25, 81), (26, 82), (27, 83), (28, 84), (44, 84), (45, 84), (46, 84), (47, 84), (29, 85), (40, 85), (41, 85), (42, 85), (43, 85), (30, 86), (36, 86), (37, 86), (38, 86), (39, 86), (31, 87), (32, 87), (33, 87), (34, 87), (35, 87)]
[(63, 65), (64, 65), (65, 65), (66, 65), (59, 66), (60, 66), (61, 66), (62, 66), (67, 66), (55, 67), (56, 67), (57, 67), (58, 67), (68, 67), (50, 68), (51, 68), (52, 68), (53, 68), (54, 68), (69, 68), (70, 69), (71, 70), (72, 71), (49, 72), (71, 75), (48, 76), (70, 79), (47, 80), (69, 83), (47, 84), (48, 85), (49, 86), (50, 87), (66, 87), (67, 87), (68, 87), (69, 87), (51, 88), (62, 88), (63, 88), (64, 88), (65, 88), (52, 89), (58, 89), (59, 89), (60, 89), (61, 89), (53, 90), (54, 90), (55, 90), (56, 90), (57, 90)]
[(66, 87), (67, 87), (68, 87), (69, 87), (62, 88), (63, 88), (64, 88), (65, 88), (70, 88), (58, 89), (59, 89), (60, 89), (61, 89), (71, 89), (53, 90), (54, 90), (55, 90), (56, 90), (57, 90), (72, 90), (73, 91), (74, 92), (75, 93), (52, 94), (74, 97), (51, 98), (73, 101), (50, 102), (72, 105), (50, 106), (51, 107), (52, 108), (53, 109), (69, 109), (70, 109), (71, 109), (72, 109), (54, 110), (65, 110), (66, 110), (67, 110), (68, 110), (55, 111), (61, 111), (62, 111), (63, 111), (64, 111), (56, 112), (57, 112), (58, 112), (59, 112), (60, 112)]
[(88, 90), (89, 90), (90, 90), (91, 90), (84, 91), (85, 91), (86, 91), (87, 91), (92, 91), (80, 92), (81, 92), (82, 92), (83, 92), (93, 92), (75, 93), (76, 93), (77, 93), (78, 93), (79, 93), (94, 93), (95, 94), (96, 95), (97, 96), (74, 97), (96, 100), (73, 101), (95, 104), (72, 105), (94, 108), (72, 109), (73, 110), (74, 111), (75, 112), (91, 112), (92, 112), (93, 112), (94, 112), (76, 113), (87, 113), (88, 113), (89, 113), (90, 113), (77, 114), (83, 114), (84, 114), (85, 114), (86, 114)]
[(91, 112), (92, 112), (93, 112), (94, 112), (87, 113), (88, 113), (89, 113), (90, 113), (95, 113), (83, 114), (84, 114), (85, 114), (86, 114), (96, 114)]
[(44, 84), (45, 84), (46, 84), (47, 84), (40, 85), (41, 85), (42, 85), (43, 85), (48, 85), (36, 86), (37, 86), (38, 86), (39, 86), (49, 86), (31, 87), (32, 87), (33, 87), (34, 87), (35, 87), (50, 87), (51, 88), (52, 89), (53, 90), (30, 91), (52, 94), (29, 95), (51, 98), (28, 99), (50, 102), (28, 103), (29, 104), (30, 105), (31, 106), (47, 106), (48, 106), (49, 106), (50, 106), (32, 107), (43, 107), (44, 107), (45, 107), (46, 107), (33, 108), (39, 108), (40, 108), (41, 108), (42, 108), (34, 109), (35, 109), (36, 109), (37, 109), (38, 109)]
[(47, 106), (48, 106), (49, 106), (50, 106), (43, 107), (44, 107), (45, 107), (46, 107), (51, 107), (39, 108), (40, 108), (41, 108), (42, 108), (52, 108), (34, 109), (35, 109), (36, 109), (37, 109), (38, 109), (53, 109), (54, 110), (55, 111), (56, 112), (33, 113)]
[(69, 109), (70, 109), (71, 109), (72, 109), (65, 110), (66, 110), (67, 110), (68, 110), (73, 110), (61, 111), (62, 111), (63, 111), (64, 111), (74, 111), (56, 112), (57, 112), (58, 112), (59, 112), (60, 112), (75, 112), (76, 113), (77, 114)]
