[(113, 19), (114, 19), (111, 20), (112, 20), (108, 21), (109, 21), (110, 21), (106, 22), (107, 22), (103, 23), (104, 23), (105, 23), (100, 24), (101, 24), (102, 24), (99, 26), (98, 29), (114, 30), (97, 31), (113, 33), (96, 34), (112, 35), (95, 36), (112, 36), (110, 37), (111, 37), (107, 38), (108, 38), (109, 38), (94, 39), (105, 39), (106, 39), (102, 40), (103, 40), (104, 40), (93, 41), (100, 41), (101, 41), (93, 42), (97, 42), (98, 42), (99, 42), (94, 43), (95, 43), (96, 43)]
[(114, 30), (113, 33), (112, 35), (112, 36), (113, 37), (114, 37)]
[(113, 37), (114, 37), (112, 39), (111, 42), (110, 44), (109, 47), (108, 49), (107, 52), (106, 54), (113, 54), (114, 54), (106, 55), (110, 55), (111, 55), (112, 55), (107, 56), (108, 56), (109, 56)]
[(80, 29), (78, 30), (79, 30), (81, 30), (75, 31), (76, 31), (77, 31), (73, 32), (74, 32), (80, 32), (70, 33), (71, 33), (72, 33), (68, 34), (69, 34), (65, 35), (66, 35), (67, 35), (79, 35), (62, 36), (63, 36), (64, 36), (78, 37), (61, 38), (77, 40), (60, 41), (76, 42), (59, 43), (75, 45), (58, 46), (74, 47), (57, 48), (74, 48), (72, 49), (73, 49), (69, 50), (70, 50), (71, 50), (56, 51), (67, 51), (68, 51), (64, 52), (65, 52), (66, 52), (55, 53), (62, 53), (63, 53), (55, 54), (59, 54), (60, 54), (61, 54), (56, 55), (57, 55), (58, 55)]
[(99, 23), (97, 24), (98, 24), (100, 24), (94, 25), (95, 25), (96, 25), (92, 26), (93, 26), (99, 26), (89, 27), (90, 27), (91, 27), (87, 28), (88, 28), (84, 29), (85, 29), (86, 29), (98, 29), (81, 30), (82, 30), (83, 30), (97, 31), (80, 32), (96, 34), (79, 35), (95, 36), (78, 37), (94, 39), (77, 40), (93, 41), (76, 42), (93, 42), (91, 43), (92, 43), (88, 44), (89, 44), (90, 44), (75, 45), (86, 45), (87, 45), (83, 46), (84, 46), (85, 46), (74, 47), (81, 47), (82, 47), (74, 48), (78, 48), (79, 48), (80, 48), (75, 49), (76, 49), (77, 49)]
[(93, 42), (91, 43), (92, 43), (94, 43), (88, 44), (89, 44), (90, 44), (86, 45), (87, 45), (93, 45), (83, 46), (84, 46), (85, 46), (81, 47), (82, 47), (78, 48), (79, 48), (80, 48), (92, 48), (75, 49), (76, 49), (77, 49), (91, 50), (74, 51), (90, 53), (73, 54), (89, 55), (72, 56), (88, 58), (71, 59), (87, 60), (70, 61), (87, 61), (85, 62), (86, 62), (82, 63), (83, 63), (84, 63), (69, 64), (80, 64), (81, 64), (77, 65), (78, 65), (79, 65), (68, 66), (75, 66), (76, 66), (68, 67), (72, 67), (73, 67), (74, 67), (69, 68), (70, 68), (71, 68)]
[(112, 36), (110, 37), (111, 37), (113, 37), (107, 38), (108, 38), (109, 38), (105, 39), (106, 39), (112, 39), (102, 40), (103, 40), (104, 40), (100, 41), (101, 41), (97, 42), (98, 42), (99, 42), (111, 42), (94, 43), (95, 43), (96, 43), (110, 44), (93, 45), (109, 47), (92, 48), (108, 49), (91, 50), (107, 52), (90, 53), (106, 54), (89, 55), (106, 55), (104, 56), (105, 56), (101, 57), (102, 57), (103, 57), (88, 58), (99, 58), (100, 58), (96, 59), (97, 59), (98, 59), (87, 60), (94, 60), (95, 60), (87, 61), (91, 61), (92, 61), (93, 61), (88, 62), (89, 62), (90, 62)]
[(106, 55), (104, 56), (105, 56), (107, 56), (101, 57), (102, 57), (103, 57), (99, 58), (100, 58), (106, 58), (96, 59), (97, 59), (98, 59), (94, 60), (95, 60), (91, 61), (92, 61), (93, 61), (105, 61), (88, 62), (89, 62), (90, 62), (104, 63), (87, 64), (103, 66), (86, 67), (102, 68), (85, 69), (101, 71), (84, 72), (100, 73), (83, 74), (100, 74), (98, 75), (99, 75), (95, 76), (96, 76), (97, 76), (82, 77), (93, 77), (94, 77), (90, 78), (91, 78), (92, 78), (81, 79), (88, 79), (89, 79), (81, 80), (85, 80), (86, 80), (87, 80), (82, 81), (83, 81), (84, 81)]
[(113, 54), (114, 54), (110, 55), (111, 55), (112, 55), (107, 56), (108, 56), (109, 56), (106, 58), (105, 61), (104, 63), (103, 66), (102, 68), (114, 70), (101, 71), (112, 71), (113, 71), (109, 72), (110, 72), (111, 72), (100, 73), (107, 73), (108, 73), (100, 74), (104, 74), (105, 74), (106, 74), (101, 75), (102, 75), (103, 75)]
[(114, 70), (112, 71), (113, 71), (109, 72), (110, 72), (111, 72), (107, 73), (108, 73), (104, 74), (105, 74), (106, 74), (101, 75), (102, 75), (103, 75), (100, 77), (99, 80), (98, 82), (114, 84), (97, 85), (113, 86), (96, 87), (113, 87), (111, 88), (112, 88), (108, 89), (109, 89), (110, 89), (95, 90), (106, 90), (107, 90), (103, 91), (104, 91), (105, 91), (94, 92), (101, 92), (102, 92), (94, 93), (98, 93), (99, 93), (100, 93), (95, 94), (96, 94), (97, 94)]
[(114, 84), (113, 86), (113, 87), (114, 88)]
[(55, 54), (53, 55), (54, 55), (56, 55), (50, 56), (51, 56), (52, 56), (48, 57), (49, 57), (55, 57), (45, 58), (46, 58), (47, 58), (43, 59), (44, 59), (40, 60), (41, 60), (42, 60), (54, 60), (37, 61), (38, 61), (39, 61), (53, 62), (36, 63), (52, 65), (35, 66), (51, 67), (34, 68), (50, 70), (33, 71), (49, 72), (32, 73), (49, 73), (47, 74), (48, 74), (44, 75), (45, 75), (46, 75), (31, 76), (42, 76), (43, 76), (39, 77), (40, 77), (41, 77), (30, 78), (37, 78), (38, 78), (30, 79), (34, 79), (35, 79), (36, 79), (31, 80), (32, 80), (33, 80)]
[(74, 48), (72, 49), (73, 49), (75, 49), (69, 50), (70, 50), (71, 50), (67, 51), (68, 51), (74, 51), (64, 52), (65, 52), (66, 52), (62, 53), (63, 53), (59, 54), (60, 54), (61, 54), (73, 54), (56, 55), (57, 55), (58, 55), (72, 56), (55, 57), (71, 59), (54, 60), (70, 61), (53, 62), (69, 64), (52, 65), (68, 66), (51, 67), (68, 67), (66, 68), (67, 68), (63, 69), (64, 69), (65, 69), (50, 70), (61, 70), (62, 70), (58, 71), (59, 71), (60, 71), (49, 72), (56, 72), (57, 72), (49, 73), (53, 73), (54, 73), (55, 73), (50, 74), (51, 74), (52, 74)]
[(68, 67), (66, 68), (67, 68), (69, 68), (63, 69), (64, 69), (65, 69), (61, 70), (62, 70), (68, 70), (58, 71), (59, 71), (60, 71), (56, 72), (57, 72), (53, 73), (54, 73), (55, 73), (67, 73), (50, 74), (51, 74), (52, 74), (66, 75), (49, 76), (65, 78), (48, 79), (64, 80), (47, 81), (63, 83), (46, 84), (62, 85), (45, 86), (62, 86), (60, 87), (61, 87), (57, 88), (58, 88), (59, 88), (44, 89), (55, 89), (56, 89), (52, 90), (53, 90), (54, 90), (43, 91), (50, 91), (51, 91), (43, 92), (47, 92), (48, 92), (49, 92), (44, 93), (45, 93), (46, 93)]
[(87, 61), (85, 62), (86, 62), (88, 62), (82, 63), (83, 63), (84, 63), (80, 64), (81, 64), (87, 64), (77, 65), (78, 65), (79, 65), (75, 66), (76, 66), (72, 67), (73, 67), (74, 67), (86, 67), (69, 68), (70, 68), (71, 68), (85, 69), (68, 70), (84, 72), (67, 73), (83, 74), (66, 75), (82, 77), (65, 78), (81, 79), (64, 80), (81, 80), (79, 81), (80, 81), (76, 82), (77, 82), (78, 82), (63, 83), (74, 83), (75, 83), (71, 84), (72, 84), (73, 84), (62, 85), (69, 85), (70, 85), (62, 86), (66, 86), (67, 86), (68, 86), (63, 87), (64, 87), (65, 87)]
[(81, 80), (79, 81), (80, 81), (82, 81), (76, 82), (77, 82), (78, 82), (74, 83), (75, 83), (81, 83), (71, 84), (72, 84), (73, 84), (69, 85), (70, 85), (66, 86), (67, 86), (68, 86), (80, 86), (63, 87), (64, 87), (65, 87), (79, 88), (62, 89), (78, 91), (61, 92), (77, 93), (60, 94), (76, 96), (59, 97), (75, 98), (58, 99), (75, 99), (73, 100), (74, 100), (70, 101), (71, 101), (72, 101), (57, 102), (68, 102), (69, 102), (65, 103), (66, 103), (67, 103), (56, 104), (63, 104), (64, 104), (56, 105), (60, 105), (61, 105), (62, 105), (57, 106), (58, 106), (59, 106)]
[(100, 74), (98, 75), (99, 75), (101, 75), (95, 76), (96, 76), (97, 76), (93, 77), (94, 77), (100, 77), (90, 78), (91, 78), (92, 78), (88, 79), (89, 79), (85, 80), (86, 80), (87, 80), (99, 80), (82, 81), (83, 81), (84, 81), (98, 82), (81, 83), (97, 85), (80, 86), (96, 87), (79, 88), (95, 90), (78, 91), (94, 92), (77, 93), (94, 93), (92, 94), (93, 94), (89, 95), (90, 95), (91, 95), (76, 96), (87, 96), (88, 96), (84, 97), (85, 97), (86, 97), (75, 98), (82, 98), (83, 98), (75, 99), (79, 99), (80, 99), (81, 99), (76, 100), (77, 100), (78, 100)]
[(94, 93), (92, 94), (93, 94), (95, 94), (89, 95), (90, 95), (91, 95), (87, 96), (88, 96), (94, 96), (84, 97), (85, 97), (86, 97), (82, 98), (83, 98), (79, 99), (80, 99), (81, 99), (93, 99), (76, 100), (77, 100), (78, 100), (92, 101), (75, 102), (91, 104), (74, 105), (90, 106), (73, 107), (89, 109), (72, 110), (88, 111), (71, 112), (88, 112), (86, 113), (87, 113), (83, 114), (84, 114), (85, 114)]
[(113, 87), (111, 88), (112, 88), (114, 88), (108, 89), (109, 89), (110, 89), (106, 90), (107, 90), (113, 90), (103, 91), (104, 91), (105, 91), (101, 92), (102, 92), (98, 93), (99, 93), (100, 93), (112, 93), (95, 94), (96, 94), (97, 94), (111, 95), (94, 96), (110, 98), (93, 99), (109, 100), (92, 101), (108, 103), (91, 104), (107, 105), (90, 106), (107, 106), (105, 107), (106, 107), (102, 108), (103, 108), (104, 108), (89, 109), (100, 109), (101, 109), (97, 110), (98, 110), (99, 110), (88, 111), (95, 111), (96, 111), (88, 112), (92, 112), (93, 112), (94, 112), (89, 113), (90, 113), (91, 113)]
[(49, 73), (47, 74), (48, 74), (50, 74), (44, 75), (45, 75), (46, 75), (42, 76), (43, 76), (49, 76), (39, 77), (40, 77), (41, 77), (37, 78), (38, 78), (34, 79), (35, 79), (36, 79), (48, 79), (31, 80), (32, 80), (33, 80), (47, 81), (30, 82), (46, 84), (29, 85), (45, 86), (28, 87), (44, 89), (27, 90), (43, 91), (26, 92), (43, 92), (41, 93), (42, 93), (38, 94), (39, 94), (40, 94), (25, 95), (36, 95), (37, 95), (33, 96), (34, 96), (35, 96), (24, 97), (31, 97), (32, 97), (24, 98), (28, 98), (29, 98), (30, 98), (25, 99), (26, 99), (27, 99)]
[(43, 92), (41, 93), (42, 93), (44, 93), (38, 94), (39, 94), (40, 94), (36, 95), (37, 95), (43, 95), (33, 96), (34, 96), (35, 96), (31, 97), (32, 97), (28, 98), (29, 98), (30, 98), (42, 98), (25, 99), (26, 99), (27, 99), (41, 100), (24, 101), (40, 103), (23, 104), (39, 105), (22, 106), (38, 108), (21, 109), (37, 110), (20, 111), (37, 111), (35, 112), (36, 112), (32, 113), (33, 113), (34, 113), (19, 114), (30, 114), (31, 114)]
[(62, 86), (60, 87), (61, 87), (63, 87), (57, 88), (58, 88), (59, 88), (55, 89), (56, 89), (62, 89), (52, 90), (53, 90), (54, 90), (50, 91), (51, 91), (47, 92), (48, 92), (49, 92), (61, 92), (44, 93), (45, 93), (46, 93), (60, 94), (43, 95), (59, 97), (42, 98), (58, 99), (41, 100), (57, 102), (40, 103), (56, 104), (39, 105), (56, 105), (54, 106), (55, 106), (51, 107), (52, 107), (53, 107), (38, 108), (49, 108), (50, 108), (46, 109), (47, 109), (48, 109), (37, 110), (44, 110), (45, 110), (37, 111), (41, 111), (42, 111), (43, 111), (38, 112), (39, 112), (40, 112)]
[(56, 105), (54, 106), (55, 106), (57, 106), (51, 107), (52, 107), (53, 107), (49, 108), (50, 108), (56, 108), (46, 109), (47, 109), (48, 109), (44, 110), (45, 110), (41, 111), (42, 111), (43, 111), (55, 111), (38, 112), (39, 112), (40, 112), (54, 113), (37, 114)]
[(75, 99), (73, 100), (74, 100), (76, 100), (70, 101), (71, 101), (72, 101), (68, 102), (69, 102), (75, 102), (65, 103), (66, 103), (67, 103), (63, 104), (64, 104), (60, 105), (61, 105), (62, 105), (74, 105), (57, 106), (58, 106), (59, 106), (73, 107), (56, 108), (72, 110), (55, 111), (71, 112), (54, 113)]
[(88, 112), (86, 113), (87, 113), (89, 113), (83, 114), (84, 114), (85, 114)]
[(37, 111), (35, 112), (36, 112), (38, 112), (32, 113), (33, 113), (34, 113), (30, 114), (31, 114), (37, 114)]
