[(114, 31), (112, 32), (113, 32), (109, 33), (110, 33), (111, 33), (107, 34), (108, 34), (104, 35), (105, 35), (106, 35), (102, 36), (103, 36), (99, 37), (100, 37), (101, 37), (96, 38), (97, 38), (98, 38), (95, 40), (94, 43), (93, 45), (92, 48), (91, 50), (90, 53), (114, 54), (89, 55), (113, 56), (114, 56), (89, 57), (111, 57), (112, 57), (90, 58), (108, 58), (109, 58), (110, 58), (91, 59), (106, 59), (107, 59), (92, 60), (103, 60), (104, 60), (105, 60), (93, 61), (101, 61), (102, 61), (94, 62), (98, 62), (99, 62), (100, 62), (95, 63), (96, 63), (97, 63)]
[(114, 54), (114, 56)]
[(114, 77), (113, 79), (113, 81), (114, 82)]
[(64, 33), (65, 33), (62, 34), (63, 34), (66, 34), (59, 35), (60, 35), (61, 35), (67, 35), (57, 36), (58, 36), (68, 36), (54, 37), (55, 37), (56, 37), (69, 37), (52, 38), (53, 38), (70, 38), (49, 39), (50, 39), (51, 39), (71, 39), (46, 40), (47, 40), (48, 40), (70, 41), (45, 42), (69, 44), (44, 45), (68, 46), (43, 47), (67, 49), (42, 50), (66, 51), (41, 52), (65, 54), (40, 55), (64, 56), (39, 57), (63, 58), (64, 58), (39, 59), (61, 59), (62, 59), (40, 60), (58, 60), (59, 60), (60, 60), (41, 61), (56, 61), (57, 61), (42, 62), (53, 62), (54, 62), (55, 62), (43, 63), (51, 63), (52, 63), (44, 64), (48, 64), (49, 64), (50, 64), (45, 65), (46, 65), (47, 65)]
[(89, 32), (90, 32), (87, 33), (88, 33), (91, 33), (84, 34), (85, 34), (86, 34), (92, 34), (82, 35), (83, 35), (93, 35), (79, 36), (80, 36), (81, 36), (94, 36), (77, 37), (78, 37), (95, 37), (74, 38), (75, 38), (76, 38), (96, 38), (71, 39), (72, 39), (73, 39), (95, 40), (70, 41), (94, 43), (69, 44), (93, 45), (68, 46), (92, 48), (67, 49), (91, 50), (66, 51), (90, 53), (65, 54), (89, 55), (64, 56), (88, 57), (89, 57), (64, 58), (86, 58), (87, 58), (65, 59), (83, 59), (84, 59), (85, 59), (66, 60), (81, 60), (82, 60), (67, 61), (78, 61), (79, 61), (80, 61), (68, 62), (76, 62), (77, 62), (69, 63), (73, 63), (74, 63), (75, 63), (70, 64), (71, 64), (72, 64)]
[(88, 57), (89, 57), (86, 58), (87, 58), (90, 58), (83, 59), (84, 59), (85, 59), (91, 59), (81, 60), (82, 60), (92, 60), (78, 61), (79, 61), (80, 61), (93, 61), (76, 62), (77, 62), (94, 62), (73, 63), (74, 63), (75, 63), (95, 63), (70, 64), (71, 64), (72, 64), (94, 65), (69, 66), (93, 68), (68, 69), (92, 70), (67, 71), (91, 73), (66, 74), (90, 75), (65, 76), (89, 78), (64, 79), (88, 80), (63, 81), (87, 82), (88, 82), (63, 83), (85, 83), (86, 83), (64, 84), (82, 84), (83, 84), (84, 84), (65, 85), (80, 85), (81, 85), (66, 86), (77, 86), (78, 86), (79, 86), (67, 87), (75, 87), (76, 87), (68, 88), (72, 88), (73, 88), (74, 88), (69, 89), (70, 89), (71, 89)]
[(113, 56), (114, 56), (111, 57), (112, 57), (108, 58), (109, 58), (110, 58), (106, 59), (107, 59), (103, 60), (104, 60), (105, 60), (101, 61), (102, 61), (98, 62), (99, 62), (100, 62), (95, 63), (96, 63), (97, 63), (94, 65), (93, 68), (92, 70), (91, 73), (90, 75), (114, 77), (89, 78), (113, 79), (88, 80), (112, 81), (113, 81), (88, 82), (110, 82), (111, 82), (89, 83), (107, 83), (108, 83), (109, 83), (90, 84), (105, 84), (106, 84), (91, 85), (102, 85), (103, 85), (104, 85), (92, 86), (100, 86), (101, 86), (93, 87), (97, 87), (98, 87), (99, 87), (94, 88), (95, 88), (96, 88)]
[(112, 81), (113, 81), (110, 82), (111, 82), (114, 82), (107, 83), (108, 83), (109, 83), (105, 84), (106, 84), (102, 85), (103, 85), (104, 85), (100, 86), (101, 86), (97, 87), (98, 87), (99, 87), (94, 88), (95, 88), (96, 88), (93, 90), (92, 93), (91, 95), (90, 98), (114, 99), (89, 100), (113, 102), (88, 103), (112, 104), (87, 105), (111, 106), (112, 106), (87, 107), (109, 107), (110, 107), (88, 108), (106, 108), (107, 108), (108, 108), (89, 109), (104, 109), (105, 109), (90, 110), (101, 110), (102, 110), (103, 110), (91, 111), (99, 111), (100, 111), (92, 112), (96, 112), (97, 112), (98, 112), (93, 113), (94, 113), (95, 113)]
[(114, 99), (113, 102), (112, 104), (112, 106), (113, 107), (114, 108)]
[(38, 59), (39, 59), (36, 60), (37, 60), (40, 60), (33, 61), (34, 61), (35, 61), (41, 61), (31, 62), (32, 62), (42, 62), (28, 63), (29, 63), (30, 63), (43, 63), (26, 64), (27, 64), (44, 64), (23, 65), (24, 65), (25, 65), (45, 65), (20, 66), (21, 66), (22, 66), (44, 67), (19, 68), (43, 70), (18, 71), (42, 72), (17, 73), (41, 75), (16, 76), (40, 77), (15, 78), (39, 80), (14, 81), (38, 82), (13, 83), (37, 84), (38, 84), (13, 85), (35, 85), (36, 85), (14, 86), (32, 86), (33, 86), (34, 86), (15, 87), (30, 87), (31, 87), (16, 88), (27, 88), (28, 88), (29, 88), (17, 89), (25, 89), (26, 89), (18, 90), (22, 90), (23, 90), (24, 90), (19, 91), (20, 91), (21, 91)]
[(63, 58), (64, 58), (61, 59), (62, 59), (65, 59), (58, 60), (59, 60), (60, 60), (66, 60), (56, 61), (57, 61), (67, 61), (53, 62), (54, 62), (55, 62), (68, 62), (51, 63), (52, 63), (69, 63), (48, 64), (49, 64), (50, 64), (70, 64), (45, 65), (46, 65), (47, 65), (69, 66), (44, 67), (68, 69), (43, 70), (67, 71), (42, 72), (66, 74), (41, 75), (65, 76), (40, 77), (64, 79), (39, 80), (63, 81), (38, 82), (62, 83), (63, 83), (38, 84), (60, 84), (61, 84), (39, 85), (57, 85), (58, 85), (59, 85), (40, 86), (55, 86), (56, 86), (41, 87), (52, 87), (53, 87), (54, 87), (42, 88), (50, 88), (51, 88), (43, 89), (47, 89), (48, 89), (49, 89), (44, 90), (45, 90), (46, 90)]
[(62, 83), (63, 83), (60, 84), (61, 84), (64, 84), (57, 85), (58, 85), (59, 85), (65, 85), (55, 86), (56, 86), (66, 86), (52, 87), (53, 87), (54, 87), (67, 87), (50, 88), (51, 88), (68, 88), (47, 89), (48, 89), (49, 89), (69, 89), (44, 90), (45, 90), (46, 90), (68, 91), (43, 92), (67, 94), (42, 95), (66, 96), (41, 97), (65, 99), (40, 100), (64, 101), (39, 102), (63, 104), (38, 105), (62, 106), (37, 107), (61, 108), (62, 108), (37, 109), (59, 109), (60, 109), (38, 110), (56, 110), (57, 110), (58, 110), (39, 111), (54, 111), (55, 111), (40, 112), (51, 112), (52, 112), (53, 112), (41, 113), (49, 113), (50, 113), (42, 114), (46, 114), (47, 114), (48, 114)]
[(87, 82), (88, 82), (85, 83), (86, 83), (89, 83), (82, 84), (83, 84), (84, 84), (90, 84), (80, 85), (81, 85), (91, 85), (77, 86), (78, 86), (79, 86), (92, 86), (75, 87), (76, 87), (93, 87), (72, 88), (73, 88), (74, 88), (94, 88), (69, 89), (70, 89), (71, 89), (93, 90), (68, 91), (92, 93), (67, 94), (91, 95), (66, 96), (90, 98), (65, 99), (89, 100), (64, 101), (88, 103), (63, 104), (87, 105), (62, 106), (86, 107), (87, 107), (62, 108), (84, 108), (85, 108), (63, 109), (81, 109), (82, 109), (83, 109), (64, 110), (79, 110), (80, 110), (65, 111), (76, 111), (77, 111), (78, 111), (66, 112), (74, 112), (75, 112), (67, 113), (71, 113), (72, 113), (73, 113), (68, 114), (69, 114), (70, 114)]
[(86, 107), (87, 107), (84, 108), (85, 108), (88, 108), (81, 109), (82, 109), (83, 109), (89, 109), (79, 110), (80, 110), (90, 110), (76, 111), (77, 111), (78, 111), (91, 111), (74, 112), (75, 112), (92, 112), (71, 113), (72, 113), (73, 113), (93, 113), (68, 114), (69, 114), (70, 114)]
[(111, 106), (112, 106), (109, 107), (110, 107), (113, 107), (106, 108), (107, 108), (108, 108), (114, 108), (104, 109), (105, 109), (101, 110), (102, 110), (103, 110), (99, 111), (100, 111), (96, 112), (97, 112), (98, 112), (93, 113), (94, 113), (95, 113)]
[(37, 84), (38, 84), (35, 85), (36, 85), (39, 85), (32, 86), (33, 86), (34, 86), (40, 86), (30, 87), (31, 87), (41, 87), (27, 88), (28, 88), (29, 88), (42, 88), (25, 89), (26, 89), (43, 89), (22, 90), (23, 90), (24, 90), (44, 90), (19, 91), (20, 91), (21, 91), (43, 92), (18, 93), (42, 95), (17, 96), (41, 97), (16, 98), (40, 100), (15, 101), (39, 102), (14, 103), (38, 105), (13, 106), (37, 107), (12, 108), (36, 109), (37, 109), (12, 110), (34, 110), (35, 110), (13, 111), (31, 111), (32, 111), (33, 111), (14, 112), (29, 112), (30, 112), (15, 113), (26, 113), (27, 113), (28, 113), (16, 114), (24, 114), (25, 114)]
[(36, 109), (37, 109), (34, 110), (35, 110), (38, 110), (31, 111), (32, 111), (33, 111), (39, 111), (29, 112), (30, 112), (40, 112), (26, 113), (27, 113), (28, 113), (41, 113), (24, 114), (25, 114), (42, 114)]
[(61, 108), (62, 108), (59, 109), (60, 109), (63, 109), (56, 110), (57, 110), (58, 110), (64, 110), (54, 111), (55, 111), (65, 111), (51, 112), (52, 112), (53, 112), (66, 112), (49, 113), (50, 113), (67, 113), (46, 114), (47, 114), (48, 114), (68, 114)]
