[(114, 58), (113, 60), (112, 62), (111, 64), (110, 67), (109, 69), (110, 69), (111, 70), (112, 71), (113, 72), (114, 73)]
[(71, 31), (72, 31), (68, 32), (69, 32), (70, 32), (73, 32), (66, 33), (67, 33), (74, 33), (64, 34), (65, 34), (75, 34), (62, 35), (63, 35), (76, 35), (59, 36), (60, 36), (61, 36), (77, 36), (57, 37), (58, 37), (78, 37), (55, 38), (56, 38), (79, 38), (52, 39), (53, 39), (54, 39), (80, 39), (50, 40), (51, 40), (81, 40), (48, 41), (49, 41), (82, 41), (45, 42), (46, 42), (47, 42), (83, 42), (44, 44), (82, 44), (43, 46), (81, 46), (42, 48), (80, 48), (41, 51), (79, 51), (40, 53), (78, 53), (39, 55), (77, 55), (38, 58), (76, 58), (37, 60), (75, 60), (36, 62), (74, 62), (35, 64), (73, 64), (34, 67), (72, 67), (33, 69), (34, 69), (71, 69), (72, 69), (35, 70), (68, 70), (69, 70), (70, 70), (36, 71), (66, 71), (67, 71), (37, 72), (64, 72), (65, 72), (38, 73), (62, 73), (63, 73), (39, 74), (59, 74), (60, 74), (61, 74), (40, 75), (57, 75), (58, 75), (41, 76), (55, 76), (56, 76), (42, 77), (52, 77), (53, 77), (54, 77), (43, 78), (50, 78), (51, 78), (44, 79), (48, 79), (49, 79), (45, 80), (46, 80), (47, 80)]
[(109, 31), (110, 31), (106, 32), (107, 32), (108, 32), (111, 32), (104, 33), (105, 33), (112, 33), (102, 34), (103, 34), (113, 34), (100, 35), (101, 35), (114, 35), (97, 36), (98, 36), (99, 36), (95, 37), (96, 37), (93, 38), (94, 38), (90, 39), (91, 39), (92, 39), (88, 40), (89, 40), (86, 41), (87, 41), (83, 42), (84, 42), (85, 42), (82, 44), (81, 46), (80, 48), (79, 51), (78, 53), (77, 55), (76, 58), (114, 58), (75, 60), (113, 60), (74, 62), (112, 62), (73, 64), (111, 64), (72, 67), (110, 67), (71, 69), (72, 69), (109, 69), (110, 69), (73, 70), (106, 70), (107, 70), (108, 70), (74, 71), (104, 71), (105, 71), (75, 72), (102, 72), (103, 72), (76, 73), (100, 73), (101, 73), (77, 74), (97, 74), (98, 74), (99, 74), (78, 75), (95, 75), (96, 75), (79, 76), (93, 76), (94, 76), (80, 77), (90, 77), (91, 77), (92, 77), (81, 78), (88, 78), (89, 78), (82, 79), (86, 79), (87, 79), (83, 80), (84, 80), (85, 80)]
[(109, 69), (110, 69), (106, 70), (107, 70), (108, 70), (111, 70), (104, 71), (105, 71), (112, 71), (102, 72), (103, 72), (113, 72), (100, 73), (101, 73), (114, 73), (97, 74), (98, 74), (99, 74), (95, 75), (96, 75), (93, 76), (94, 76), (90, 77), (91, 77), (92, 77), (88, 78), (89, 78), (86, 79), (87, 79), (83, 80), (84, 80), (85, 80), (82, 82), (81, 84), (80, 86), (79, 89), (78, 91), (77, 93), (76, 96), (114, 96), (75, 98), (113, 98), (74, 100), (112, 100), (73, 102), (111, 102), (72, 105), (110, 105), (71, 107), (72, 107), (109, 107), (110, 107), (73, 108), (106, 108), (107, 108), (108, 108), (74, 109), (104, 109), (105, 109), (75, 110), (102, 110), (103, 110), (76, 111), (100, 111), (101, 111), (77, 112), (97, 112), (98, 112), (99, 112), (78, 113), (95, 113), (96, 113), (79, 114), (93, 114), (94, 114)]
[(114, 96), (113, 98), (112, 100), (111, 102), (110, 105), (109, 107), (110, 107), (111, 108), (112, 109), (113, 110), (114, 111)]
[(33, 69), (34, 69), (30, 70), (31, 70), (32, 70), (35, 70), (28, 71), (29, 71), (36, 71), (26, 72), (27, 72), (37, 72), (24, 73), (25, 73), (38, 73), (21, 74), (22, 74), (23, 74), (39, 74), (19, 75), (20, 75), (40, 75), (17, 76), (18, 76), (41, 76), (14, 77), (15, 77), (16, 77), (42, 77), (12, 78), (13, 78), (43, 78), (10, 79), (11, 79), (44, 79), (7, 80), (8, 80), (9, 80), (45, 80), (6, 82), (44, 82), (5, 84), (43, 84), (4, 86), (42, 86), (3, 89), (41, 89), (2, 91), (40, 91), (1, 93), (39, 93), (0, 96), (38, 96), (37, 98), (36, 100), (35, 102), (34, 105), (33, 107), (34, 107), (30, 108), (31, 108), (32, 108), (28, 109), (29, 109), (26, 110), (27, 110), (0, 111), (24, 111), (25, 111), (1, 112), (21, 112), (22, 112), (23, 112), (2, 113), (19, 113), (20, 113), (3, 114), (17, 114), (18, 114)]
[(71, 69), (72, 69), (68, 70), (69, 70), (70, 70), (73, 70), (66, 71), (67, 71), (74, 71), (64, 72), (65, 72), (75, 72), (62, 73), (63, 73), (76, 73), (59, 74), (60, 74), (61, 74), (77, 74), (57, 75), (58, 75), (78, 75), (55, 76), (56, 76), (79, 76), (52, 77), (53, 77), (54, 77), (80, 77), (50, 78), (51, 78), (81, 78), (48, 79), (49, 79), (82, 79), (45, 80), (46, 80), (47, 80), (83, 80), (44, 82), (82, 82), (43, 84), (81, 84), (42, 86), (80, 86), (41, 89), (79, 89), (40, 91), (78, 91), (39, 93), (77, 93), (38, 96), (76, 96), (37, 98), (75, 98), (36, 100), (74, 100), (35, 102), (73, 102), (34, 105), (72, 105), (33, 107), (34, 107), (71, 107), (72, 107), (35, 108), (68, 108), (69, 108), (70, 108), (36, 109), (66, 109), (67, 109), (37, 110), (64, 110), (65, 110), (38, 111), (62, 111), (63, 111), (39, 112), (59, 112), (60, 112), (61, 112), (40, 113), (57, 113), (58, 113), (41, 114), (55, 114), (56, 114)]
[(71, 107), (72, 107), (68, 108), (69, 108), (70, 108), (73, 108), (66, 109), (67, 109), (74, 109), (64, 110), (65, 110), (75, 110), (62, 111), (63, 111), (76, 111), (59, 112), (60, 112), (61, 112), (77, 112), (57, 113), (58, 113), (78, 113), (55, 114), (56, 114), (79, 114)]
[(109, 107), (110, 107), (106, 108), (107, 108), (108, 108), (111, 108), (104, 109), (105, 109), (112, 109), (102, 110), (103, 110), (113, 110), (100, 111), (101, 111), (114, 111), (97, 112), (98, 112), (99, 112), (95, 113), (96, 113), (93, 114), (94, 114)]
[(33, 107), (34, 107), (30, 108), (31, 108), (32, 108), (35, 108), (28, 109), (29, 109), (36, 109), (26, 110), (27, 110), (37, 110), (24, 111), (25, 111), (38, 111), (21, 112), (22, 112), (23, 112), (39, 112), (19, 113), (20, 113), (40, 113), (17, 114), (18, 114), (41, 114)]
