[(82, 2), (83, 2), (80, 3), (81, 3), (84, 3), (77, 4), (78, 4), (79, 4), (85, 4), (74, 5), (75, 5), (76, 5), (86, 5), (71, 6), (72, 6), (73, 6), (87, 6), (68, 7), (69, 7), (70, 7), (88, 7), (65, 8), (66, 8), (67, 8), (87, 9), (64, 10), (86, 12), (63, 13), (85, 15), (62, 16), (84, 18), (61, 19), (83, 21), (60, 22), (82, 24), (59, 25), (81, 25), (82, 25), (59, 26), (79, 26), (80, 26), (60, 27), (76, 27), (77, 27), (78, 27), (61, 28), (73, 28), (74, 28), (75, 28), (62, 29), (70, 29), (71, 29), (72, 29), (63, 30), (67, 30), (68, 30), (69, 30), (64, 31), (65, 31), (66, 31)]
[(105, 1), (106, 1), (103, 2), (104, 2), (107, 2), (100, 3), (101, 3), (102, 3), (108, 3), (97, 4), (98, 4), (99, 4), (109, 4), (94, 5), (95, 5), (96, 5), (110, 5), (91, 6), (92, 6), (93, 6), (111, 6), (88, 7), (89, 7), (90, 7), (110, 8), (87, 9), (109, 11), (86, 12), (108, 14), (85, 15), (107, 17), (84, 18), (106, 20), (83, 21), (105, 23), (82, 24), (104, 24), (105, 24), (82, 25), (102, 25), (103, 25), (83, 26), (99, 26), (100, 26), (101, 26), (84, 27), (96, 27), (97, 27), (98, 27), (85, 28), (93, 28), (94, 28), (95, 28), (86, 29), (90, 29), (91, 29), (92, 29), (87, 30), (88, 30), (89, 30)]
[(104, 24), (105, 24), (102, 25), (103, 25), (106, 25), (99, 26), (100, 26), (101, 26), (107, 26), (96, 27), (97, 27), (98, 27), (108, 27), (93, 28), (94, 28), (95, 28), (109, 28), (90, 29), (91, 29), (92, 29), (110, 29), (87, 30), (88, 30), (89, 30), (109, 31), (86, 32), (108, 34), (85, 35), (107, 37), (84, 38), (106, 40), (83, 41), (105, 43), (82, 44), (104, 46), (81, 47), (103, 47), (104, 47), (81, 48), (101, 48), (102, 48), (82, 49), (98, 49), (99, 49), (100, 49), (83, 50), (95, 50), (96, 50), (97, 50), (84, 51), (92, 51), (93, 51), (94, 51), (85, 52), (89, 52), (90, 52), (91, 52), (86, 53), (87, 53), (88, 53)]
[(113, 28), (114, 28), (110, 29), (111, 29), (112, 29), (109, 31), (108, 34), (107, 37), (106, 40), (105, 43), (104, 46), (104, 47), (105, 48), (106, 49), (107, 50), (108, 51), (112, 51), (113, 51), (114, 51), (109, 52), (110, 52), (111, 52)]
[(112, 51), (113, 51), (114, 51), (109, 52), (110, 52), (111, 52), (108, 54), (107, 57), (106, 60), (105, 63), (104, 66), (103, 69), (103, 70), (104, 71), (105, 72), (106, 73), (114, 73), (107, 74), (111, 74), (112, 74), (113, 74), (108, 75), (109, 75), (110, 75)]
[(36, 4), (37, 4), (34, 5), (35, 5), (38, 5), (31, 6), (32, 6), (33, 6), (39, 6), (28, 7), (29, 7), (30, 7), (40, 7), (25, 8), (26, 8), (27, 8), (41, 8), (22, 9), (23, 9), (24, 9), (42, 9), (19, 10), (20, 10), (21, 10), (41, 11), (18, 12), (40, 14), (17, 15), (39, 17), (16, 18), (38, 20), (15, 21), (37, 23), (14, 24), (36, 26), (13, 27), (35, 27), (36, 27), (13, 28), (33, 28), (34, 28), (14, 29), (30, 29), (31, 29), (32, 29), (15, 30), (27, 30), (28, 30), (29, 30), (16, 31), (24, 31), (25, 31), (26, 31), (17, 32), (21, 32), (22, 32), (23, 32), (18, 33), (19, 33), (20, 33)]
[(59, 3), (60, 3), (57, 4), (58, 4), (61, 4), (54, 5), (55, 5), (56, 5), (62, 5), (51, 6), (52, 6), (53, 6), (63, 6), (48, 7), (49, 7), (50, 7), (64, 7), (45, 8), (46, 8), (47, 8), (65, 8), (42, 9), (43, 9), (44, 9), (64, 10), (41, 11), (63, 13), (40, 14), (62, 16), (39, 17), (61, 19), (38, 20), (60, 22), (37, 23), (59, 25), (36, 26), (58, 26), (59, 26), (36, 27), (56, 27), (57, 27), (37, 28), (53, 28), (54, 28), (55, 28), (38, 29), (50, 29), (51, 29), (52, 29), (39, 30), (47, 30), (48, 30), (49, 30), (40, 31), (44, 31), (45, 31), (46, 31), (41, 32), (42, 32), (43, 32)]
[(58, 26), (59, 26), (56, 27), (57, 27), (60, 27), (53, 28), (54, 28), (55, 28), (61, 28), (50, 29), (51, 29), (52, 29), (62, 29), (47, 30), (48, 30), (49, 30), (63, 30), (44, 31), (45, 31), (46, 31), (64, 31), (41, 32), (42, 32), (43, 32), (63, 33), (40, 34), (62, 36), (39, 37), (61, 39), (38, 40), (60, 42), (37, 43), (59, 45), (36, 46), (58, 48), (35, 49), (57, 49), (58, 49), (35, 50), (55, 50), (56, 50), (36, 51), (52, 51), (53, 51), (54, 51), (37, 52), (49, 52), (50, 52), (51, 52), (38, 53), (46, 53), (47, 53), (48, 53), (39, 54), (43, 54), (44, 54), (45, 54), (40, 55), (41, 55), (42, 55)]
[(81, 25), (82, 25), (79, 26), (80, 26), (83, 26), (76, 27), (77, 27), (78, 27), (84, 27), (73, 28), (74, 28), (75, 28), (85, 28), (70, 29), (71, 29), (72, 29), (86, 29), (67, 30), (68, 30), (69, 30), (87, 30), (64, 31), (65, 31), (66, 31), (86, 32), (63, 33), (85, 35), (62, 36), (84, 38), (61, 39), (83, 41), (60, 42), (82, 44), (59, 45), (81, 47), (58, 48), (80, 48), (81, 48), (58, 49), (78, 49), (79, 49), (59, 50), (75, 50), (76, 50), (77, 50), (60, 51), (72, 51), (73, 51), (74, 51), (61, 52), (69, 52), (70, 52), (71, 52), (62, 53), (66, 53), (67, 53), (68, 53), (63, 54), (64, 54), (65, 54)]
[(80, 48), (81, 48), (78, 49), (79, 49), (82, 49), (75, 50), (76, 50), (77, 50), (83, 50), (72, 51), (73, 51), (74, 51), (84, 51), (69, 52), (70, 52), (71, 52), (85, 52), (66, 53), (67, 53), (68, 53), (86, 53), (63, 54), (64, 54), (65, 54), (85, 55), (62, 56), (84, 58), (61, 59), (83, 61), (60, 62), (82, 64), (59, 65), (81, 67), (58, 68), (80, 70), (57, 71), (79, 71), (80, 71), (57, 72), (77, 72), (78, 72), (58, 73), (74, 73), (75, 73), (76, 73), (59, 74), (71, 74), (72, 74), (73, 74), (60, 75), (68, 75), (69, 75), (70, 75), (61, 76), (65, 76), (66, 76), (67, 76), (62, 77), (63, 77), (64, 77)]
[(103, 47), (104, 47), (101, 48), (102, 48), (105, 48), (98, 49), (99, 49), (100, 49), (106, 49), (95, 50), (96, 50), (97, 50), (107, 50), (92, 51), (93, 51), (94, 51), (108, 51), (89, 52), (90, 52), (91, 52), (109, 52), (86, 53), (87, 53), (88, 53), (108, 54), (85, 55), (107, 57), (84, 58), (106, 60), (83, 61), (105, 63), (82, 64), (104, 66), (81, 67), (103, 69), (80, 70), (102, 70), (103, 70), (80, 71), (100, 71), (101, 71), (81, 72), (97, 72), (98, 72), (99, 72), (82, 73), (94, 73), (95, 73), (96, 73), (83, 74), (91, 74), (92, 74), (93, 74), (84, 75), (88, 75), (89, 75), (90, 75), (85, 76), (86, 76), (87, 76)]
[(102, 70), (103, 70), (100, 71), (101, 71), (104, 71), (97, 72), (98, 72), (99, 72), (105, 72), (94, 73), (95, 73), (96, 73), (106, 73), (91, 74), (92, 74), (93, 74), (107, 74), (88, 75), (89, 75), (90, 75), (108, 75), (85, 76), (86, 76), (87, 76), (107, 77), (84, 78), (106, 80), (83, 81), (105, 83), (82, 84), (104, 86), (81, 87), (103, 89), (80, 90), (102, 92), (79, 93), (101, 93), (102, 93), (79, 94), (99, 94), (100, 94), (80, 95), (96, 95), (97, 95), (98, 95), (81, 96), (93, 96), (94, 96), (95, 96), (82, 97), (90, 97), (91, 97), (92, 97), (83, 98), (87, 98), (88, 98), (89, 98), (84, 99), (85, 99), (86, 99)]
[(114, 73), (111, 74), (112, 74), (113, 74), (108, 75), (109, 75), (110, 75), (107, 77), (106, 80), (105, 83), (104, 86), (103, 89), (102, 92), (102, 93), (103, 94), (104, 95), (105, 96), (113, 96), (114, 96), (106, 97), (110, 97), (111, 97), (112, 97), (107, 98), (108, 98), (109, 98)]
[(113, 96), (114, 96), (110, 97), (111, 97), (112, 97), (107, 98), (108, 98), (109, 98), (106, 100), (105, 103), (104, 106), (103, 109), (102, 112)]
[(12, 28), (13, 28), (10, 29), (11, 29), (14, 29), (7, 30), (8, 30), (9, 30), (15, 30), (4, 31), (5, 31), (6, 31), (16, 31), (1, 32), (2, 32), (3, 32), (17, 32), (0, 33), (18, 33), (17, 35), (16, 38), (15, 41), (14, 44), (13, 47), (12, 50), (11, 51), (12, 51), (9, 52), (10, 52), (6, 53), (7, 53), (8, 53), (3, 54), (4, 54), (5, 54), (0, 55), (1, 55), (2, 55)]
[(35, 27), (36, 27), (33, 28), (34, 28), (37, 28), (30, 29), (31, 29), (32, 29), (38, 29), (27, 30), (28, 30), (29, 30), (39, 30), (24, 31), (25, 31), (26, 31), (40, 31), (21, 32), (22, 32), (23, 32), (41, 32), (18, 33), (19, 33), (20, 33), (40, 34), (17, 35), (39, 37), (16, 38), (38, 40), (15, 41), (37, 43), (14, 44), (36, 46), (13, 47), (35, 49), (12, 50), (34, 50), (35, 50), (12, 51), (32, 51), (33, 51), (13, 52), (29, 52), (30, 52), (31, 52), (14, 53), (26, 53), (27, 53), (28, 53), (15, 54), (23, 54), (24, 54), (25, 54), (16, 55), (20, 55), (21, 55), (22, 55), (17, 56), (18, 56), (19, 56)]
[(34, 50), (35, 50), (32, 51), (33, 51), (36, 51), (29, 52), (30, 52), (31, 52), (37, 52), (26, 53), (27, 53), (28, 53), (38, 53), (23, 54), (24, 54), (25, 54), (39, 54), (20, 55), (21, 55), (22, 55), (40, 55), (17, 56), (18, 56), (19, 56), (39, 57), (16, 58), (38, 60), (15, 61), (37, 63), (14, 64), (36, 66), (13, 67), (35, 69), (12, 70), (34, 72), (11, 73), (33, 73), (34, 73), (11, 74), (31, 74), (32, 74), (12, 75), (28, 75), (29, 75), (30, 75), (13, 76), (25, 76), (26, 76), (27, 76), (14, 77), (22, 77), (23, 77), (24, 77), (15, 78), (19, 78), (20, 78), (21, 78), (16, 79), (17, 79), (18, 79)]
[(57, 49), (58, 49), (55, 50), (56, 50), (59, 50), (52, 51), (53, 51), (54, 51), (60, 51), (49, 52), (50, 52), (51, 52), (61, 52), (46, 53), (47, 53), (48, 53), (62, 53), (43, 54), (44, 54), (45, 54), (63, 54), (40, 55), (41, 55), (42, 55), (62, 56), (39, 57), (61, 59), (38, 60), (60, 62), (37, 63), (59, 65), (36, 66), (58, 68), (35, 69), (57, 71), (34, 72), (56, 72), (57, 72), (34, 73), (54, 73), (55, 73), (35, 74), (51, 74), (52, 74), (53, 74), (36, 75), (48, 75), (49, 75), (50, 75), (37, 76), (45, 76), (46, 76), (47, 76), (38, 77), (42, 77), (43, 77), (44, 77), (39, 78), (40, 78), (41, 78)]
[(56, 72), (57, 72), (54, 73), (55, 73), (58, 73), (51, 74), (52, 74), (53, 74), (59, 74), (48, 75), (49, 75), (50, 75), (60, 75), (45, 76), (46, 76), (47, 76), (61, 76), (42, 77), (43, 77), (44, 77), (62, 77), (39, 78), (40, 78), (41, 78), (61, 79), (38, 80), (60, 82), (37, 83), (59, 85), (36, 86), (58, 88), (35, 89), (57, 91), (34, 92), (56, 94), (33, 95), (55, 95), (56, 95), (33, 96), (53, 96), (54, 96), (34, 97), (50, 97), (51, 97), (52, 97), (35, 98), (47, 98), (48, 98), (49, 98), (36, 99), (44, 99), (45, 99), (46, 99), (37, 100), (41, 100), (42, 100), (43, 100), (38, 101), (39, 101), (40, 101)]
[(79, 71), (80, 71), (77, 72), (78, 72), (81, 72), (74, 73), (75, 73), (76, 73), (82, 73), (71, 74), (72, 74), (73, 74), (83, 74), (68, 75), (69, 75), (70, 75), (84, 75), (65, 76), (66, 76), (67, 76), (85, 76), (62, 77), (63, 77), (64, 77), (84, 78), (61, 79), (83, 81), (60, 82), (82, 84), (59, 85), (81, 87), (58, 88), (80, 90), (57, 91), (79, 93), (56, 94), (78, 94), (79, 94), (56, 95), (76, 95), (77, 95), (57, 96), (73, 96), (74, 96), (75, 96), (58, 97), (70, 97), (71, 97), (72, 97), (59, 98), (67, 98), (68, 98), (69, 98), (60, 99), (64, 99), (65, 99), (66, 99), (61, 100), (62, 100), (63, 100)]
[(78, 94), (79, 94), (76, 95), (77, 95), (80, 95), (73, 96), (74, 96), (75, 96), (81, 96), (70, 97), (71, 97), (72, 97), (82, 97), (67, 98), (68, 98), (69, 98), (83, 98), (64, 99), (65, 99), (66, 99), (84, 99), (61, 100), (62, 100), (63, 100), (83, 101), (60, 102), (82, 104), (59, 105), (81, 107), (58, 108), (80, 110), (57, 111), (79, 113), (56, 114)]
[(101, 93), (102, 93), (99, 94), (100, 94), (103, 94), (96, 95), (97, 95), (98, 95), (104, 95), (93, 96), (94, 96), (95, 96), (105, 96), (90, 97), (91, 97), (92, 97), (106, 97), (87, 98), (88, 98), (89, 98), (107, 98), (84, 99), (85, 99), (86, 99), (106, 100), (83, 101), (105, 103), (82, 104), (104, 106), (81, 107), (103, 109), (80, 110), (102, 112), (79, 113)]
[(11, 51), (12, 51), (9, 52), (10, 52), (13, 52), (6, 53), (7, 53), (8, 53), (14, 53), (3, 54), (4, 54), (5, 54), (15, 54), (0, 55), (1, 55), (2, 55), (16, 55), (17, 56), (16, 58), (15, 61), (14, 64), (13, 67), (12, 70), (11, 73), (10, 74), (11, 74), (8, 75), (9, 75), (5, 76), (6, 76), (7, 76), (2, 77), (3, 77), (4, 77), (0, 78), (1, 78)]
[(10, 74), (11, 74), (8, 75), (9, 75), (12, 75), (5, 76), (6, 76), (7, 76), (13, 76), (2, 77), (3, 77), (4, 77), (14, 77), (0, 78), (1, 78), (15, 78), (16, 79), (15, 81), (14, 84), (13, 87), (12, 90), (11, 93), (10, 96), (9, 97), (10, 97), (7, 98), (8, 98), (4, 99), (5, 99), (6, 99), (1, 100), (2, 100), (3, 100), (0, 101)]
[(33, 73), (34, 73), (31, 74), (32, 74), (35, 74), (28, 75), (29, 75), (30, 75), (36, 75), (25, 76), (26, 76), (27, 76), (37, 76), (22, 77), (23, 77), (24, 77), (38, 77), (19, 78), (20, 78), (21, 78), (39, 78), (16, 79), (17, 79), (18, 79), (38, 80), (15, 81), (37, 83), (14, 84), (36, 86), (13, 87), (35, 89), (12, 90), (34, 92), (11, 93), (33, 95), (10, 96), (32, 96), (33, 96), (10, 97), (30, 97), (31, 97), (11, 98), (27, 98), (28, 98), (29, 98), (12, 99), (24, 99), (25, 99), (26, 99), (13, 100), (21, 100), (22, 100), (23, 100), (14, 101), (18, 101), (19, 101), (20, 101), (15, 102), (16, 102), (17, 102)]
[(32, 96), (33, 96), (30, 97), (31, 97), (34, 97), (27, 98), (28, 98), (29, 98), (35, 98), (24, 99), (25, 99), (26, 99), (36, 99), (21, 100), (22, 100), (23, 100), (37, 100), (18, 101), (19, 101), (20, 101), (38, 101), (15, 102), (16, 102), (17, 102), (37, 103), (14, 104), (36, 106), (13, 107), (35, 109), (12, 110), (34, 112), (11, 113)]
[(55, 95), (56, 95), (53, 96), (54, 96), (57, 96), (50, 97), (51, 97), (52, 97), (58, 97), (47, 98), (48, 98), (49, 98), (59, 98), (44, 99), (45, 99), (46, 99), (60, 99), (41, 100), (42, 100), (43, 100), (61, 100), (38, 101), (39, 101), (40, 101), (60, 102), (37, 103), (59, 105), (36, 106), (58, 108), (35, 109), (57, 111), (34, 112), (56, 114)]
[(9, 97), (10, 97), (7, 98), (8, 98), (11, 98), (4, 99), (5, 99), (6, 99), (12, 99), (1, 100), (2, 100), (3, 100), (13, 100), (0, 101), (14, 101), (15, 102), (14, 104), (13, 107), (12, 110), (11, 113)]
