[(76, 17), (77, 17), (73, 18), (74, 18), (75, 18), (78, 18), (70, 19), (71, 19), (72, 19), (79, 19), (68, 20), (69, 20), (80, 20), (65, 21), (66, 21), (67, 21), (81, 21), (62, 22), (63, 22), (64, 22), (82, 22), (83, 23), (61, 24), (82, 25), (60, 27), (81, 28), (59, 30), (80, 31), (58, 32), (79, 33), (57, 35), (78, 36), (57, 37), (58, 38), (77, 38), (78, 38), (59, 39), (74, 39), (75, 39), (76, 39), (60, 40), (71, 40), (72, 40), (73, 40), (61, 41), (69, 41), (70, 41), (62, 42), (66, 42), (67, 42), (68, 42), (63, 43), (64, 43), (65, 43)]
[(97, 18), (98, 18), (94, 19), (95, 19), (96, 19), (99, 19), (91, 20), (92, 20), (93, 20), (100, 20), (89, 21), (90, 21), (101, 21), (86, 22), (87, 22), (88, 22), (102, 22), (83, 23), (84, 23), (85, 23), (103, 23), (104, 24), (82, 25), (103, 26), (81, 28), (102, 29), (80, 31), (101, 32), (79, 33), (100, 34), (78, 36), (99, 37), (78, 38), (79, 39), (98, 39), (99, 39), (80, 40), (95, 40), (96, 40), (97, 40), (81, 41), (92, 41), (93, 41), (94, 41), (82, 42), (90, 42), (91, 42), (83, 43), (87, 43), (88, 43), (89, 43), (84, 44), (85, 44), (86, 44)]
[(98, 39), (99, 39), (95, 40), (96, 40), (97, 40), (100, 40), (92, 41), (93, 41), (94, 41), (101, 41), (90, 42), (91, 42), (102, 42), (87, 43), (88, 43), (89, 43), (103, 43), (84, 44), (85, 44), (86, 44), (104, 44), (105, 45), (83, 46), (104, 47), (82, 49), (103, 50), (81, 52), (102, 53), (80, 54), (101, 55), (79, 57), (100, 58), (79, 59), (80, 60), (99, 60), (100, 60), (81, 61), (96, 61), (97, 61), (98, 61), (82, 62), (93, 62), (94, 62), (95, 62), (83, 63), (91, 63), (92, 63), (84, 64), (88, 64), (89, 64), (90, 64), (85, 65), (86, 65), (87, 65)]
[(113, 42), (114, 42), (111, 43), (112, 43), (108, 44), (109, 44), (110, 44), (105, 45), (106, 45), (107, 45), (104, 47), (103, 50), (102, 53), (101, 55), (100, 58), (100, 60), (101, 61), (102, 62), (103, 63), (114, 63), (104, 64), (112, 64), (113, 64), (105, 65), (109, 65), (110, 65), (111, 65), (106, 66), (107, 66), (108, 66)]
[(114, 63), (112, 64), (113, 64), (109, 65), (110, 65), (111, 65), (106, 66), (107, 66), (108, 66), (105, 68), (104, 71), (103, 74), (102, 76), (101, 79), (101, 81), (102, 82), (103, 83), (104, 84), (105, 85), (113, 85), (114, 85), (106, 86), (110, 86), (111, 86), (112, 86), (107, 87), (108, 87), (109, 87)]
[(34, 15), (35, 15), (31, 16), (32, 16), (33, 16), (36, 16), (28, 17), (29, 17), (30, 17), (37, 17), (26, 18), (27, 18), (38, 18), (23, 19), (24, 19), (25, 19), (39, 19), (20, 20), (21, 20), (22, 20), (40, 20), (41, 21), (19, 22), (40, 23), (18, 25), (39, 26), (17, 28), (38, 29), (16, 30), (37, 31), (15, 33), (36, 34), (15, 35), (16, 36), (35, 36), (36, 36), (17, 37), (32, 37), (33, 37), (34, 37), (18, 38), (29, 38), (30, 38), (31, 38), (19, 39), (27, 39), (28, 39), (20, 40), (24, 40), (25, 40), (26, 40), (21, 41), (22, 41), (23, 41)]
[(55, 16), (56, 16), (52, 17), (53, 17), (54, 17), (57, 17), (49, 18), (50, 18), (51, 18), (58, 18), (47, 19), (48, 19), (59, 19), (44, 20), (45, 20), (46, 20), (60, 20), (41, 21), (42, 21), (43, 21), (61, 21), (62, 22), (40, 23), (61, 24), (39, 26), (60, 27), (38, 29), (59, 30), (37, 31), (58, 32), (36, 34), (57, 35), (36, 36), (37, 37), (56, 37), (57, 37), (38, 38), (53, 38), (54, 38), (55, 38), (39, 39), (50, 39), (51, 39), (52, 39), (40, 40), (48, 40), (49, 40), (41, 41), (45, 41), (46, 41), (47, 41), (42, 42), (43, 42), (44, 42)]
[(56, 37), (57, 37), (53, 38), (54, 38), (55, 38), (58, 38), (50, 39), (51, 39), (52, 39), (59, 39), (48, 40), (49, 40), (60, 40), (45, 41), (46, 41), (47, 41), (61, 41), (42, 42), (43, 42), (44, 42), (62, 42), (63, 43), (41, 44), (62, 45), (40, 47), (61, 48), (39, 50), (60, 51), (38, 52), (59, 53), (37, 55), (58, 56), (37, 57), (38, 58), (57, 58), (58, 58), (39, 59), (54, 59), (55, 59), (56, 59), (40, 60), (51, 60), (52, 60), (53, 60), (41, 61), (49, 61), (50, 61), (42, 62), (46, 62), (47, 62), (48, 62), (43, 63), (44, 63), (45, 63)]
[(77, 38), (78, 38), (74, 39), (75, 39), (76, 39), (79, 39), (71, 40), (72, 40), (73, 40), (80, 40), (69, 41), (70, 41), (81, 41), (66, 42), (67, 42), (68, 42), (82, 42), (63, 43), (64, 43), (65, 43), (83, 43), (84, 44), (62, 45), (83, 46), (61, 48), (82, 49), (60, 51), (81, 52), (59, 53), (80, 54), (58, 56), (79, 57), (58, 58), (59, 59), (78, 59), (79, 59), (60, 60), (75, 60), (76, 60), (77, 60), (61, 61), (72, 61), (73, 61), (74, 61), (62, 62), (70, 62), (71, 62), (63, 63), (67, 63), (68, 63), (69, 63), (64, 64), (65, 64), (66, 64)]
[(78, 59), (79, 59), (75, 60), (76, 60), (77, 60), (80, 60), (72, 61), (73, 61), (74, 61), (81, 61), (70, 62), (71, 62), (82, 62), (67, 63), (68, 63), (69, 63), (83, 63), (64, 64), (65, 64), (66, 64), (84, 64), (85, 65), (63, 66), (84, 67), (62, 69), (83, 70), (61, 72), (82, 73), (60, 74), (81, 75), (59, 77), (80, 78), (59, 79), (60, 80), (79, 80), (80, 80), (61, 81), (76, 81), (77, 81), (78, 81), (62, 82), (73, 82), (74, 82), (75, 82), (63, 83), (71, 83), (72, 83), (64, 84), (68, 84), (69, 84), (70, 84), (65, 85), (66, 85), (67, 85)]
[(99, 60), (100, 60), (96, 61), (97, 61), (98, 61), (101, 61), (93, 62), (94, 62), (95, 62), (102, 62), (91, 63), (92, 63), (103, 63), (88, 64), (89, 64), (90, 64), (104, 64), (85, 65), (86, 65), (87, 65), (105, 65), (106, 66), (84, 67), (105, 68), (83, 70), (104, 71), (82, 73), (103, 74), (81, 75), (102, 76), (80, 78), (101, 79), (80, 80), (81, 81), (100, 81), (101, 81), (82, 82), (97, 82), (98, 82), (99, 82), (83, 83), (94, 83), (95, 83), (96, 83), (84, 84), (92, 84), (93, 84), (85, 85), (89, 85), (90, 85), (91, 85), (86, 86), (87, 86), (88, 86)]
[(100, 81), (101, 81), (97, 82), (98, 82), (99, 82), (102, 82), (94, 83), (95, 83), (96, 83), (103, 83), (92, 84), (93, 84), (104, 84), (89, 85), (90, 85), (91, 85), (105, 85), (86, 86), (87, 86), (88, 86), (106, 86), (107, 87), (85, 88), (106, 89), (84, 91), (105, 92), (83, 94), (104, 95), (82, 96), (103, 97), (81, 99), (102, 100), (81, 101), (82, 102), (101, 102), (102, 102), (83, 103), (98, 103), (99, 103), (100, 103), (84, 104), (95, 104), (96, 104), (97, 104), (85, 105), (93, 105), (94, 105), (86, 106), (90, 106), (91, 106), (92, 106), (87, 107), (88, 107), (89, 107)]
[(113, 85), (114, 85), (110, 86), (111, 86), (112, 86), (107, 87), (108, 87), (109, 87), (106, 89), (105, 92), (104, 95), (103, 97), (102, 100), (102, 102), (103, 103), (104, 104), (105, 105), (106, 106), (114, 106), (107, 107), (111, 107), (112, 107), (113, 107), (108, 108), (109, 108), (110, 108)]
[(114, 106), (111, 107), (112, 107), (113, 107), (108, 108), (109, 108), (110, 108), (107, 110), (106, 113)]
[(14, 35), (15, 35), (11, 36), (12, 36), (13, 36), (16, 36), (8, 37), (9, 37), (10, 37), (17, 37), (6, 38), (7, 38), (18, 38), (3, 39), (4, 39), (5, 39), (19, 39), (0, 40), (1, 40), (2, 40), (20, 40), (21, 41), (20, 43), (19, 46), (18, 49), (17, 51), (16, 54), (15, 56), (16, 56), (12, 57), (13, 57), (14, 57), (9, 58), (10, 58), (11, 58), (7, 59), (8, 59), (0, 60), (4, 60), (5, 60), (6, 60), (1, 61), (2, 61), (3, 61)]
[(35, 36), (36, 36), (32, 37), (33, 37), (34, 37), (37, 37), (29, 38), (30, 38), (31, 38), (38, 38), (27, 39), (28, 39), (39, 39), (24, 40), (25, 40), (26, 40), (40, 40), (21, 41), (22, 41), (23, 41), (41, 41), (42, 42), (20, 43), (41, 44), (19, 46), (40, 47), (18, 49), (39, 50), (17, 51), (38, 52), (16, 54), (37, 55), (16, 56), (17, 57), (36, 57), (37, 57), (18, 58), (33, 58), (34, 58), (35, 58), (19, 59), (30, 59), (31, 59), (32, 59), (20, 60), (28, 60), (29, 60), (21, 61), (25, 61), (26, 61), (27, 61), (22, 62), (23, 62), (24, 62)]
[(36, 57), (37, 57), (33, 58), (34, 58), (35, 58), (38, 58), (30, 59), (31, 59), (32, 59), (39, 59), (28, 60), (29, 60), (40, 60), (25, 61), (26, 61), (27, 61), (41, 61), (22, 62), (23, 62), (24, 62), (42, 62), (43, 63), (21, 64), (42, 65), (20, 67), (41, 68), (19, 70), (40, 71), (18, 72), (39, 73), (17, 75), (38, 76), (17, 77), (18, 78), (37, 78), (38, 78), (19, 79), (34, 79), (35, 79), (36, 79), (20, 80), (31, 80), (32, 80), (33, 80), (21, 81), (29, 81), (30, 81), (22, 82), (26, 82), (27, 82), (28, 82), (23, 83), (24, 83), (25, 83)]
[(57, 58), (58, 58), (54, 59), (55, 59), (56, 59), (59, 59), (51, 60), (52, 60), (53, 60), (60, 60), (49, 61), (50, 61), (61, 61), (46, 62), (47, 62), (48, 62), (62, 62), (43, 63), (44, 63), (45, 63), (63, 63), (64, 64), (42, 65), (63, 66), (41, 68), (62, 69), (40, 71), (61, 72), (39, 73), (60, 74), (38, 76), (59, 77), (38, 78), (39, 79), (58, 79), (59, 79), (40, 80), (55, 80), (56, 80), (57, 80), (41, 81), (52, 81), (53, 81), (54, 81), (42, 82), (50, 82), (51, 82), (43, 83), (47, 83), (48, 83), (49, 83), (44, 84), (45, 84), (46, 84)]
[(58, 79), (59, 79), (55, 80), (56, 80), (57, 80), (60, 80), (52, 81), (53, 81), (54, 81), (61, 81), (50, 82), (51, 82), (62, 82), (47, 83), (48, 83), (49, 83), (63, 83), (44, 84), (45, 84), (46, 84), (64, 84), (65, 85), (43, 86), (64, 87), (42, 89), (63, 90), (41, 92), (62, 93), (40, 94), (61, 95), (39, 97), (60, 98), (39, 99), (40, 100), (59, 100), (60, 100), (41, 101), (56, 101), (57, 101), (58, 101), (42, 102), (53, 102), (54, 102), (55, 102), (43, 103), (51, 103), (52, 103), (44, 104), (48, 104), (49, 104), (50, 104), (45, 105), (46, 105), (47, 105)]
[(79, 80), (80, 80), (76, 81), (77, 81), (78, 81), (81, 81), (73, 82), (74, 82), (75, 82), (82, 82), (71, 83), (72, 83), (83, 83), (68, 84), (69, 84), (70, 84), (84, 84), (65, 85), (66, 85), (67, 85), (85, 85), (86, 86), (64, 87), (85, 88), (63, 90), (84, 91), (62, 93), (83, 94), (61, 95), (82, 96), (60, 98), (81, 99), (60, 100), (61, 101), (80, 101), (81, 101), (62, 102), (77, 102), (78, 102), (79, 102), (63, 103), (74, 103), (75, 103), (76, 103), (64, 104), (72, 104), (73, 104), (65, 105), (69, 105), (70, 105), (71, 105), (66, 106), (67, 106), (68, 106)]
[(80, 101), (81, 101), (77, 102), (78, 102), (79, 102), (82, 102), (74, 103), (75, 103), (76, 103), (83, 103), (72, 104), (73, 104), (84, 104), (69, 105), (70, 105), (71, 105), (85, 105), (66, 106), (67, 106), (68, 106), (86, 106), (87, 107), (65, 108), (86, 109), (64, 111), (85, 112), (63, 114)]
[(101, 102), (102, 102), (98, 103), (99, 103), (100, 103), (103, 103), (95, 104), (96, 104), (97, 104), (104, 104), (93, 105), (94, 105), (105, 105), (90, 106), (91, 106), (92, 106), (106, 106), (87, 107), (88, 107), (89, 107), (107, 107), (108, 108), (86, 109), (107, 110), (85, 112), (106, 113)]
[(15, 56), (16, 56), (12, 57), (13, 57), (14, 57), (17, 57), (9, 58), (10, 58), (11, 58), (18, 58), (7, 59), (8, 59), (19, 59), (4, 60), (5, 60), (6, 60), (20, 60), (1, 61), (2, 61), (3, 61), (21, 61), (22, 62), (0, 63), (21, 64), (20, 67), (19, 70), (18, 72), (17, 75), (16, 77), (17, 77), (13, 78), (14, 78), (15, 78), (10, 79), (11, 79), (12, 79), (0, 80), (8, 80), (9, 80), (1, 81), (5, 81), (6, 81), (7, 81), (2, 82), (3, 82), (4, 82)]
[(16, 77), (17, 77), (13, 78), (14, 78), (15, 78), (18, 78), (10, 79), (11, 79), (12, 79), (19, 79), (8, 80), (9, 80), (20, 80), (5, 81), (6, 81), (7, 81), (21, 81), (2, 82), (3, 82), (4, 82), (22, 82), (23, 83), (1, 84), (22, 85), (0, 87), (21, 88), (20, 91), (19, 93), (18, 96), (17, 98), (18, 98), (14, 99), (15, 99), (16, 99), (0, 100), (11, 100), (12, 100), (13, 100), (1, 101), (9, 101), (10, 101), (2, 102), (6, 102), (7, 102), (8, 102), (3, 103), (4, 103), (5, 103)]
[(37, 78), (38, 78), (34, 79), (35, 79), (36, 79), (39, 79), (31, 80), (32, 80), (33, 80), (40, 80), (29, 81), (30, 81), (41, 81), (26, 82), (27, 82), (28, 82), (42, 82), (23, 83), (24, 83), (25, 83), (43, 83), (44, 84), (22, 85), (43, 86), (21, 88), (42, 89), (20, 91), (41, 92), (19, 93), (40, 94), (18, 96), (39, 97), (18, 98), (19, 99), (38, 99), (39, 99), (20, 100), (35, 100), (36, 100), (37, 100), (21, 101), (32, 101), (33, 101), (34, 101), (22, 102), (30, 102), (31, 102), (23, 103), (27, 103), (28, 103), (29, 103), (24, 104), (25, 104), (26, 104)]
[(38, 99), (39, 99), (35, 100), (36, 100), (37, 100), (40, 100), (32, 101), (33, 101), (34, 101), (41, 101), (30, 102), (31, 102), (42, 102), (27, 103), (28, 103), (29, 103), (43, 103), (24, 104), (25, 104), (26, 104), (44, 104), (45, 105), (23, 106), (44, 107), (22, 109), (43, 110), (21, 112), (42, 113), (20, 114)]
[(59, 100), (60, 100), (56, 101), (57, 101), (58, 101), (61, 101), (53, 102), (54, 102), (55, 102), (62, 102), (51, 103), (52, 103), (63, 103), (48, 104), (49, 104), (50, 104), (64, 104), (45, 105), (46, 105), (47, 105), (65, 105), (66, 106), (44, 107), (65, 108), (43, 110), (64, 111), (42, 113), (63, 114)]
[(17, 98), (18, 98), (14, 99), (15, 99), (16, 99), (19, 99), (11, 100), (12, 100), (13, 100), (20, 100), (9, 101), (10, 101), (21, 101), (6, 102), (7, 102), (8, 102), (22, 102), (3, 103), (4, 103), (5, 103), (23, 103), (24, 104), (2, 105), (23, 106), (1, 108), (22, 109), (0, 111), (21, 112), (20, 114)]
