[(97, 15), (98, 15), (99, 15), (100, 15), (93, 16), (94, 16), (95, 16), (96, 16), (101, 16), (89, 17), (90, 17), (91, 17), (92, 17), (85, 18), (86, 18), (87, 18), (88, 18), (81, 19), (82, 19), (83, 19), (84, 19), (100, 20), (80, 23), (99, 24), (79, 27), (98, 28), (78, 31), (97, 32), (77, 35), (94, 35), (95, 35), (96, 35), (97, 35), (90, 36), (91, 36), (92, 36), (93, 36), (86, 37), (87, 37), (88, 37), (89, 37), (77, 38), (82, 38), (83, 38), (84, 38), (85, 38), (78, 39), (79, 39), (80, 39), (81, 39)]
[(113, 13), (114, 13), (109, 14), (110, 14), (111, 14), (112, 14), (105, 15), (106, 15), (107, 15), (108, 15), (101, 16), (102, 16), (103, 16), (104, 16), (100, 20), (99, 24), (98, 28), (97, 32), (114, 32), (110, 33), (111, 33), (112, 33), (113, 33), (106, 34), (107, 34), (108, 34), (109, 34), (97, 35), (102, 35), (103, 35), (104, 35), (105, 35), (98, 36), (99, 36), (100, 36), (101, 36)]
[(114, 32), (110, 33), (111, 33), (112, 33), (113, 33), (106, 34), (107, 34), (108, 34), (109, 34), (102, 35), (103, 35), (104, 35), (105, 35), (98, 36), (99, 36), (100, 36), (101, 36), (97, 40), (96, 44), (95, 48), (114, 49), (94, 52), (111, 52), (112, 52), (113, 52), (114, 52), (107, 53), (108, 53), (109, 53), (110, 53), (103, 54), (104, 54), (105, 54), (106, 54), (94, 55), (99, 55), (100, 55), (101, 55), (102, 55), (95, 56), (96, 56), (97, 56), (98, 56)]
[(114, 49), (114, 52)]
[(114, 57), (113, 61), (112, 65), (111, 69), (111, 72), (112, 73), (113, 73), (114, 73)]
[(57, 21), (58, 21), (59, 21), (60, 21), (53, 22), (54, 22), (55, 22), (56, 22), (61, 22), (49, 23), (50, 23), (51, 23), (52, 23), (45, 24), (46, 24), (47, 24), (48, 24), (41, 25), (42, 25), (43, 25), (44, 25), (60, 26), (40, 29), (59, 30), (39, 33), (58, 34), (38, 37), (57, 38), (37, 41), (54, 41), (55, 41), (56, 41), (57, 41), (50, 42), (51, 42), (52, 42), (53, 42), (46, 43), (47, 43), (48, 43), (49, 43), (37, 44), (42, 44), (43, 44), (44, 44), (45, 44), (38, 45), (39, 45), (40, 45), (41, 45)]
[(77, 18), (78, 18), (79, 18), (80, 18), (73, 19), (74, 19), (75, 19), (76, 19), (81, 19), (69, 20), (70, 20), (71, 20), (72, 20), (65, 21), (66, 21), (67, 21), (68, 21), (61, 22), (62, 22), (63, 22), (64, 22), (80, 23), (60, 26), (79, 27), (59, 30), (78, 31), (58, 34), (77, 35), (57, 38), (74, 38), (75, 38), (76, 38), (77, 38), (70, 39), (71, 39), (72, 39), (73, 39), (66, 40), (67, 40), (68, 40), (69, 40), (57, 41), (62, 41), (63, 41), (64, 41), (65, 41), (58, 42), (59, 42), (60, 42), (61, 42)]
[(74, 38), (75, 38), (76, 38), (77, 38), (70, 39), (71, 39), (72, 39), (73, 39), (78, 39), (66, 40), (67, 40), (68, 40), (69, 40), (62, 41), (63, 41), (64, 41), (65, 41), (58, 42), (59, 42), (60, 42), (61, 42), (77, 43), (57, 46), (76, 47), (56, 50), (75, 51), (55, 54), (74, 55), (54, 58), (71, 58), (72, 58), (73, 58), (74, 58), (67, 59), (68, 59), (69, 59), (70, 59), (63, 60), (64, 60), (65, 60), (66, 60), (54, 61), (59, 61), (60, 61), (61, 61), (62, 61), (55, 62), (56, 62), (57, 62), (58, 62)]
[(94, 35), (95, 35), (96, 35), (97, 35), (90, 36), (91, 36), (92, 36), (93, 36), (98, 36), (86, 37), (87, 37), (88, 37), (89, 37), (82, 38), (83, 38), (84, 38), (85, 38), (78, 39), (79, 39), (80, 39), (81, 39), (97, 40), (77, 43), (96, 44), (76, 47), (95, 48), (75, 51), (94, 52), (74, 55), (91, 55), (92, 55), (93, 55), (94, 55), (87, 56), (88, 56), (89, 56), (90, 56), (83, 57), (84, 57), (85, 57), (86, 57), (74, 58), (79, 58), (80, 58), (81, 58), (82, 58), (75, 59), (76, 59), (77, 59), (78, 59)]
[(91, 55), (92, 55), (93, 55), (94, 55), (87, 56), (88, 56), (89, 56), (90, 56), (95, 56), (83, 57), (84, 57), (85, 57), (86, 57), (79, 58), (80, 58), (81, 58), (82, 58), (75, 59), (76, 59), (77, 59), (78, 59), (94, 60), (74, 63), (93, 64), (73, 67), (92, 68), (72, 71), (91, 72), (71, 75), (88, 75), (89, 75), (90, 75), (91, 75), (84, 76), (85, 76), (86, 76), (87, 76), (80, 77), (81, 77), (82, 77), (83, 77), (71, 78), (76, 78), (77, 78), (78, 78), (79, 78), (72, 79), (73, 79), (74, 79), (75, 79)]
[(111, 52), (112, 52), (113, 52), (114, 52), (107, 53), (108, 53), (109, 53), (110, 53), (103, 54), (104, 54), (105, 54), (106, 54), (99, 55), (100, 55), (101, 55), (102, 55), (95, 56), (96, 56), (97, 56), (98, 56), (114, 57), (94, 60), (113, 61), (93, 64), (112, 65), (92, 68), (111, 69), (91, 72), (108, 72), (109, 72), (110, 72), (111, 72), (104, 73), (105, 73), (106, 73), (107, 73), (100, 74), (101, 74), (102, 74), (103, 74), (91, 75), (96, 75), (97, 75), (98, 75), (99, 75), (92, 76), (93, 76), (94, 76), (95, 76)]
[(108, 72), (109, 72), (110, 72), (111, 72), (104, 73), (105, 73), (106, 73), (107, 73), (112, 73), (100, 74), (101, 74), (102, 74), (103, 74), (96, 75), (97, 75), (98, 75), (99, 75), (92, 76), (93, 76), (94, 76), (95, 76), (111, 77), (91, 80), (110, 81), (90, 84), (109, 85), (89, 88), (108, 89), (88, 92), (105, 92), (106, 92), (107, 92), (108, 92), (101, 93), (102, 93), (103, 93), (104, 93), (97, 94), (98, 94), (99, 94), (100, 94), (88, 95), (93, 95), (94, 95), (95, 95), (96, 95), (89, 96), (90, 96), (91, 96), (92, 96)]
[(112, 73), (113, 73), (114, 73), (111, 77), (110, 81), (109, 85), (108, 89), (108, 92), (113, 92), (114, 92), (109, 93), (110, 93), (111, 93), (112, 93)]
[(113, 92), (114, 92), (109, 93), (110, 93), (111, 93), (112, 93), (108, 97), (107, 101), (106, 105), (105, 109), (114, 111), (105, 112), (110, 112), (111, 112), (112, 112), (113, 112), (106, 113), (107, 113), (108, 113), (109, 113)]
[(34, 44), (35, 44), (36, 44), (37, 44), (30, 45), (31, 45), (32, 45), (33, 45), (38, 45), (26, 46), (27, 46), (28, 46), (29, 46), (22, 47), (23, 47), (24, 47), (25, 47), (18, 48), (19, 48), (20, 48), (21, 48), (37, 49), (17, 52), (36, 53), (16, 56), (35, 57), (15, 60), (34, 61), (14, 64), (31, 64), (32, 64), (33, 64), (34, 64), (27, 65), (28, 65), (29, 65), (30, 65), (23, 66), (24, 66), (25, 66), (26, 66), (14, 67), (19, 67), (20, 67), (21, 67), (22, 67), (15, 68), (16, 68), (17, 68), (18, 68)]
[(54, 41), (55, 41), (56, 41), (57, 41), (50, 42), (51, 42), (52, 42), (53, 42), (58, 42), (46, 43), (47, 43), (48, 43), (49, 43), (42, 44), (43, 44), (44, 44), (45, 44), (38, 45), (39, 45), (40, 45), (41, 45), (57, 46), (37, 49), (56, 50), (36, 53), (55, 54), (35, 57), (54, 58), (34, 61), (51, 61), (52, 61), (53, 61), (54, 61), (47, 62), (48, 62), (49, 62), (50, 62), (43, 63), (44, 63), (45, 63), (46, 63), (34, 64), (39, 64), (40, 64), (41, 64), (42, 64), (35, 65), (36, 65), (37, 65), (38, 65)]
[(51, 61), (52, 61), (53, 61), (54, 61), (47, 62), (48, 62), (49, 62), (50, 62), (55, 62), (43, 63), (44, 63), (45, 63), (46, 63), (39, 64), (40, 64), (41, 64), (42, 64), (35, 65), (36, 65), (37, 65), (38, 65), (54, 66), (34, 69), (53, 70), (33, 73), (52, 74), (32, 77), (51, 78), (31, 81), (48, 81), (49, 81), (50, 81), (51, 81), (44, 82), (45, 82), (46, 82), (47, 82), (40, 83), (41, 83), (42, 83), (43, 83), (31, 84), (36, 84), (37, 84), (38, 84), (39, 84), (32, 85), (33, 85), (34, 85), (35, 85)]
[(71, 58), (72, 58), (73, 58), (74, 58), (67, 59), (68, 59), (69, 59), (70, 59), (75, 59), (63, 60), (64, 60), (65, 60), (66, 60), (59, 61), (60, 61), (61, 61), (62, 61), (55, 62), (56, 62), (57, 62), (58, 62), (74, 63), (54, 66), (73, 67), (53, 70), (72, 71), (52, 74), (71, 75), (51, 78), (68, 78), (69, 78), (70, 78), (71, 78), (64, 79), (65, 79), (66, 79), (67, 79), (60, 80), (61, 80), (62, 80), (63, 80), (51, 81), (56, 81), (57, 81), (58, 81), (59, 81), (52, 82), (53, 82), (54, 82), (55, 82)]
[(68, 78), (69, 78), (70, 78), (71, 78), (64, 79), (65, 79), (66, 79), (67, 79), (72, 79), (60, 80), (61, 80), (62, 80), (63, 80), (56, 81), (57, 81), (58, 81), (59, 81), (52, 82), (53, 82), (54, 82), (55, 82), (71, 83), (51, 86), (70, 87), (50, 90), (69, 91), (49, 94), (68, 95), (48, 98), (65, 98), (66, 98), (67, 98), (68, 98), (61, 99), (62, 99), (63, 99), (64, 99), (57, 100), (58, 100), (59, 100), (60, 100), (48, 101), (53, 101), (54, 101), (55, 101), (56, 101), (49, 102), (50, 102), (51, 102), (52, 102)]
[(88, 75), (89, 75), (90, 75), (91, 75), (84, 76), (85, 76), (86, 76), (87, 76), (92, 76), (80, 77), (81, 77), (82, 77), (83, 77), (76, 78), (77, 78), (78, 78), (79, 78), (72, 79), (73, 79), (74, 79), (75, 79), (91, 80), (71, 83), (90, 84), (70, 87), (89, 88), (69, 91), (88, 92), (68, 95), (85, 95), (86, 95), (87, 95), (88, 95), (81, 96), (82, 96), (83, 96), (84, 96), (77, 97), (78, 97), (79, 97), (80, 97), (68, 98), (73, 98), (74, 98), (75, 98), (76, 98), (69, 99), (70, 99), (71, 99), (72, 99)]
[(85, 95), (86, 95), (87, 95), (88, 95), (81, 96), (82, 96), (83, 96), (84, 96), (89, 96), (77, 97), (78, 97), (79, 97), (80, 97), (73, 98), (74, 98), (75, 98), (76, 98), (69, 99), (70, 99), (71, 99), (72, 99), (88, 100), (68, 103), (87, 104), (67, 107), (86, 108), (66, 111), (85, 112)]
[(105, 92), (106, 92), (107, 92), (108, 92), (101, 93), (102, 93), (103, 93), (104, 93), (109, 93), (97, 94), (98, 94), (99, 94), (100, 94), (93, 95), (94, 95), (95, 95), (96, 95), (89, 96), (90, 96), (91, 96), (92, 96), (108, 97), (88, 100), (107, 101), (87, 104), (106, 105), (86, 108), (105, 109), (85, 112), (102, 112), (103, 112), (104, 112), (105, 112), (98, 113), (99, 113), (100, 113), (101, 113), (94, 114), (95, 114), (96, 114), (97, 114)]
[(102, 112), (103, 112), (104, 112), (105, 112), (98, 113), (99, 113), (100, 113), (101, 113), (106, 113), (94, 114), (95, 114), (96, 114), (97, 114)]
[(114, 111), (110, 112), (111, 112), (112, 112), (113, 112), (106, 113), (107, 113), (108, 113), (109, 113)]
[(31, 64), (32, 64), (33, 64), (34, 64), (27, 65), (28, 65), (29, 65), (30, 65), (35, 65), (23, 66), (24, 66), (25, 66), (26, 66), (19, 67), (20, 67), (21, 67), (22, 67), (15, 68), (16, 68), (17, 68), (18, 68), (34, 69), (14, 72), (33, 73), (13, 76), (32, 77), (12, 80), (31, 81), (11, 84), (28, 84), (29, 84), (30, 84), (31, 84), (24, 85), (25, 85), (26, 85), (27, 85), (20, 86), (21, 86), (22, 86), (23, 86), (11, 87), (16, 87), (17, 87), (18, 87), (19, 87), (12, 88), (13, 88), (14, 88), (15, 88)]
[(28, 84), (29, 84), (30, 84), (31, 84), (24, 85), (25, 85), (26, 85), (27, 85), (32, 85), (20, 86), (21, 86), (22, 86), (23, 86), (16, 87), (17, 87), (18, 87), (19, 87), (12, 88), (13, 88), (14, 88), (15, 88), (31, 89), (11, 92), (30, 93), (10, 96), (29, 97), (9, 100), (28, 101), (8, 104), (25, 104), (26, 104), (27, 104), (28, 104), (21, 105), (22, 105), (23, 105), (24, 105), (17, 106), (18, 106), (19, 106), (20, 106), (8, 107), (13, 107), (14, 107), (15, 107), (16, 107), (9, 108), (10, 108), (11, 108), (12, 108)]
[(48, 81), (49, 81), (50, 81), (51, 81), (44, 82), (45, 82), (46, 82), (47, 82), (52, 82), (40, 83), (41, 83), (42, 83), (43, 83), (36, 84), (37, 84), (38, 84), (39, 84), (32, 85), (33, 85), (34, 85), (35, 85), (51, 86), (31, 89), (50, 90), (30, 93), (49, 94), (29, 97), (48, 98), (28, 101), (45, 101), (46, 101), (47, 101), (48, 101), (41, 102), (42, 102), (43, 102), (44, 102), (37, 103), (38, 103), (39, 103), (40, 103), (28, 104), (33, 104), (34, 104), (35, 104), (36, 104), (29, 105), (30, 105), (31, 105), (32, 105)]
[(45, 101), (46, 101), (47, 101), (48, 101), (41, 102), (42, 102), (43, 102), (44, 102), (49, 102), (37, 103), (38, 103), (39, 103), (40, 103), (33, 104), (34, 104), (35, 104), (36, 104), (29, 105), (30, 105), (31, 105), (32, 105), (48, 106), (28, 109), (47, 110), (27, 113), (46, 114)]
[(65, 98), (66, 98), (67, 98), (68, 98), (61, 99), (62, 99), (63, 99), (64, 99), (69, 99), (57, 100), (58, 100), (59, 100), (60, 100), (53, 101), (54, 101), (55, 101), (56, 101), (49, 102), (50, 102), (51, 102), (52, 102), (68, 103), (48, 106), (67, 107), (47, 110), (66, 111), (46, 114)]
[(25, 104), (26, 104), (27, 104), (28, 104), (21, 105), (22, 105), (23, 105), (24, 105), (29, 105), (17, 106), (18, 106), (19, 106), (20, 106), (13, 107), (14, 107), (15, 107), (16, 107), (9, 108), (10, 108), (11, 108), (12, 108), (28, 109), (8, 112), (27, 113)]
