[(108, 40), (109, 40), (105, 41), (106, 41), (107, 41), (110, 41), (102, 42), (103, 42), (104, 42), (111, 42), (100, 43), (101, 43), (112, 43), (97, 44), (98, 44), (99, 44), (113, 44), (94, 45), (95, 45), (96, 45), (114, 45), (93, 47), (114, 48), (92, 50), (113, 51), (91, 53), (112, 54), (90, 55), (111, 56), (89, 58), (110, 59), (89, 60), (90, 61), (109, 61), (110, 61), (91, 62), (106, 62), (107, 62), (108, 62), (92, 63), (103, 63), (104, 63), (105, 63), (93, 64), (101, 64), (102, 64), (94, 65), (98, 65), (99, 65), (100, 65), (95, 66), (96, 66), (97, 66)]
[(114, 48), (113, 51), (112, 54), (111, 56), (110, 59), (110, 61), (111, 62), (112, 63), (113, 64), (114, 65)]
[(114, 72), (113, 75), (112, 77), (111, 80), (111, 82), (112, 83), (113, 84), (114, 85)]
[(66, 38), (67, 38), (63, 39), (64, 39), (65, 39), (68, 39), (60, 40), (61, 40), (62, 40), (69, 40), (58, 41), (59, 41), (70, 41), (55, 42), (56, 42), (57, 42), (71, 42), (52, 43), (53, 43), (54, 43), (72, 43), (73, 44), (51, 45), (72, 46), (50, 48), (71, 49), (49, 51), (70, 52), (48, 53), (69, 54), (47, 56), (68, 57), (47, 58), (48, 59), (67, 59), (68, 59), (49, 60), (64, 60), (65, 60), (66, 60), (50, 61), (61, 61), (62, 61), (63, 61), (51, 62), (59, 62), (60, 62), (52, 63), (56, 63), (57, 63), (58, 63), (53, 64), (54, 64), (55, 64)]
[(87, 39), (88, 39), (84, 40), (85, 40), (86, 40), (89, 40), (81, 41), (82, 41), (83, 41), (90, 41), (79, 42), (80, 42), (91, 42), (76, 43), (77, 43), (78, 43), (92, 43), (73, 44), (74, 44), (75, 44), (93, 44), (94, 45), (72, 46), (93, 47), (71, 49), (92, 50), (70, 52), (91, 53), (69, 54), (90, 55), (68, 57), (89, 58), (68, 59), (69, 60), (88, 60), (89, 60), (70, 61), (85, 61), (86, 61), (87, 61), (71, 62), (82, 62), (83, 62), (84, 62), (72, 63), (80, 63), (81, 63), (73, 64), (77, 64), (78, 64), (79, 64), (74, 65), (75, 65), (76, 65)]
[(88, 60), (89, 60), (85, 61), (86, 61), (87, 61), (90, 61), (82, 62), (83, 62), (84, 62), (91, 62), (80, 63), (81, 63), (92, 63), (77, 64), (78, 64), (79, 64), (93, 64), (74, 65), (75, 65), (76, 65), (94, 65), (95, 66), (73, 67), (94, 68), (72, 70), (93, 71), (71, 73), (92, 74), (70, 75), (91, 76), (69, 78), (90, 79), (69, 80), (70, 81), (89, 81), (90, 81), (71, 82), (86, 82), (87, 82), (88, 82), (72, 83), (83, 83), (84, 83), (85, 83), (73, 84), (81, 84), (82, 84), (74, 85), (78, 85), (79, 85), (80, 85), (75, 86), (76, 86), (77, 86)]
[(109, 61), (110, 61), (106, 62), (107, 62), (108, 62), (111, 62), (103, 63), (104, 63), (105, 63), (112, 63), (101, 64), (102, 64), (113, 64), (98, 65), (99, 65), (100, 65), (114, 65), (95, 66), (96, 66), (97, 66), (94, 68), (93, 71), (114, 72), (92, 74), (113, 75), (91, 76), (112, 77), (90, 79), (111, 80), (90, 81), (91, 82), (110, 82), (111, 82), (92, 83), (107, 83), (108, 83), (109, 83), (93, 84), (104, 84), (105, 84), (106, 84), (94, 85), (102, 85), (103, 85), (95, 86), (99, 86), (100, 86), (101, 86), (96, 87), (97, 87), (98, 87)]
[(110, 82), (111, 82), (107, 83), (108, 83), (109, 83), (112, 83), (104, 84), (105, 84), (106, 84), (113, 84), (102, 85), (103, 85), (114, 85), (99, 86), (100, 86), (101, 86), (96, 87), (97, 87), (98, 87), (95, 89), (94, 92), (93, 95), (114, 96), (92, 97), (113, 98), (91, 100), (112, 101), (91, 102), (92, 103), (111, 103), (112, 103), (93, 104), (108, 104), (109, 104), (110, 104), (94, 105), (105, 105), (106, 105), (107, 105), (95, 106), (103, 106), (104, 106), (96, 107), (100, 107), (101, 107), (102, 107), (97, 108), (98, 108), (99, 108)]
[(114, 96), (113, 98), (112, 101), (112, 103), (113, 104), (114, 105)]
[(46, 58), (47, 58), (43, 59), (44, 59), (45, 59), (48, 59), (40, 60), (41, 60), (42, 60), (49, 60), (38, 61), (39, 61), (50, 61), (35, 62), (36, 62), (37, 62), (51, 62), (32, 63), (33, 63), (34, 63), (52, 63), (53, 64), (31, 65), (52, 66), (30, 68), (51, 69), (29, 71), (50, 72), (28, 73), (49, 74), (27, 76), (48, 77), (27, 78), (28, 79), (47, 79), (48, 79), (29, 80), (44, 80), (45, 80), (46, 80), (30, 81), (41, 81), (42, 81), (43, 81), (31, 82), (39, 82), (40, 82), (32, 83), (36, 83), (37, 83), (38, 83), (33, 84), (34, 84), (35, 84)]
[(67, 59), (68, 59), (64, 60), (65, 60), (66, 60), (69, 60), (61, 61), (62, 61), (63, 61), (70, 61), (59, 62), (60, 62), (71, 62), (56, 63), (57, 63), (58, 63), (72, 63), (53, 64), (54, 64), (55, 64), (73, 64), (74, 65), (52, 66), (73, 67), (51, 69), (72, 70), (50, 72), (71, 73), (49, 74), (70, 75), (48, 77), (69, 78), (48, 79), (49, 80), (68, 80), (69, 80), (50, 81), (65, 81), (66, 81), (67, 81), (51, 82), (62, 82), (63, 82), (64, 82), (52, 83), (60, 83), (61, 83), (53, 84), (57, 84), (58, 84), (59, 84), (54, 85), (55, 85), (56, 85)]
[(68, 80), (69, 80), (65, 81), (66, 81), (67, 81), (70, 81), (62, 82), (63, 82), (64, 82), (71, 82), (60, 83), (61, 83), (72, 83), (57, 84), (58, 84), (59, 84), (73, 84), (54, 85), (55, 85), (56, 85), (74, 85), (75, 86), (53, 87), (74, 88), (52, 90), (73, 91), (51, 93), (72, 94), (50, 95), (71, 96), (49, 98), (70, 99), (49, 100), (50, 101), (69, 101), (70, 101), (51, 102), (66, 102), (67, 102), (68, 102), (52, 103), (63, 103), (64, 103), (65, 103), (53, 104), (61, 104), (62, 104), (54, 105), (58, 105), (59, 105), (60, 105), (55, 106), (56, 106), (57, 106)]
[(89, 81), (90, 81), (86, 82), (87, 82), (88, 82), (91, 82), (83, 83), (84, 83), (85, 83), (92, 83), (81, 84), (82, 84), (93, 84), (78, 85), (79, 85), (80, 85), (94, 85), (75, 86), (76, 86), (77, 86), (95, 86), (96, 87), (74, 88), (95, 89), (73, 91), (94, 92), (72, 94), (93, 95), (71, 96), (92, 97), (70, 99), (91, 100), (70, 101), (71, 102), (90, 102), (91, 102), (72, 103), (87, 103), (88, 103), (89, 103), (73, 104), (84, 104), (85, 104), (86, 104), (74, 105), (82, 105), (83, 105), (75, 106), (79, 106), (80, 106), (81, 106), (76, 107), (77, 107), (78, 107)]
[(90, 102), (91, 102), (87, 103), (88, 103), (89, 103), (92, 103), (84, 104), (85, 104), (86, 104), (93, 104), (82, 105), (83, 105), (94, 105), (79, 106), (80, 106), (81, 106), (95, 106), (76, 107), (77, 107), (78, 107), (96, 107), (97, 108), (75, 109), (96, 110), (74, 112), (95, 113)]
[(111, 103), (112, 103), (108, 104), (109, 104), (110, 104), (113, 104), (105, 105), (106, 105), (107, 105), (114, 105), (103, 106), (104, 106), (100, 107), (101, 107), (102, 107), (97, 108), (98, 108), (99, 108), (96, 110), (95, 113)]
[(47, 79), (48, 79), (44, 80), (45, 80), (46, 80), (49, 80), (41, 81), (42, 81), (43, 81), (50, 81), (39, 82), (40, 82), (51, 82), (36, 83), (37, 83), (38, 83), (52, 83), (33, 84), (34, 84), (35, 84), (53, 84), (54, 85), (32, 86), (53, 87), (31, 89), (52, 90), (30, 92), (51, 93), (29, 94), (50, 95), (28, 97), (49, 98), (28, 99), (29, 100), (48, 100), (49, 100), (30, 101), (45, 101), (46, 101), (47, 101), (31, 102), (42, 102), (43, 102), (44, 102), (32, 103), (40, 103), (41, 103), (33, 104), (37, 104), (38, 104), (39, 104), (34, 105), (35, 105), (36, 105)]
[(48, 100), (49, 100), (45, 101), (46, 101), (47, 101), (50, 101), (42, 102), (43, 102), (44, 102), (51, 102), (40, 103), (41, 103), (52, 103), (37, 104), (38, 104), (39, 104), (53, 104), (34, 105), (35, 105), (36, 105), (54, 105), (55, 106), (33, 107), (54, 108), (32, 110), (53, 111), (31, 113), (52, 114)]
[(69, 101), (70, 101), (66, 102), (67, 102), (68, 102), (71, 102), (63, 103), (64, 103), (65, 103), (72, 103), (61, 104), (62, 104), (73, 104), (58, 105), (59, 105), (60, 105), (74, 105), (55, 106), (56, 106), (57, 106), (75, 106), (76, 107), (54, 108), (75, 109), (53, 111), (74, 112), (52, 114)]
