[(82, 29), (83, 29), (84, 29), (80, 30), (81, 30), (85, 30), (77, 31), (78, 31), (79, 31), (74, 32), (75, 32), (76, 32), (84, 32), (72, 33), (73, 33), (69, 34), (70, 34), (71, 34), (66, 35), (67, 35), (68, 35), (83, 35), (65, 37), (82, 37), (64, 40), (81, 40), (63, 42), (80, 43), (62, 45), (79, 45), (61, 48), (77, 48), (78, 48), (79, 48), (75, 49), (76, 49), (60, 50), (72, 50), (73, 50), (74, 50), (69, 51), (70, 51), (71, 51), (67, 52), (68, 52), (59, 53), (60, 53), (64, 53), (65, 53), (66, 53), (61, 54), (62, 54), (63, 54)]
[(101, 24), (102, 24), (103, 24), (99, 25), (100, 25), (104, 25), (96, 26), (97, 26), (98, 26), (93, 27), (94, 27), (95, 27), (103, 27), (91, 28), (92, 28), (88, 29), (89, 29), (90, 29), (85, 30), (86, 30), (87, 30), (102, 30), (84, 32), (101, 32), (83, 35), (100, 35), (82, 37), (99, 38), (81, 40), (98, 40), (80, 43), (96, 43), (97, 43), (98, 43), (94, 44), (95, 44), (79, 45), (91, 45), (92, 45), (93, 45), (88, 46), (89, 46), (90, 46), (86, 47), (87, 47), (78, 48), (79, 48), (83, 48), (84, 48), (85, 48), (80, 49), (81, 49), (82, 49)]
[(96, 43), (97, 43), (98, 43), (94, 44), (95, 44), (99, 44), (91, 45), (92, 45), (93, 45), (88, 46), (89, 46), (90, 46), (98, 46), (86, 47), (87, 47), (83, 48), (84, 48), (85, 48), (80, 49), (81, 49), (82, 49), (97, 49), (79, 51), (96, 51), (78, 54), (95, 54), (77, 56), (94, 57), (76, 59), (93, 59), (75, 62), (91, 62), (92, 62), (93, 62), (89, 63), (90, 63), (74, 64), (86, 64), (87, 64), (88, 64), (83, 65), (84, 65), (85, 65), (81, 66), (82, 66), (73, 67), (74, 67), (78, 67), (79, 67), (80, 67), (75, 68), (76, 68), (77, 68)]
[(113, 39), (114, 39), (110, 40), (111, 40), (112, 40), (107, 41), (108, 41), (109, 41), (105, 42), (106, 42), (102, 43), (103, 43), (104, 43), (99, 44), (100, 44), (101, 44), (98, 46), (97, 49), (114, 49), (96, 51), (113, 52), (95, 54), (112, 54), (94, 57), (110, 57), (111, 57), (112, 57), (108, 58), (109, 58), (93, 59), (105, 59), (106, 59), (107, 59), (102, 60), (103, 60), (104, 60), (100, 61), (101, 61), (92, 62), (93, 62), (97, 62), (98, 62), (99, 62), (94, 63), (95, 63), (96, 63)]
[(110, 57), (111, 57), (112, 57), (108, 58), (109, 58), (113, 58), (105, 59), (106, 59), (107, 59), (102, 60), (103, 60), (104, 60), (112, 60), (100, 61), (101, 61), (97, 62), (98, 62), (99, 62), (94, 63), (95, 63), (96, 63), (111, 63), (93, 65), (110, 65), (92, 68), (109, 68), (91, 70), (108, 71), (90, 73), (107, 73), (89, 76), (105, 76), (106, 76), (107, 76), (103, 77), (104, 77), (88, 78), (100, 78), (101, 78), (102, 78), (97, 79), (98, 79), (99, 79), (95, 80), (96, 80), (87, 81), (88, 81), (92, 81), (93, 81), (94, 81), (89, 82), (90, 82), (91, 82)]
[(113, 58), (114, 58), (112, 60), (111, 63), (110, 65), (109, 68), (108, 71), (107, 73), (114, 75), (106, 76), (107, 76), (111, 76), (112, 76), (113, 76), (108, 77), (109, 77), (110, 77)]
[(114, 75), (111, 76), (112, 76), (113, 76), (108, 77), (109, 77), (110, 77), (107, 79), (106, 82), (105, 84), (104, 87), (103, 90), (102, 92), (114, 92), (111, 93), (112, 93), (113, 93), (109, 94), (110, 94), (101, 95), (102, 95), (106, 95), (107, 95), (108, 95), (103, 96), (104, 96), (105, 96)]
[(44, 39), (45, 39), (46, 39), (42, 40), (43, 40), (47, 40), (39, 41), (40, 41), (41, 41), (36, 42), (37, 42), (38, 42), (46, 42), (34, 43), (35, 43), (31, 44), (32, 44), (33, 44), (28, 45), (29, 45), (30, 45), (45, 45), (27, 47), (44, 47), (26, 50), (43, 50), (25, 52), (42, 53), (24, 55), (41, 55), (23, 58), (39, 58), (40, 58), (41, 58), (37, 59), (38, 59), (22, 60), (34, 60), (35, 60), (36, 60), (31, 61), (32, 61), (33, 61), (29, 62), (30, 62), (21, 63), (22, 63), (26, 63), (27, 63), (28, 63), (23, 64), (24, 64), (25, 64)]
[(63, 34), (64, 34), (65, 34), (61, 35), (62, 35), (66, 35), (58, 36), (59, 36), (60, 36), (55, 37), (56, 37), (57, 37), (65, 37), (53, 38), (54, 38), (50, 39), (51, 39), (52, 39), (47, 40), (48, 40), (49, 40), (64, 40), (46, 42), (63, 42), (45, 45), (62, 45), (44, 47), (61, 48), (43, 50), (60, 50), (42, 53), (58, 53), (59, 53), (60, 53), (56, 54), (57, 54), (41, 55), (53, 55), (54, 55), (55, 55), (50, 56), (51, 56), (52, 56), (48, 57), (49, 57), (40, 58), (41, 58), (45, 58), (46, 58), (47, 58), (42, 59), (43, 59), (44, 59)]
[(58, 53), (59, 53), (60, 53), (56, 54), (57, 54), (61, 54), (53, 55), (54, 55), (55, 55), (50, 56), (51, 56), (52, 56), (60, 56), (48, 57), (49, 57), (45, 58), (46, 58), (47, 58), (42, 59), (43, 59), (44, 59), (59, 59), (41, 61), (58, 61), (40, 64), (57, 64), (39, 66), (56, 67), (38, 69), (55, 69), (37, 72), (53, 72), (54, 72), (55, 72), (51, 73), (52, 73), (36, 74), (48, 74), (49, 74), (50, 74), (45, 75), (46, 75), (47, 75), (43, 76), (44, 76), (35, 77), (36, 77), (40, 77), (41, 77), (42, 77), (37, 78), (38, 78), (39, 78)]
[(77, 48), (78, 48), (79, 48), (75, 49), (76, 49), (80, 49), (72, 50), (73, 50), (74, 50), (69, 51), (70, 51), (71, 51), (79, 51), (67, 52), (68, 52), (64, 53), (65, 53), (66, 53), (61, 54), (62, 54), (63, 54), (78, 54), (60, 56), (77, 56), (59, 59), (76, 59), (58, 61), (75, 62), (57, 64), (74, 64), (56, 67), (72, 67), (73, 67), (74, 67), (70, 68), (71, 68), (55, 69), (67, 69), (68, 69), (69, 69), (64, 70), (65, 70), (66, 70), (62, 71), (63, 71), (54, 72), (55, 72), (59, 72), (60, 72), (61, 72), (56, 73), (57, 73), (58, 73)]
[(72, 67), (73, 67), (74, 67), (70, 68), (71, 68), (75, 68), (67, 69), (68, 69), (69, 69), (64, 70), (65, 70), (66, 70), (74, 70), (62, 71), (63, 71), (59, 72), (60, 72), (61, 72), (56, 73), (57, 73), (58, 73), (73, 73), (55, 75), (72, 75), (54, 78), (71, 78), (53, 80), (70, 81), (52, 83), (69, 83), (51, 86), (67, 86), (68, 86), (69, 86), (65, 87), (66, 87), (50, 88), (62, 88), (63, 88), (64, 88), (59, 89), (60, 89), (61, 89), (57, 90), (58, 90), (49, 91), (50, 91), (54, 91), (55, 91), (56, 91), (51, 92), (52, 92), (53, 92)]
[(91, 62), (92, 62), (93, 62), (89, 63), (90, 63), (94, 63), (86, 64), (87, 64), (88, 64), (83, 65), (84, 65), (85, 65), (93, 65), (81, 66), (82, 66), (78, 67), (79, 67), (80, 67), (75, 68), (76, 68), (77, 68), (92, 68), (74, 70), (91, 70), (73, 73), (90, 73), (72, 75), (89, 76), (71, 78), (88, 78), (70, 81), (86, 81), (87, 81), (88, 81), (84, 82), (85, 82), (69, 83), (81, 83), (82, 83), (83, 83), (78, 84), (79, 84), (80, 84), (76, 85), (77, 85), (68, 86), (69, 86), (73, 86), (74, 86), (75, 86), (70, 87), (71, 87), (72, 87)]
[(86, 81), (87, 81), (88, 81), (84, 82), (85, 82), (89, 82), (81, 83), (82, 83), (83, 83), (78, 84), (79, 84), (80, 84), (88, 84), (76, 85), (77, 85), (73, 86), (74, 86), (75, 86), (70, 87), (71, 87), (72, 87), (87, 87), (69, 89), (86, 89), (68, 92), (85, 92), (67, 94), (84, 95), (66, 97), (83, 97), (65, 100), (81, 100), (82, 100), (83, 100), (79, 101), (80, 101), (64, 102), (76, 102), (77, 102), (78, 102), (73, 103), (74, 103), (75, 103), (71, 104), (72, 104), (63, 105), (64, 105), (68, 105), (69, 105), (70, 105), (65, 106), (66, 106), (67, 106)]
[(105, 76), (106, 76), (107, 76), (103, 77), (104, 77), (108, 77), (100, 78), (101, 78), (102, 78), (97, 79), (98, 79), (99, 79), (107, 79), (95, 80), (96, 80), (92, 81), (93, 81), (94, 81), (89, 82), (90, 82), (91, 82), (106, 82), (88, 84), (105, 84), (87, 87), (104, 87), (86, 89), (103, 90), (85, 92), (102, 92), (84, 95), (100, 95), (101, 95), (102, 95), (98, 96), (99, 96), (83, 97), (95, 97), (96, 97), (97, 97), (92, 98), (93, 98), (94, 98), (90, 99), (91, 99), (82, 100), (83, 100), (87, 100), (88, 100), (89, 100), (84, 101), (85, 101), (86, 101)]
[(100, 95), (101, 95), (102, 95), (98, 96), (99, 96), (103, 96), (95, 97), (96, 97), (97, 97), (92, 98), (93, 98), (94, 98), (102, 98), (90, 99), (91, 99), (87, 100), (88, 100), (89, 100), (84, 101), (85, 101), (86, 101), (101, 101), (83, 103), (100, 103), (82, 106), (99, 106), (81, 108), (98, 109), (80, 111), (97, 111), (79, 114), (95, 114), (96, 114), (97, 114)]
[(114, 92), (111, 93), (112, 93), (113, 93), (109, 94), (110, 94), (106, 95), (107, 95), (108, 95), (103, 96), (104, 96), (105, 96), (102, 98), (101, 101), (100, 103), (99, 106), (98, 109), (114, 109), (112, 110), (113, 110), (97, 111), (109, 111), (110, 111), (111, 111), (106, 112), (107, 112), (108, 112), (104, 113), (105, 113), (96, 114), (97, 114), (101, 114), (102, 114), (103, 114)]
[(20, 63), (21, 63), (22, 63), (18, 64), (19, 64), (23, 64), (15, 65), (16, 65), (17, 65), (12, 66), (13, 66), (14, 66), (22, 66), (10, 67), (11, 67), (7, 68), (8, 68), (9, 68), (4, 69), (5, 69), (6, 69), (21, 69), (3, 71), (20, 71), (2, 74), (19, 74), (1, 76), (18, 77), (0, 79), (17, 79), (15, 82), (16, 82), (17, 82), (13, 83), (14, 83), (10, 84), (11, 84), (12, 84), (7, 85), (8, 85), (9, 85), (5, 86), (6, 86), (2, 87), (3, 87), (4, 87), (0, 88), (1, 88)]
[(39, 58), (40, 58), (41, 58), (37, 59), (38, 59), (42, 59), (34, 60), (35, 60), (36, 60), (31, 61), (32, 61), (33, 61), (41, 61), (29, 62), (30, 62), (26, 63), (27, 63), (28, 63), (23, 64), (24, 64), (25, 64), (40, 64), (22, 66), (39, 66), (21, 69), (38, 69), (20, 71), (37, 72), (19, 74), (36, 74), (18, 77), (34, 77), (35, 77), (36, 77), (32, 78), (33, 78), (17, 79), (29, 79), (30, 79), (31, 79), (26, 80), (27, 80), (28, 80), (24, 81), (25, 81), (16, 82), (17, 82), (21, 82), (22, 82), (23, 82), (18, 83), (19, 83), (20, 83)]
[(34, 77), (35, 77), (36, 77), (32, 78), (33, 78), (37, 78), (29, 79), (30, 79), (31, 79), (26, 80), (27, 80), (28, 80), (36, 80), (24, 81), (25, 81), (21, 82), (22, 82), (23, 82), (18, 83), (19, 83), (20, 83), (35, 83), (17, 85), (34, 85), (16, 88), (33, 88), (15, 90), (32, 91), (14, 93), (31, 93), (13, 96), (29, 96), (30, 96), (31, 96), (27, 97), (28, 97), (12, 98), (24, 98), (25, 98), (26, 98), (21, 99), (22, 99), (23, 99), (19, 100), (20, 100), (11, 101), (12, 101), (16, 101), (17, 101), (18, 101), (13, 102), (14, 102), (15, 102)]
[(53, 72), (54, 72), (55, 72), (51, 73), (52, 73), (56, 73), (48, 74), (49, 74), (50, 74), (45, 75), (46, 75), (47, 75), (55, 75), (43, 76), (44, 76), (40, 77), (41, 77), (42, 77), (37, 78), (38, 78), (39, 78), (54, 78), (36, 80), (53, 80), (35, 83), (52, 83), (34, 85), (51, 86), (33, 88), (50, 88), (32, 91), (48, 91), (49, 91), (50, 91), (46, 92), (47, 92), (31, 93), (43, 93), (44, 93), (45, 93), (40, 94), (41, 94), (42, 94), (38, 95), (39, 95), (30, 96), (31, 96), (35, 96), (36, 96), (37, 96), (32, 97), (33, 97), (34, 97)]
[(48, 91), (49, 91), (50, 91), (46, 92), (47, 92), (51, 92), (43, 93), (44, 93), (45, 93), (40, 94), (41, 94), (42, 94), (50, 94), (38, 95), (39, 95), (35, 96), (36, 96), (37, 96), (32, 97), (33, 97), (34, 97), (49, 97), (31, 99), (48, 99), (30, 102), (47, 102), (29, 104), (46, 105), (28, 107), (45, 107), (27, 110), (43, 110), (44, 110), (45, 110), (41, 111), (42, 111), (26, 112), (38, 112), (39, 112), (40, 112), (35, 113), (36, 113), (37, 113), (33, 114), (34, 114)]
[(67, 86), (68, 86), (69, 86), (65, 87), (66, 87), (70, 87), (62, 88), (63, 88), (64, 88), (59, 89), (60, 89), (61, 89), (69, 89), (57, 90), (58, 90), (54, 91), (55, 91), (56, 91), (51, 92), (52, 92), (53, 92), (68, 92), (50, 94), (67, 94), (49, 97), (66, 97), (48, 99), (65, 100), (47, 102), (64, 102), (46, 105), (62, 105), (63, 105), (64, 105), (60, 106), (61, 106), (45, 107), (57, 107), (58, 107), (59, 107), (54, 108), (55, 108), (56, 108), (52, 109), (53, 109), (44, 110), (45, 110), (49, 110), (50, 110), (51, 110), (46, 111), (47, 111), (48, 111)]
[(62, 105), (63, 105), (64, 105), (60, 106), (61, 106), (65, 106), (57, 107), (58, 107), (59, 107), (54, 108), (55, 108), (56, 108), (64, 108), (52, 109), (53, 109), (49, 110), (50, 110), (51, 110), (46, 111), (47, 111), (48, 111), (63, 111), (45, 113), (62, 113)]
[(81, 100), (82, 100), (83, 100), (79, 101), (80, 101), (84, 101), (76, 102), (77, 102), (78, 102), (73, 103), (74, 103), (75, 103), (83, 103), (71, 104), (72, 104), (68, 105), (69, 105), (70, 105), (65, 106), (66, 106), (67, 106), (82, 106), (64, 108), (81, 108), (63, 111), (80, 111), (62, 113), (79, 114)]
[(95, 114), (96, 114), (97, 114)]
[(15, 82), (16, 82), (17, 82), (13, 83), (14, 83), (18, 83), (10, 84), (11, 84), (12, 84), (7, 85), (8, 85), (9, 85), (17, 85), (5, 86), (6, 86), (2, 87), (3, 87), (4, 87), (0, 88), (1, 88), (16, 88), (15, 90), (14, 93), (13, 96), (12, 98), (10, 101), (11, 101), (12, 101), (8, 102), (9, 102), (5, 103), (6, 103), (7, 103), (2, 104), (3, 104), (4, 104), (0, 105), (1, 105)]
[(10, 101), (11, 101), (12, 101), (8, 102), (9, 102), (13, 102), (5, 103), (6, 103), (7, 103), (2, 104), (3, 104), (4, 104), (12, 104), (0, 105), (1, 105), (11, 107), (10, 109), (9, 112)]
[(29, 96), (30, 96), (31, 96), (27, 97), (28, 97), (32, 97), (24, 98), (25, 98), (26, 98), (21, 99), (22, 99), (23, 99), (31, 99), (19, 100), (20, 100), (16, 101), (17, 101), (18, 101), (13, 102), (14, 102), (15, 102), (30, 102), (12, 104), (29, 104), (11, 107), (28, 107), (10, 109), (27, 110), (9, 112), (26, 112)]
[(43, 110), (44, 110), (45, 110), (41, 111), (42, 111), (46, 111), (38, 112), (39, 112), (40, 112), (35, 113), (36, 113), (37, 113), (45, 113), (33, 114), (34, 114)]
