[(78, 7), (79, 7), (75, 8), (76, 8), (77, 8), (80, 8), (73, 9), (74, 9), (81, 9), (70, 10), (71, 10), (72, 10), (82, 10), (68, 11), (69, 11), (65, 12), (66, 12), (67, 12), (81, 12), (62, 13), (63, 13), (64, 13), (61, 15), (80, 15), (79, 17), (60, 18), (59, 20), (78, 20), (77, 22), (58, 23), (57, 25), (76, 25), (75, 27), (76, 27), (56, 28), (72, 28), (73, 28), (74, 28), (70, 29), (71, 29), (56, 30), (67, 30), (68, 30), (69, 30), (57, 31), (65, 31), (66, 31), (58, 32), (62, 32), (63, 32), (64, 32), (59, 33), (60, 33), (61, 33)]
[(98, 4), (99, 4), (95, 5), (96, 5), (97, 5), (100, 5), (93, 6), (94, 6), (101, 6), (90, 7), (91, 7), (92, 7), (102, 7), (88, 8), (89, 8), (85, 9), (86, 9), (87, 9), (101, 9), (82, 10), (83, 10), (84, 10), (81, 12), (100, 12), (99, 14), (80, 15), (79, 17), (98, 17), (97, 19), (78, 20), (77, 22), (96, 22), (95, 24), (96, 24), (76, 25), (92, 25), (93, 25), (94, 25), (90, 26), (91, 26), (76, 27), (87, 27), (88, 27), (89, 27), (77, 28), (85, 28), (86, 28), (78, 29), (82, 29), (83, 29), (84, 29), (79, 30), (80, 30), (81, 30)]
[(95, 24), (96, 24), (92, 25), (93, 25), (94, 25), (97, 25), (90, 26), (91, 26), (98, 26), (87, 27), (88, 27), (89, 27), (99, 27), (85, 28), (86, 28), (82, 29), (83, 29), (84, 29), (98, 29), (79, 30), (80, 30), (81, 30), (78, 32), (97, 32), (96, 34), (77, 35), (76, 37), (95, 37), (94, 39), (75, 40), (74, 42), (93, 42), (92, 44), (93, 44), (73, 45), (89, 45), (90, 45), (91, 45), (87, 46), (88, 46), (73, 47), (84, 47), (85, 47), (86, 47), (74, 48), (82, 48), (83, 48), (75, 49), (79, 49), (80, 49), (81, 49), (76, 50), (77, 50), (78, 50)]
[(112, 22), (113, 22), (114, 22), (110, 23), (111, 23), (107, 24), (108, 24), (109, 24), (105, 25), (106, 25), (102, 26), (103, 26), (104, 26), (99, 27), (100, 27), (101, 27), (98, 29), (97, 32), (96, 34), (114, 36), (95, 37), (94, 39), (113, 39), (112, 41), (113, 41), (93, 42), (109, 42), (110, 42), (111, 42), (107, 43), (108, 43), (93, 44), (104, 44), (105, 44), (106, 44), (94, 45), (102, 45), (103, 45), (95, 46), (99, 46), (100, 46), (101, 46), (96, 47), (97, 47), (98, 47)]
[(112, 41), (113, 41), (109, 42), (110, 42), (111, 42), (114, 42), (107, 43), (108, 43), (104, 44), (105, 44), (106, 44), (102, 45), (103, 45), (99, 46), (100, 46), (101, 46), (96, 47), (97, 47), (98, 47), (95, 49), (114, 49), (113, 51), (94, 52), (93, 54), (112, 54), (111, 56), (92, 57), (91, 59), (110, 59), (109, 61), (110, 61), (90, 62), (106, 62), (107, 62), (108, 62), (104, 63), (105, 63), (90, 64), (101, 64), (102, 64), (103, 64), (91, 65), (99, 65), (100, 65), (92, 66), (96, 66), (97, 66), (98, 66), (93, 67), (94, 67), (95, 67)]
[(114, 49), (113, 51), (112, 54), (111, 56), (110, 59), (110, 61), (111, 62), (112, 63), (113, 64), (114, 64)]
[(113, 64), (114, 64), (112, 66), (111, 69), (110, 71), (109, 74), (108, 76), (107, 79), (107, 81), (108, 82), (109, 83), (113, 83), (114, 83), (110, 84), (111, 84), (112, 84)]
[(38, 13), (39, 13), (35, 14), (36, 14), (37, 14), (40, 14), (33, 15), (34, 15), (41, 15), (30, 16), (31, 16), (32, 16), (42, 16), (28, 17), (29, 17), (25, 18), (26, 18), (27, 18), (41, 18), (22, 19), (23, 19), (24, 19), (21, 21), (40, 21), (39, 23), (20, 24), (19, 26), (38, 26), (37, 28), (18, 29), (17, 31), (36, 31), (35, 33), (36, 33), (16, 34), (32, 34), (33, 34), (34, 34), (30, 35), (31, 35), (16, 36), (27, 36), (28, 36), (29, 36), (17, 37), (25, 37), (26, 37), (18, 38), (22, 38), (23, 38), (24, 38), (19, 39), (20, 39), (21, 39)]
[(58, 10), (59, 10), (55, 11), (56, 11), (57, 11), (60, 11), (53, 12), (54, 12), (61, 12), (50, 13), (51, 13), (52, 13), (62, 13), (48, 14), (49, 14), (45, 15), (46, 15), (47, 15), (61, 15), (42, 16), (43, 16), (44, 16), (41, 18), (60, 18), (59, 20), (40, 21), (39, 23), (58, 23), (57, 25), (38, 26), (37, 28), (56, 28), (55, 30), (56, 30), (36, 31), (52, 31), (53, 31), (54, 31), (50, 32), (51, 32), (36, 33), (47, 33), (48, 33), (49, 33), (37, 34), (45, 34), (46, 34), (38, 35), (42, 35), (43, 35), (44, 35), (39, 36), (40, 36), (41, 36)]
[(55, 30), (56, 30), (52, 31), (53, 31), (54, 31), (57, 31), (50, 32), (51, 32), (58, 32), (47, 33), (48, 33), (49, 33), (59, 33), (45, 34), (46, 34), (42, 35), (43, 35), (44, 35), (58, 35), (39, 36), (40, 36), (41, 36), (38, 38), (57, 38), (56, 40), (37, 41), (36, 43), (55, 43), (54, 45), (35, 46), (34, 48), (53, 48), (52, 50), (53, 50), (33, 51), (49, 51), (50, 51), (51, 51), (47, 52), (48, 52), (33, 53), (44, 53), (45, 53), (46, 53), (34, 54), (42, 54), (43, 54), (35, 55), (39, 55), (40, 55), (41, 55), (36, 56), (37, 56), (38, 56)]
[(75, 27), (76, 27), (72, 28), (73, 28), (74, 28), (77, 28), (70, 29), (71, 29), (78, 29), (67, 30), (68, 30), (69, 30), (79, 30), (65, 31), (66, 31), (62, 32), (63, 32), (64, 32), (78, 32), (59, 33), (60, 33), (61, 33), (58, 35), (77, 35), (76, 37), (57, 38), (56, 40), (75, 40), (74, 42), (55, 43), (54, 45), (73, 45), (72, 47), (73, 47), (53, 48), (69, 48), (70, 48), (71, 48), (67, 49), (68, 49), (53, 50), (64, 50), (65, 50), (66, 50), (54, 51), (62, 51), (63, 51), (55, 52), (59, 52), (60, 52), (61, 52), (56, 53), (57, 53), (58, 53)]
[(72, 47), (73, 47), (69, 48), (70, 48), (71, 48), (74, 48), (67, 49), (68, 49), (75, 49), (64, 50), (65, 50), (66, 50), (76, 50), (62, 51), (63, 51), (59, 52), (60, 52), (61, 52), (75, 52), (56, 53), (57, 53), (58, 53), (55, 55), (74, 55), (73, 57), (54, 58), (53, 60), (72, 60), (71, 62), (52, 63), (51, 65), (70, 65), (69, 67), (70, 67), (50, 68), (66, 68), (67, 68), (68, 68), (64, 69), (65, 69), (50, 70), (61, 70), (62, 70), (63, 70), (51, 71), (59, 71), (60, 71), (52, 72), (56, 72), (57, 72), (58, 72), (53, 73), (54, 73), (55, 73)]
[(92, 44), (93, 44), (89, 45), (90, 45), (91, 45), (94, 45), (87, 46), (88, 46), (95, 46), (84, 47), (85, 47), (86, 47), (96, 47), (82, 48), (83, 48), (79, 49), (80, 49), (81, 49), (95, 49), (76, 50), (77, 50), (78, 50), (75, 52), (94, 52), (93, 54), (74, 55), (73, 57), (92, 57), (91, 59), (72, 60), (71, 62), (90, 62), (89, 64), (90, 64), (70, 65), (86, 65), (87, 65), (88, 65), (84, 66), (85, 66), (70, 67), (81, 67), (82, 67), (83, 67), (71, 68), (79, 68), (80, 68), (72, 69), (76, 69), (77, 69), (78, 69), (73, 70), (74, 70), (75, 70)]
[(89, 64), (90, 64), (86, 65), (87, 65), (88, 65), (91, 65), (84, 66), (85, 66), (92, 66), (81, 67), (82, 67), (83, 67), (93, 67), (79, 68), (80, 68), (76, 69), (77, 69), (78, 69), (92, 69), (73, 70), (74, 70), (75, 70), (72, 72), (91, 72), (90, 74), (71, 75), (70, 77), (89, 77), (88, 79), (69, 80), (68, 82), (87, 82), (86, 84), (87, 84), (67, 85), (83, 85), (84, 85), (85, 85), (81, 86), (82, 86), (67, 87), (78, 87), (79, 87), (80, 87), (68, 88), (76, 88), (77, 88), (69, 89), (73, 89), (74, 89), (75, 89), (70, 90), (71, 90), (72, 90)]
[(109, 61), (110, 61), (106, 62), (107, 62), (108, 62), (111, 62), (104, 63), (105, 63), (112, 63), (101, 64), (102, 64), (103, 64), (113, 64), (99, 65), (100, 65), (96, 66), (97, 66), (98, 66), (112, 66), (93, 67), (94, 67), (95, 67), (92, 69), (111, 69), (110, 71), (91, 72), (90, 74), (109, 74), (108, 76), (89, 77), (88, 79), (107, 79), (106, 81), (107, 81), (87, 82), (103, 82), (104, 82), (105, 82), (101, 83), (102, 83), (87, 84), (98, 84), (99, 84), (100, 84), (88, 85), (96, 85), (97, 85), (89, 86), (93, 86), (94, 86), (95, 86), (90, 87), (91, 87), (92, 87)]
[(106, 81), (107, 81), (103, 82), (104, 82), (105, 82), (108, 82), (101, 83), (102, 83), (109, 83), (98, 84), (99, 84), (100, 84), (110, 84), (96, 85), (97, 85), (93, 86), (94, 86), (95, 86), (109, 86), (90, 87), (91, 87), (92, 87), (89, 89), (108, 89), (107, 91), (88, 92), (87, 94), (106, 94), (105, 96), (86, 97), (85, 99), (104, 99), (103, 101), (104, 101), (84, 102), (100, 102), (101, 102), (102, 102), (98, 103), (99, 103), (84, 104), (95, 104), (96, 104), (97, 104), (85, 105), (93, 105), (94, 105), (86, 106), (90, 106), (91, 106), (92, 106), (87, 107), (88, 107), (89, 107)]
[(113, 83), (114, 83), (110, 84), (111, 84), (112, 84), (109, 86), (108, 89), (107, 91), (106, 94), (105, 96), (104, 99), (104, 101), (105, 102), (113, 102), (114, 102), (106, 103), (110, 103), (111, 103), (112, 103), (107, 104), (108, 104), (109, 104)]
[(113, 102), (114, 102), (110, 103), (111, 103), (112, 103), (107, 104), (108, 104), (109, 104), (106, 106), (105, 109), (104, 111), (103, 114)]
[(15, 36), (16, 36), (12, 37), (13, 37), (14, 37), (17, 37), (10, 38), (11, 38), (18, 38), (7, 39), (8, 39), (9, 39), (19, 39), (5, 40), (6, 40), (2, 41), (3, 41), (4, 41), (18, 41), (0, 42), (1, 42), (17, 44), (16, 46), (15, 49), (14, 51), (13, 54), (12, 56), (13, 56), (9, 57), (10, 57), (11, 57), (7, 58), (8, 58), (4, 59), (5, 59), (6, 59), (2, 60), (3, 60), (0, 61), (1, 61)]
[(35, 33), (36, 33), (32, 34), (33, 34), (34, 34), (37, 34), (30, 35), (31, 35), (38, 35), (27, 36), (28, 36), (29, 36), (39, 36), (25, 37), (26, 37), (22, 38), (23, 38), (24, 38), (38, 38), (19, 39), (20, 39), (21, 39), (18, 41), (37, 41), (36, 43), (17, 44), (16, 46), (35, 46), (34, 48), (15, 49), (14, 51), (33, 51), (32, 53), (33, 53), (13, 54), (29, 54), (30, 54), (31, 54), (27, 55), (28, 55), (13, 56), (24, 56), (25, 56), (26, 56), (14, 57), (22, 57), (23, 57), (15, 58), (19, 58), (20, 58), (21, 58), (16, 59), (17, 59), (18, 59)]
[(32, 53), (33, 53), (29, 54), (30, 54), (31, 54), (34, 54), (27, 55), (28, 55), (35, 55), (24, 56), (25, 56), (26, 56), (36, 56), (22, 57), (23, 57), (19, 58), (20, 58), (21, 58), (35, 58), (16, 59), (17, 59), (18, 59), (15, 61), (34, 61), (33, 63), (14, 64), (13, 66), (32, 66), (31, 68), (12, 69), (11, 71), (30, 71), (29, 73), (30, 73), (10, 74), (26, 74), (27, 74), (28, 74), (24, 75), (25, 75), (10, 76), (21, 76), (22, 76), (23, 76), (11, 77), (19, 77), (20, 77), (12, 78), (16, 78), (17, 78), (18, 78), (13, 79), (14, 79), (15, 79)]
[(52, 50), (53, 50), (49, 51), (50, 51), (51, 51), (54, 51), (47, 52), (48, 52), (55, 52), (44, 53), (45, 53), (46, 53), (56, 53), (42, 54), (43, 54), (39, 55), (40, 55), (41, 55), (55, 55), (36, 56), (37, 56), (38, 56), (35, 58), (54, 58), (53, 60), (34, 61), (33, 63), (52, 63), (51, 65), (32, 66), (31, 68), (50, 68), (49, 70), (50, 70), (30, 71), (46, 71), (47, 71), (48, 71), (44, 72), (45, 72), (30, 73), (41, 73), (42, 73), (43, 73), (31, 74), (39, 74), (40, 74), (32, 75), (36, 75), (37, 75), (38, 75), (33, 76), (34, 76), (35, 76)]
[(49, 70), (50, 70), (46, 71), (47, 71), (48, 71), (51, 71), (44, 72), (45, 72), (52, 72), (41, 73), (42, 73), (43, 73), (53, 73), (39, 74), (40, 74), (36, 75), (37, 75), (38, 75), (52, 75), (33, 76), (34, 76), (35, 76), (32, 78), (51, 78), (50, 80), (31, 81), (30, 83), (49, 83), (48, 85), (29, 86), (28, 88), (47, 88), (46, 90), (47, 90), (27, 91), (43, 91), (44, 91), (45, 91), (41, 92), (42, 92), (27, 93), (38, 93), (39, 93), (40, 93), (28, 94), (36, 94), (37, 94), (29, 95), (33, 95), (34, 95), (35, 95), (30, 96), (31, 96), (32, 96)]
[(69, 67), (70, 67), (66, 68), (67, 68), (68, 68), (71, 68), (64, 69), (65, 69), (72, 69), (61, 70), (62, 70), (63, 70), (73, 70), (59, 71), (60, 71), (56, 72), (57, 72), (58, 72), (72, 72), (53, 73), (54, 73), (55, 73), (52, 75), (71, 75), (70, 77), (51, 78), (50, 80), (69, 80), (68, 82), (49, 83), (48, 85), (67, 85), (66, 87), (67, 87), (47, 88), (63, 88), (64, 88), (65, 88), (61, 89), (62, 89), (47, 90), (58, 90), (59, 90), (60, 90), (48, 91), (56, 91), (57, 91), (49, 92), (53, 92), (54, 92), (55, 92), (50, 93), (51, 93), (52, 93)]
[(66, 87), (67, 87), (63, 88), (64, 88), (65, 88), (68, 88), (61, 89), (62, 89), (69, 89), (58, 90), (59, 90), (60, 90), (70, 90), (56, 91), (57, 91), (53, 92), (54, 92), (55, 92), (69, 92), (50, 93), (51, 93), (52, 93), (49, 95), (68, 95), (67, 97), (48, 98), (47, 100), (66, 100), (65, 102), (46, 103), (45, 105), (64, 105), (63, 107), (64, 107), (44, 108), (60, 108), (61, 108), (62, 108), (58, 109), (59, 109), (44, 110), (55, 110), (56, 110), (57, 110), (45, 111), (53, 111), (54, 111), (46, 112), (50, 112), (51, 112), (52, 112), (47, 113), (48, 113), (49, 113)]
[(86, 84), (87, 84), (83, 85), (84, 85), (85, 85), (88, 85), (81, 86), (82, 86), (89, 86), (78, 87), (79, 87), (80, 87), (90, 87), (76, 88), (77, 88), (73, 89), (74, 89), (75, 89), (89, 89), (70, 90), (71, 90), (72, 90), (69, 92), (88, 92), (87, 94), (68, 95), (67, 97), (86, 97), (85, 99), (66, 100), (65, 102), (84, 102), (83, 104), (84, 104), (64, 105), (80, 105), (81, 105), (82, 105), (78, 106), (79, 106), (64, 107), (75, 107), (76, 107), (77, 107), (65, 108), (73, 108), (74, 108), (66, 109), (70, 109), (71, 109), (72, 109), (67, 110), (68, 110), (69, 110)]
[(83, 104), (84, 104), (80, 105), (81, 105), (82, 105), (85, 105), (78, 106), (79, 106), (86, 106), (75, 107), (76, 107), (77, 107), (87, 107), (73, 108), (74, 108), (70, 109), (71, 109), (72, 109), (86, 109), (67, 110), (68, 110), (69, 110), (66, 112), (85, 112), (84, 114)]
[(103, 101), (104, 101), (100, 102), (101, 102), (102, 102), (105, 102), (98, 103), (99, 103), (106, 103), (95, 104), (96, 104), (97, 104), (107, 104), (93, 105), (94, 105), (90, 106), (91, 106), (92, 106), (106, 106), (87, 107), (88, 107), (89, 107), (86, 109), (105, 109), (104, 111), (85, 112), (84, 114), (103, 114)]
[(12, 56), (13, 56), (9, 57), (10, 57), (11, 57), (14, 57), (7, 58), (8, 58), (15, 58), (4, 59), (5, 59), (6, 59), (16, 59), (2, 60), (3, 60), (0, 61), (1, 61), (15, 61), (14, 64), (13, 66), (12, 69), (11, 71), (10, 74), (9, 76), (10, 76), (6, 77), (7, 77), (8, 77), (4, 78), (5, 78), (1, 79), (2, 79), (3, 79), (0, 80)]
[(9, 76), (10, 76), (6, 77), (7, 77), (8, 77), (11, 77), (4, 78), (5, 78), (12, 78), (1, 79), (2, 79), (3, 79), (13, 79), (0, 80), (12, 81), (11, 84), (10, 86), (9, 89), (8, 91), (7, 94), (6, 96), (7, 96), (3, 97), (4, 97), (5, 97), (1, 98), (2, 98), (0, 99)]
[(29, 73), (30, 73), (26, 74), (27, 74), (28, 74), (31, 74), (24, 75), (25, 75), (32, 75), (21, 76), (22, 76), (23, 76), (33, 76), (19, 77), (20, 77), (16, 78), (17, 78), (18, 78), (32, 78), (13, 79), (14, 79), (15, 79), (12, 81), (31, 81), (30, 83), (11, 84), (10, 86), (29, 86), (28, 88), (9, 89), (8, 91), (27, 91), (26, 93), (27, 93), (7, 94), (23, 94), (24, 94), (25, 94), (21, 95), (22, 95), (7, 96), (18, 96), (19, 96), (20, 96), (8, 97), (16, 97), (17, 97), (9, 98), (13, 98), (14, 98), (15, 98), (10, 99), (11, 99), (12, 99)]
[(26, 93), (27, 93), (23, 94), (24, 94), (25, 94), (28, 94), (21, 95), (22, 95), (29, 95), (18, 96), (19, 96), (20, 96), (30, 96), (16, 97), (17, 97), (13, 98), (14, 98), (15, 98), (29, 98), (10, 99), (11, 99), (12, 99), (9, 101), (28, 101), (27, 103), (8, 104), (7, 106), (26, 106), (25, 108), (6, 109), (5, 111), (24, 111), (23, 113), (24, 113), (4, 114), (20, 114), (21, 114), (22, 114)]
[(46, 90), (47, 90), (43, 91), (44, 91), (45, 91), (48, 91), (41, 92), (42, 92), (49, 92), (38, 93), (39, 93), (40, 93), (50, 93), (36, 94), (37, 94), (33, 95), (34, 95), (35, 95), (49, 95), (30, 96), (31, 96), (32, 96), (29, 98), (48, 98), (47, 100), (28, 101), (27, 103), (46, 103), (45, 105), (26, 106), (25, 108), (44, 108), (43, 110), (44, 110), (24, 111), (40, 111), (41, 111), (42, 111), (38, 112), (39, 112), (24, 113), (35, 113), (36, 113), (37, 113), (25, 114), (33, 114), (34, 114)]
[(43, 110), (44, 110), (40, 111), (41, 111), (42, 111), (45, 111), (38, 112), (39, 112), (46, 112), (35, 113), (36, 113), (37, 113), (47, 113), (33, 114), (34, 114)]
[(63, 107), (64, 107), (60, 108), (61, 108), (62, 108), (65, 108), (58, 109), (59, 109), (66, 109), (55, 110), (56, 110), (57, 110), (67, 110), (53, 111), (54, 111), (50, 112), (51, 112), (52, 112), (66, 112), (47, 113), (48, 113), (49, 113)]
[(6, 96), (7, 96), (3, 97), (4, 97), (5, 97), (8, 97), (1, 98), (2, 98), (9, 98), (0, 99), (10, 99), (9, 101), (8, 104), (7, 106), (6, 109), (5, 111), (4, 114)]
[(23, 113), (24, 113), (20, 114), (21, 114), (22, 114), (25, 114)]
