[(85, 30), (86, 30), (83, 31), (84, 31), (87, 31), (80, 32), (81, 32), (82, 32), (88, 32), (77, 33), (78, 33), (79, 33), (89, 33), (75, 34), (76, 34), (90, 34), (72, 35), (73, 35), (74, 35), (91, 35), (69, 36), (70, 36), (71, 36), (90, 37), (68, 38), (89, 40), (67, 41), (88, 42), (66, 43), (87, 45), (65, 46), (86, 48), (64, 49), (85, 50), (63, 51), (84, 52), (85, 52), (63, 53), (82, 53), (83, 53), (64, 54), (79, 54), (80, 54), (81, 54), (65, 55), (76, 55), (77, 55), (78, 55), (66, 56), (74, 56), (75, 56), (67, 57), (71, 57), (72, 57), (73, 57), (68, 58), (69, 58), (70, 58)]
[(107, 29), (108, 29), (105, 30), (106, 30), (109, 30), (102, 31), (103, 31), (104, 31), (110, 31), (99, 32), (100, 32), (101, 32), (111, 32), (97, 33), (98, 33), (112, 33), (94, 34), (95, 34), (96, 34), (113, 34), (91, 35), (92, 35), (93, 35), (112, 36), (90, 37), (111, 39), (89, 40), (110, 41), (88, 42), (109, 44), (87, 45), (108, 47), (86, 48), (107, 49), (85, 50), (106, 51), (107, 51), (85, 52), (104, 52), (105, 52), (86, 53), (101, 53), (102, 53), (103, 53), (87, 54), (98, 54), (99, 54), (100, 54), (88, 55), (96, 55), (97, 55), (89, 56), (93, 56), (94, 56), (95, 56), (90, 57), (91, 57), (92, 57)]
[(106, 51), (107, 51), (104, 52), (105, 52), (108, 52), (101, 53), (102, 53), (103, 53), (109, 53), (98, 54), (99, 54), (100, 54), (110, 54), (96, 55), (97, 55), (111, 55), (93, 56), (94, 56), (95, 56), (112, 56), (90, 57), (91, 57), (92, 57), (111, 58), (89, 59), (110, 61), (88, 62), (109, 63), (87, 64), (108, 66), (86, 67), (107, 69), (85, 70), (106, 71), (84, 72), (105, 73), (106, 73), (84, 74), (103, 74), (104, 74), (85, 75), (100, 75), (101, 75), (102, 75), (86, 76), (97, 76), (98, 76), (99, 76), (87, 77), (95, 77), (96, 77), (88, 78), (92, 78), (93, 78), (94, 78), (89, 79), (90, 79), (91, 79)]
[(112, 56), (113, 56), (114, 56), (111, 58), (110, 61), (109, 63), (108, 66), (107, 69), (106, 71), (106, 73), (107, 74), (108, 75), (109, 76), (110, 77), (114, 77), (111, 78), (112, 78), (113, 78)]
[(114, 77), (111, 78), (112, 78), (113, 78), (110, 80), (109, 83), (108, 85), (107, 88), (106, 91), (105, 93), (105, 95), (106, 96), (107, 97), (108, 98), (109, 99), (113, 99), (114, 99), (110, 100), (111, 100), (112, 100)]
[(41, 32), (42, 32), (39, 33), (40, 33), (43, 33), (36, 34), (37, 34), (38, 34), (44, 34), (33, 35), (34, 35), (35, 35), (45, 35), (31, 36), (32, 36), (46, 36), (28, 37), (29, 37), (30, 37), (47, 37), (25, 38), (26, 38), (27, 38), (46, 39), (24, 40), (45, 42), (23, 43), (44, 44), (22, 45), (43, 47), (21, 48), (42, 50), (20, 51), (41, 52), (19, 53), (40, 54), (41, 54), (19, 55), (38, 55), (39, 55), (20, 56), (35, 56), (36, 56), (37, 56), (21, 57), (32, 57), (33, 57), (34, 57), (22, 58), (30, 58), (31, 58), (23, 59), (27, 59), (28, 59), (29, 59), (24, 60), (25, 60), (26, 60)]
[(63, 31), (64, 31), (61, 32), (62, 32), (65, 32), (58, 33), (59, 33), (60, 33), (66, 33), (55, 34), (56, 34), (57, 34), (67, 34), (53, 35), (54, 35), (68, 35), (50, 36), (51, 36), (52, 36), (69, 36), (47, 37), (48, 37), (49, 37), (68, 38), (46, 39), (67, 41), (45, 42), (66, 43), (44, 44), (65, 46), (43, 47), (64, 49), (42, 50), (63, 51), (41, 52), (62, 53), (63, 53), (41, 54), (60, 54), (61, 54), (42, 55), (57, 55), (58, 55), (59, 55), (43, 56), (54, 56), (55, 56), (56, 56), (44, 57), (52, 57), (53, 57), (45, 58), (49, 58), (50, 58), (51, 58), (46, 59), (47, 59), (48, 59)]
[(62, 53), (63, 53), (60, 54), (61, 54), (64, 54), (57, 55), (58, 55), (59, 55), (65, 55), (54, 56), (55, 56), (56, 56), (66, 56), (52, 57), (53, 57), (67, 57), (49, 58), (50, 58), (51, 58), (68, 58), (46, 59), (47, 59), (48, 59), (67, 60), (45, 61), (66, 63), (44, 64), (65, 65), (43, 66), (64, 68), (42, 69), (63, 71), (41, 72), (62, 73), (40, 74), (61, 75), (62, 75), (40, 76), (59, 76), (60, 76), (41, 77), (56, 77), (57, 77), (58, 77), (42, 78), (53, 78), (54, 78), (55, 78), (43, 79), (51, 79), (52, 79), (44, 80), (48, 80), (49, 80), (50, 80), (45, 81), (46, 81), (47, 81)]
[(84, 52), (85, 52), (82, 53), (83, 53), (86, 53), (79, 54), (80, 54), (81, 54), (87, 54), (76, 55), (77, 55), (78, 55), (88, 55), (74, 56), (75, 56), (89, 56), (71, 57), (72, 57), (73, 57), (90, 57), (68, 58), (69, 58), (70, 58), (89, 59), (67, 60), (88, 62), (66, 63), (87, 64), (65, 65), (86, 67), (64, 68), (85, 70), (63, 71), (84, 72), (62, 73), (83, 74), (84, 74), (62, 75), (81, 75), (82, 75), (63, 76), (78, 76), (79, 76), (80, 76), (64, 77), (75, 77), (76, 77), (77, 77), (65, 78), (73, 78), (74, 78), (66, 79), (70, 79), (71, 79), (72, 79), (67, 80), (68, 80), (69, 80)]
[(83, 74), (84, 74), (81, 75), (82, 75), (85, 75), (78, 76), (79, 76), (80, 76), (86, 76), (75, 77), (76, 77), (77, 77), (87, 77), (73, 78), (74, 78), (88, 78), (70, 79), (71, 79), (72, 79), (89, 79), (67, 80), (68, 80), (69, 80), (88, 81), (66, 82), (87, 84), (65, 85), (86, 86), (64, 87), (85, 89), (63, 90), (84, 92), (62, 93), (83, 94), (61, 95), (82, 96), (83, 96), (61, 97), (80, 97), (81, 97), (62, 98), (77, 98), (78, 98), (79, 98), (63, 99), (74, 99), (75, 99), (76, 99), (64, 100), (72, 100), (73, 100), (65, 101), (69, 101), (70, 101), (71, 101), (66, 102), (67, 102), (68, 102)]
[(105, 73), (106, 73), (103, 74), (104, 74), (107, 74), (100, 75), (101, 75), (102, 75), (108, 75), (97, 76), (98, 76), (99, 76), (109, 76), (95, 77), (96, 77), (110, 77), (92, 78), (93, 78), (94, 78), (111, 78), (89, 79), (90, 79), (91, 79), (110, 80), (88, 81), (109, 83), (87, 84), (108, 85), (86, 86), (107, 88), (85, 89), (106, 91), (84, 92), (105, 93), (83, 94), (104, 95), (105, 95), (83, 96), (102, 96), (103, 96), (84, 97), (99, 97), (100, 97), (101, 97), (85, 98), (96, 98), (97, 98), (98, 98), (86, 99), (94, 99), (95, 99), (87, 100), (91, 100), (92, 100), (93, 100), (88, 101), (89, 101), (90, 101)]
[(104, 95), (105, 95), (102, 96), (103, 96), (106, 96), (99, 97), (100, 97), (101, 97), (107, 97), (96, 98), (97, 98), (98, 98), (108, 98), (94, 99), (95, 99), (109, 99), (91, 100), (92, 100), (93, 100), (110, 100), (88, 101), (89, 101), (90, 101), (109, 102), (87, 103), (108, 105), (86, 106), (107, 107), (85, 108), (106, 110), (84, 111), (105, 113), (83, 114)]
[(113, 99), (114, 99), (110, 100), (111, 100), (112, 100), (109, 102), (108, 105), (107, 107), (106, 110), (105, 113)]
[(18, 55), (19, 55), (16, 56), (17, 56), (20, 56), (13, 57), (14, 57), (15, 57), (21, 57), (10, 58), (11, 58), (12, 58), (22, 58), (8, 59), (9, 59), (23, 59), (5, 60), (6, 60), (7, 60), (24, 60), (2, 61), (3, 61), (4, 61), (23, 62), (1, 63), (22, 65), (0, 66), (21, 67), (20, 70), (19, 73), (18, 75), (17, 77), (18, 77), (15, 78), (16, 78), (12, 79), (13, 79), (14, 79), (9, 80), (10, 80), (11, 80), (7, 81), (8, 81), (0, 82), (4, 82), (5, 82), (6, 82), (1, 83), (2, 83), (3, 83)]
[(40, 54), (41, 54), (38, 55), (39, 55), (42, 55), (35, 56), (36, 56), (37, 56), (43, 56), (32, 57), (33, 57), (34, 57), (44, 57), (30, 58), (31, 58), (45, 58), (27, 59), (28, 59), (29, 59), (46, 59), (24, 60), (25, 60), (26, 60), (45, 61), (23, 62), (44, 64), (22, 65), (43, 66), (21, 67), (42, 69), (20, 70), (41, 72), (19, 73), (40, 74), (18, 75), (39, 76), (40, 76), (18, 77), (37, 77), (38, 77), (19, 78), (34, 78), (35, 78), (36, 78), (20, 79), (31, 79), (32, 79), (33, 79), (21, 80), (29, 80), (30, 80), (22, 81), (26, 81), (27, 81), (28, 81), (23, 82), (24, 82), (25, 82)]
[(39, 76), (40, 76), (37, 77), (38, 77), (41, 77), (34, 78), (35, 78), (36, 78), (42, 78), (31, 79), (32, 79), (33, 79), (43, 79), (29, 80), (30, 80), (44, 80), (26, 81), (27, 81), (28, 81), (45, 81), (23, 82), (24, 82), (25, 82), (44, 83), (22, 84), (43, 86), (21, 87), (42, 88), (20, 89), (41, 91), (19, 92), (40, 94), (18, 95), (39, 96), (17, 97), (38, 98), (39, 98), (17, 99), (36, 99), (37, 99), (18, 100), (33, 100), (34, 100), (35, 100), (19, 101), (30, 101), (31, 101), (32, 101), (20, 102), (28, 102), (29, 102), (21, 103), (25, 103), (26, 103), (27, 103), (22, 104), (23, 104), (24, 104)]
[(61, 75), (62, 75), (59, 76), (60, 76), (63, 76), (56, 77), (57, 77), (58, 77), (64, 77), (53, 78), (54, 78), (55, 78), (65, 78), (51, 79), (52, 79), (66, 79), (48, 80), (49, 80), (50, 80), (67, 80), (45, 81), (46, 81), (47, 81), (66, 82), (44, 83), (65, 85), (43, 86), (64, 87), (42, 88), (63, 90), (41, 91), (62, 93), (40, 94), (61, 95), (39, 96), (60, 97), (61, 97), (39, 98), (58, 98), (59, 98), (40, 99), (55, 99), (56, 99), (57, 99), (41, 100), (52, 100), (53, 100), (54, 100), (42, 101), (50, 101), (51, 101), (43, 102), (47, 102), (48, 102), (49, 102), (44, 103), (45, 103), (46, 103)]
[(60, 97), (61, 97), (58, 98), (59, 98), (62, 98), (55, 99), (56, 99), (57, 99), (63, 99), (52, 100), (53, 100), (54, 100), (64, 100), (50, 101), (51, 101), (65, 101), (47, 102), (48, 102), (49, 102), (66, 102), (44, 103), (45, 103), (46, 103), (65, 104), (43, 105), (64, 107), (42, 108), (63, 109), (41, 110), (62, 112), (40, 113)]
[(82, 96), (83, 96), (80, 97), (81, 97), (84, 97), (77, 98), (78, 98), (79, 98), (85, 98), (74, 99), (75, 99), (76, 99), (86, 99), (72, 100), (73, 100), (87, 100), (69, 101), (70, 101), (71, 101), (88, 101), (66, 102), (67, 102), (68, 102), (87, 103), (65, 104), (86, 106), (64, 107), (85, 108), (63, 109), (84, 111), (62, 112), (83, 114)]
[(17, 77), (18, 77), (15, 78), (16, 78), (19, 78), (12, 79), (13, 79), (14, 79), (20, 79), (9, 80), (10, 80), (11, 80), (21, 80), (7, 81), (8, 81), (22, 81), (4, 82), (5, 82), (6, 82), (23, 82), (1, 83), (2, 83), (3, 83), (22, 84), (0, 85), (21, 87), (20, 89), (19, 92), (18, 95), (17, 97), (16, 99), (17, 99), (14, 100), (15, 100), (11, 101), (12, 101), (13, 101), (8, 102), (9, 102), (10, 102), (6, 103), (7, 103), (3, 104), (4, 104), (5, 104), (0, 105), (1, 105), (2, 105)]
[(16, 99), (17, 99), (14, 100), (15, 100), (18, 100), (11, 101), (12, 101), (13, 101), (19, 101), (8, 102), (9, 102), (10, 102), (20, 102), (6, 103), (7, 103), (21, 103), (3, 104), (4, 104), (5, 104), (22, 104), (0, 105), (1, 105), (2, 105), (21, 106), (20, 109), (19, 111), (18, 114)]
[(38, 98), (39, 98), (36, 99), (37, 99), (40, 99), (33, 100), (34, 100), (35, 100), (41, 100), (30, 101), (31, 101), (32, 101), (42, 101), (28, 102), (29, 102), (43, 102), (25, 103), (26, 103), (27, 103), (44, 103), (22, 104), (23, 104), (24, 104), (43, 105), (21, 106), (42, 108), (20, 109), (41, 110), (19, 111), (40, 113), (18, 114)]
