[(113, 33), (114, 33), (112, 35), (111, 37), (110, 40), (109, 42), (108, 44), (107, 47), (106, 49), (105, 51), (104, 54), (103, 56), (102, 59), (101, 61), (100, 63), (99, 66), (100, 66), (101, 67), (102, 68), (103, 69), (104, 70), (105, 71), (106, 72), (107, 73), (108, 74), (109, 75), (110, 76), (111, 77), (112, 78), (113, 78), (114, 78)]
[(54, 22), (55, 22), (56, 22), (52, 23), (53, 23), (57, 23), (49, 24), (50, 24), (51, 24), (58, 24), (47, 25), (48, 25), (59, 25), (45, 26), (46, 26), (60, 26), (42, 27), (43, 27), (44, 27), (61, 27), (40, 28), (41, 28), (62, 28), (38, 29), (39, 29), (63, 29), (35, 30), (36, 30), (37, 30), (64, 30), (33, 31), (34, 31), (65, 31), (31, 32), (32, 32), (66, 32), (28, 33), (29, 33), (30, 33), (67, 33), (26, 34), (27, 34), (68, 34), (23, 35), (24, 35), (25, 35), (67, 36), (22, 37), (66, 38), (21, 39), (65, 41), (20, 42), (64, 43), (19, 44), (63, 45), (18, 46), (62, 48), (17, 49), (61, 50), (16, 51), (60, 52), (15, 53), (59, 55), (14, 56), (58, 57), (13, 58), (57, 60), (12, 61), (56, 62), (11, 63), (55, 64), (10, 65), (53, 67), (54, 67), (55, 67), (9, 68), (10, 68), (51, 68), (52, 68), (11, 69), (48, 69), (49, 69), (50, 69), (12, 70), (46, 70), (47, 70), (13, 71), (44, 71), (45, 71), (14, 72), (41, 72), (42, 72), (43, 72), (15, 73), (39, 73), (40, 73), (16, 74), (37, 74), (38, 74), (17, 75), (34, 75), (35, 75), (36, 75), (18, 76), (32, 76), (33, 76), (19, 77), (30, 77), (31, 77), (20, 78), (27, 78), (28, 78), (29, 78), (21, 79), (25, 79), (26, 79), (22, 80), (23, 80), (24, 80)]
[(99, 21), (100, 21), (101, 21), (97, 22), (98, 22), (102, 22), (94, 23), (95, 23), (96, 23), (103, 23), (92, 24), (93, 24), (104, 24), (90, 25), (91, 25), (105, 25), (87, 26), (88, 26), (89, 26), (106, 26), (85, 27), (86, 27), (107, 27), (83, 28), (84, 28), (108, 28), (80, 29), (81, 29), (82, 29), (109, 29), (78, 30), (79, 30), (110, 30), (76, 31), (77, 31), (111, 31), (73, 32), (74, 32), (75, 32), (112, 32), (71, 33), (72, 33), (113, 33), (68, 34), (69, 34), (70, 34), (112, 35), (67, 36), (111, 37), (66, 38), (110, 40), (65, 41), (109, 42), (64, 43), (108, 44), (63, 45), (107, 47), (62, 48), (106, 49), (61, 50), (105, 51), (60, 52), (104, 54), (59, 55), (103, 56), (58, 57), (102, 59), (57, 60), (101, 61), (56, 62), (100, 63), (55, 64), (98, 66), (99, 66), (100, 66), (54, 67), (55, 67), (96, 67), (97, 67), (56, 68), (93, 68), (94, 68), (95, 68), (57, 69), (91, 69), (92, 69), (58, 70), (89, 70), (90, 70), (59, 71), (86, 71), (87, 71), (88, 71), (60, 72), (84, 72), (85, 72), (61, 73), (82, 73), (83, 73), (62, 74), (79, 74), (80, 74), (81, 74), (63, 75), (77, 75), (78, 75), (64, 76), (75, 76), (76, 76), (65, 77), (72, 77), (73, 77), (74, 77), (66, 78), (70, 78), (71, 78), (67, 79), (68, 79), (69, 79)]
[(98, 66), (99, 66), (100, 66), (96, 67), (97, 67), (101, 67), (93, 68), (94, 68), (95, 68), (102, 68), (91, 69), (92, 69), (103, 69), (89, 70), (90, 70), (104, 70), (86, 71), (87, 71), (88, 71), (105, 71), (84, 72), (85, 72), (106, 72), (82, 73), (83, 73), (107, 73), (79, 74), (80, 74), (81, 74), (108, 74), (77, 75), (78, 75), (109, 75), (75, 76), (76, 76), (110, 76), (72, 77), (73, 77), (74, 77), (111, 77), (70, 78), (71, 78), (112, 78), (67, 79), (68, 79), (69, 79), (111, 80), (66, 81), (110, 82), (65, 83), (109, 85), (64, 86), (108, 87), (63, 88), (107, 89), (62, 90), (106, 92), (61, 93), (105, 94), (60, 95), (104, 96), (59, 97), (103, 99), (58, 100), (102, 101), (57, 102), (101, 104), (56, 105), (100, 106), (55, 107), (99, 108), (54, 109), (97, 111), (98, 111), (99, 111), (53, 112), (54, 112), (95, 112), (96, 112), (55, 113), (92, 113), (93, 113), (94, 113), (56, 114), (90, 114), (91, 114)]
[(112, 78), (113, 78), (114, 78), (111, 80), (110, 82), (109, 85), (108, 87), (107, 89), (106, 92), (105, 94), (104, 96), (103, 99), (102, 101), (101, 104), (100, 106), (99, 108), (98, 111), (99, 111), (100, 112), (101, 113), (102, 114)]
[(8, 68), (9, 68), (10, 68), (6, 69), (7, 69), (11, 69), (3, 70), (4, 70), (5, 70), (12, 70), (1, 71), (2, 71), (13, 71), (0, 72), (14, 72), (15, 73), (16, 74), (17, 75), (18, 76), (19, 77), (20, 78), (21, 79), (22, 80), (21, 82), (20, 84), (19, 87), (18, 89), (17, 91), (16, 94), (15, 96), (14, 98), (13, 101), (12, 103), (11, 106), (10, 108), (9, 110), (7, 113), (8, 113), (9, 113), (5, 114), (6, 114)]
[(53, 67), (54, 67), (55, 67), (51, 68), (52, 68), (56, 68), (48, 69), (49, 69), (50, 69), (57, 69), (46, 70), (47, 70), (58, 70), (44, 71), (45, 71), (59, 71), (41, 72), (42, 72), (43, 72), (60, 72), (39, 73), (40, 73), (61, 73), (37, 74), (38, 74), (62, 74), (34, 75), (35, 75), (36, 75), (63, 75), (32, 76), (33, 76), (64, 76), (30, 77), (31, 77), (65, 77), (27, 78), (28, 78), (29, 78), (66, 78), (25, 79), (26, 79), (67, 79), (22, 80), (23, 80), (24, 80), (66, 81), (21, 82), (65, 83), (20, 84), (64, 86), (19, 87), (63, 88), (18, 89), (62, 90), (17, 91), (61, 93), (16, 94), (60, 95), (15, 96), (59, 97), (14, 98), (58, 100), (13, 101), (57, 102), (12, 103), (56, 105), (11, 106), (55, 107), (10, 108), (54, 109), (9, 110), (52, 112), (53, 112), (54, 112), (8, 113), (9, 113), (50, 113), (51, 113), (10, 114), (47, 114), (48, 114), (49, 114)]
[(52, 112), (53, 112), (54, 112), (50, 113), (51, 113), (55, 113), (47, 114), (48, 114), (49, 114), (56, 114)]
[(97, 111), (98, 111), (99, 111), (95, 112), (96, 112), (100, 112), (92, 113), (93, 113), (94, 113), (101, 113), (90, 114), (91, 114), (102, 114)]
[(7, 113), (8, 113), (9, 113), (5, 114), (6, 114), (10, 114)]
