[(91, 47), (92, 47), (93, 47), (94, 47), (88, 48), (89, 48), (90, 48), (95, 48), (84, 49), (85, 49), (86, 49), (87, 49), (96, 49), (81, 50), (82, 50), (83, 50), (97, 50), (77, 51), (78, 51), (79, 51), (80, 51), (98, 51), (99, 52), (100, 53), (76, 54), (99, 56), (75, 57), (98, 59), (74, 61), (97, 63), (73, 64), (96, 66), (72, 68), (73, 68), (74, 69), (75, 70), (93, 70), (94, 70), (95, 70), (96, 70), (76, 71), (90, 71), (91, 71), (92, 71), (77, 72), (86, 72), (87, 72), (88, 72), (89, 72), (78, 73), (83, 73), (84, 73), (85, 73), (79, 74), (80, 74), (81, 74), (82, 74)]
[(114, 49), (111, 50), (112, 50), (113, 50), (107, 51), (108, 51), (109, 51), (110, 51), (104, 52), (105, 52), (106, 52), (100, 53), (101, 53), (102, 53), (103, 53), (99, 56), (98, 59), (97, 63), (96, 66), (95, 70), (96, 70), (97, 71), (98, 72), (99, 73), (113, 73), (114, 73), (100, 74), (109, 74), (110, 74), (111, 74), (112, 74), (101, 75), (106, 75), (107, 75), (108, 75), (102, 76), (103, 76), (104, 76), (105, 76)]
[(113, 73), (114, 73), (109, 74), (110, 74), (111, 74), (112, 74), (106, 75), (107, 75), (108, 75), (102, 76), (103, 76), (104, 76), (105, 76), (101, 79), (100, 82), (99, 86), (98, 89), (97, 93), (98, 93), (99, 94), (100, 95), (101, 96), (102, 97), (111, 97), (112, 97), (113, 97), (114, 97), (103, 98), (108, 98), (109, 98), (110, 98), (104, 99), (105, 99), (106, 99), (107, 99)]
[(45, 43), (46, 43), (47, 43), (48, 43), (42, 44), (43, 44), (44, 44), (49, 44), (38, 45), (39, 45), (40, 45), (41, 45), (50, 45), (35, 46), (36, 46), (37, 46), (51, 46), (31, 47), (32, 47), (33, 47), (34, 47), (52, 47), (53, 48), (54, 49), (30, 50), (53, 52), (29, 53), (52, 55), (28, 57), (51, 59), (27, 60), (50, 62), (26, 64), (27, 64), (28, 65), (29, 66), (47, 66), (48, 66), (49, 66), (50, 66), (30, 67), (44, 67), (45, 67), (46, 67), (31, 68), (40, 68), (41, 68), (42, 68), (43, 68), (32, 69), (37, 69), (38, 69), (39, 69), (33, 70), (34, 70), (35, 70), (36, 70)]
[(68, 45), (69, 45), (70, 45), (71, 45), (65, 46), (66, 46), (67, 46), (72, 46), (61, 47), (62, 47), (63, 47), (64, 47), (73, 47), (58, 48), (59, 48), (60, 48), (74, 48), (54, 49), (55, 49), (56, 49), (57, 49), (75, 49), (76, 50), (77, 51), (53, 52), (76, 54), (52, 55), (75, 57), (51, 59), (74, 61), (50, 62), (73, 64), (49, 66), (50, 66), (51, 67), (52, 68), (70, 68), (71, 68), (72, 68), (73, 68), (53, 69), (67, 69), (68, 69), (69, 69), (54, 70), (63, 70), (64, 70), (65, 70), (66, 70), (55, 71), (60, 71), (61, 71), (62, 71), (56, 72), (57, 72), (58, 72), (59, 72)]
[(70, 68), (71, 68), (72, 68), (73, 68), (67, 69), (68, 69), (69, 69), (74, 69), (63, 70), (64, 70), (65, 70), (66, 70), (75, 70), (60, 71), (61, 71), (62, 71), (76, 71), (56, 72), (57, 72), (58, 72), (59, 72), (77, 72), (78, 73), (79, 74), (55, 75), (78, 77), (54, 78), (77, 80), (53, 82), (76, 84), (52, 85), (75, 87), (51, 89), (52, 89), (53, 90), (54, 91), (72, 91), (73, 91), (74, 91), (75, 91), (55, 92), (69, 92), (70, 92), (71, 92), (56, 93), (65, 93), (66, 93), (67, 93), (68, 93), (57, 94), (62, 94), (63, 94), (64, 94), (58, 95), (59, 95), (60, 95), (61, 95)]
[(93, 70), (94, 70), (95, 70), (96, 70), (90, 71), (91, 71), (92, 71), (97, 71), (86, 72), (87, 72), (88, 72), (89, 72), (98, 72), (83, 73), (84, 73), (85, 73), (99, 73), (79, 74), (80, 74), (81, 74), (82, 74), (100, 74), (101, 75), (102, 76), (78, 77), (101, 79), (77, 80), (100, 82), (76, 84), (99, 86), (75, 87), (98, 89), (74, 91), (75, 91), (76, 92), (77, 93), (95, 93), (96, 93), (97, 93), (98, 93), (78, 94), (92, 94), (93, 94), (94, 94), (79, 95), (88, 95), (89, 95), (90, 95), (91, 95), (80, 96), (85, 96), (86, 96), (87, 96), (81, 97), (82, 97), (83, 97), (84, 97)]
[(95, 93), (96, 93), (97, 93), (98, 93), (92, 94), (93, 94), (94, 94), (99, 94), (88, 95), (89, 95), (90, 95), (91, 95), (100, 95), (85, 96), (86, 96), (87, 96), (101, 96), (81, 97), (82, 97), (83, 97), (84, 97), (102, 97), (103, 98), (104, 99), (80, 100), (103, 102), (79, 103), (102, 105), (78, 107), (101, 109), (77, 110), (100, 112), (76, 114), (77, 114)]
[(111, 97), (112, 97), (113, 97), (114, 97), (108, 98), (109, 98), (110, 98), (104, 99), (105, 99), (106, 99), (107, 99), (103, 102), (102, 105), (101, 109), (100, 112)]
[(24, 64), (25, 64), (26, 64), (27, 64), (21, 65), (22, 65), (23, 65), (28, 65), (17, 66), (18, 66), (19, 66), (20, 66), (29, 66), (14, 67), (15, 67), (16, 67), (30, 67), (10, 68), (11, 68), (12, 68), (13, 68), (31, 68), (32, 69), (33, 70), (9, 71), (32, 73), (8, 74), (31, 76), (7, 78), (30, 80), (6, 81), (29, 83), (5, 85), (6, 85), (7, 86), (8, 87), (26, 87), (27, 87), (28, 87), (29, 87), (9, 88), (23, 88), (24, 88), (25, 88), (10, 89), (19, 89), (20, 89), (21, 89), (22, 89), (11, 90), (16, 90), (17, 90), (18, 90), (12, 91), (13, 91), (14, 91), (15, 91)]
[(47, 66), (48, 66), (49, 66), (50, 66), (44, 67), (45, 67), (46, 67), (51, 67), (40, 68), (41, 68), (42, 68), (43, 68), (52, 68), (37, 69), (38, 69), (39, 69), (53, 69), (33, 70), (34, 70), (35, 70), (36, 70), (54, 70), (55, 71), (56, 72), (32, 73), (55, 75), (31, 76), (54, 78), (30, 80), (53, 82), (29, 83), (52, 85), (28, 87), (29, 87), (30, 88), (31, 89), (49, 89), (50, 89), (51, 89), (52, 89), (32, 90), (46, 90), (47, 90), (48, 90), (33, 91), (42, 91), (43, 91), (44, 91), (45, 91), (34, 92), (39, 92), (40, 92), (41, 92), (35, 93), (36, 93), (37, 93), (38, 93)]
[(49, 89), (50, 89), (51, 89), (52, 89), (46, 90), (47, 90), (48, 90), (53, 90), (42, 91), (43, 91), (44, 91), (45, 91), (54, 91), (39, 92), (40, 92), (41, 92), (55, 92), (35, 93), (36, 93), (37, 93), (38, 93), (56, 93), (57, 94), (58, 95), (34, 96), (57, 98), (33, 99), (56, 101), (32, 103), (55, 105), (31, 106), (54, 108), (30, 110), (31, 110), (32, 111), (33, 112), (51, 112), (52, 112), (53, 112), (54, 112), (34, 113), (48, 113), (49, 113), (50, 113), (35, 114), (44, 114), (45, 114), (46, 114), (47, 114)]
[(72, 91), (73, 91), (74, 91), (75, 91), (69, 92), (70, 92), (71, 92), (76, 92), (65, 93), (66, 93), (67, 93), (68, 93), (77, 93), (62, 94), (63, 94), (64, 94), (78, 94), (58, 95), (59, 95), (60, 95), (61, 95), (79, 95), (80, 96), (81, 97), (57, 98), (80, 100), (56, 101), (79, 103), (55, 105), (78, 107), (54, 108), (77, 110), (53, 112), (54, 112), (55, 113), (56, 114), (74, 114), (75, 114), (76, 114), (77, 114)]
[(74, 114), (75, 114), (76, 114), (77, 114)]
[(26, 87), (27, 87), (28, 87), (29, 87), (23, 88), (24, 88), (25, 88), (30, 88), (19, 89), (20, 89), (21, 89), (22, 89), (31, 89), (16, 90), (17, 90), (18, 90), (32, 90), (12, 91), (13, 91), (14, 91), (15, 91), (33, 91), (34, 92), (35, 93), (11, 94), (34, 96), (10, 97), (33, 99), (9, 101), (32, 103), (8, 104), (31, 106), (7, 108), (8, 108), (9, 109), (10, 110), (28, 110), (29, 110), (30, 110), (31, 110), (11, 111), (25, 111), (26, 111), (27, 111), (12, 112), (21, 112), (22, 112), (23, 112), (24, 112), (13, 113), (18, 113), (19, 113), (20, 113), (14, 114), (15, 114), (16, 114), (17, 114)]
[(28, 110), (29, 110), (30, 110), (31, 110), (25, 111), (26, 111), (27, 111), (32, 111), (21, 112), (22, 112), (23, 112), (24, 112), (33, 112), (18, 113), (19, 113), (20, 113), (34, 113), (14, 114), (15, 114), (16, 114), (17, 114), (35, 114)]
[(51, 112), (52, 112), (53, 112), (54, 112), (48, 113), (49, 113), (50, 113), (55, 113), (44, 114), (45, 114), (46, 114), (47, 114), (56, 114)]
