[(114, 43), (112, 44), (113, 44), (109, 45), (110, 45), (111, 45), (107, 46), (108, 46), (104, 47), (105, 47), (106, 47), (103, 49), (102, 51), (101, 54), (100, 56), (99, 59), (98, 61), (97, 64), (96, 66), (95, 68), (94, 71), (93, 73), (93, 75), (94, 76), (95, 77), (96, 78), (97, 79), (98, 80), (99, 81), (100, 82), (114, 82), (101, 83), (112, 83), (113, 83), (102, 84), (109, 84), (110, 84), (111, 84), (103, 85), (107, 85), (108, 85), (104, 86), (105, 86), (106, 86)]
[(53, 36), (54, 36), (51, 37), (52, 37), (55, 37), (48, 38), (49, 38), (50, 38), (56, 38), (46, 39), (47, 39), (57, 39), (43, 40), (44, 40), (45, 40), (58, 40), (41, 41), (42, 41), (59, 41), (39, 42), (40, 42), (60, 42), (36, 43), (37, 43), (38, 43), (61, 43), (34, 44), (35, 44), (62, 44), (31, 45), (32, 45), (33, 45), (63, 45), (29, 46), (30, 46), (64, 46), (26, 47), (27, 47), (28, 47), (65, 47), (25, 49), (64, 49), (24, 51), (63, 51), (23, 54), (62, 54), (22, 56), (61, 56), (21, 59), (60, 59), (20, 61), (59, 61), (19, 64), (58, 64), (18, 66), (57, 66), (17, 68), (56, 68), (16, 71), (55, 71), (15, 73), (54, 73), (15, 75), (53, 75), (54, 75), (16, 76), (51, 76), (52, 76), (17, 77), (48, 77), (49, 77), (50, 77), (18, 78), (46, 78), (47, 78), (19, 79), (43, 79), (44, 79), (45, 79), (20, 80), (41, 80), (42, 80), (21, 81), (39, 81), (40, 81), (22, 82), (36, 82), (37, 82), (38, 82), (23, 83), (34, 83), (35, 83), (24, 84), (31, 84), (32, 84), (33, 84), (25, 85), (29, 85), (30, 85), (26, 86), (27, 86), (28, 86)]
[(92, 36), (93, 36), (90, 37), (91, 37), (94, 37), (87, 38), (88, 38), (89, 38), (95, 38), (85, 39), (86, 39), (96, 39), (82, 40), (83, 40), (84, 40), (97, 40), (80, 41), (81, 41), (98, 41), (78, 42), (79, 42), (99, 42), (75, 43), (76, 43), (77, 43), (100, 43), (73, 44), (74, 44), (101, 44), (70, 45), (71, 45), (72, 45), (102, 45), (68, 46), (69, 46), (103, 46), (65, 47), (66, 47), (67, 47), (104, 47), (64, 49), (103, 49), (63, 51), (102, 51), (62, 54), (101, 54), (61, 56), (100, 56), (60, 59), (99, 59), (59, 61), (98, 61), (58, 64), (97, 64), (57, 66), (96, 66), (56, 68), (95, 68), (55, 71), (94, 71), (54, 73), (93, 73), (54, 75), (92, 75), (93, 75), (55, 76), (90, 76), (91, 76), (56, 77), (87, 77), (88, 77), (89, 77), (57, 78), (85, 78), (86, 78), (58, 79), (82, 79), (83, 79), (84, 79), (59, 80), (80, 80), (81, 80), (60, 81), (78, 81), (79, 81), (61, 82), (75, 82), (76, 82), (77, 82), (62, 83), (73, 83), (74, 83), (63, 84), (70, 84), (71, 84), (72, 84), (64, 85), (68, 85), (69, 85), (65, 86), (66, 86), (67, 86)]
[(92, 75), (93, 75), (90, 76), (91, 76), (94, 76), (87, 77), (88, 77), (89, 77), (95, 77), (85, 78), (86, 78), (96, 78), (82, 79), (83, 79), (84, 79), (97, 79), (80, 80), (81, 80), (98, 80), (78, 81), (79, 81), (99, 81), (75, 82), (76, 82), (77, 82), (100, 82), (73, 83), (74, 83), (101, 83), (70, 84), (71, 84), (72, 84), (102, 84), (68, 85), (69, 85), (103, 85), (65, 86), (66, 86), (67, 86), (104, 86), (64, 88), (103, 88), (63, 90), (102, 90), (62, 93), (101, 93), (61, 95), (100, 95), (60, 98), (99, 98), (59, 100), (98, 100), (58, 103), (97, 103), (57, 105), (96, 105), (56, 107), (95, 107), (55, 110), (94, 110), (54, 112), (93, 112), (54, 114), (92, 114), (93, 114)]
[(114, 82), (112, 83), (113, 83), (109, 84), (110, 84), (111, 84), (107, 85), (108, 85), (104, 86), (105, 86), (106, 86), (103, 88), (102, 90), (101, 93), (100, 95), (99, 98), (98, 100), (97, 103), (96, 105), (95, 107), (94, 110), (93, 112), (93, 114)]
[(14, 75), (15, 75), (12, 76), (13, 76), (16, 76), (9, 77), (10, 77), (11, 77), (17, 77), (7, 78), (8, 78), (18, 78), (4, 79), (5, 79), (6, 79), (19, 79), (2, 80), (3, 80), (20, 80), (0, 81), (1, 81), (21, 81), (22, 82), (23, 83), (24, 84), (25, 85), (26, 86), (25, 88), (24, 90), (23, 93), (22, 95), (21, 98), (20, 100), (19, 103), (18, 105), (17, 107), (16, 110), (15, 112), (14, 114), (15, 114)]
[(53, 75), (54, 75), (51, 76), (52, 76), (55, 76), (48, 77), (49, 77), (50, 77), (56, 77), (46, 78), (47, 78), (57, 78), (43, 79), (44, 79), (45, 79), (58, 79), (41, 80), (42, 80), (59, 80), (39, 81), (40, 81), (60, 81), (36, 82), (37, 82), (38, 82), (61, 82), (34, 83), (35, 83), (62, 83), (31, 84), (32, 84), (33, 84), (63, 84), (29, 85), (30, 85), (64, 85), (26, 86), (27, 86), (28, 86), (65, 86), (25, 88), (64, 88), (24, 90), (63, 90), (23, 93), (62, 93), (22, 95), (61, 95), (21, 98), (60, 98), (20, 100), (59, 100), (19, 103), (58, 103), (18, 105), (57, 105), (17, 107), (56, 107), (16, 110), (55, 110), (15, 112), (54, 112), (15, 114), (53, 114), (54, 114)]
[(53, 114), (54, 114)]
[(92, 114), (93, 114)]
[(14, 114), (15, 114)]
