[(112, 13), (113, 13), (114, 13), (109, 14), (110, 14), (111, 14), (106, 15), (107, 15), (108, 15), (103, 16), (104, 16), (105, 16), (100, 17), (101, 17), (102, 17), (97, 18), (98, 18), (99, 18), (93, 19), (94, 19), (95, 19), (96, 19), (114, 21), (92, 22), (113, 24), (91, 25), (112, 27), (90, 28), (111, 30), (89, 31), (110, 33), (88, 34), (108, 36), (109, 36), (110, 36), (87, 37), (105, 37), (106, 37), (107, 37), (102, 38), (103, 38), (104, 38), (99, 39), (100, 39), (101, 39), (87, 40), (96, 40), (97, 40), (98, 40), (88, 41), (93, 41), (94, 41), (95, 41), (89, 42), (90, 42), (91, 42), (92, 42)]
[(114, 21), (113, 24), (112, 27), (111, 30), (110, 33), (110, 36), (111, 37), (112, 38), (113, 38), (114, 38)]
[(112, 38), (113, 38), (114, 38), (111, 41), (110, 44), (109, 47), (108, 50), (107, 53), (106, 56), (106, 59), (107, 60), (112, 60), (113, 60), (114, 60), (108, 61), (109, 61), (110, 61), (111, 61)]
[(66, 21), (67, 21), (68, 21), (63, 22), (64, 22), (65, 22), (69, 22), (60, 23), (61, 23), (62, 23), (70, 23), (57, 24), (58, 24), (59, 24), (54, 25), (55, 25), (56, 25), (51, 26), (52, 26), (53, 26), (69, 26), (47, 27), (48, 27), (49, 27), (50, 27), (68, 29), (46, 30), (67, 32), (45, 33), (66, 35), (44, 36), (65, 38), (43, 39), (64, 41), (42, 42), (62, 44), (63, 44), (64, 44), (41, 45), (59, 45), (60, 45), (61, 45), (56, 46), (57, 46), (58, 46), (53, 47), (54, 47), (55, 47), (41, 48), (50, 48), (51, 48), (52, 48), (42, 49), (47, 49), (48, 49), (49, 49), (43, 50), (44, 50), (45, 50), (46, 50)]
[(89, 17), (90, 17), (91, 17), (86, 18), (87, 18), (88, 18), (92, 18), (83, 19), (84, 19), (85, 19), (93, 19), (80, 20), (81, 20), (82, 20), (77, 21), (78, 21), (79, 21), (74, 22), (75, 22), (76, 22), (92, 22), (70, 23), (71, 23), (72, 23), (73, 23), (91, 25), (69, 26), (90, 28), (68, 29), (89, 31), (67, 32), (88, 34), (66, 35), (87, 37), (65, 38), (85, 40), (86, 40), (87, 40), (64, 41), (82, 41), (83, 41), (84, 41), (79, 42), (80, 42), (81, 42), (76, 43), (77, 43), (78, 43), (64, 44), (73, 44), (74, 44), (75, 44), (65, 45), (70, 45), (71, 45), (72, 45), (66, 46), (67, 46), (68, 46), (69, 46)]
[(85, 40), (86, 40), (87, 40), (82, 41), (83, 41), (84, 41), (88, 41), (79, 42), (80, 42), (81, 42), (89, 42), (76, 43), (77, 43), (78, 43), (73, 44), (74, 44), (75, 44), (70, 45), (71, 45), (72, 45), (88, 45), (66, 46), (67, 46), (68, 46), (69, 46), (87, 48), (65, 49), (86, 51), (64, 52), (85, 54), (63, 55), (84, 57), (62, 58), (83, 60), (61, 61), (81, 63), (82, 63), (83, 63), (60, 64), (78, 64), (79, 64), (80, 64), (75, 65), (76, 65), (77, 65), (72, 66), (73, 66), (74, 66), (60, 67), (69, 67), (70, 67), (71, 67), (61, 68), (66, 68), (67, 68), (68, 68), (62, 69), (63, 69), (64, 69), (65, 69)]
[(108, 36), (109, 36), (110, 36), (105, 37), (106, 37), (107, 37), (111, 37), (102, 38), (103, 38), (104, 38), (112, 38), (99, 39), (100, 39), (101, 39), (96, 40), (97, 40), (98, 40), (93, 41), (94, 41), (95, 41), (111, 41), (89, 42), (90, 42), (91, 42), (92, 42), (110, 44), (88, 45), (109, 47), (87, 48), (108, 50), (86, 51), (107, 53), (85, 54), (106, 56), (84, 57), (104, 59), (105, 59), (106, 59), (83, 60), (101, 60), (102, 60), (103, 60), (98, 61), (99, 61), (100, 61), (95, 62), (96, 62), (97, 62), (83, 63), (92, 63), (93, 63), (94, 63), (84, 64), (89, 64), (90, 64), (91, 64), (85, 65), (86, 65), (87, 65), (88, 65)]
[(104, 59), (105, 59), (106, 59), (101, 60), (102, 60), (103, 60), (107, 60), (98, 61), (99, 61), (100, 61), (108, 61), (95, 62), (96, 62), (97, 62), (92, 63), (93, 63), (94, 63), (89, 64), (90, 64), (91, 64), (107, 64), (85, 65), (86, 65), (87, 65), (88, 65), (106, 67), (84, 68), (105, 70), (83, 71), (104, 73), (82, 74), (103, 76), (81, 77), (102, 79), (80, 80), (100, 82), (101, 82), (102, 82), (79, 83), (97, 83), (98, 83), (99, 83), (94, 84), (95, 84), (96, 84), (91, 85), (92, 85), (93, 85), (79, 86), (88, 86), (89, 86), (90, 86), (80, 87), (85, 87), (86, 87), (87, 87), (81, 88), (82, 88), (83, 88), (84, 88)]
[(112, 60), (113, 60), (114, 60), (108, 61), (109, 61), (110, 61), (111, 61), (107, 64), (106, 67), (105, 70), (104, 73), (103, 76), (102, 79), (114, 81), (102, 82), (111, 82), (112, 82), (113, 82), (103, 83), (108, 83), (109, 83), (110, 83), (104, 84), (105, 84), (106, 84), (107, 84)]
[(114, 81), (111, 82), (112, 82), (113, 82), (108, 83), (109, 83), (110, 83), (104, 84), (105, 84), (106, 84), (107, 84), (103, 87), (102, 90), (101, 93), (100, 96), (99, 99), (98, 102), (113, 103), (114, 103), (110, 104), (111, 104), (112, 104), (98, 105), (107, 105), (108, 105), (109, 105), (99, 106), (104, 106), (105, 106), (106, 106), (100, 107), (101, 107), (102, 107), (103, 107)]
[(39, 48), (40, 48), (41, 48), (36, 49), (37, 49), (38, 49), (42, 49), (33, 50), (34, 50), (35, 50), (43, 50), (30, 51), (31, 51), (32, 51), (27, 52), (28, 52), (29, 52), (24, 53), (25, 53), (26, 53), (42, 53), (20, 54), (21, 54), (22, 54), (23, 54), (41, 56), (19, 57), (40, 59), (18, 60), (39, 62), (17, 63), (38, 65), (16, 66), (37, 68), (15, 69), (35, 71), (36, 71), (37, 71), (14, 72), (32, 72), (33, 72), (34, 72), (29, 73), (30, 73), (31, 73), (26, 74), (27, 74), (28, 74), (14, 75), (23, 75), (24, 75), (25, 75), (15, 76), (20, 76), (21, 76), (22, 76), (16, 77), (17, 77), (18, 77), (19, 77)]
[(62, 44), (63, 44), (64, 44), (59, 45), (60, 45), (61, 45), (65, 45), (56, 46), (57, 46), (58, 46), (66, 46), (53, 47), (54, 47), (55, 47), (50, 48), (51, 48), (52, 48), (47, 49), (48, 49), (49, 49), (65, 49), (43, 50), (44, 50), (45, 50), (46, 50), (64, 52), (42, 53), (63, 55), (41, 56), (62, 58), (40, 59), (61, 61), (39, 62), (60, 64), (38, 65), (58, 67), (59, 67), (60, 67), (37, 68), (55, 68), (56, 68), (57, 68), (52, 69), (53, 69), (54, 69), (49, 70), (50, 70), (51, 70), (37, 71), (46, 71), (47, 71), (48, 71), (38, 72), (43, 72), (44, 72), (45, 72), (39, 73), (40, 73), (41, 73), (42, 73)]
[(58, 67), (59, 67), (60, 67), (55, 68), (56, 68), (57, 68), (61, 68), (52, 69), (53, 69), (54, 69), (62, 69), (49, 70), (50, 70), (51, 70), (46, 71), (47, 71), (48, 71), (43, 72), (44, 72), (45, 72), (61, 72), (39, 73), (40, 73), (41, 73), (42, 73), (60, 75), (38, 76), (59, 78), (37, 79), (58, 81), (36, 82), (57, 84), (35, 85), (56, 87), (34, 88), (54, 90), (55, 90), (56, 90), (33, 91), (51, 91), (52, 91), (53, 91), (48, 92), (49, 92), (50, 92), (45, 93), (46, 93), (47, 93), (33, 94), (42, 94), (43, 94), (44, 94), (34, 95), (39, 95), (40, 95), (41, 95), (35, 96), (36, 96), (37, 96), (38, 96)]
[(81, 63), (82, 63), (83, 63), (78, 64), (79, 64), (80, 64), (84, 64), (75, 65), (76, 65), (77, 65), (85, 65), (72, 66), (73, 66), (74, 66), (69, 67), (70, 67), (71, 67), (66, 68), (67, 68), (68, 68), (84, 68), (62, 69), (63, 69), (64, 69), (65, 69), (83, 71), (61, 72), (82, 74), (60, 75), (81, 77), (59, 78), (80, 80), (58, 81), (79, 83), (57, 84), (77, 86), (78, 86), (79, 86), (56, 87), (74, 87), (75, 87), (76, 87), (71, 88), (72, 88), (73, 88), (68, 89), (69, 89), (70, 89), (56, 90), (65, 90), (66, 90), (67, 90), (57, 91), (62, 91), (63, 91), (64, 91), (58, 92), (59, 92), (60, 92), (61, 92)]
[(77, 86), (78, 86), (79, 86), (74, 87), (75, 87), (76, 87), (80, 87), (71, 88), (72, 88), (73, 88), (81, 88), (68, 89), (69, 89), (70, 89), (65, 90), (66, 90), (67, 90), (62, 91), (63, 91), (64, 91), (80, 91), (58, 92), (59, 92), (60, 92), (61, 92), (79, 94), (57, 95), (78, 97), (56, 98), (77, 100), (55, 101), (76, 103), (54, 104), (75, 106), (53, 107), (73, 109), (74, 109), (75, 109), (52, 110), (70, 110), (71, 110), (72, 110), (67, 111), (68, 111), (69, 111), (64, 112), (65, 112), (66, 112), (52, 113), (61, 113), (62, 113), (63, 113), (53, 114), (58, 114), (59, 114), (60, 114)]
[(100, 82), (101, 82), (102, 82), (97, 83), (98, 83), (99, 83), (103, 83), (94, 84), (95, 84), (96, 84), (104, 84), (91, 85), (92, 85), (93, 85), (88, 86), (89, 86), (90, 86), (85, 87), (86, 87), (87, 87), (103, 87), (81, 88), (82, 88), (83, 88), (84, 88), (102, 90), (80, 91), (101, 93), (79, 94), (100, 96), (78, 97), (99, 99), (77, 100), (98, 102), (76, 103), (96, 105), (97, 105), (98, 105), (75, 106), (93, 106), (94, 106), (95, 106), (90, 107), (91, 107), (92, 107), (87, 108), (88, 108), (89, 108), (75, 109), (84, 109), (85, 109), (86, 109), (76, 110), (81, 110), (82, 110), (83, 110), (77, 111), (78, 111), (79, 111), (80, 111)]
[(96, 105), (97, 105), (98, 105), (93, 106), (94, 106), (95, 106), (99, 106), (90, 107), (91, 107), (92, 107), (100, 107), (87, 108), (88, 108), (89, 108), (84, 109), (85, 109), (86, 109), (81, 110), (82, 110), (83, 110), (99, 110), (77, 111), (78, 111), (79, 111), (80, 111), (98, 113), (76, 114)]
[(113, 103), (114, 103), (110, 104), (111, 104), (112, 104), (107, 105), (108, 105), (109, 105), (104, 106), (105, 106), (106, 106), (100, 107), (101, 107), (102, 107), (103, 107), (99, 110), (98, 113)]
[(35, 71), (36, 71), (37, 71), (32, 72), (33, 72), (34, 72), (38, 72), (29, 73), (30, 73), (31, 73), (39, 73), (26, 74), (27, 74), (28, 74), (23, 75), (24, 75), (25, 75), (20, 76), (21, 76), (22, 76), (38, 76), (16, 77), (17, 77), (18, 77), (19, 77), (37, 79), (15, 80), (36, 82), (14, 83), (35, 85), (13, 86), (34, 88), (12, 89), (33, 91), (11, 92), (31, 94), (32, 94), (33, 94), (10, 95), (28, 95), (29, 95), (30, 95), (25, 96), (26, 96), (27, 96), (22, 97), (23, 97), (24, 97), (10, 98), (19, 98), (20, 98), (21, 98), (11, 99), (16, 99), (17, 99), (18, 99), (12, 100), (13, 100), (14, 100), (15, 100)]
[(31, 94), (32, 94), (33, 94), (28, 95), (29, 95), (30, 95), (34, 95), (25, 96), (26, 96), (27, 96), (35, 96), (22, 97), (23, 97), (24, 97), (19, 98), (20, 98), (21, 98), (16, 99), (17, 99), (18, 99), (34, 99), (12, 100), (13, 100), (14, 100), (15, 100), (33, 102), (11, 103), (32, 105), (10, 106), (31, 108), (9, 109), (30, 111), (8, 112), (29, 114)]
[(54, 90), (55, 90), (56, 90), (51, 91), (52, 91), (53, 91), (57, 91), (48, 92), (49, 92), (50, 92), (58, 92), (45, 93), (46, 93), (47, 93), (42, 94), (43, 94), (44, 94), (39, 95), (40, 95), (41, 95), (57, 95), (35, 96), (36, 96), (37, 96), (38, 96), (56, 98), (34, 99), (55, 101), (33, 102), (54, 104), (32, 105), (53, 107), (31, 108), (52, 110), (30, 111), (50, 113), (51, 113), (52, 113), (29, 114), (47, 114), (48, 114), (49, 114)]
[(50, 113), (51, 113), (52, 113), (47, 114), (48, 114), (49, 114), (53, 114)]
[(73, 109), (74, 109), (75, 109), (70, 110), (71, 110), (72, 110), (76, 110), (67, 111), (68, 111), (69, 111), (77, 111), (64, 112), (65, 112), (66, 112), (61, 113), (62, 113), (63, 113), (58, 114), (59, 114), (60, 114), (76, 114)]
