[(84, 15), (82, 16), (83, 16), (85, 16), (79, 17), (80, 17), (81, 17), (77, 18), (78, 18), (84, 18), (74, 19), (75, 19), (76, 19), (72, 20), (73, 20), (69, 21), (70, 21), (71, 21), (83, 21), (66, 22), (67, 22), (68, 22), (82, 23), (65, 24), (81, 26), (64, 27), (80, 28), (63, 29), (79, 31), (62, 32), (78, 33), (61, 34), (78, 34), (76, 35), (77, 35), (73, 36), (74, 36), (75, 36), (60, 37), (71, 37), (72, 37), (68, 38), (69, 38), (70, 38), (59, 39), (66, 39), (67, 39), (59, 40), (63, 40), (64, 40), (65, 40), (60, 41), (61, 41), (62, 41)]
[(103, 9), (101, 10), (102, 10), (104, 10), (98, 11), (99, 11), (100, 11), (96, 12), (97, 12), (103, 12), (93, 13), (94, 13), (95, 13), (91, 14), (92, 14), (88, 15), (89, 15), (90, 15), (102, 15), (85, 16), (86, 16), (87, 16), (101, 17), (84, 18), (100, 20), (83, 21), (99, 22), (82, 23), (98, 25), (81, 26), (97, 27), (80, 28), (97, 28), (95, 29), (96, 29), (92, 30), (93, 30), (94, 30), (79, 31), (90, 31), (91, 31), (87, 32), (88, 32), (89, 32), (78, 33), (85, 33), (86, 33), (78, 34), (82, 34), (83, 34), (84, 34), (79, 35), (80, 35), (81, 35)]
[(97, 28), (95, 29), (96, 29), (98, 29), (92, 30), (93, 30), (94, 30), (90, 31), (91, 31), (97, 31), (87, 32), (88, 32), (89, 32), (85, 33), (86, 33), (82, 34), (83, 34), (84, 34), (96, 34), (79, 35), (80, 35), (81, 35), (95, 36), (78, 37), (94, 39), (77, 40), (93, 41), (76, 42), (92, 44), (75, 45), (91, 46), (74, 47), (91, 47), (89, 48), (90, 48), (86, 49), (87, 49), (88, 49), (73, 50), (84, 50), (85, 50), (81, 51), (82, 51), (83, 51), (72, 52), (79, 52), (80, 52), (72, 53), (76, 53), (77, 53), (78, 53), (73, 54), (74, 54), (75, 54)]
[(114, 23), (111, 24), (112, 24), (113, 24), (109, 25), (110, 25), (106, 26), (107, 26), (108, 26), (104, 27), (105, 27), (101, 28), (102, 28), (103, 28), (98, 29), (99, 29), (100, 29), (114, 30), (97, 31), (113, 33), (96, 34), (112, 35), (95, 36), (111, 38), (94, 39), (110, 40), (93, 41), (110, 41), (108, 42), (109, 42), (105, 43), (106, 43), (107, 43), (92, 44), (103, 44), (104, 44), (100, 45), (101, 45), (102, 45), (91, 46), (98, 46), (99, 46), (91, 47), (95, 47), (96, 47), (97, 47), (92, 48), (93, 48), (94, 48)]
[(110, 41), (108, 42), (109, 42), (111, 42), (105, 43), (106, 43), (107, 43), (103, 44), (104, 44), (110, 44), (100, 45), (101, 45), (102, 45), (98, 46), (99, 46), (95, 47), (96, 47), (97, 47), (109, 47), (92, 48), (93, 48), (94, 48), (108, 49), (91, 50), (107, 52), (90, 53), (106, 54), (89, 55), (105, 57), (88, 58), (104, 59), (87, 60), (104, 60), (102, 61), (103, 61), (99, 62), (100, 62), (101, 62), (86, 63), (97, 63), (98, 63), (94, 64), (95, 64), (96, 64), (85, 65), (92, 65), (93, 65), (85, 66), (89, 66), (90, 66), (91, 66), (86, 67), (87, 67), (88, 67)]
[(114, 41), (111, 42), (112, 42), (113, 42), (110, 44), (109, 47), (108, 49), (107, 52), (106, 54), (105, 57), (113, 58), (114, 58), (104, 59), (111, 59), (112, 59), (104, 60), (108, 60), (109, 60), (110, 60), (105, 61), (106, 61), (107, 61)]
[(113, 58), (114, 58), (111, 59), (112, 59), (108, 60), (109, 60), (110, 60), (105, 61), (106, 61), (107, 61), (104, 63), (103, 66), (102, 68), (101, 71), (100, 73), (112, 75), (113, 75), (114, 75), (99, 76), (110, 76), (111, 76), (107, 77), (108, 77), (109, 77), (98, 78), (105, 78), (106, 78), (98, 79), (102, 79), (103, 79), (104, 79), (99, 80), (100, 80), (101, 80)]
[(114, 84), (113, 86), (112, 89), (111, 91), (111, 92), (112, 93), (113, 93), (114, 93)]
[(46, 27), (44, 28), (45, 28), (47, 28), (41, 29), (42, 29), (43, 29), (39, 30), (40, 30), (46, 30), (36, 31), (37, 31), (38, 31), (34, 32), (35, 32), (31, 33), (32, 33), (33, 33), (45, 33), (28, 34), (29, 34), (30, 34), (44, 35), (27, 36), (43, 38), (26, 39), (42, 40), (25, 41), (41, 43), (24, 44), (40, 45), (23, 46), (40, 46), (38, 47), (39, 47), (35, 48), (36, 48), (37, 48), (22, 49), (33, 49), (34, 49), (30, 50), (31, 50), (32, 50), (21, 51), (28, 51), (29, 51), (21, 52), (25, 52), (26, 52), (27, 52), (22, 53), (23, 53), (24, 53)]
[(65, 21), (63, 22), (64, 22), (66, 22), (60, 23), (61, 23), (62, 23), (58, 24), (59, 24), (65, 24), (55, 25), (56, 25), (57, 25), (53, 26), (54, 26), (50, 27), (51, 27), (52, 27), (64, 27), (47, 28), (48, 28), (49, 28), (63, 29), (46, 30), (62, 32), (45, 33), (61, 34), (44, 35), (60, 37), (43, 38), (59, 39), (42, 40), (59, 40), (57, 41), (58, 41), (54, 42), (55, 42), (56, 42), (41, 43), (52, 43), (53, 43), (49, 44), (50, 44), (51, 44), (40, 45), (47, 45), (48, 45), (40, 46), (44, 46), (45, 46), (46, 46), (41, 47), (42, 47), (43, 47)]
[(59, 40), (57, 41), (58, 41), (60, 41), (54, 42), (55, 42), (56, 42), (52, 43), (53, 43), (59, 43), (49, 44), (50, 44), (51, 44), (47, 45), (48, 45), (44, 46), (45, 46), (46, 46), (58, 46), (41, 47), (42, 47), (43, 47), (57, 48), (40, 49), (56, 51), (39, 52), (55, 53), (38, 54), (54, 56), (37, 57), (53, 58), (36, 59), (53, 59), (51, 60), (52, 60), (48, 61), (49, 61), (50, 61), (35, 62), (46, 62), (47, 62), (43, 63), (44, 63), (45, 63), (34, 64), (41, 64), (42, 64), (34, 65), (38, 65), (39, 65), (40, 65), (35, 66), (36, 66), (37, 66)]
[(78, 34), (76, 35), (77, 35), (79, 35), (73, 36), (74, 36), (75, 36), (71, 37), (72, 37), (78, 37), (68, 38), (69, 38), (70, 38), (66, 39), (67, 39), (63, 40), (64, 40), (65, 40), (77, 40), (60, 41), (61, 41), (62, 41), (76, 42), (59, 43), (75, 45), (58, 46), (74, 47), (57, 48), (73, 50), (56, 51), (72, 52), (55, 53), (72, 53), (70, 54), (71, 54), (67, 55), (68, 55), (69, 55), (54, 56), (65, 56), (66, 56), (62, 57), (63, 57), (64, 57), (53, 58), (60, 58), (61, 58), (53, 59), (57, 59), (58, 59), (59, 59), (54, 60), (55, 60), (56, 60)]
[(72, 53), (70, 54), (71, 54), (73, 54), (67, 55), (68, 55), (69, 55), (65, 56), (66, 56), (72, 56), (62, 57), (63, 57), (64, 57), (60, 58), (61, 58), (57, 59), (58, 59), (59, 59), (71, 59), (54, 60), (55, 60), (56, 60), (70, 61), (53, 62), (69, 64), (52, 65), (68, 66), (51, 67), (67, 69), (50, 70), (66, 71), (49, 72), (66, 72), (64, 73), (65, 73), (61, 74), (62, 74), (63, 74), (48, 75), (59, 75), (60, 75), (56, 76), (57, 76), (58, 76), (47, 77), (54, 77), (55, 77), (47, 78), (51, 78), (52, 78), (53, 78), (48, 79), (49, 79), (50, 79)]
[(91, 47), (89, 48), (90, 48), (92, 48), (86, 49), (87, 49), (88, 49), (84, 50), (85, 50), (91, 50), (81, 51), (82, 51), (83, 51), (79, 52), (80, 52), (76, 53), (77, 53), (78, 53), (90, 53), (73, 54), (74, 54), (75, 54), (89, 55), (72, 56), (88, 58), (71, 59), (87, 60), (70, 61), (86, 63), (69, 64), (85, 65), (68, 66), (85, 66), (83, 67), (84, 67), (80, 68), (81, 68), (82, 68), (67, 69), (78, 69), (79, 69), (75, 70), (76, 70), (77, 70), (66, 71), (73, 71), (74, 71), (66, 72), (70, 72), (71, 72), (72, 72), (67, 73), (68, 73), (69, 73)]
[(85, 66), (83, 67), (84, 67), (86, 67), (80, 68), (81, 68), (82, 68), (78, 69), (79, 69), (85, 69), (75, 70), (76, 70), (77, 70), (73, 71), (74, 71), (70, 72), (71, 72), (72, 72), (84, 72), (67, 73), (68, 73), (69, 73), (83, 74), (66, 75), (82, 77), (65, 78), (81, 79), (64, 80), (80, 82), (63, 83), (79, 84), (62, 85), (79, 85), (77, 86), (78, 86), (74, 87), (75, 87), (76, 87), (61, 88), (72, 88), (73, 88), (69, 89), (70, 89), (71, 89), (60, 90), (67, 90), (68, 90), (60, 91), (64, 91), (65, 91), (66, 91), (61, 92), (62, 92), (63, 92)]
[(104, 60), (102, 61), (103, 61), (105, 61), (99, 62), (100, 62), (101, 62), (97, 63), (98, 63), (104, 63), (94, 64), (95, 64), (96, 64), (92, 65), (93, 65), (89, 66), (90, 66), (91, 66), (103, 66), (86, 67), (87, 67), (88, 67), (102, 68), (85, 69), (101, 71), (84, 72), (100, 73), (83, 74), (99, 76), (82, 77), (98, 78), (81, 79), (98, 79), (96, 80), (97, 80), (93, 81), (94, 81), (95, 81), (80, 82), (91, 82), (92, 82), (88, 83), (89, 83), (90, 83), (79, 84), (86, 84), (87, 84), (79, 85), (83, 85), (84, 85), (85, 85), (80, 86), (81, 86), (82, 86)]
[(98, 79), (96, 80), (97, 80), (99, 80), (93, 81), (94, 81), (95, 81), (91, 82), (92, 82), (98, 82), (88, 83), (89, 83), (90, 83), (86, 84), (87, 84), (83, 85), (84, 85), (85, 85), (97, 85), (80, 86), (81, 86), (82, 86), (96, 87), (79, 88), (95, 90), (78, 91), (94, 92), (77, 93), (93, 95), (76, 96), (92, 97), (75, 98), (92, 98), (90, 99), (91, 99), (87, 100), (88, 100), (89, 100), (74, 101), (85, 101), (86, 101), (82, 102), (83, 102), (84, 102), (73, 103), (80, 103), (81, 103), (73, 104), (77, 104), (78, 104), (79, 104), (74, 105), (75, 105), (76, 105)]
[(112, 75), (113, 75), (114, 75), (110, 76), (111, 76), (107, 77), (108, 77), (109, 77), (105, 78), (106, 78), (102, 79), (103, 79), (104, 79), (99, 80), (100, 80), (101, 80), (98, 82), (114, 84), (97, 85), (113, 86), (96, 87), (112, 89), (95, 90), (111, 91), (94, 92), (111, 92), (109, 93), (110, 93), (106, 94), (107, 94), (108, 94), (93, 95), (104, 95), (105, 95), (101, 96), (102, 96), (103, 96), (92, 97), (99, 97), (100, 97), (92, 98), (96, 98), (97, 98), (98, 98), (93, 99), (94, 99), (95, 99)]
[(111, 92), (109, 93), (110, 93), (112, 93), (106, 94), (107, 94), (108, 94), (104, 95), (105, 95), (111, 95), (101, 96), (102, 96), (103, 96), (99, 97), (100, 97), (96, 98), (97, 98), (98, 98), (110, 98), (93, 99), (94, 99), (95, 99), (109, 100), (92, 101), (108, 103), (91, 104), (107, 105), (90, 106), (106, 108), (89, 109), (105, 110), (88, 111), (105, 111), (103, 112), (104, 112), (100, 113), (101, 113), (102, 113), (87, 114), (98, 114), (99, 114)]
[(112, 93), (113, 93), (114, 93), (111, 95), (110, 98), (109, 100), (108, 103), (107, 105), (106, 108), (114, 109), (105, 110), (112, 110), (113, 110), (105, 111), (109, 111), (110, 111), (111, 111), (106, 112), (107, 112), (108, 112)]
[(114, 109), (112, 110), (113, 110), (109, 111), (110, 111), (111, 111), (106, 112), (107, 112), (108, 112), (105, 114)]
[(21, 52), (19, 53), (20, 53), (22, 53), (16, 54), (17, 54), (18, 54), (14, 55), (15, 55), (21, 55), (11, 56), (12, 56), (13, 56), (9, 57), (10, 57), (6, 58), (7, 58), (8, 58), (20, 58), (3, 59), (4, 59), (5, 59), (19, 60), (2, 61), (18, 63), (1, 64), (17, 65), (0, 66), (16, 68), (15, 70), (15, 71), (13, 72), (14, 72), (10, 73), (11, 73), (12, 73), (8, 74), (9, 74), (5, 75), (6, 75), (7, 75), (3, 76), (4, 76), (0, 77), (1, 77), (2, 77)]
[(40, 46), (38, 47), (39, 47), (41, 47), (35, 48), (36, 48), (37, 48), (33, 49), (34, 49), (40, 49), (30, 50), (31, 50), (32, 50), (28, 51), (29, 51), (25, 52), (26, 52), (27, 52), (39, 52), (22, 53), (23, 53), (24, 53), (38, 54), (21, 55), (37, 57), (20, 58), (36, 59), (19, 60), (35, 62), (18, 63), (34, 64), (17, 65), (34, 65), (32, 66), (33, 66), (29, 67), (30, 67), (31, 67), (16, 68), (27, 68), (28, 68), (24, 69), (25, 69), (26, 69), (15, 70), (22, 70), (23, 70), (15, 71), (19, 71), (20, 71), (21, 71), (16, 72), (17, 72), (18, 72)]
[(34, 65), (32, 66), (33, 66), (35, 66), (29, 67), (30, 67), (31, 67), (27, 68), (28, 68), (34, 68), (24, 69), (25, 69), (26, 69), (22, 70), (23, 70), (19, 71), (20, 71), (21, 71), (33, 71), (16, 72), (17, 72), (18, 72), (32, 73), (15, 74), (31, 76), (14, 77), (30, 78), (13, 79), (29, 81), (12, 82), (28, 83), (11, 84), (28, 84), (26, 85), (27, 85), (23, 86), (24, 86), (25, 86), (10, 87), (21, 87), (22, 87), (18, 88), (19, 88), (20, 88), (9, 89), (16, 89), (17, 89), (9, 90), (13, 90), (14, 90), (15, 90), (10, 91), (11, 91), (12, 91)]
[(53, 59), (51, 60), (52, 60), (54, 60), (48, 61), (49, 61), (50, 61), (46, 62), (47, 62), (53, 62), (43, 63), (44, 63), (45, 63), (41, 64), (42, 64), (38, 65), (39, 65), (40, 65), (52, 65), (35, 66), (36, 66), (37, 66), (51, 67), (34, 68), (50, 70), (33, 71), (49, 72), (32, 73), (48, 75), (31, 76), (47, 77), (30, 78), (47, 78), (45, 79), (46, 79), (42, 80), (43, 80), (44, 80), (29, 81), (40, 81), (41, 81), (37, 82), (38, 82), (39, 82), (28, 83), (35, 83), (36, 83), (28, 84), (32, 84), (33, 84), (34, 84), (29, 85), (30, 85), (31, 85)]
[(47, 78), (45, 79), (46, 79), (48, 79), (42, 80), (43, 80), (44, 80), (40, 81), (41, 81), (47, 81), (37, 82), (38, 82), (39, 82), (35, 83), (36, 83), (32, 84), (33, 84), (34, 84), (46, 84), (29, 85), (30, 85), (31, 85), (45, 86), (28, 87), (44, 89), (27, 90), (43, 91), (26, 92), (42, 94), (25, 95), (41, 96), (24, 97), (41, 97), (39, 98), (40, 98), (36, 99), (37, 99), (38, 99), (23, 100), (34, 100), (35, 100), (31, 101), (32, 101), (33, 101), (22, 102), (29, 102), (30, 102), (22, 103), (26, 103), (27, 103), (28, 103), (23, 104), (24, 104), (25, 104)]
[(66, 72), (64, 73), (65, 73), (67, 73), (61, 74), (62, 74), (63, 74), (59, 75), (60, 75), (66, 75), (56, 76), (57, 76), (58, 76), (54, 77), (55, 77), (51, 78), (52, 78), (53, 78), (65, 78), (48, 79), (49, 79), (50, 79), (64, 80), (47, 81), (63, 83), (46, 84), (62, 85), (45, 86), (61, 88), (44, 89), (60, 90), (43, 91), (60, 91), (58, 92), (59, 92), (55, 93), (56, 93), (57, 93), (42, 94), (53, 94), (54, 94), (50, 95), (51, 95), (52, 95), (41, 96), (48, 96), (49, 96), (41, 97), (45, 97), (46, 97), (47, 97), (42, 98), (43, 98), (44, 98)]
[(60, 91), (58, 92), (59, 92), (61, 92), (55, 93), (56, 93), (57, 93), (53, 94), (54, 94), (60, 94), (50, 95), (51, 95), (52, 95), (48, 96), (49, 96), (45, 97), (46, 97), (47, 97), (59, 97), (42, 98), (43, 98), (44, 98), (58, 99), (41, 100), (57, 102), (40, 103), (56, 104), (39, 105), (55, 107), (38, 108), (54, 109), (37, 110), (54, 110), (52, 111), (53, 111), (49, 112), (50, 112), (51, 112), (36, 113), (47, 113), (48, 113), (44, 114), (45, 114), (46, 114)]
[(79, 85), (77, 86), (78, 86), (80, 86), (74, 87), (75, 87), (76, 87), (72, 88), (73, 88), (79, 88), (69, 89), (70, 89), (71, 89), (67, 90), (68, 90), (64, 91), (65, 91), (66, 91), (78, 91), (61, 92), (62, 92), (63, 92), (77, 93), (60, 94), (76, 96), (59, 97), (75, 98), (58, 99), (74, 101), (57, 102), (73, 103), (56, 104), (73, 104), (71, 105), (72, 105), (68, 106), (69, 106), (70, 106), (55, 107), (66, 107), (67, 107), (63, 108), (64, 108), (65, 108), (54, 109), (61, 109), (62, 109), (54, 110), (58, 110), (59, 110), (60, 110), (55, 111), (56, 111), (57, 111)]
[(73, 104), (71, 105), (72, 105), (74, 105), (68, 106), (69, 106), (70, 106), (66, 107), (67, 107), (73, 107), (63, 108), (64, 108), (65, 108), (61, 109), (62, 109), (58, 110), (59, 110), (60, 110), (72, 110), (55, 111), (56, 111), (57, 111), (71, 112), (54, 113)]
[(92, 98), (90, 99), (91, 99), (93, 99), (87, 100), (88, 100), (89, 100), (85, 101), (86, 101), (92, 101), (82, 102), (83, 102), (84, 102), (80, 103), (81, 103), (77, 104), (78, 104), (79, 104), (91, 104), (74, 105), (75, 105), (76, 105), (90, 106), (73, 107), (89, 109), (72, 110), (88, 111), (71, 112), (87, 114)]
[(105, 111), (103, 112), (104, 112), (106, 112), (100, 113), (101, 113), (102, 113), (98, 114), (99, 114), (105, 114)]
[(15, 71), (13, 72), (14, 72), (16, 72), (10, 73), (11, 73), (12, 73), (8, 74), (9, 74), (15, 74), (5, 75), (6, 75), (7, 75), (3, 76), (4, 76), (0, 77), (1, 77), (2, 77), (14, 77), (13, 79), (12, 82), (11, 84), (10, 87), (9, 89), (9, 90), (7, 91), (8, 91), (4, 92), (5, 92), (6, 92), (2, 93), (3, 93), (0, 94), (1, 94)]
[(9, 90), (7, 91), (8, 91), (10, 91), (4, 92), (5, 92), (6, 92), (2, 93), (3, 93), (9, 93), (0, 94), (1, 94), (8, 96), (7, 98), (6, 101), (5, 103), (4, 106), (3, 108), (3, 109), (1, 110), (2, 110), (0, 111)]
[(28, 84), (26, 85), (27, 85), (29, 85), (23, 86), (24, 86), (25, 86), (21, 87), (22, 87), (28, 87), (18, 88), (19, 88), (20, 88), (16, 89), (17, 89), (13, 90), (14, 90), (15, 90), (27, 90), (10, 91), (11, 91), (12, 91), (26, 92), (9, 93), (25, 95), (8, 96), (24, 97), (7, 98), (23, 100), (6, 101), (22, 102), (5, 103), (22, 103), (20, 104), (21, 104), (17, 105), (18, 105), (19, 105), (4, 106), (15, 106), (16, 106), (12, 107), (13, 107), (14, 107), (3, 108), (10, 108), (11, 108), (3, 109), (7, 109), (8, 109), (9, 109), (4, 110), (5, 110), (6, 110)]
[(22, 103), (20, 104), (21, 104), (23, 104), (17, 105), (18, 105), (19, 105), (15, 106), (16, 106), (22, 106), (12, 107), (13, 107), (14, 107), (10, 108), (11, 108), (7, 109), (8, 109), (9, 109), (21, 109), (4, 110), (5, 110), (6, 110), (20, 111), (3, 112), (19, 114)]
[(41, 97), (39, 98), (40, 98), (42, 98), (36, 99), (37, 99), (38, 99), (34, 100), (35, 100), (41, 100), (31, 101), (32, 101), (33, 101), (29, 102), (30, 102), (26, 103), (27, 103), (28, 103), (40, 103), (23, 104), (24, 104), (25, 104), (39, 105), (22, 106), (38, 108), (21, 109), (37, 110), (20, 111), (36, 113), (19, 114)]
[(54, 110), (52, 111), (53, 111), (55, 111), (49, 112), (50, 112), (51, 112), (47, 113), (48, 113), (54, 113), (44, 114), (45, 114), (46, 114)]
[(3, 109), (1, 110), (2, 110), (4, 110), (0, 111), (3, 112)]
