[(76, 16), (77, 16), (78, 16), (79, 16), (72, 17), (73, 17), (74, 17), (75, 17), (80, 17), (68, 18), (69, 18), (70, 18), (71, 18), (81, 18), (64, 19), (65, 19), (66, 19), (67, 19), (82, 19), (60, 20), (61, 20), (62, 20), (63, 20), (81, 22), (59, 23), (80, 26), (58, 27), (79, 30), (57, 31), (78, 34), (56, 35), (75, 38), (76, 38), (77, 38), (78, 38), (55, 39), (56, 39), (71, 39), (72, 39), (73, 39), (74, 39), (57, 40), (67, 40), (68, 40), (69, 40), (70, 40), (58, 41), (63, 41), (64, 41), (65, 41), (66, 41), (59, 42), (60, 42), (61, 42), (62, 42)]
[(98, 15), (99, 15), (100, 15), (101, 15), (94, 16), (95, 16), (96, 16), (97, 16), (102, 16), (90, 17), (91, 17), (92, 17), (93, 17), (103, 17), (86, 18), (87, 18), (88, 18), (89, 18), (104, 18), (82, 19), (83, 19), (84, 19), (85, 19), (103, 21), (81, 22), (102, 25), (80, 26), (101, 29), (79, 30), (100, 33), (78, 34), (97, 37), (98, 37), (99, 37), (100, 37), (77, 38), (78, 38), (93, 38), (94, 38), (95, 38), (96, 38), (79, 39), (89, 39), (90, 39), (91, 39), (92, 39), (80, 40), (85, 40), (86, 40), (87, 40), (88, 40), (81, 41), (82, 41), (83, 41), (84, 41)]
[(97, 37), (98, 37), (99, 37), (100, 37), (93, 38), (94, 38), (95, 38), (96, 38), (101, 38), (89, 39), (90, 39), (91, 39), (92, 39), (102, 39), (85, 40), (86, 40), (87, 40), (88, 40), (103, 40), (81, 41), (82, 41), (83, 41), (84, 41), (102, 43), (80, 44), (101, 47), (79, 48), (100, 51), (78, 52), (99, 55), (77, 56), (96, 59), (97, 59), (98, 59), (99, 59), (76, 60), (77, 60), (92, 60), (93, 60), (94, 60), (95, 60), (78, 61), (88, 61), (89, 61), (90, 61), (91, 61), (79, 62), (84, 62), (85, 62), (86, 62), (87, 62), (80, 63), (81, 63), (82, 63), (83, 63)]
[(111, 38), (112, 38), (113, 38), (114, 38), (107, 39), (108, 39), (109, 39), (110, 39), (103, 40), (104, 40), (105, 40), (106, 40), (102, 43), (101, 47), (100, 51), (99, 55), (98, 59), (99, 59), (114, 59), (100, 60), (110, 60), (111, 60), (112, 60), (113, 60), (101, 61), (106, 61), (107, 61), (108, 61), (109, 61), (102, 62), (103, 62), (104, 62), (105, 62)]
[(114, 59), (110, 60), (111, 60), (112, 60), (113, 60), (106, 61), (107, 61), (108, 61), (109, 61), (102, 62), (103, 62), (104, 62), (105, 62), (101, 65), (100, 69), (99, 73), (98, 77), (97, 81), (98, 81), (113, 81), (114, 81), (99, 82), (109, 82), (110, 82), (111, 82), (112, 82), (100, 83), (105, 83), (106, 83), (107, 83), (108, 83), (101, 84), (102, 84), (103, 84), (104, 84)]
[(32, 18), (33, 18), (34, 18), (35, 18), (28, 19), (29, 19), (30, 19), (31, 19), (36, 19), (24, 20), (25, 20), (26, 20), (27, 20), (37, 20), (20, 21), (21, 21), (22, 21), (23, 21), (38, 21), (16, 22), (17, 22), (18, 22), (19, 22), (37, 24), (15, 25), (36, 28), (14, 29), (35, 32), (13, 33), (34, 36), (12, 37), (31, 40), (32, 40), (33, 40), (34, 40), (11, 41), (12, 41), (27, 41), (28, 41), (29, 41), (30, 41), (13, 42), (23, 42), (24, 42), (25, 42), (26, 42), (14, 43), (19, 43), (20, 43), (21, 43), (22, 43), (15, 44), (16, 44), (17, 44), (18, 44)]
[(54, 17), (55, 17), (56, 17), (57, 17), (50, 18), (51, 18), (52, 18), (53, 18), (58, 18), (46, 19), (47, 19), (48, 19), (49, 19), (59, 19), (42, 20), (43, 20), (44, 20), (45, 20), (60, 20), (38, 21), (39, 21), (40, 21), (41, 21), (59, 23), (37, 24), (58, 27), (36, 28), (57, 31), (35, 32), (56, 35), (34, 36), (53, 39), (54, 39), (55, 39), (56, 39), (33, 40), (34, 40), (49, 40), (50, 40), (51, 40), (52, 40), (35, 41), (45, 41), (46, 41), (47, 41), (48, 41), (36, 42), (41, 42), (42, 42), (43, 42), (44, 42), (37, 43), (38, 43), (39, 43), (40, 43)]
[(53, 39), (54, 39), (55, 39), (56, 39), (49, 40), (50, 40), (51, 40), (52, 40), (57, 40), (45, 41), (46, 41), (47, 41), (48, 41), (58, 41), (41, 42), (42, 42), (43, 42), (44, 42), (59, 42), (37, 43), (38, 43), (39, 43), (40, 43), (58, 45), (36, 46), (57, 49), (35, 50), (56, 53), (34, 54), (55, 57), (33, 58), (52, 61), (53, 61), (54, 61), (55, 61), (32, 62), (33, 62), (48, 62), (49, 62), (50, 62), (51, 62), (34, 63), (44, 63), (45, 63), (46, 63), (47, 63), (35, 64), (40, 64), (41, 64), (42, 64), (43, 64), (36, 65), (37, 65), (38, 65), (39, 65)]
[(75, 38), (76, 38), (77, 38), (78, 38), (71, 39), (72, 39), (73, 39), (74, 39), (79, 39), (67, 40), (68, 40), (69, 40), (70, 40), (80, 40), (63, 41), (64, 41), (65, 41), (66, 41), (81, 41), (59, 42), (60, 42), (61, 42), (62, 42), (80, 44), (58, 45), (79, 48), (57, 49), (78, 52), (56, 53), (77, 56), (55, 57), (74, 60), (75, 60), (76, 60), (77, 60), (54, 61), (55, 61), (70, 61), (71, 61), (72, 61), (73, 61), (56, 62), (66, 62), (67, 62), (68, 62), (69, 62), (57, 63), (62, 63), (63, 63), (64, 63), (65, 63), (58, 64), (59, 64), (60, 64), (61, 64)]
[(74, 60), (75, 60), (76, 60), (77, 60), (70, 61), (71, 61), (72, 61), (73, 61), (78, 61), (66, 62), (67, 62), (68, 62), (69, 62), (79, 62), (62, 63), (63, 63), (64, 63), (65, 63), (80, 63), (58, 64), (59, 64), (60, 64), (61, 64), (79, 66), (57, 67), (78, 70), (56, 71), (77, 74), (55, 75), (76, 78), (54, 79), (73, 82), (74, 82), (75, 82), (76, 82), (53, 83), (54, 83), (69, 83), (70, 83), (71, 83), (72, 83), (55, 84), (65, 84), (66, 84), (67, 84), (68, 84), (56, 85), (61, 85), (62, 85), (63, 85), (64, 85), (57, 86), (58, 86), (59, 86), (60, 86)]
[(96, 59), (97, 59), (98, 59), (99, 59), (92, 60), (93, 60), (94, 60), (95, 60), (100, 60), (88, 61), (89, 61), (90, 61), (91, 61), (101, 61), (84, 62), (85, 62), (86, 62), (87, 62), (102, 62), (80, 63), (81, 63), (82, 63), (83, 63), (101, 65), (79, 66), (100, 69), (78, 70), (99, 73), (77, 74), (98, 77), (76, 78), (95, 81), (96, 81), (97, 81), (98, 81), (75, 82), (76, 82), (91, 82), (92, 82), (93, 82), (94, 82), (77, 83), (87, 83), (88, 83), (89, 83), (90, 83), (78, 84), (83, 84), (84, 84), (85, 84), (86, 84), (79, 85), (80, 85), (81, 85), (82, 85)]
[(95, 81), (96, 81), (97, 81), (98, 81), (91, 82), (92, 82), (93, 82), (94, 82), (99, 82), (87, 83), (88, 83), (89, 83), (90, 83), (100, 83), (83, 84), (84, 84), (85, 84), (86, 84), (101, 84), (79, 85), (80, 85), (81, 85), (82, 85), (100, 87), (78, 88), (99, 91), (77, 92), (98, 95), (76, 96), (97, 99), (75, 100), (94, 103), (95, 103), (96, 103), (97, 103), (74, 104), (75, 104), (90, 104), (91, 104), (92, 104), (93, 104), (76, 105), (86, 105), (87, 105), (88, 105), (89, 105), (77, 106), (82, 106), (83, 106), (84, 106), (85, 106), (78, 107), (79, 107), (80, 107), (81, 107)]
[(113, 81), (114, 81), (109, 82), (110, 82), (111, 82), (112, 82), (105, 83), (106, 83), (107, 83), (108, 83), (101, 84), (102, 84), (103, 84), (104, 84), (100, 87), (99, 91), (98, 95), (97, 99), (96, 103), (97, 103), (112, 103), (113, 103), (114, 103), (98, 104), (108, 104), (109, 104), (110, 104), (111, 104), (99, 105), (104, 105), (105, 105), (106, 105), (107, 105), (100, 106), (101, 106), (102, 106), (103, 106)]
[(112, 103), (113, 103), (114, 103), (108, 104), (109, 104), (110, 104), (111, 104), (104, 105), (105, 105), (106, 105), (107, 105), (100, 106), (101, 106), (102, 106), (103, 106), (99, 109), (98, 113)]
[(9, 41), (10, 41), (11, 41), (12, 41), (5, 42), (6, 42), (7, 42), (8, 42), (13, 42), (1, 43), (2, 43), (3, 43), (4, 43), (14, 43), (0, 44), (15, 44), (14, 47), (13, 51), (12, 55), (11, 59), (8, 63), (9, 63), (10, 63), (11, 63), (4, 64), (5, 64), (6, 64), (7, 64), (0, 65), (1, 65), (2, 65), (3, 65)]
[(31, 40), (32, 40), (33, 40), (34, 40), (27, 41), (28, 41), (29, 41), (30, 41), (35, 41), (23, 42), (24, 42), (25, 42), (26, 42), (36, 42), (19, 43), (20, 43), (21, 43), (22, 43), (37, 43), (15, 44), (16, 44), (17, 44), (18, 44), (36, 46), (14, 47), (35, 50), (13, 51), (34, 54), (12, 55), (33, 58), (11, 59), (30, 62), (31, 62), (32, 62), (33, 62), (10, 63), (11, 63), (26, 63), (27, 63), (28, 63), (29, 63), (12, 64), (22, 64), (23, 64), (24, 64), (25, 64), (13, 65), (18, 65), (19, 65), (20, 65), (21, 65), (14, 66), (15, 66), (16, 66), (17, 66)]
[(30, 62), (31, 62), (32, 62), (33, 62), (26, 63), (27, 63), (28, 63), (29, 63), (34, 63), (22, 64), (23, 64), (24, 64), (25, 64), (35, 64), (18, 65), (19, 65), (20, 65), (21, 65), (36, 65), (14, 66), (15, 66), (16, 66), (17, 66), (35, 68), (13, 69), (34, 72), (12, 73), (33, 76), (11, 77), (32, 80), (10, 81), (29, 84), (30, 84), (31, 84), (32, 84), (9, 85), (10, 85), (25, 85), (26, 85), (27, 85), (28, 85), (11, 86), (21, 86), (22, 86), (23, 86), (24, 86), (12, 87), (17, 87), (18, 87), (19, 87), (20, 87), (13, 88), (14, 88), (15, 88), (16, 88)]
[(52, 61), (53, 61), (54, 61), (55, 61), (48, 62), (49, 62), (50, 62), (51, 62), (56, 62), (44, 63), (45, 63), (46, 63), (47, 63), (57, 63), (40, 64), (41, 64), (42, 64), (43, 64), (58, 64), (36, 65), (37, 65), (38, 65), (39, 65), (57, 67), (35, 68), (56, 71), (34, 72), (55, 75), (33, 76), (54, 79), (32, 80), (51, 83), (52, 83), (53, 83), (54, 83), (31, 84), (32, 84), (47, 84), (48, 84), (49, 84), (50, 84), (33, 85), (43, 85), (44, 85), (45, 85), (46, 85), (34, 86), (39, 86), (40, 86), (41, 86), (42, 86), (35, 87), (36, 87), (37, 87), (38, 87)]
[(51, 83), (52, 83), (53, 83), (54, 83), (47, 84), (48, 84), (49, 84), (50, 84), (55, 84), (43, 85), (44, 85), (45, 85), (46, 85), (56, 85), (39, 86), (40, 86), (41, 86), (42, 86), (57, 86), (35, 87), (36, 87), (37, 87), (38, 87), (56, 89), (34, 90), (55, 93), (33, 94), (54, 97), (32, 98), (53, 101), (31, 102), (50, 105), (51, 105), (52, 105), (53, 105), (30, 106), (31, 106), (46, 106), (47, 106), (48, 106), (49, 106), (32, 107), (42, 107), (43, 107), (44, 107), (45, 107), (33, 108), (38, 108), (39, 108), (40, 108), (41, 108), (34, 109), (35, 109), (36, 109), (37, 109)]
[(73, 82), (74, 82), (75, 82), (76, 82), (69, 83), (70, 83), (71, 83), (72, 83), (77, 83), (65, 84), (66, 84), (67, 84), (68, 84), (78, 84), (61, 85), (62, 85), (63, 85), (64, 85), (79, 85), (57, 86), (58, 86), (59, 86), (60, 86), (78, 88), (56, 89), (77, 92), (55, 93), (76, 96), (54, 97), (75, 100), (53, 101), (72, 104), (73, 104), (74, 104), (75, 104), (52, 105), (53, 105), (68, 105), (69, 105), (70, 105), (71, 105), (54, 106), (64, 106), (65, 106), (66, 106), (67, 106), (55, 107), (60, 107), (61, 107), (62, 107), (63, 107), (56, 108), (57, 108), (58, 108), (59, 108)]
[(72, 104), (73, 104), (74, 104), (75, 104), (68, 105), (69, 105), (70, 105), (71, 105), (76, 105), (64, 106), (65, 106), (66, 106), (67, 106), (77, 106), (60, 107), (61, 107), (62, 107), (63, 107), (78, 107), (56, 108), (57, 108), (58, 108), (59, 108), (77, 110), (55, 111), (76, 114)]
[(94, 103), (95, 103), (96, 103), (97, 103), (90, 104), (91, 104), (92, 104), (93, 104), (98, 104), (86, 105), (87, 105), (88, 105), (89, 105), (99, 105), (82, 106), (83, 106), (84, 106), (85, 106), (100, 106), (78, 107), (79, 107), (80, 107), (81, 107), (99, 109), (77, 110), (98, 113), (76, 114)]
[(8, 63), (9, 63), (10, 63), (11, 63), (4, 64), (5, 64), (6, 64), (7, 64), (12, 64), (0, 65), (1, 65), (2, 65), (3, 65), (13, 65), (14, 66), (13, 69), (12, 73), (11, 77), (10, 81), (7, 85), (8, 85), (9, 85), (10, 85), (3, 86), (4, 86), (5, 86), (6, 86), (0, 87), (1, 87), (2, 87)]
[(7, 85), (8, 85), (9, 85), (10, 85), (3, 86), (4, 86), (5, 86), (6, 86), (11, 86), (0, 87), (1, 87), (2, 87), (12, 87), (13, 88), (12, 91), (11, 95), (10, 99), (9, 103), (6, 107), (7, 107), (8, 107), (9, 107), (2, 108), (3, 108), (4, 108), (5, 108), (0, 109), (1, 109)]
[(29, 84), (30, 84), (31, 84), (32, 84), (25, 85), (26, 85), (27, 85), (28, 85), (33, 85), (21, 86), (22, 86), (23, 86), (24, 86), (34, 86), (17, 87), (18, 87), (19, 87), (20, 87), (35, 87), (13, 88), (14, 88), (15, 88), (16, 88), (34, 90), (12, 91), (33, 94), (11, 95), (32, 98), (10, 99), (31, 102), (9, 103), (28, 106), (29, 106), (30, 106), (31, 106), (8, 107), (9, 107), (24, 107), (25, 107), (26, 107), (27, 107), (10, 108), (20, 108), (21, 108), (22, 108), (23, 108), (11, 109), (16, 109), (17, 109), (18, 109), (19, 109), (12, 110), (13, 110), (14, 110), (15, 110)]
[(28, 106), (29, 106), (30, 106), (31, 106), (24, 107), (25, 107), (26, 107), (27, 107), (32, 107), (20, 108), (21, 108), (22, 108), (23, 108), (33, 108), (16, 109), (17, 109), (18, 109), (19, 109), (34, 109), (12, 110), (13, 110), (14, 110), (15, 110), (33, 112), (11, 113)]
[(50, 105), (51, 105), (52, 105), (53, 105), (46, 106), (47, 106), (48, 106), (49, 106), (54, 106), (42, 107), (43, 107), (44, 107), (45, 107), (55, 107), (38, 108), (39, 108), (40, 108), (41, 108), (56, 108), (34, 109), (35, 109), (36, 109), (37, 109), (55, 111), (33, 112)]
[(6, 107), (7, 107), (8, 107), (9, 107), (2, 108), (3, 108), (4, 108), (5, 108), (10, 108), (0, 109), (1, 109), (11, 109), (12, 110), (11, 113)]
