[(89, 0), (87, 1), (88, 1), (90, 1), (85, 2), (86, 2), (91, 2), (83, 3), (84, 3), (80, 4), (81, 4), (82, 4), (90, 4), (78, 5), (79, 5), (76, 6), (77, 6), (89, 6), (74, 7), (75, 7), (71, 8), (72, 8), (73, 8), (88, 8), (70, 10), (87, 10), (69, 12), (86, 13), (68, 14), (85, 15), (67, 16), (84, 17), (66, 19), (83, 19), (83, 20), (65, 21), (81, 21), (82, 21), (79, 22), (80, 22), (64, 23), (77, 23), (78, 23), (74, 24), (75, 24), (76, 24), (63, 25), (72, 25), (73, 25), (63, 26), (70, 26), (71, 26), (64, 27), (68, 27), (69, 27), (65, 28), (66, 28), (67, 28)]
[(96, 0), (97, 0), (109, 0), (94, 1), (95, 1), (91, 2), (92, 2), (93, 2), (108, 2), (90, 4), (107, 4), (89, 6), (106, 7), (88, 8), (105, 9), (87, 10), (104, 11), (86, 13), (103, 13), (103, 14), (85, 15), (101, 15), (102, 15), (99, 16), (100, 16), (84, 17), (97, 17), (98, 17), (94, 18), (95, 18), (96, 18), (83, 19), (92, 19), (93, 19), (83, 20), (90, 20), (91, 20), (84, 21), (88, 21), (89, 21), (85, 22), (86, 22), (87, 22)]
[(103, 14), (101, 15), (102, 15), (104, 15), (99, 16), (100, 16), (105, 16), (97, 17), (98, 17), (94, 18), (95, 18), (96, 18), (104, 18), (92, 19), (93, 19), (90, 20), (91, 20), (103, 20), (88, 21), (89, 21), (85, 22), (86, 22), (87, 22), (102, 22), (84, 24), (101, 24), (83, 26), (100, 27), (82, 28), (99, 29), (81, 30), (98, 31), (80, 33), (97, 33), (97, 34), (79, 35), (95, 35), (96, 35), (93, 36), (94, 36), (78, 37), (91, 37), (92, 37), (88, 38), (89, 38), (90, 38), (77, 39), (86, 39), (87, 39), (77, 40), (84, 40), (85, 40), (78, 41), (82, 41), (83, 41), (79, 42), (80, 42), (81, 42)]
[(114, 12), (112, 13), (113, 13), (110, 14), (111, 14), (108, 15), (109, 15), (105, 16), (106, 16), (107, 16), (104, 18), (103, 20), (102, 22), (101, 24), (100, 27), (99, 29), (113, 30), (114, 30), (98, 31), (111, 31), (112, 31), (108, 32), (109, 32), (110, 32), (97, 33), (106, 33), (107, 33), (97, 34), (104, 34), (105, 34), (98, 35), (102, 35), (103, 35), (99, 36), (100, 36), (101, 36)]
[(113, 30), (114, 30), (111, 31), (112, 31), (108, 32), (109, 32), (110, 32), (106, 33), (107, 33), (104, 34), (105, 34), (102, 35), (103, 35), (99, 36), (100, 36), (101, 36), (98, 38), (97, 40), (114, 41), (96, 42), (113, 43), (95, 44), (112, 45), (94, 47), (111, 47), (111, 48), (93, 49), (109, 49), (110, 49), (107, 50), (108, 50), (92, 51), (105, 51), (106, 51), (102, 52), (103, 52), (104, 52), (91, 53), (100, 53), (101, 53), (91, 54), (98, 54), (99, 54), (92, 55), (96, 55), (97, 55), (93, 56), (94, 56), (95, 56)]
[(114, 41), (113, 43), (112, 45), (111, 47), (111, 48), (112, 49), (113, 50), (114, 50)]
[(113, 50), (114, 50), (112, 52), (111, 54), (110, 56), (109, 58), (108, 61), (107, 63), (106, 65), (105, 67), (114, 67), (105, 68), (112, 68), (113, 68), (106, 69), (110, 69), (111, 69), (107, 70), (108, 70), (109, 70)]
[(49, 12), (47, 13), (48, 13), (50, 13), (45, 14), (46, 14), (51, 14), (43, 15), (44, 15), (40, 16), (41, 16), (42, 16), (50, 16), (38, 17), (39, 17), (36, 18), (37, 18), (49, 18), (34, 19), (35, 19), (31, 20), (32, 20), (33, 20), (48, 20), (30, 22), (47, 22), (29, 24), (46, 25), (28, 26), (45, 27), (27, 28), (44, 29), (26, 31), (43, 31), (43, 32), (25, 33), (41, 33), (42, 33), (39, 34), (40, 34), (24, 35), (37, 35), (38, 35), (34, 36), (35, 36), (36, 36), (23, 37), (32, 37), (33, 37), (23, 38), (30, 38), (31, 38), (24, 39), (28, 39), (29, 39), (25, 40), (26, 40), (27, 40)]
[(69, 6), (67, 7), (68, 7), (70, 7), (65, 8), (66, 8), (71, 8), (63, 9), (64, 9), (60, 10), (61, 10), (62, 10), (70, 10), (58, 11), (59, 11), (56, 12), (57, 12), (69, 12), (54, 13), (55, 13), (51, 14), (52, 14), (53, 14), (68, 14), (50, 16), (67, 16), (49, 18), (66, 19), (48, 20), (65, 21), (47, 22), (64, 23), (46, 25), (63, 25), (63, 26), (45, 27), (61, 27), (62, 27), (59, 28), (60, 28), (44, 29), (57, 29), (58, 29), (54, 30), (55, 30), (56, 30), (43, 31), (52, 31), (53, 31), (43, 32), (50, 32), (51, 32), (44, 33), (48, 33), (49, 33), (45, 34), (46, 34), (47, 34)]
[(63, 26), (61, 27), (62, 27), (64, 27), (59, 28), (60, 28), (65, 28), (57, 29), (58, 29), (54, 30), (55, 30), (56, 30), (64, 30), (52, 31), (53, 31), (50, 32), (51, 32), (63, 32), (48, 33), (49, 33), (45, 34), (46, 34), (47, 34), (62, 34), (44, 36), (61, 36), (43, 38), (60, 39), (42, 40), (59, 41), (41, 42), (58, 43), (40, 45), (57, 45), (57, 46), (39, 47), (55, 47), (56, 47), (53, 48), (54, 48), (38, 49), (51, 49), (52, 49), (48, 50), (49, 50), (50, 50), (37, 51), (46, 51), (47, 51), (37, 52), (44, 52), (45, 52), (38, 53), (42, 53), (43, 53), (39, 54), (40, 54), (41, 54)]
[(83, 20), (81, 21), (82, 21), (84, 21), (79, 22), (80, 22), (85, 22), (77, 23), (78, 23), (74, 24), (75, 24), (76, 24), (84, 24), (72, 25), (73, 25), (70, 26), (71, 26), (83, 26), (68, 27), (69, 27), (65, 28), (66, 28), (67, 28), (82, 28), (64, 30), (81, 30), (63, 32), (80, 33), (62, 34), (79, 35), (61, 36), (78, 37), (60, 39), (77, 39), (77, 40), (59, 41), (75, 41), (76, 41), (73, 42), (74, 42), (58, 43), (71, 43), (72, 43), (68, 44), (69, 44), (70, 44), (57, 45), (66, 45), (67, 45), (57, 46), (64, 46), (65, 46), (58, 47), (62, 47), (63, 47), (59, 48), (60, 48), (61, 48)]
[(77, 40), (75, 41), (76, 41), (78, 41), (73, 42), (74, 42), (79, 42), (71, 43), (72, 43), (68, 44), (69, 44), (70, 44), (78, 44), (66, 45), (67, 45), (64, 46), (65, 46), (77, 46), (62, 47), (63, 47), (59, 48), (60, 48), (61, 48), (76, 48), (58, 50), (75, 50), (57, 52), (74, 53), (56, 54), (73, 55), (55, 56), (72, 57), (54, 59), (71, 59), (71, 60), (53, 61), (69, 61), (70, 61), (67, 62), (68, 62), (52, 63), (65, 63), (66, 63), (62, 64), (63, 64), (64, 64), (51, 65), (60, 65), (61, 65), (51, 66), (58, 66), (59, 66), (52, 67), (56, 67), (57, 67), (53, 68), (54, 68), (55, 68)]
[(97, 34), (95, 35), (96, 35), (98, 35), (93, 36), (94, 36), (99, 36), (91, 37), (92, 37), (88, 38), (89, 38), (90, 38), (98, 38), (86, 39), (87, 39), (84, 40), (85, 40), (97, 40), (82, 41), (83, 41), (79, 42), (80, 42), (81, 42), (96, 42), (78, 44), (95, 44), (77, 46), (94, 47), (76, 48), (93, 49), (75, 50), (92, 51), (74, 53), (91, 53), (91, 54), (73, 55), (89, 55), (90, 55), (87, 56), (88, 56), (72, 57), (85, 57), (86, 57), (82, 58), (83, 58), (84, 58), (71, 59), (80, 59), (81, 59), (71, 60), (78, 60), (79, 60), (72, 61), (76, 61), (77, 61), (73, 62), (74, 62), (75, 62)]
[(91, 54), (89, 55), (90, 55), (92, 55), (87, 56), (88, 56), (93, 56), (85, 57), (86, 57), (82, 58), (83, 58), (84, 58), (92, 58), (80, 59), (81, 59), (78, 60), (79, 60), (91, 60), (76, 61), (77, 61), (73, 62), (74, 62), (75, 62), (90, 62), (72, 64), (89, 64), (71, 66), (88, 67), (70, 68), (87, 69), (69, 70), (86, 71), (68, 73), (85, 73), (85, 74), (67, 75), (83, 75), (84, 75), (81, 76), (82, 76), (66, 77), (79, 77), (80, 77), (76, 78), (77, 78), (78, 78), (65, 79), (74, 79), (75, 79), (65, 80), (72, 80), (73, 80), (66, 81), (70, 81), (71, 81), (67, 82), (68, 82), (69, 82)]
[(111, 48), (109, 49), (110, 49), (112, 49), (107, 50), (108, 50), (113, 50), (105, 51), (106, 51), (102, 52), (103, 52), (104, 52), (112, 52), (100, 53), (101, 53), (98, 54), (99, 54), (111, 54), (96, 55), (97, 55), (93, 56), (94, 56), (95, 56), (110, 56), (92, 58), (109, 58), (91, 60), (108, 61), (90, 62), (107, 63), (89, 64), (106, 65), (88, 67), (105, 67), (105, 68), (87, 69), (103, 69), (104, 69), (101, 70), (102, 70), (86, 71), (99, 71), (100, 71), (96, 72), (97, 72), (98, 72), (85, 73), (94, 73), (95, 73), (85, 74), (92, 74), (93, 74), (86, 75), (90, 75), (91, 75), (87, 76), (88, 76), (89, 76)]
[(105, 68), (103, 69), (104, 69), (106, 69), (101, 70), (102, 70), (107, 70), (99, 71), (100, 71), (96, 72), (97, 72), (98, 72), (106, 72), (94, 73), (95, 73), (92, 74), (93, 74), (105, 74), (90, 75), (91, 75), (87, 76), (88, 76), (89, 76), (104, 76), (86, 78), (103, 78), (85, 80), (102, 81), (84, 82), (101, 83), (83, 84), (100, 85), (82, 87), (99, 87), (99, 88), (81, 89), (97, 89), (98, 89), (95, 90), (96, 90), (80, 91), (93, 91), (94, 91), (90, 92), (91, 92), (92, 92), (79, 93), (88, 93), (89, 93), (79, 94), (86, 94), (87, 94), (80, 95), (84, 95), (85, 95), (81, 96), (82, 96), (83, 96)]
[(114, 67), (112, 68), (113, 68), (110, 69), (111, 69), (107, 70), (108, 70), (109, 70), (106, 72), (105, 74), (104, 76), (103, 78), (102, 81), (101, 83), (100, 85), (113, 85), (114, 85), (110, 86), (111, 86), (112, 86), (99, 87), (108, 87), (109, 87), (99, 88), (106, 88), (107, 88), (100, 89), (104, 89), (105, 89), (101, 90), (102, 90), (103, 90)]
[(113, 85), (114, 85), (110, 86), (111, 86), (112, 86), (108, 87), (109, 87), (106, 88), (107, 88), (104, 89), (105, 89), (101, 90), (102, 90), (103, 90), (100, 92), (99, 94), (98, 96), (97, 98), (114, 99), (96, 101), (113, 101), (113, 102), (95, 103), (111, 103), (112, 103), (109, 104), (110, 104), (94, 105), (107, 105), (108, 105), (104, 106), (105, 106), (106, 106), (93, 107), (102, 107), (103, 107), (93, 108), (100, 108), (101, 108), (94, 109), (98, 109), (99, 109), (95, 110), (96, 110), (97, 110)]
[(114, 99), (113, 101), (113, 102), (114, 103)]
[(23, 38), (21, 39), (22, 39), (24, 39), (19, 40), (20, 40), (25, 40), (17, 41), (18, 41), (14, 42), (15, 42), (16, 42), (24, 42), (12, 43), (13, 43), (10, 44), (11, 44), (23, 44), (8, 45), (9, 45), (5, 46), (6, 46), (7, 46), (22, 46), (4, 48), (21, 48), (3, 50), (20, 51), (2, 52), (19, 53), (1, 54), (18, 55), (0, 57), (17, 57), (17, 58), (15, 59), (16, 59), (13, 60), (14, 60), (11, 61), (12, 61), (8, 62), (9, 62), (10, 62), (6, 63), (7, 63), (4, 64), (5, 64), (2, 65), (3, 65), (0, 66), (1, 66)]
[(43, 32), (41, 33), (42, 33), (44, 33), (39, 34), (40, 34), (45, 34), (37, 35), (38, 35), (34, 36), (35, 36), (36, 36), (44, 36), (32, 37), (33, 37), (30, 38), (31, 38), (43, 38), (28, 39), (29, 39), (25, 40), (26, 40), (27, 40), (42, 40), (24, 42), (41, 42), (23, 44), (40, 45), (22, 46), (39, 47), (21, 48), (38, 49), (20, 51), (37, 51), (37, 52), (19, 53), (35, 53), (36, 53), (33, 54), (34, 54), (18, 55), (31, 55), (32, 55), (28, 56), (29, 56), (30, 56), (17, 57), (26, 57), (27, 57), (17, 58), (24, 58), (25, 58), (18, 59), (22, 59), (23, 59), (19, 60), (20, 60), (21, 60)]
[(37, 52), (35, 53), (36, 53), (38, 53), (33, 54), (34, 54), (39, 54), (31, 55), (32, 55), (28, 56), (29, 56), (30, 56), (38, 56), (26, 57), (27, 57), (24, 58), (25, 58), (37, 58), (22, 59), (23, 59), (19, 60), (20, 60), (21, 60), (36, 60), (18, 62), (35, 62), (17, 64), (34, 65), (16, 66), (33, 67), (15, 68), (32, 69), (14, 71), (31, 71), (31, 72), (13, 73), (29, 73), (30, 73), (27, 74), (28, 74), (12, 75), (25, 75), (26, 75), (22, 76), (23, 76), (24, 76), (11, 77), (20, 77), (21, 77), (11, 78), (18, 78), (19, 78), (12, 79), (16, 79), (17, 79), (13, 80), (14, 80), (15, 80)]
[(57, 46), (55, 47), (56, 47), (58, 47), (53, 48), (54, 48), (59, 48), (51, 49), (52, 49), (48, 50), (49, 50), (50, 50), (58, 50), (46, 51), (47, 51), (44, 52), (45, 52), (57, 52), (42, 53), (43, 53), (39, 54), (40, 54), (41, 54), (56, 54), (38, 56), (55, 56), (37, 58), (54, 59), (36, 60), (53, 61), (35, 62), (52, 63), (34, 65), (51, 65), (51, 66), (33, 67), (49, 67), (50, 67), (47, 68), (48, 68), (32, 69), (45, 69), (46, 69), (42, 70), (43, 70), (44, 70), (31, 71), (40, 71), (41, 71), (31, 72), (38, 72), (39, 72), (32, 73), (36, 73), (37, 73), (33, 74), (34, 74), (35, 74)]
[(51, 66), (49, 67), (50, 67), (52, 67), (47, 68), (48, 68), (53, 68), (45, 69), (46, 69), (42, 70), (43, 70), (44, 70), (52, 70), (40, 71), (41, 71), (38, 72), (39, 72), (51, 72), (36, 73), (37, 73), (33, 74), (34, 74), (35, 74), (50, 74), (32, 76), (49, 76), (31, 78), (48, 79), (30, 80), (47, 81), (29, 82), (46, 83), (28, 85), (45, 85), (45, 86), (27, 87), (43, 87), (44, 87), (41, 88), (42, 88), (26, 89), (39, 89), (40, 89), (36, 90), (37, 90), (38, 90), (25, 91), (34, 91), (35, 91), (25, 92), (32, 92), (33, 92), (26, 93), (30, 93), (31, 93), (27, 94), (28, 94), (29, 94)]
[(71, 60), (69, 61), (70, 61), (72, 61), (67, 62), (68, 62), (73, 62), (65, 63), (66, 63), (62, 64), (63, 64), (64, 64), (72, 64), (60, 65), (61, 65), (58, 66), (59, 66), (71, 66), (56, 67), (57, 67), (53, 68), (54, 68), (55, 68), (70, 68), (52, 70), (69, 70), (51, 72), (68, 73), (50, 74), (67, 75), (49, 76), (66, 77), (48, 79), (65, 79), (65, 80), (47, 81), (63, 81), (64, 81), (61, 82), (62, 82), (46, 83), (59, 83), (60, 83), (56, 84), (57, 84), (58, 84), (45, 85), (54, 85), (55, 85), (45, 86), (52, 86), (53, 86), (46, 87), (50, 87), (51, 87), (47, 88), (48, 88), (49, 88)]
[(65, 80), (63, 81), (64, 81), (66, 81), (61, 82), (62, 82), (67, 82), (59, 83), (60, 83), (56, 84), (57, 84), (58, 84), (66, 84), (54, 85), (55, 85), (52, 86), (53, 86), (65, 86), (50, 87), (51, 87), (47, 88), (48, 88), (49, 88), (64, 88), (46, 90), (63, 90), (45, 92), (62, 93), (44, 94), (61, 95), (43, 96), (60, 97), (42, 99), (59, 99), (59, 100), (41, 101), (57, 101), (58, 101), (55, 102), (56, 102), (40, 103), (53, 103), (54, 103), (50, 104), (51, 104), (52, 104), (39, 105), (48, 105), (49, 105), (39, 106), (46, 106), (47, 106), (40, 107), (44, 107), (45, 107), (41, 108), (42, 108), (43, 108)]
[(85, 74), (83, 75), (84, 75), (86, 75), (81, 76), (82, 76), (87, 76), (79, 77), (80, 77), (76, 78), (77, 78), (78, 78), (86, 78), (74, 79), (75, 79), (72, 80), (73, 80), (85, 80), (70, 81), (71, 81), (67, 82), (68, 82), (69, 82), (84, 82), (66, 84), (83, 84), (65, 86), (82, 87), (64, 88), (81, 89), (63, 90), (80, 91), (62, 93), (79, 93), (79, 94), (61, 95), (77, 95), (78, 95), (75, 96), (76, 96), (60, 97), (73, 97), (74, 97), (70, 98), (71, 98), (72, 98), (59, 99), (68, 99), (69, 99), (59, 100), (66, 100), (67, 100), (60, 101), (64, 101), (65, 101), (61, 102), (62, 102), (63, 102)]
[(79, 94), (77, 95), (78, 95), (80, 95), (75, 96), (76, 96), (81, 96), (73, 97), (74, 97), (70, 98), (71, 98), (72, 98), (80, 98), (68, 99), (69, 99), (66, 100), (67, 100), (79, 100), (64, 101), (65, 101), (61, 102), (62, 102), (63, 102), (78, 102), (60, 104), (77, 104), (59, 106), (76, 107), (58, 108), (75, 109), (57, 110), (74, 111), (56, 113), (73, 113), (73, 114)]
[(99, 88), (97, 89), (98, 89), (100, 89), (95, 90), (96, 90), (101, 90), (93, 91), (94, 91), (90, 92), (91, 92), (92, 92), (100, 92), (88, 93), (89, 93), (86, 94), (87, 94), (99, 94), (84, 95), (85, 95), (81, 96), (82, 96), (83, 96), (98, 96), (80, 98), (97, 98), (79, 100), (96, 101), (78, 102), (95, 103), (77, 104), (94, 105), (76, 107), (93, 107), (93, 108), (75, 109), (91, 109), (92, 109), (89, 110), (90, 110), (74, 111), (87, 111), (88, 111), (84, 112), (85, 112), (86, 112), (73, 113), (82, 113), (83, 113), (73, 114), (80, 114), (81, 114)]
[(93, 108), (91, 109), (92, 109), (94, 109), (89, 110), (90, 110), (95, 110), (87, 111), (88, 111), (84, 112), (85, 112), (86, 112), (94, 112), (82, 113), (83, 113), (80, 114), (81, 114), (93, 114)]
[(113, 102), (111, 103), (112, 103), (114, 103), (109, 104), (110, 104), (107, 105), (108, 105), (104, 106), (105, 106), (106, 106), (114, 106), (102, 107), (103, 107), (100, 108), (101, 108), (113, 108), (98, 109), (99, 109), (95, 110), (96, 110), (97, 110), (112, 110), (94, 112), (111, 112), (93, 114)]
[(17, 58), (15, 59), (16, 59), (18, 59), (13, 60), (14, 60), (19, 60), (11, 61), (12, 61), (8, 62), (9, 62), (10, 62), (18, 62), (6, 63), (7, 63), (4, 64), (5, 64), (17, 64), (2, 65), (3, 65), (0, 66), (1, 66), (16, 66), (15, 68), (14, 71), (13, 73), (12, 75), (11, 77), (11, 78), (9, 79), (10, 79), (7, 80), (8, 80), (5, 81), (6, 81), (2, 82), (3, 82), (4, 82), (0, 83), (1, 83)]
[(11, 78), (9, 79), (10, 79), (12, 79), (7, 80), (8, 80), (13, 80), (5, 81), (6, 81), (2, 82), (3, 82), (4, 82), (12, 82), (0, 83), (1, 83), (11, 84), (10, 86), (9, 88), (8, 91), (7, 93), (6, 95), (5, 97), (5, 98), (3, 99), (4, 99), (1, 100), (2, 100), (0, 101)]
[(31, 72), (29, 73), (30, 73), (32, 73), (27, 74), (28, 74), (33, 74), (25, 75), (26, 75), (22, 76), (23, 76), (24, 76), (32, 76), (20, 77), (21, 77), (18, 78), (19, 78), (31, 78), (16, 79), (17, 79), (13, 80), (14, 80), (15, 80), (30, 80), (12, 82), (29, 82), (11, 84), (28, 85), (10, 86), (27, 87), (9, 88), (26, 89), (8, 91), (25, 91), (25, 92), (7, 93), (23, 93), (24, 93), (21, 94), (22, 94), (6, 95), (19, 95), (20, 95), (16, 96), (17, 96), (18, 96), (5, 97), (14, 97), (15, 97), (5, 98), (12, 98), (13, 98), (6, 99), (10, 99), (11, 99), (7, 100), (8, 100), (9, 100)]
[(25, 92), (23, 93), (24, 93), (26, 93), (21, 94), (22, 94), (27, 94), (19, 95), (20, 95), (16, 96), (17, 96), (18, 96), (26, 96), (14, 97), (15, 97), (12, 98), (13, 98), (25, 98), (10, 99), (11, 99), (7, 100), (8, 100), (9, 100), (24, 100), (6, 102), (23, 102), (5, 104), (22, 105), (4, 106), (21, 107), (3, 108), (20, 109), (2, 111), (19, 111), (19, 112), (1, 113), (17, 113), (18, 113), (15, 114), (16, 114)]
[(45, 86), (43, 87), (44, 87), (46, 87), (41, 88), (42, 88), (47, 88), (39, 89), (40, 89), (36, 90), (37, 90), (38, 90), (46, 90), (34, 91), (35, 91), (32, 92), (33, 92), (45, 92), (30, 93), (31, 93), (27, 94), (28, 94), (29, 94), (44, 94), (26, 96), (43, 96), (25, 98), (42, 99), (24, 100), (41, 101), (23, 102), (40, 103), (22, 105), (39, 105), (39, 106), (21, 107), (37, 107), (38, 107), (35, 108), (36, 108), (20, 109), (33, 109), (34, 109), (30, 110), (31, 110), (32, 110), (19, 111), (28, 111), (29, 111), (19, 112), (26, 112), (27, 112), (20, 113), (24, 113), (25, 113), (21, 114), (22, 114), (23, 114)]
[(39, 106), (37, 107), (38, 107), (40, 107), (35, 108), (36, 108), (41, 108), (33, 109), (34, 109), (30, 110), (31, 110), (32, 110), (40, 110), (28, 111), (29, 111), (26, 112), (27, 112), (39, 112), (24, 113), (25, 113), (21, 114), (22, 114), (23, 114), (38, 114)]
[(59, 100), (57, 101), (58, 101), (60, 101), (55, 102), (56, 102), (61, 102), (53, 103), (54, 103), (50, 104), (51, 104), (52, 104), (60, 104), (48, 105), (49, 105), (46, 106), (47, 106), (59, 106), (44, 107), (45, 107), (41, 108), (42, 108), (43, 108), (58, 108), (40, 110), (57, 110), (39, 112), (56, 113), (38, 114)]
[(73, 114)]
[(5, 98), (3, 99), (4, 99), (6, 99), (1, 100), (2, 100), (7, 100), (0, 101), (6, 102), (5, 104), (4, 106), (3, 108), (2, 111), (1, 113)]
[(19, 112), (17, 113), (18, 113), (20, 113), (15, 114), (16, 114), (21, 114)]
