[(80, 35), (81, 35), (78, 36), (79, 36), (82, 36), (75, 37), (76, 37), (77, 37), (83, 37), (72, 38), (73, 38), (74, 38), (84, 38), (69, 39), (70, 39), (71, 39), (85, 39), (66, 40), (67, 40), (68, 40), (86, 40), (63, 41), (64, 41), (65, 41), (85, 42), (62, 43), (84, 45), (61, 46), (83, 48), (60, 49), (82, 51), (59, 52), (81, 54), (58, 55), (80, 57), (57, 58), (79, 58), (80, 58), (57, 59), (77, 59), (78, 59), (58, 60), (74, 60), (75, 60), (76, 60), (59, 61), (71, 61), (72, 61), (73, 61), (60, 62), (68, 62), (69, 62), (70, 62), (61, 63), (65, 63), (66, 63), (67, 63), (62, 64), (63, 64), (64, 64)]
[(103, 34), (104, 34), (101, 35), (102, 35), (105, 35), (98, 36), (99, 36), (100, 36), (106, 36), (95, 37), (96, 37), (97, 37), (107, 37), (92, 38), (93, 38), (94, 38), (108, 38), (89, 39), (90, 39), (91, 39), (109, 39), (86, 40), (87, 40), (88, 40), (108, 41), (85, 42), (107, 44), (84, 45), (106, 47), (83, 48), (105, 50), (82, 51), (104, 53), (81, 54), (103, 56), (80, 57), (102, 57), (103, 57), (80, 58), (100, 58), (101, 58), (81, 59), (97, 59), (98, 59), (99, 59), (82, 60), (94, 60), (95, 60), (96, 60), (83, 61), (91, 61), (92, 61), (93, 61), (84, 62), (88, 62), (89, 62), (90, 62), (85, 63), (86, 63), (87, 63)]
[(102, 57), (103, 57), (100, 58), (101, 58), (104, 58), (97, 59), (98, 59), (99, 59), (105, 59), (94, 60), (95, 60), (96, 60), (106, 60), (91, 61), (92, 61), (93, 61), (107, 61), (88, 62), (89, 62), (90, 62), (108, 62), (85, 63), (86, 63), (87, 63), (107, 64), (84, 65), (106, 67), (83, 68), (105, 70), (82, 71), (104, 73), (81, 74), (103, 76), (80, 77), (102, 79), (79, 80), (101, 80), (102, 80), (79, 81), (99, 81), (100, 81), (80, 82), (96, 82), (97, 82), (98, 82), (81, 83), (93, 83), (94, 83), (95, 83), (82, 84), (90, 84), (91, 84), (92, 84), (83, 85), (87, 85), (88, 85), (89, 85), (84, 86), (85, 86), (86, 86)]
[(114, 60), (111, 61), (112, 61), (113, 61), (108, 62), (109, 62), (110, 62), (107, 64), (106, 67), (105, 70), (104, 73), (103, 76), (102, 79), (102, 80), (103, 81), (104, 82), (105, 83), (113, 83), (114, 83), (106, 84), (110, 84), (111, 84), (112, 84), (107, 85), (108, 85), (109, 85)]
[(113, 83), (114, 83), (110, 84), (111, 84), (112, 84), (107, 85), (108, 85), (109, 85), (106, 87), (105, 90), (104, 93), (103, 96), (102, 99), (101, 102), (101, 103), (102, 104), (103, 105), (104, 106), (112, 106), (113, 106), (114, 106), (105, 107), (109, 107), (110, 107), (111, 107), (106, 108), (107, 108), (108, 108)]
[(34, 37), (35, 37), (32, 38), (33, 38), (36, 38), (29, 39), (30, 39), (31, 39), (37, 39), (26, 40), (27, 40), (28, 40), (38, 40), (23, 41), (24, 41), (25, 41), (39, 41), (20, 42), (21, 42), (22, 42), (40, 42), (17, 43), (18, 43), (19, 43), (39, 44), (16, 45), (38, 47), (15, 48), (37, 50), (14, 51), (36, 53), (13, 54), (35, 56), (12, 57), (34, 59), (11, 60), (33, 60), (34, 60), (11, 61), (31, 61), (32, 61), (12, 62), (28, 62), (29, 62), (30, 62), (13, 63), (25, 63), (26, 63), (27, 63), (14, 64), (22, 64), (23, 64), (24, 64), (15, 65), (19, 65), (20, 65), (21, 65), (16, 66), (17, 66), (18, 66)]
[(57, 36), (58, 36), (55, 37), (56, 37), (59, 37), (52, 38), (53, 38), (54, 38), (60, 38), (49, 39), (50, 39), (51, 39), (61, 39), (46, 40), (47, 40), (48, 40), (62, 40), (43, 41), (44, 41), (45, 41), (63, 41), (40, 42), (41, 42), (42, 42), (62, 43), (39, 44), (61, 46), (38, 47), (60, 49), (37, 50), (59, 52), (36, 53), (58, 55), (35, 56), (57, 58), (34, 59), (56, 59), (57, 59), (34, 60), (54, 60), (55, 60), (35, 61), (51, 61), (52, 61), (53, 61), (36, 62), (48, 62), (49, 62), (50, 62), (37, 63), (45, 63), (46, 63), (47, 63), (38, 64), (42, 64), (43, 64), (44, 64), (39, 65), (40, 65), (41, 65)]
[(56, 59), (57, 59), (54, 60), (55, 60), (58, 60), (51, 61), (52, 61), (53, 61), (59, 61), (48, 62), (49, 62), (50, 62), (60, 62), (45, 63), (46, 63), (47, 63), (61, 63), (42, 64), (43, 64), (44, 64), (62, 64), (39, 65), (40, 65), (41, 65), (61, 66), (38, 67), (60, 69), (37, 70), (59, 72), (36, 73), (58, 75), (35, 76), (57, 78), (34, 79), (56, 81), (33, 82), (55, 82), (56, 82), (33, 83), (53, 83), (54, 83), (34, 84), (50, 84), (51, 84), (52, 84), (35, 85), (47, 85), (48, 85), (49, 85), (36, 86), (44, 86), (45, 86), (46, 86), (37, 87), (41, 87), (42, 87), (43, 87), (38, 88), (39, 88), (40, 88)]
[(79, 58), (80, 58), (77, 59), (78, 59), (81, 59), (74, 60), (75, 60), (76, 60), (82, 60), (71, 61), (72, 61), (73, 61), (83, 61), (68, 62), (69, 62), (70, 62), (84, 62), (65, 63), (66, 63), (67, 63), (85, 63), (62, 64), (63, 64), (64, 64), (84, 65), (61, 66), (83, 68), (60, 69), (82, 71), (59, 72), (81, 74), (58, 75), (80, 77), (57, 78), (79, 80), (56, 81), (78, 81), (79, 81), (56, 82), (76, 82), (77, 82), (57, 83), (73, 83), (74, 83), (75, 83), (58, 84), (70, 84), (71, 84), (72, 84), (59, 85), (67, 85), (68, 85), (69, 85), (60, 86), (64, 86), (65, 86), (66, 86), (61, 87), (62, 87), (63, 87)]
[(78, 81), (79, 81), (76, 82), (77, 82), (80, 82), (73, 83), (74, 83), (75, 83), (81, 83), (70, 84), (71, 84), (72, 84), (82, 84), (67, 85), (68, 85), (69, 85), (83, 85), (64, 86), (65, 86), (66, 86), (84, 86), (61, 87), (62, 87), (63, 87), (83, 88), (60, 89), (82, 91), (59, 92), (81, 94), (58, 95), (80, 97), (57, 98), (79, 100), (56, 101), (78, 103), (55, 104), (77, 104), (78, 104), (55, 105), (75, 105), (76, 105), (56, 106), (72, 106), (73, 106), (74, 106), (57, 107), (69, 107), (70, 107), (71, 107), (58, 108), (66, 108), (67, 108), (68, 108), (59, 109), (63, 109), (64, 109), (65, 109), (60, 110), (61, 110), (62, 110)]
[(101, 80), (102, 80), (99, 81), (100, 81), (103, 81), (96, 82), (97, 82), (98, 82), (104, 82), (93, 83), (94, 83), (95, 83), (105, 83), (90, 84), (91, 84), (92, 84), (106, 84), (87, 85), (88, 85), (89, 85), (107, 85), (84, 86), (85, 86), (86, 86), (106, 87), (83, 88), (105, 90), (82, 91), (104, 93), (81, 94), (103, 96), (80, 97), (102, 99), (79, 100), (101, 102), (78, 103), (100, 103), (101, 103), (78, 104), (98, 104), (99, 104), (79, 105), (95, 105), (96, 105), (97, 105), (80, 106), (92, 106), (93, 106), (94, 106), (81, 107), (89, 107), (90, 107), (91, 107), (82, 108), (86, 108), (87, 108), (88, 108), (83, 109), (84, 109), (85, 109)]
[(100, 103), (101, 103), (98, 104), (99, 104), (102, 104), (95, 105), (96, 105), (97, 105), (103, 105), (92, 106), (93, 106), (94, 106), (104, 106), (89, 107), (90, 107), (91, 107), (105, 107), (86, 108), (87, 108), (88, 108), (106, 108), (83, 109), (84, 109), (85, 109), (105, 110), (82, 111), (104, 113), (81, 114)]
[(112, 106), (113, 106), (114, 106), (109, 107), (110, 107), (111, 107), (106, 108), (107, 108), (108, 108), (105, 110), (104, 113)]
[(10, 61), (11, 61), (8, 62), (9, 62), (12, 62), (5, 63), (6, 63), (7, 63), (13, 63), (2, 64), (3, 64), (4, 64), (14, 64), (0, 65), (1, 65), (15, 65), (16, 66), (15, 68), (14, 71), (13, 74), (12, 77), (11, 80), (10, 83), (9, 84), (10, 84), (7, 85), (8, 85), (4, 86), (5, 86), (6, 86), (1, 87), (2, 87), (3, 87), (0, 88)]
[(33, 60), (34, 60), (31, 61), (32, 61), (35, 61), (28, 62), (29, 62), (30, 62), (36, 62), (25, 63), (26, 63), (27, 63), (37, 63), (22, 64), (23, 64), (24, 64), (38, 64), (19, 65), (20, 65), (21, 65), (39, 65), (16, 66), (17, 66), (18, 66), (38, 67), (15, 68), (37, 70), (14, 71), (36, 73), (13, 74), (35, 76), (12, 77), (34, 79), (11, 80), (33, 82), (10, 83), (32, 83), (33, 83), (10, 84), (30, 84), (31, 84), (11, 85), (27, 85), (28, 85), (29, 85), (12, 86), (24, 86), (25, 86), (26, 86), (13, 87), (21, 87), (22, 87), (23, 87), (14, 88), (18, 88), (19, 88), (20, 88), (15, 89), (16, 89), (17, 89)]
[(32, 83), (33, 83), (30, 84), (31, 84), (34, 84), (27, 85), (28, 85), (29, 85), (35, 85), (24, 86), (25, 86), (26, 86), (36, 86), (21, 87), (22, 87), (23, 87), (37, 87), (18, 88), (19, 88), (20, 88), (38, 88), (15, 89), (16, 89), (17, 89), (37, 90), (14, 91), (36, 93), (13, 94), (35, 96), (12, 97), (34, 99), (11, 100), (33, 102), (10, 103), (32, 105), (9, 106), (31, 106), (32, 106), (9, 107), (29, 107), (30, 107), (10, 108), (26, 108), (27, 108), (28, 108), (11, 109), (23, 109), (24, 109), (25, 109), (12, 110), (20, 110), (21, 110), (22, 110), (13, 111), (17, 111), (18, 111), (19, 111), (14, 112), (15, 112), (16, 112)]
[(55, 82), (56, 82), (53, 83), (54, 83), (57, 83), (50, 84), (51, 84), (52, 84), (58, 84), (47, 85), (48, 85), (49, 85), (59, 85), (44, 86), (45, 86), (46, 86), (60, 86), (41, 87), (42, 87), (43, 87), (61, 87), (38, 88), (39, 88), (40, 88), (60, 89), (37, 90), (59, 92), (36, 93), (58, 95), (35, 96), (57, 98), (34, 99), (56, 101), (33, 102), (55, 104), (32, 105), (54, 105), (55, 105), (32, 106), (52, 106), (53, 106), (33, 107), (49, 107), (50, 107), (51, 107), (34, 108), (46, 108), (47, 108), (48, 108), (35, 109), (43, 109), (44, 109), (45, 109), (36, 110), (40, 110), (41, 110), (42, 110), (37, 111), (38, 111), (39, 111)]
[(54, 105), (55, 105), (52, 106), (53, 106), (56, 106), (49, 107), (50, 107), (51, 107), (57, 107), (46, 108), (47, 108), (48, 108), (58, 108), (43, 109), (44, 109), (45, 109), (59, 109), (40, 110), (41, 110), (42, 110), (60, 110), (37, 111), (38, 111), (39, 111), (59, 112), (36, 113)]
[(77, 104), (78, 104), (75, 105), (76, 105), (79, 105), (72, 106), (73, 106), (74, 106), (80, 106), (69, 107), (70, 107), (71, 107), (81, 107), (66, 108), (67, 108), (68, 108), (82, 108), (63, 109), (64, 109), (65, 109), (83, 109), (60, 110), (61, 110), (62, 110), (82, 111), (59, 112), (81, 114)]
[(9, 84), (10, 84), (7, 85), (8, 85), (11, 85), (4, 86), (5, 86), (6, 86), (12, 86), (1, 87), (2, 87), (3, 87), (13, 87), (0, 88), (14, 88), (15, 89), (14, 91), (13, 94), (12, 97), (11, 100), (10, 103), (9, 106), (8, 107), (9, 107), (6, 108), (7, 108), (3, 109), (4, 109), (5, 109), (0, 110), (1, 110), (2, 110)]
[(8, 107), (9, 107), (6, 108), (7, 108), (10, 108), (3, 109), (4, 109), (5, 109), (11, 109), (0, 110), (1, 110), (2, 110), (12, 110), (13, 111), (14, 112), (13, 114)]
[(31, 106), (32, 106), (29, 107), (30, 107), (33, 107), (26, 108), (27, 108), (28, 108), (34, 108), (23, 109), (24, 109), (25, 109), (35, 109), (20, 110), (21, 110), (22, 110), (36, 110), (17, 111), (18, 111), (19, 111), (37, 111), (14, 112), (15, 112), (16, 112), (36, 113), (13, 114)]
