[(81, 26), (77, 27), (78, 27), (79, 27), (80, 27), (82, 27), (74, 28), (75, 28), (76, 28), (83, 28), (70, 29), (71, 29), (72, 29), (73, 29), (84, 29), (66, 30), (67, 30), (68, 30), (69, 30), (85, 30), (65, 33), (84, 33), (64, 37), (83, 37), (63, 40), (82, 40), (62, 44), (81, 44), (62, 45), (81, 45), (63, 46), (77, 46), (78, 46), (79, 46), (80, 46), (64, 47), (74, 47), (75, 47), (76, 47), (65, 48), (70, 48), (71, 48), (72, 48), (73, 48), (66, 49), (67, 49), (68, 49), (69, 49)]
[(100, 26), (96, 27), (97, 27), (98, 27), (99, 27), (101, 27), (93, 28), (94, 28), (95, 28), (102, 28), (89, 29), (90, 29), (91, 29), (92, 29), (103, 29), (85, 30), (86, 30), (87, 30), (88, 30), (104, 30), (84, 33), (103, 33), (83, 37), (102, 37), (82, 40), (101, 40), (81, 44), (100, 44), (81, 45), (100, 45), (82, 46), (96, 46), (97, 46), (98, 46), (99, 46), (83, 47), (93, 47), (94, 47), (95, 47), (84, 48), (89, 48), (90, 48), (91, 48), (92, 48), (85, 49), (86, 49), (87, 49), (88, 49)]
[(100, 45), (96, 46), (97, 46), (98, 46), (99, 46), (101, 46), (93, 47), (94, 47), (95, 47), (102, 47), (89, 48), (90, 48), (91, 48), (92, 48), (103, 48), (85, 49), (86, 49), (87, 49), (88, 49), (104, 49), (84, 52), (103, 52), (83, 56), (102, 56), (82, 59), (101, 59), (81, 63), (100, 63), (81, 64), (100, 64), (82, 65), (96, 65), (97, 65), (98, 65), (99, 65), (83, 66), (93, 66), (94, 66), (95, 66), (84, 67), (89, 67), (90, 67), (91, 67), (92, 67), (85, 68), (86, 68), (87, 68), (88, 68)]
[(112, 47), (113, 47), (114, 47), (108, 48), (109, 48), (110, 48), (111, 48), (104, 49), (105, 49), (106, 49), (107, 49), (103, 52), (102, 56), (101, 59), (100, 63), (100, 64), (101, 65), (102, 66), (112, 66), (113, 66), (114, 66), (103, 67), (108, 67), (109, 67), (110, 67), (111, 67), (104, 68), (105, 68), (106, 68), (107, 68)]
[(112, 66), (113, 66), (114, 66), (108, 67), (109, 67), (110, 67), (111, 67), (104, 68), (105, 68), (106, 68), (107, 68), (103, 71), (102, 75), (101, 78), (100, 82), (100, 83), (101, 84), (102, 85), (112, 85), (113, 85), (114, 85), (103, 86), (108, 86), (109, 86), (110, 86), (111, 86), (104, 87), (105, 87), (106, 87), (107, 87)]
[(43, 26), (39, 27), (40, 27), (41, 27), (42, 27), (44, 27), (36, 28), (37, 28), (38, 28), (45, 28), (32, 29), (33, 29), (34, 29), (35, 29), (46, 29), (28, 30), (29, 30), (30, 30), (31, 30), (47, 30), (27, 33), (46, 33), (26, 37), (45, 37), (25, 40), (44, 40), (24, 44), (43, 44), (24, 45), (43, 45), (25, 46), (39, 46), (40, 46), (41, 46), (42, 46), (26, 47), (36, 47), (37, 47), (38, 47), (27, 48), (32, 48), (33, 48), (34, 48), (35, 48), (28, 49), (29, 49), (30, 49), (31, 49)]
[(62, 26), (58, 27), (59, 27), (60, 27), (61, 27), (63, 27), (55, 28), (56, 28), (57, 28), (64, 28), (51, 29), (52, 29), (53, 29), (54, 29), (65, 29), (47, 30), (48, 30), (49, 30), (50, 30), (66, 30), (46, 33), (65, 33), (45, 37), (64, 37), (44, 40), (63, 40), (43, 44), (62, 44), (43, 45), (62, 45), (44, 46), (58, 46), (59, 46), (60, 46), (61, 46), (45, 47), (55, 47), (56, 47), (57, 47), (46, 48), (51, 48), (52, 48), (53, 48), (54, 48), (47, 49), (48, 49), (49, 49), (50, 49)]
[(62, 45), (58, 46), (59, 46), (60, 46), (61, 46), (63, 46), (55, 47), (56, 47), (57, 47), (64, 47), (51, 48), (52, 48), (53, 48), (54, 48), (65, 48), (47, 49), (48, 49), (49, 49), (50, 49), (66, 49), (46, 52), (65, 52), (45, 56), (64, 56), (44, 59), (63, 59), (43, 63), (62, 63), (43, 64), (62, 64), (44, 65), (58, 65), (59, 65), (60, 65), (61, 65), (45, 66), (55, 66), (56, 66), (57, 66), (46, 67), (51, 67), (52, 67), (53, 67), (54, 67), (47, 68), (48, 68), (49, 68), (50, 68)]
[(81, 45), (77, 46), (78, 46), (79, 46), (80, 46), (82, 46), (74, 47), (75, 47), (76, 47), (83, 47), (70, 48), (71, 48), (72, 48), (73, 48), (84, 48), (66, 49), (67, 49), (68, 49), (69, 49), (85, 49), (65, 52), (84, 52), (64, 56), (83, 56), (63, 59), (82, 59), (62, 63), (81, 63), (62, 64), (81, 64), (63, 65), (77, 65), (78, 65), (79, 65), (80, 65), (64, 66), (74, 66), (75, 66), (76, 66), (65, 67), (70, 67), (71, 67), (72, 67), (73, 67), (66, 68), (67, 68), (68, 68), (69, 68)]
[(81, 64), (77, 65), (78, 65), (79, 65), (80, 65), (82, 65), (74, 66), (75, 66), (76, 66), (83, 66), (70, 67), (71, 67), (72, 67), (73, 67), (84, 67), (66, 68), (67, 68), (68, 68), (69, 68), (85, 68), (65, 71), (84, 71), (64, 75), (83, 75), (63, 78), (82, 78), (62, 82), (81, 82), (62, 83), (81, 83), (63, 84), (77, 84), (78, 84), (79, 84), (80, 84), (64, 85), (74, 85), (75, 85), (76, 85), (65, 86), (70, 86), (71, 86), (72, 86), (73, 86), (66, 87), (67, 87), (68, 87), (69, 87)]
[(100, 64), (96, 65), (97, 65), (98, 65), (99, 65), (101, 65), (93, 66), (94, 66), (95, 66), (102, 66), (89, 67), (90, 67), (91, 67), (92, 67), (103, 67), (85, 68), (86, 68), (87, 68), (88, 68), (104, 68), (84, 71), (103, 71), (83, 75), (102, 75), (82, 78), (101, 78), (81, 82), (100, 82), (81, 83), (100, 83), (82, 84), (96, 84), (97, 84), (98, 84), (99, 84), (83, 85), (93, 85), (94, 85), (95, 85), (84, 86), (89, 86), (90, 86), (91, 86), (92, 86), (85, 87), (86, 87), (87, 87), (88, 87)]
[(100, 83), (96, 84), (97, 84), (98, 84), (99, 84), (101, 84), (93, 85), (94, 85), (95, 85), (102, 85), (89, 86), (90, 86), (91, 86), (92, 86), (103, 86), (85, 87), (86, 87), (87, 87), (88, 87), (104, 87), (84, 90), (103, 90), (83, 94), (102, 94), (82, 97), (101, 97), (81, 101), (100, 101), (81, 102), (100, 102), (82, 103), (96, 103), (97, 103), (98, 103), (99, 103), (83, 104), (93, 104), (94, 104), (95, 104), (84, 105), (89, 105), (90, 105), (91, 105), (92, 105), (85, 106), (86, 106), (87, 106), (88, 106)]
[(112, 85), (113, 85), (114, 85), (108, 86), (109, 86), (110, 86), (111, 86), (104, 87), (105, 87), (106, 87), (107, 87), (103, 90), (102, 94), (101, 97), (100, 101), (100, 102), (101, 103), (102, 104), (112, 104), (113, 104), (114, 104), (103, 105), (108, 105), (109, 105), (110, 105), (111, 105), (104, 106), (105, 106), (106, 106), (107, 106)]
[(112, 104), (113, 104), (114, 104), (108, 105), (109, 105), (110, 105), (111, 105), (104, 106), (105, 106), (106, 106), (107, 106), (103, 109), (102, 113)]
[(24, 45), (20, 46), (21, 46), (22, 46), (23, 46), (25, 46), (17, 47), (18, 47), (19, 47), (26, 47), (13, 48), (14, 48), (15, 48), (16, 48), (27, 48), (9, 49), (10, 49), (11, 49), (12, 49), (28, 49), (8, 52), (27, 52), (7, 56), (26, 56), (6, 59), (25, 59), (5, 63), (24, 63), (5, 64), (24, 64), (6, 65), (20, 65), (21, 65), (22, 65), (23, 65), (7, 66), (17, 66), (18, 66), (19, 66), (8, 67), (13, 67), (14, 67), (15, 67), (16, 67), (9, 68), (10, 68), (11, 68), (12, 68)]
[(43, 45), (39, 46), (40, 46), (41, 46), (42, 46), (44, 46), (36, 47), (37, 47), (38, 47), (45, 47), (32, 48), (33, 48), (34, 48), (35, 48), (46, 48), (28, 49), (29, 49), (30, 49), (31, 49), (47, 49), (27, 52), (46, 52), (26, 56), (45, 56), (25, 59), (44, 59), (24, 63), (43, 63), (24, 64), (43, 64), (25, 65), (39, 65), (40, 65), (41, 65), (42, 65), (26, 66), (36, 66), (37, 66), (38, 66), (27, 67), (32, 67), (33, 67), (34, 67), (35, 67), (28, 68), (29, 68), (30, 68), (31, 68)]
[(43, 64), (39, 65), (40, 65), (41, 65), (42, 65), (44, 65), (36, 66), (37, 66), (38, 66), (45, 66), (32, 67), (33, 67), (34, 67), (35, 67), (46, 67), (28, 68), (29, 68), (30, 68), (31, 68), (47, 68), (27, 71), (46, 71), (26, 75), (45, 75), (25, 78), (44, 78), (24, 82), (43, 82), (24, 83), (43, 83), (25, 84), (39, 84), (40, 84), (41, 84), (42, 84), (26, 85), (36, 85), (37, 85), (38, 85), (27, 86), (32, 86), (33, 86), (34, 86), (35, 86), (28, 87), (29, 87), (30, 87), (31, 87)]
[(62, 64), (58, 65), (59, 65), (60, 65), (61, 65), (63, 65), (55, 66), (56, 66), (57, 66), (64, 66), (51, 67), (52, 67), (53, 67), (54, 67), (65, 67), (47, 68), (48, 68), (49, 68), (50, 68), (66, 68), (46, 71), (65, 71), (45, 75), (64, 75), (44, 78), (63, 78), (43, 82), (62, 82), (43, 83), (62, 83), (44, 84), (58, 84), (59, 84), (60, 84), (61, 84), (45, 85), (55, 85), (56, 85), (57, 85), (46, 86), (51, 86), (52, 86), (53, 86), (54, 86), (47, 87), (48, 87), (49, 87), (50, 87)]
[(62, 83), (58, 84), (59, 84), (60, 84), (61, 84), (63, 84), (55, 85), (56, 85), (57, 85), (64, 85), (51, 86), (52, 86), (53, 86), (54, 86), (65, 86), (47, 87), (48, 87), (49, 87), (50, 87), (66, 87), (46, 90), (65, 90), (45, 94), (64, 94), (44, 97), (63, 97), (43, 101), (62, 101), (43, 102), (62, 102), (44, 103), (58, 103), (59, 103), (60, 103), (61, 103), (45, 104), (55, 104), (56, 104), (57, 104), (46, 105), (51, 105), (52, 105), (53, 105), (54, 105), (47, 106), (48, 106), (49, 106), (50, 106)]
[(81, 83), (77, 84), (78, 84), (79, 84), (80, 84), (82, 84), (74, 85), (75, 85), (76, 85), (83, 85), (70, 86), (71, 86), (72, 86), (73, 86), (84, 86), (66, 87), (67, 87), (68, 87), (69, 87), (85, 87), (65, 90), (84, 90), (64, 94), (83, 94), (63, 97), (82, 97), (62, 101), (81, 101), (62, 102), (81, 102), (63, 103), (77, 103), (78, 103), (79, 103), (80, 103), (64, 104), (74, 104), (75, 104), (76, 104), (65, 105), (70, 105), (71, 105), (72, 105), (73, 105), (66, 106), (67, 106), (68, 106), (69, 106)]
[(81, 102), (77, 103), (78, 103), (79, 103), (80, 103), (82, 103), (74, 104), (75, 104), (76, 104), (83, 104), (70, 105), (71, 105), (72, 105), (73, 105), (84, 105), (66, 106), (67, 106), (68, 106), (69, 106), (85, 106), (65, 109), (84, 109), (64, 113), (83, 113)]
[(100, 102), (96, 103), (97, 103), (98, 103), (99, 103), (101, 103), (93, 104), (94, 104), (95, 104), (102, 104), (89, 105), (90, 105), (91, 105), (92, 105), (103, 105), (85, 106), (86, 106), (87, 106), (88, 106), (104, 106), (84, 109), (103, 109), (83, 113), (102, 113)]
[(24, 64), (20, 65), (21, 65), (22, 65), (23, 65), (25, 65), (17, 66), (18, 66), (19, 66), (26, 66), (13, 67), (14, 67), (15, 67), (16, 67), (27, 67), (9, 68), (10, 68), (11, 68), (12, 68), (28, 68), (8, 71), (27, 71), (7, 75), (26, 75), (6, 78), (25, 78), (5, 82), (24, 82), (5, 83), (24, 83), (6, 84), (20, 84), (21, 84), (22, 84), (23, 84), (7, 85), (17, 85), (18, 85), (19, 85), (8, 86), (13, 86), (14, 86), (15, 86), (16, 86), (9, 87), (10, 87), (11, 87), (12, 87)]
[(24, 83), (20, 84), (21, 84), (22, 84), (23, 84), (25, 84), (17, 85), (18, 85), (19, 85), (26, 85), (13, 86), (14, 86), (15, 86), (16, 86), (27, 86), (9, 87), (10, 87), (11, 87), (12, 87), (28, 87), (8, 90), (27, 90), (7, 94), (26, 94), (6, 97), (25, 97), (5, 101), (24, 101), (5, 102), (24, 102), (6, 103), (20, 103), (21, 103), (22, 103), (23, 103), (7, 104), (17, 104), (18, 104), (19, 104), (8, 105), (13, 105), (14, 105), (15, 105), (16, 105), (9, 106), (10, 106), (11, 106), (12, 106)]
[(43, 83), (39, 84), (40, 84), (41, 84), (42, 84), (44, 84), (36, 85), (37, 85), (38, 85), (45, 85), (32, 86), (33, 86), (34, 86), (35, 86), (46, 86), (28, 87), (29, 87), (30, 87), (31, 87), (47, 87), (27, 90), (46, 90), (26, 94), (45, 94), (25, 97), (44, 97), (24, 101), (43, 101), (24, 102), (43, 102), (25, 103), (39, 103), (40, 103), (41, 103), (42, 103), (26, 104), (36, 104), (37, 104), (38, 104), (27, 105), (32, 105), (33, 105), (34, 105), (35, 105), (28, 106), (29, 106), (30, 106), (31, 106)]
[(43, 102), (39, 103), (40, 103), (41, 103), (42, 103), (44, 103), (36, 104), (37, 104), (38, 104), (45, 104), (32, 105), (33, 105), (34, 105), (35, 105), (46, 105), (28, 106), (29, 106), (30, 106), (31, 106), (47, 106), (27, 109), (46, 109), (26, 113), (45, 113)]
[(62, 102), (58, 103), (59, 103), (60, 103), (61, 103), (63, 103), (55, 104), (56, 104), (57, 104), (64, 104), (51, 105), (52, 105), (53, 105), (54, 105), (65, 105), (47, 106), (48, 106), (49, 106), (50, 106), (66, 106), (46, 109), (65, 109), (45, 113), (64, 113)]
[(24, 102), (20, 103), (21, 103), (22, 103), (23, 103), (25, 103), (17, 104), (18, 104), (19, 104), (26, 104), (13, 105), (14, 105), (15, 105), (16, 105), (27, 105), (9, 106), (10, 106), (11, 106), (12, 106), (28, 106), (8, 109), (27, 109), (7, 113), (26, 113)]
