[(94, 28), (91, 29), (92, 29), (93, 29), (95, 29), (89, 30), (90, 30), (96, 30), (86, 31), (87, 31), (88, 31), (97, 31), (84, 32), (85, 32), (98, 32), (81, 33), (82, 33), (83, 33), (99, 33), (78, 34), (79, 34), (80, 34), (98, 35), (77, 36), (97, 38), (76, 39), (96, 40), (75, 41), (95, 43), (74, 44), (94, 45), (73, 46), (93, 48), (72, 49), (93, 49), (72, 50), (90, 50), (91, 50), (92, 50), (73, 51), (88, 51), (89, 51), (74, 52), (85, 52), (86, 52), (87, 52), (75, 53), (83, 53), (84, 53), (76, 54), (80, 54), (81, 54), (82, 54), (77, 55), (78, 55), (79, 55)]
[(112, 28), (113, 28), (114, 28), (110, 29), (111, 29), (107, 30), (108, 30), (109, 30), (105, 31), (106, 31), (102, 32), (103, 32), (104, 32), (99, 33), (100, 33), (101, 33), (98, 35), (97, 38), (96, 40), (95, 43), (94, 45), (114, 47), (93, 48), (114, 48), (93, 49), (111, 49), (112, 49), (113, 49), (94, 50), (109, 50), (110, 50), (95, 51), (106, 51), (107, 51), (108, 51), (96, 52), (104, 52), (105, 52), (97, 53), (101, 53), (102, 53), (103, 53), (98, 54), (99, 54), (100, 54)]
[(114, 48), (111, 49), (112, 49), (113, 49), (109, 50), (110, 50), (106, 51), (107, 51), (108, 51), (104, 52), (105, 52), (101, 53), (102, 53), (103, 53), (98, 54), (99, 54), (100, 54), (97, 56), (96, 59), (95, 61), (94, 64), (114, 65), (93, 66), (113, 68), (92, 69), (113, 69), (92, 70), (110, 70), (111, 70), (112, 70), (93, 71), (108, 71), (109, 71), (94, 72), (105, 72), (106, 72), (107, 72), (95, 73), (103, 73), (104, 73), (96, 74), (100, 74), (101, 74), (102, 74), (97, 75), (98, 75), (99, 75)]
[(114, 65), (113, 68), (113, 69), (114, 70)]
[(114, 84), (113, 86), (112, 89), (112, 90), (113, 91), (114, 92)]
[(52, 30), (49, 31), (50, 31), (51, 31), (53, 31), (47, 32), (48, 32), (54, 32), (44, 33), (45, 33), (46, 33), (55, 33), (42, 34), (43, 34), (56, 34), (39, 35), (40, 35), (41, 35), (57, 35), (36, 36), (37, 36), (38, 36), (56, 37), (35, 38), (55, 40), (34, 41), (54, 42), (33, 43), (53, 45), (32, 46), (52, 47), (31, 48), (51, 50), (30, 51), (51, 51), (30, 52), (48, 52), (49, 52), (50, 52), (31, 53), (46, 53), (47, 53), (32, 54), (43, 54), (44, 54), (45, 54), (33, 55), (41, 55), (42, 55), (34, 56), (38, 56), (39, 56), (40, 56), (35, 57), (36, 57), (37, 57)]
[(73, 29), (70, 30), (71, 30), (72, 30), (74, 30), (68, 31), (69, 31), (75, 31), (65, 32), (66, 32), (67, 32), (76, 32), (63, 33), (64, 33), (77, 33), (60, 34), (61, 34), (62, 34), (78, 34), (57, 35), (58, 35), (59, 35), (77, 36), (56, 37), (76, 39), (55, 40), (75, 41), (54, 42), (74, 44), (53, 45), (73, 46), (52, 47), (72, 49), (51, 50), (72, 50), (51, 51), (69, 51), (70, 51), (71, 51), (52, 52), (67, 52), (68, 52), (53, 53), (64, 53), (65, 53), (66, 53), (54, 54), (62, 54), (63, 54), (55, 55), (59, 55), (60, 55), (61, 55), (56, 56), (57, 56), (58, 56)]
[(72, 50), (69, 51), (70, 51), (71, 51), (73, 51), (67, 52), (68, 52), (74, 52), (64, 53), (65, 53), (66, 53), (75, 53), (62, 54), (63, 54), (76, 54), (59, 55), (60, 55), (61, 55), (77, 55), (56, 56), (57, 56), (58, 56), (76, 57), (55, 58), (75, 60), (54, 61), (74, 62), (53, 63), (73, 65), (52, 66), (72, 67), (51, 68), (71, 70), (50, 71), (71, 71), (50, 72), (68, 72), (69, 72), (70, 72), (51, 73), (66, 73), (67, 73), (52, 74), (63, 74), (64, 74), (65, 74), (53, 75), (61, 75), (62, 75), (54, 76), (58, 76), (59, 76), (60, 76), (55, 77), (56, 77), (57, 77)]
[(93, 49), (90, 50), (91, 50), (92, 50), (94, 50), (88, 51), (89, 51), (95, 51), (85, 52), (86, 52), (87, 52), (96, 52), (83, 53), (84, 53), (97, 53), (80, 54), (81, 54), (82, 54), (98, 54), (77, 55), (78, 55), (79, 55), (97, 56), (76, 57), (96, 59), (75, 60), (95, 61), (74, 62), (94, 64), (73, 65), (93, 66), (72, 67), (92, 69), (71, 70), (92, 70), (71, 71), (89, 71), (90, 71), (91, 71), (72, 72), (87, 72), (88, 72), (73, 73), (84, 73), (85, 73), (86, 73), (74, 74), (82, 74), (83, 74), (75, 75), (79, 75), (80, 75), (81, 75), (76, 76), (77, 76), (78, 76)]
[(92, 70), (89, 71), (90, 71), (91, 71), (93, 71), (87, 72), (88, 72), (94, 72), (84, 73), (85, 73), (86, 73), (95, 73), (82, 74), (83, 74), (96, 74), (79, 75), (80, 75), (81, 75), (97, 75), (76, 76), (77, 76), (78, 76), (96, 77), (75, 78), (95, 80), (74, 81), (94, 82), (73, 83), (93, 85), (72, 86), (92, 87), (71, 88), (91, 90), (70, 91), (91, 91), (70, 92), (88, 92), (89, 92), (90, 92), (71, 93), (86, 93), (87, 93), (72, 94), (83, 94), (84, 94), (85, 94), (73, 95), (81, 95), (82, 95), (74, 96), (78, 96), (79, 96), (80, 96), (75, 97), (76, 97), (77, 97)]
[(113, 69), (110, 70), (111, 70), (112, 70), (114, 70), (108, 71), (109, 71), (105, 72), (106, 72), (107, 72), (103, 73), (104, 73), (100, 74), (101, 74), (102, 74), (97, 75), (98, 75), (99, 75), (96, 77), (95, 80), (94, 82), (114, 84), (93, 85), (113, 86), (92, 87), (112, 89), (91, 90), (112, 90), (91, 91), (109, 91), (110, 91), (111, 91), (92, 92), (107, 92), (108, 92), (93, 93), (104, 93), (105, 93), (106, 93), (94, 94), (102, 94), (103, 94), (95, 95), (99, 95), (100, 95), (101, 95), (96, 96), (97, 96), (98, 96)]
[(112, 90), (109, 91), (110, 91), (111, 91), (113, 91), (107, 92), (108, 92), (114, 92), (104, 93), (105, 93), (106, 93), (102, 94), (103, 94), (99, 95), (100, 95), (101, 95), (96, 96), (97, 96), (98, 96), (95, 98), (94, 101), (114, 102), (93, 103), (113, 105), (92, 106), (112, 107), (91, 108), (111, 110), (90, 111), (111, 111), (90, 112), (108, 112), (109, 112), (110, 112), (91, 113), (106, 113), (107, 113), (92, 114), (103, 114), (104, 114), (105, 114)]
[(114, 102), (113, 105), (112, 107), (111, 110), (111, 111), (112, 112), (113, 113), (114, 114)]
[(30, 52), (27, 53), (28, 53), (29, 53), (31, 53), (25, 54), (26, 54), (32, 54), (22, 55), (23, 55), (24, 55), (33, 55), (20, 56), (21, 56), (34, 56), (17, 57), (18, 57), (19, 57), (35, 57), (14, 58), (15, 58), (16, 58), (34, 59), (13, 60), (33, 62), (12, 63), (32, 64), (11, 65), (31, 67), (10, 68), (30, 69), (9, 70), (29, 72), (8, 73), (29, 73), (8, 74), (26, 74), (27, 74), (28, 74), (9, 75), (24, 75), (25, 75), (10, 76), (21, 76), (22, 76), (23, 76), (11, 77), (19, 77), (20, 77), (12, 78), (16, 78), (17, 78), (18, 78), (13, 79), (14, 79), (15, 79)]
[(51, 51), (48, 52), (49, 52), (50, 52), (52, 52), (46, 53), (47, 53), (53, 53), (43, 54), (44, 54), (45, 54), (54, 54), (41, 55), (42, 55), (55, 55), (38, 56), (39, 56), (40, 56), (56, 56), (35, 57), (36, 57), (37, 57), (55, 58), (34, 59), (54, 61), (33, 62), (53, 63), (32, 64), (52, 66), (31, 67), (51, 68), (30, 69), (50, 71), (29, 72), (50, 72), (29, 73), (47, 73), (48, 73), (49, 73), (30, 74), (45, 74), (46, 74), (31, 75), (42, 75), (43, 75), (44, 75), (32, 76), (40, 76), (41, 76), (33, 77), (37, 77), (38, 77), (39, 77), (34, 78), (35, 78), (36, 78)]
[(50, 72), (47, 73), (48, 73), (49, 73), (51, 73), (45, 74), (46, 74), (52, 74), (42, 75), (43, 75), (44, 75), (53, 75), (40, 76), (41, 76), (54, 76), (37, 77), (38, 77), (39, 77), (55, 77), (34, 78), (35, 78), (36, 78), (54, 79), (33, 80), (53, 82), (32, 83), (52, 84), (31, 85), (51, 87), (30, 88), (50, 89), (29, 90), (49, 92), (28, 93), (49, 93), (28, 94), (46, 94), (47, 94), (48, 94), (29, 95), (44, 95), (45, 95), (30, 96), (41, 96), (42, 96), (43, 96), (31, 97), (39, 97), (40, 97), (32, 98), (36, 98), (37, 98), (38, 98), (33, 99), (34, 99), (35, 99)]
[(71, 71), (68, 72), (69, 72), (70, 72), (72, 72), (66, 73), (67, 73), (73, 73), (63, 74), (64, 74), (65, 74), (74, 74), (61, 75), (62, 75), (75, 75), (58, 76), (59, 76), (60, 76), (76, 76), (55, 77), (56, 77), (57, 77), (75, 78), (54, 79), (74, 81), (53, 82), (73, 83), (52, 84), (72, 86), (51, 87), (71, 88), (50, 89), (70, 91), (49, 92), (70, 92), (49, 93), (67, 93), (68, 93), (69, 93), (50, 94), (65, 94), (66, 94), (51, 95), (62, 95), (63, 95), (64, 95), (52, 96), (60, 96), (61, 96), (53, 97), (57, 97), (58, 97), (59, 97), (54, 98), (55, 98), (56, 98)]
[(70, 92), (67, 93), (68, 93), (69, 93), (71, 93), (65, 94), (66, 94), (72, 94), (62, 95), (63, 95), (64, 95), (73, 95), (60, 96), (61, 96), (74, 96), (57, 97), (58, 97), (59, 97), (75, 97), (54, 98), (55, 98), (56, 98), (74, 99), (53, 100), (73, 102), (52, 103), (72, 104), (51, 105), (71, 107), (50, 108), (70, 109), (49, 110), (69, 112), (48, 113), (69, 113), (48, 114), (66, 114), (67, 114), (68, 114)]
[(91, 91), (88, 92), (89, 92), (90, 92), (92, 92), (86, 93), (87, 93), (93, 93), (83, 94), (84, 94), (85, 94), (94, 94), (81, 95), (82, 95), (95, 95), (78, 96), (79, 96), (80, 96), (96, 96), (75, 97), (76, 97), (77, 97), (95, 98), (74, 99), (94, 101), (73, 102), (93, 103), (72, 104), (92, 106), (71, 107), (91, 108), (70, 109), (90, 111), (69, 112), (90, 112), (69, 113), (87, 113), (88, 113), (89, 113), (70, 114), (85, 114), (86, 114)]
[(90, 112), (87, 113), (88, 113), (89, 113), (91, 113), (85, 114), (86, 114), (92, 114)]
[(111, 111), (108, 112), (109, 112), (110, 112), (112, 112), (106, 113), (107, 113), (113, 113), (103, 114), (104, 114), (105, 114), (114, 114)]
[(29, 73), (26, 74), (27, 74), (28, 74), (30, 74), (24, 75), (25, 75), (31, 75), (21, 76), (22, 76), (23, 76), (32, 76), (19, 77), (20, 77), (33, 77), (16, 78), (17, 78), (18, 78), (34, 78), (13, 79), (14, 79), (15, 79), (33, 80), (12, 81), (32, 83), (11, 84), (31, 85), (10, 86), (30, 88), (9, 89), (29, 90), (8, 91), (28, 93), (7, 94), (28, 94), (7, 95), (25, 95), (26, 95), (27, 95), (8, 96), (23, 96), (24, 96), (9, 97), (20, 97), (21, 97), (22, 97), (10, 98), (18, 98), (19, 98), (11, 99), (15, 99), (16, 99), (17, 99), (12, 100), (13, 100), (14, 100)]
[(28, 94), (25, 95), (26, 95), (27, 95), (29, 95), (23, 96), (24, 96), (30, 96), (20, 97), (21, 97), (22, 97), (31, 97), (18, 98), (19, 98), (32, 98), (15, 99), (16, 99), (17, 99), (33, 99), (12, 100), (13, 100), (14, 100), (32, 101), (11, 102), (31, 104), (10, 105), (30, 106), (9, 107), (29, 109), (8, 110), (28, 111), (7, 112), (27, 114)]
[(49, 93), (46, 94), (47, 94), (48, 94), (50, 94), (44, 95), (45, 95), (51, 95), (41, 96), (42, 96), (43, 96), (52, 96), (39, 97), (40, 97), (53, 97), (36, 98), (37, 98), (38, 98), (54, 98), (33, 99), (34, 99), (35, 99), (53, 100), (32, 101), (52, 103), (31, 104), (51, 105), (30, 106), (50, 108), (29, 109), (49, 110), (28, 111), (48, 113), (27, 114), (48, 114)]
[(48, 114)]
[(69, 113), (66, 114), (67, 114), (68, 114), (70, 114)]
