[(100, 8), (101, 8), (102, 8), (96, 9), (97, 9), (98, 9), (99, 9), (103, 9), (93, 10), (94, 10), (95, 10), (104, 10), (89, 11), (90, 11), (91, 11), (92, 11), (105, 11), (85, 12), (86, 12), (87, 12), (88, 12), (104, 14), (84, 15), (103, 18), (83, 19), (102, 21), (82, 22), (101, 25), (81, 26), (99, 28), (100, 28), (101, 28), (81, 29), (95, 29), (96, 29), (97, 29), (98, 29), (82, 30), (92, 30), (93, 30), (94, 30), (83, 31), (88, 31), (89, 31), (90, 31), (91, 31), (84, 32), (85, 32), (86, 32), (87, 32)]
[(113, 9), (114, 9), (109, 10), (110, 10), (111, 10), (112, 10), (105, 11), (106, 11), (107, 11), (108, 11), (104, 14), (103, 18), (102, 21), (101, 25), (101, 28), (102, 29), (112, 29), (113, 29), (114, 29), (103, 30), (108, 30), (109, 30), (110, 30), (111, 30), (104, 31), (105, 31), (106, 31), (107, 31)]
[(112, 29), (113, 29), (114, 29), (108, 30), (109, 30), (110, 30), (111, 30), (104, 31), (105, 31), (106, 31), (107, 31), (103, 34), (102, 38), (101, 41), (100, 45), (100, 48), (114, 48), (101, 49), (111, 49), (112, 49), (113, 49), (102, 50), (107, 50), (108, 50), (109, 50), (110, 50), (103, 51), (104, 51), (105, 51), (106, 51)]
[(60, 10), (61, 10), (62, 10), (56, 11), (57, 11), (58, 11), (59, 11), (63, 11), (53, 12), (54, 12), (55, 12), (64, 12), (49, 13), (50, 13), (51, 13), (52, 13), (65, 13), (45, 14), (46, 14), (47, 14), (48, 14), (64, 16), (44, 17), (63, 20), (43, 21), (62, 23), (42, 24), (61, 27), (41, 28), (59, 30), (60, 30), (61, 30), (41, 31), (55, 31), (56, 31), (57, 31), (58, 31), (42, 32), (52, 32), (53, 32), (54, 32), (43, 33), (48, 33), (49, 33), (50, 33), (51, 33), (44, 34), (45, 34), (46, 34), (47, 34)]
[(80, 9), (81, 9), (82, 9), (76, 10), (77, 10), (78, 10), (79, 10), (83, 10), (73, 11), (74, 11), (75, 11), (84, 11), (69, 12), (70, 12), (71, 12), (72, 12), (85, 12), (65, 13), (66, 13), (67, 13), (68, 13), (84, 15), (64, 16), (83, 19), (63, 20), (82, 22), (62, 23), (81, 26), (61, 27), (79, 29), (80, 29), (81, 29), (61, 30), (75, 30), (76, 30), (77, 30), (78, 30), (62, 31), (72, 31), (73, 31), (74, 31), (63, 32), (68, 32), (69, 32), (70, 32), (71, 32), (64, 33), (65, 33), (66, 33), (67, 33)]
[(79, 29), (80, 29), (81, 29), (75, 30), (76, 30), (77, 30), (78, 30), (82, 30), (72, 31), (73, 31), (74, 31), (83, 31), (68, 32), (69, 32), (70, 32), (71, 32), (84, 32), (64, 33), (65, 33), (66, 33), (67, 33), (83, 35), (63, 36), (82, 39), (62, 40), (81, 42), (61, 43), (80, 46), (60, 47), (78, 49), (79, 49), (80, 49), (60, 50), (74, 50), (75, 50), (76, 50), (77, 50), (61, 51), (71, 51), (72, 51), (73, 51), (62, 52), (67, 52), (68, 52), (69, 52), (70, 52), (63, 53), (64, 53), (65, 53), (66, 53)]
[(99, 28), (100, 28), (101, 28), (95, 29), (96, 29), (97, 29), (98, 29), (102, 29), (92, 30), (93, 30), (94, 30), (103, 30), (88, 31), (89, 31), (90, 31), (91, 31), (104, 31), (84, 32), (85, 32), (86, 32), (87, 32), (103, 34), (83, 35), (102, 38), (82, 39), (101, 41), (81, 42), (100, 45), (80, 46), (98, 48), (99, 48), (100, 48), (80, 49), (94, 49), (95, 49), (96, 49), (97, 49), (81, 50), (91, 50), (92, 50), (93, 50), (82, 51), (87, 51), (88, 51), (89, 51), (90, 51), (83, 52), (84, 52), (85, 52), (86, 52)]
[(98, 48), (99, 48), (100, 48), (94, 49), (95, 49), (96, 49), (97, 49), (101, 49), (91, 50), (92, 50), (93, 50), (102, 50), (87, 51), (88, 51), (89, 51), (90, 51), (103, 51), (83, 52), (84, 52), (85, 52), (86, 52), (102, 54), (82, 55), (101, 58), (81, 59), (100, 61), (80, 62), (99, 65), (79, 66), (97, 68), (98, 68), (99, 68), (79, 69), (93, 69), (94, 69), (95, 69), (96, 69), (80, 70), (90, 70), (91, 70), (92, 70), (81, 71), (86, 71), (87, 71), (88, 71), (89, 71), (82, 72), (83, 72), (84, 72), (85, 72)]
[(114, 48), (111, 49), (112, 49), (113, 49), (107, 50), (108, 50), (109, 50), (110, 50), (103, 51), (104, 51), (105, 51), (106, 51), (102, 54), (101, 58), (100, 61), (99, 65), (99, 68), (113, 68), (114, 68), (100, 69), (110, 69), (111, 69), (112, 69), (101, 70), (106, 70), (107, 70), (108, 70), (109, 70), (102, 71), (103, 71), (104, 71), (105, 71)]
[(113, 68), (114, 68), (110, 69), (111, 69), (112, 69), (106, 70), (107, 70), (108, 70), (109, 70), (102, 71), (103, 71), (104, 71), (105, 71), (101, 74), (100, 78), (99, 81), (98, 85), (98, 88), (112, 88), (113, 88), (114, 88), (99, 89), (109, 89), (110, 89), (111, 89), (100, 90), (105, 90), (106, 90), (107, 90), (108, 90), (101, 91), (102, 91), (103, 91), (104, 91)]
[(39, 31), (40, 31), (41, 31), (35, 32), (36, 32), (37, 32), (38, 32), (42, 32), (32, 33), (33, 33), (34, 33), (43, 33), (28, 34), (29, 34), (30, 34), (31, 34), (44, 34), (24, 35), (25, 35), (26, 35), (27, 35), (43, 37), (23, 38), (42, 41), (22, 42), (41, 44), (21, 45), (40, 48), (20, 49), (38, 51), (39, 51), (40, 51), (20, 52), (34, 52), (35, 52), (36, 52), (37, 52), (21, 53), (31, 53), (32, 53), (33, 53), (22, 54), (27, 54), (28, 54), (29, 54), (30, 54), (23, 55), (24, 55), (25, 55), (26, 55)]
[(59, 30), (60, 30), (61, 30), (55, 31), (56, 31), (57, 31), (58, 31), (62, 31), (52, 32), (53, 32), (54, 32), (63, 32), (48, 33), (49, 33), (50, 33), (51, 33), (64, 33), (44, 34), (45, 34), (46, 34), (47, 34), (63, 36), (43, 37), (62, 40), (42, 41), (61, 43), (41, 44), (60, 47), (40, 48), (58, 50), (59, 50), (60, 50), (40, 51), (54, 51), (55, 51), (56, 51), (57, 51), (41, 52), (51, 52), (52, 52), (53, 52), (42, 53), (47, 53), (48, 53), (49, 53), (50, 53), (43, 54), (44, 54), (45, 54), (46, 54)]
[(58, 50), (59, 50), (60, 50), (54, 51), (55, 51), (56, 51), (57, 51), (61, 51), (51, 52), (52, 52), (53, 52), (62, 52), (47, 53), (48, 53), (49, 53), (50, 53), (63, 53), (43, 54), (44, 54), (45, 54), (46, 54), (62, 56), (42, 57), (61, 60), (41, 61), (60, 63), (40, 64), (59, 67), (39, 68), (57, 70), (58, 70), (59, 70), (39, 71), (53, 71), (54, 71), (55, 71), (56, 71), (40, 72), (50, 72), (51, 72), (52, 72), (41, 73), (46, 73), (47, 73), (48, 73), (49, 73), (42, 74), (43, 74), (44, 74), (45, 74)]
[(78, 49), (79, 49), (80, 49), (74, 50), (75, 50), (76, 50), (77, 50), (81, 50), (71, 51), (72, 51), (73, 51), (82, 51), (67, 52), (68, 52), (69, 52), (70, 52), (83, 52), (63, 53), (64, 53), (65, 53), (66, 53), (82, 55), (62, 56), (81, 59), (61, 60), (80, 62), (60, 63), (79, 66), (59, 67), (77, 69), (78, 69), (79, 69), (59, 70), (73, 70), (74, 70), (75, 70), (76, 70), (60, 71), (70, 71), (71, 71), (72, 71), (61, 72), (66, 72), (67, 72), (68, 72), (69, 72), (62, 73), (63, 73), (64, 73), (65, 73)]
[(77, 69), (78, 69), (79, 69), (73, 70), (74, 70), (75, 70), (76, 70), (80, 70), (70, 71), (71, 71), (72, 71), (81, 71), (66, 72), (67, 72), (68, 72), (69, 72), (82, 72), (62, 73), (63, 73), (64, 73), (65, 73), (81, 75), (61, 76), (80, 79), (60, 80), (79, 82), (59, 83), (78, 86), (58, 87), (76, 89), (77, 89), (78, 89), (58, 90), (72, 90), (73, 90), (74, 90), (75, 90), (59, 91), (69, 91), (70, 91), (71, 91), (60, 92), (65, 92), (66, 92), (67, 92), (68, 92), (61, 93), (62, 93), (63, 93), (64, 93)]
[(97, 68), (98, 68), (99, 68), (93, 69), (94, 69), (95, 69), (96, 69), (100, 69), (90, 70), (91, 70), (92, 70), (101, 70), (86, 71), (87, 71), (88, 71), (89, 71), (102, 71), (82, 72), (83, 72), (84, 72), (85, 72), (101, 74), (81, 75), (100, 78), (80, 79), (99, 81), (79, 82), (98, 85), (78, 86), (96, 88), (97, 88), (98, 88), (78, 89), (92, 89), (93, 89), (94, 89), (95, 89), (79, 90), (89, 90), (90, 90), (91, 90), (80, 91), (85, 91), (86, 91), (87, 91), (88, 91), (81, 92), (82, 92), (83, 92), (84, 92)]
[(96, 88), (97, 88), (98, 88), (92, 89), (93, 89), (94, 89), (95, 89), (99, 89), (89, 90), (90, 90), (91, 90), (100, 90), (85, 91), (86, 91), (87, 91), (88, 91), (101, 91), (81, 92), (82, 92), (83, 92), (84, 92), (100, 94), (80, 95), (99, 98), (79, 99), (98, 101), (78, 102), (97, 105), (77, 106), (95, 108), (96, 108), (97, 108), (77, 109), (91, 109), (92, 109), (93, 109), (94, 109), (78, 110), (88, 110), (89, 110), (90, 110), (79, 111), (84, 111), (85, 111), (86, 111), (87, 111), (80, 112), (81, 112), (82, 112), (83, 112)]
[(112, 88), (113, 88), (114, 88), (109, 89), (110, 89), (111, 89), (105, 90), (106, 90), (107, 90), (108, 90), (101, 91), (102, 91), (103, 91), (104, 91), (100, 94), (99, 98), (98, 101), (97, 105), (97, 108), (111, 108), (112, 108), (113, 108), (114, 108), (98, 109), (108, 109), (109, 109), (110, 109), (99, 110), (104, 110), (105, 110), (106, 110), (107, 110), (100, 111), (101, 111), (102, 111), (103, 111)]
[(38, 51), (39, 51), (40, 51), (34, 52), (35, 52), (36, 52), (37, 52), (41, 52), (31, 53), (32, 53), (33, 53), (42, 53), (27, 54), (28, 54), (29, 54), (30, 54), (43, 54), (23, 55), (24, 55), (25, 55), (26, 55), (42, 57), (22, 58), (41, 61), (21, 62), (40, 64), (20, 65), (39, 68), (19, 69), (37, 71), (38, 71), (39, 71), (19, 72), (33, 72), (34, 72), (35, 72), (36, 72), (20, 73), (30, 73), (31, 73), (32, 73), (21, 74), (26, 74), (27, 74), (28, 74), (29, 74), (22, 75), (23, 75), (24, 75), (25, 75)]
[(37, 71), (38, 71), (39, 71), (33, 72), (34, 72), (35, 72), (36, 72), (40, 72), (30, 73), (31, 73), (32, 73), (41, 73), (26, 74), (27, 74), (28, 74), (29, 74), (42, 74), (22, 75), (23, 75), (24, 75), (25, 75), (41, 77), (21, 78), (40, 81), (20, 82), (39, 84), (19, 85), (38, 88), (18, 89), (36, 91), (37, 91), (38, 91), (18, 92), (32, 92), (33, 92), (34, 92), (35, 92), (19, 93), (29, 93), (30, 93), (31, 93), (20, 94), (25, 94), (26, 94), (27, 94), (28, 94), (21, 95), (22, 95), (23, 95), (24, 95)]
[(57, 70), (58, 70), (59, 70), (53, 71), (54, 71), (55, 71), (56, 71), (60, 71), (50, 72), (51, 72), (52, 72), (61, 72), (46, 73), (47, 73), (48, 73), (49, 73), (62, 73), (42, 74), (43, 74), (44, 74), (45, 74), (61, 76), (41, 77), (60, 80), (40, 81), (59, 83), (39, 84), (58, 87), (38, 88), (56, 90), (57, 90), (58, 90), (38, 91), (52, 91), (53, 91), (54, 91), (55, 91), (39, 92), (49, 92), (50, 92), (51, 92), (40, 93), (45, 93), (46, 93), (47, 93), (48, 93), (41, 94), (42, 94), (43, 94), (44, 94)]
[(56, 90), (57, 90), (58, 90), (52, 91), (53, 91), (54, 91), (55, 91), (59, 91), (49, 92), (50, 92), (51, 92), (60, 92), (45, 93), (46, 93), (47, 93), (48, 93), (61, 93), (41, 94), (42, 94), (43, 94), (44, 94), (60, 96), (40, 97), (59, 100), (39, 101), (58, 103), (38, 104), (57, 107), (37, 108), (55, 110), (56, 110), (57, 110), (37, 111), (51, 111), (52, 111), (53, 111), (54, 111), (38, 112), (48, 112), (49, 112), (50, 112), (39, 113), (44, 113), (45, 113), (46, 113), (47, 113), (40, 114), (41, 114), (42, 114), (43, 114)]
[(76, 89), (77, 89), (78, 89), (72, 90), (73, 90), (74, 90), (75, 90), (79, 90), (69, 91), (70, 91), (71, 91), (80, 91), (65, 92), (66, 92), (67, 92), (68, 92), (81, 92), (61, 93), (62, 93), (63, 93), (64, 93), (80, 95), (60, 96), (79, 99), (59, 100), (78, 102), (58, 103), (77, 106), (57, 107), (75, 109), (76, 109), (77, 109), (57, 110), (71, 110), (72, 110), (73, 110), (74, 110), (58, 111), (68, 111), (69, 111), (70, 111), (59, 112), (64, 112), (65, 112), (66, 112), (67, 112), (60, 113), (61, 113), (62, 113), (63, 113)]
[(75, 109), (76, 109), (77, 109), (71, 110), (72, 110), (73, 110), (74, 110), (78, 110), (68, 111), (69, 111), (70, 111), (79, 111), (64, 112), (65, 112), (66, 112), (67, 112), (80, 112), (60, 113), (61, 113), (62, 113), (63, 113)]
[(95, 108), (96, 108), (97, 108), (91, 109), (92, 109), (93, 109), (94, 109), (98, 109), (88, 110), (89, 110), (90, 110), (99, 110), (84, 111), (85, 111), (86, 111), (87, 111), (100, 111), (80, 112), (81, 112), (82, 112), (83, 112), (99, 114)]
[(36, 91), (37, 91), (38, 91), (32, 92), (33, 92), (34, 92), (35, 92), (39, 92), (29, 93), (30, 93), (31, 93), (40, 93), (25, 94), (26, 94), (27, 94), (28, 94), (41, 94), (21, 95), (22, 95), (23, 95), (24, 95), (40, 97), (20, 98), (39, 101), (19, 102), (38, 104), (18, 105), (37, 108), (17, 109), (35, 111), (36, 111), (37, 111), (17, 112), (31, 112), (32, 112), (33, 112), (34, 112), (18, 113), (28, 113), (29, 113), (30, 113), (19, 114), (24, 114), (25, 114), (26, 114), (27, 114)]
[(35, 111), (36, 111), (37, 111), (31, 112), (32, 112), (33, 112), (34, 112), (38, 112), (28, 113), (29, 113), (30, 113), (39, 113), (24, 114), (25, 114), (26, 114), (27, 114), (40, 114)]
[(55, 110), (56, 110), (57, 110), (51, 111), (52, 111), (53, 111), (54, 111), (58, 111), (48, 112), (49, 112), (50, 112), (59, 112), (44, 113), (45, 113), (46, 113), (47, 113), (60, 113), (40, 114), (41, 114), (42, 114), (43, 114)]
