[(113, 32), (114, 32), (111, 33), (112, 33), (108, 34), (109, 34), (110, 34), (106, 35), (107, 35), (103, 36), (104, 36), (105, 36), (100, 37), (101, 37), (102, 37), (99, 39), (98, 42), (97, 44), (96, 47), (95, 49), (114, 49), (113, 51), (114, 51), (94, 52), (110, 52), (111, 52), (112, 52), (108, 53), (109, 53), (94, 54), (105, 54), (106, 54), (107, 54), (95, 55), (103, 55), (104, 55), (96, 56), (100, 56), (101, 56), (102, 56), (97, 57), (98, 57), (99, 57)]
[(114, 49), (114, 51)]
[(114, 61), (113, 64), (112, 66), (111, 69), (111, 71), (112, 72), (113, 73), (114, 74)]
[(76, 37), (77, 37), (73, 38), (74, 38), (75, 38), (78, 38), (71, 39), (72, 39), (79, 39), (68, 40), (69, 40), (70, 40), (80, 40), (66, 41), (67, 41), (63, 42), (64, 42), (65, 42), (79, 42), (60, 43), (61, 43), (62, 43), (59, 45), (78, 45), (77, 47), (58, 48), (57, 50), (76, 50), (75, 52), (56, 53), (55, 55), (74, 55), (73, 57), (74, 57), (54, 58), (70, 58), (71, 58), (72, 58), (68, 59), (69, 59), (54, 60), (65, 60), (66, 60), (67, 60), (55, 61), (63, 61), (64, 61), (56, 62), (60, 62), (61, 62), (62, 62), (57, 63), (58, 63), (59, 63)]
[(96, 34), (97, 34), (93, 35), (94, 35), (95, 35), (98, 35), (91, 36), (92, 36), (99, 36), (88, 37), (89, 37), (90, 37), (100, 37), (86, 38), (87, 38), (83, 39), (84, 39), (85, 39), (99, 39), (80, 40), (81, 40), (82, 40), (79, 42), (98, 42), (97, 44), (78, 45), (77, 47), (96, 47), (95, 49), (76, 50), (75, 52), (94, 52), (93, 54), (94, 54), (74, 55), (90, 55), (91, 55), (92, 55), (88, 56), (89, 56), (74, 57), (85, 57), (86, 57), (87, 57), (75, 58), (83, 58), (84, 58), (76, 59), (80, 59), (81, 59), (82, 59), (77, 60), (78, 60), (79, 60)]
[(93, 54), (94, 54), (90, 55), (91, 55), (92, 55), (95, 55), (88, 56), (89, 56), (96, 56), (85, 57), (86, 57), (87, 57), (97, 57), (83, 58), (84, 58), (80, 59), (81, 59), (82, 59), (96, 59), (77, 60), (78, 60), (79, 60), (76, 62), (95, 62), (94, 64), (75, 65), (74, 67), (93, 67), (92, 69), (73, 70), (72, 72), (91, 72), (90, 74), (91, 74), (71, 75), (87, 75), (88, 75), (89, 75), (85, 76), (86, 76), (71, 77), (82, 77), (83, 77), (84, 77), (72, 78), (80, 78), (81, 78), (73, 79), (77, 79), (78, 79), (79, 79), (74, 80), (75, 80), (76, 80)]
[(113, 51), (114, 51), (110, 52), (111, 52), (112, 52), (108, 53), (109, 53), (105, 54), (106, 54), (107, 54), (103, 55), (104, 55), (100, 56), (101, 56), (102, 56), (97, 57), (98, 57), (99, 57), (96, 59), (114, 61), (95, 62), (94, 64), (113, 64), (112, 66), (93, 67), (92, 69), (111, 69), (110, 71), (111, 71), (91, 72), (107, 72), (108, 72), (109, 72), (105, 73), (106, 73), (91, 74), (102, 74), (103, 74), (104, 74), (92, 75), (100, 75), (101, 75), (93, 76), (97, 76), (98, 76), (99, 76), (94, 77), (95, 77), (96, 77)]
[(110, 71), (111, 71), (107, 72), (108, 72), (109, 72), (112, 72), (105, 73), (106, 73), (113, 73), (102, 74), (103, 74), (104, 74), (114, 74), (100, 75), (101, 75), (97, 76), (98, 76), (99, 76), (113, 76), (94, 77), (95, 77), (96, 77), (93, 79), (112, 79), (111, 81), (92, 82), (91, 84), (110, 84), (109, 86), (90, 87), (89, 89), (108, 89), (107, 91), (108, 91), (88, 92), (104, 92), (105, 92), (106, 92), (102, 93), (103, 93), (88, 94), (99, 94), (100, 94), (101, 94), (89, 95), (97, 95), (98, 95), (90, 96), (94, 96), (95, 96), (96, 96), (91, 97), (92, 97), (93, 97)]
[(114, 74), (113, 76), (112, 79), (111, 81), (110, 84), (109, 86), (108, 89), (108, 91), (109, 92), (110, 93), (114, 93), (111, 94), (112, 94), (113, 94)]
[(114, 93), (111, 94), (112, 94), (113, 94), (110, 96), (109, 99), (108, 101), (107, 104), (106, 106), (105, 109), (105, 111), (106, 112), (114, 112), (107, 113), (111, 113), (112, 113), (113, 113), (108, 114), (109, 114), (110, 114)]
[(53, 60), (54, 60), (50, 61), (51, 61), (52, 61), (55, 61), (48, 62), (49, 62), (56, 62), (45, 63), (46, 63), (47, 63), (57, 63), (43, 64), (44, 64), (40, 65), (41, 65), (42, 65), (56, 65), (37, 66), (38, 66), (39, 66), (36, 68), (55, 68), (54, 70), (35, 71), (34, 73), (53, 73), (52, 75), (33, 76), (32, 78), (51, 78), (50, 80), (51, 80), (31, 81), (47, 81), (48, 81), (49, 81), (45, 82), (46, 82), (31, 83), (42, 83), (43, 83), (44, 83), (32, 84), (40, 84), (41, 84), (33, 85), (37, 85), (38, 85), (39, 85), (34, 86), (35, 86), (36, 86)]
[(73, 57), (74, 57), (70, 58), (71, 58), (72, 58), (75, 58), (68, 59), (69, 59), (76, 59), (65, 60), (66, 60), (67, 60), (77, 60), (63, 61), (64, 61), (60, 62), (61, 62), (62, 62), (76, 62), (57, 63), (58, 63), (59, 63), (56, 65), (75, 65), (74, 67), (55, 68), (54, 70), (73, 70), (72, 72), (53, 73), (52, 75), (71, 75), (70, 77), (71, 77), (51, 78), (67, 78), (68, 78), (69, 78), (65, 79), (66, 79), (51, 80), (62, 80), (63, 80), (64, 80), (52, 81), (60, 81), (61, 81), (53, 82), (57, 82), (58, 82), (59, 82), (54, 83), (55, 83), (56, 83)]
[(70, 77), (71, 77), (67, 78), (68, 78), (69, 78), (72, 78), (65, 79), (66, 79), (73, 79), (62, 80), (63, 80), (64, 80), (74, 80), (60, 81), (61, 81), (57, 82), (58, 82), (59, 82), (73, 82), (54, 83), (55, 83), (56, 83), (53, 85), (72, 85), (71, 87), (52, 88), (51, 90), (70, 90), (69, 92), (50, 93), (49, 95), (68, 95), (67, 97), (68, 97), (48, 98), (64, 98), (65, 98), (66, 98), (62, 99), (63, 99), (48, 100), (59, 100), (60, 100), (61, 100), (49, 101), (57, 101), (58, 101), (50, 102), (54, 102), (55, 102), (56, 102), (51, 103), (52, 103), (53, 103)]
[(90, 74), (91, 74), (87, 75), (88, 75), (89, 75), (92, 75), (85, 76), (86, 76), (93, 76), (82, 77), (83, 77), (84, 77), (94, 77), (80, 78), (81, 78), (77, 79), (78, 79), (79, 79), (93, 79), (74, 80), (75, 80), (76, 80), (73, 82), (92, 82), (91, 84), (72, 85), (71, 87), (90, 87), (89, 89), (70, 90), (69, 92), (88, 92), (87, 94), (88, 94), (68, 95), (84, 95), (85, 95), (86, 95), (82, 96), (83, 96), (68, 97), (79, 97), (80, 97), (81, 97), (69, 98), (77, 98), (78, 98), (70, 99), (74, 99), (75, 99), (76, 99), (71, 100), (72, 100), (73, 100)]
[(87, 94), (88, 94), (84, 95), (85, 95), (86, 95), (89, 95), (82, 96), (83, 96), (90, 96), (79, 97), (80, 97), (81, 97), (91, 97), (77, 98), (78, 98), (74, 99), (75, 99), (76, 99), (90, 99), (71, 100), (72, 100), (73, 100), (70, 102), (89, 102), (88, 104), (69, 105), (68, 107), (87, 107), (86, 109), (67, 110), (66, 112), (85, 112), (84, 114), (85, 114)]
[(107, 91), (108, 91), (104, 92), (105, 92), (106, 92), (109, 92), (102, 93), (103, 93), (110, 93), (99, 94), (100, 94), (101, 94), (111, 94), (97, 95), (98, 95), (94, 96), (95, 96), (96, 96), (110, 96), (91, 97), (92, 97), (93, 97), (90, 99), (109, 99), (108, 101), (89, 102), (88, 104), (107, 104), (106, 106), (87, 107), (86, 109), (105, 109), (104, 111), (105, 111), (85, 112), (101, 112), (102, 112), (103, 112), (99, 113), (100, 113), (85, 114), (96, 114), (97, 114), (98, 114)]
[(104, 111), (105, 111), (101, 112), (102, 112), (103, 112), (106, 112), (99, 113), (100, 113), (107, 113), (96, 114), (97, 114), (98, 114), (108, 114)]
[(114, 112), (111, 113), (112, 113), (113, 113), (108, 114), (109, 114), (110, 114)]
[(50, 80), (51, 80), (47, 81), (48, 81), (49, 81), (52, 81), (45, 82), (46, 82), (53, 82), (42, 83), (43, 83), (44, 83), (54, 83), (40, 84), (41, 84), (37, 85), (38, 85), (39, 85), (53, 85), (34, 86), (35, 86), (36, 86), (33, 88), (52, 88), (51, 90), (32, 91), (31, 93), (50, 93), (49, 95), (30, 96), (29, 98), (48, 98), (47, 100), (48, 100), (28, 101), (44, 101), (45, 101), (46, 101), (42, 102), (43, 102), (28, 103), (39, 103), (40, 103), (41, 103), (29, 104), (37, 104), (38, 104), (30, 105), (34, 105), (35, 105), (36, 105), (31, 106), (32, 106), (33, 106)]
[(47, 100), (48, 100), (44, 101), (45, 101), (46, 101), (49, 101), (42, 102), (43, 102), (50, 102), (39, 103), (40, 103), (41, 103), (51, 103), (37, 104), (38, 104), (34, 105), (35, 105), (36, 105), (50, 105), (31, 106), (32, 106), (33, 106), (30, 108), (49, 108), (48, 110), (29, 111), (28, 113), (47, 113)]
[(67, 97), (68, 97), (64, 98), (65, 98), (66, 98), (69, 98), (62, 99), (63, 99), (70, 99), (59, 100), (60, 100), (61, 100), (71, 100), (57, 101), (58, 101), (54, 102), (55, 102), (56, 102), (70, 102), (51, 103), (52, 103), (53, 103), (50, 105), (69, 105), (68, 107), (49, 108), (48, 110), (67, 110), (66, 112), (47, 113)]
[(84, 114), (85, 114)]
