[(114, 40), (110, 41), (111, 41), (112, 41), (113, 41), (106, 42), (107, 42), (108, 42), (109, 42), (101, 43), (102, 43), (103, 43), (104, 43), (105, 43), (100, 47), (99, 51), (98, 55), (98, 59), (99, 60), (100, 61), (101, 62), (102, 63), (113, 63), (114, 63), (103, 64), (109, 64), (110, 64), (111, 64), (112, 64), (104, 65), (105, 65), (106, 65), (107, 65), (108, 65)]
[(70, 34), (71, 34), (72, 34), (73, 34), (66, 35), (67, 35), (68, 35), (69, 35), (74, 35), (62, 36), (63, 36), (64, 36), (65, 36), (75, 36), (57, 37), (58, 37), (59, 37), (60, 37), (61, 37), (76, 37), (77, 38), (78, 39), (79, 40), (56, 41), (78, 44), (55, 45), (77, 48), (54, 49), (76, 52), (54, 53), (55, 54), (56, 55), (57, 56), (73, 56), (74, 56), (75, 56), (76, 56), (58, 57), (69, 57), (70, 57), (71, 57), (72, 57), (59, 58), (65, 58), (66, 58), (67, 58), (68, 58), (60, 59), (61, 59), (62, 59), (63, 59), (64, 59)]
[(92, 37), (93, 37), (94, 37), (95, 37), (88, 38), (89, 38), (90, 38), (91, 38), (96, 38), (84, 39), (85, 39), (86, 39), (87, 39), (97, 39), (79, 40), (80, 40), (81, 40), (82, 40), (83, 40), (98, 40), (99, 41), (100, 42), (101, 43), (78, 44), (100, 47), (77, 48), (99, 51), (76, 52), (98, 55), (76, 56), (77, 57), (78, 58), (79, 59), (95, 59), (96, 59), (97, 59), (98, 59), (80, 60), (91, 60), (92, 60), (93, 60), (94, 60), (81, 61), (87, 61), (88, 61), (89, 61), (90, 61), (82, 62), (83, 62), (84, 62), (85, 62), (86, 62)]
[(95, 59), (96, 59), (97, 59), (98, 59), (91, 60), (92, 60), (93, 60), (94, 60), (99, 60), (87, 61), (88, 61), (89, 61), (90, 61), (100, 61), (82, 62), (83, 62), (84, 62), (85, 62), (86, 62), (101, 62), (102, 63), (103, 64), (104, 65), (81, 66), (103, 69), (80, 70), (102, 73), (79, 74), (101, 77), (79, 78), (80, 79), (81, 80), (82, 81), (98, 81), (99, 81), (100, 81), (101, 81), (83, 82), (94, 82), (95, 82), (96, 82), (97, 82), (84, 83), (90, 83), (91, 83), (92, 83), (93, 83), (85, 84), (86, 84), (87, 84), (88, 84), (89, 84)]
[(113, 63), (114, 63), (109, 64), (110, 64), (111, 64), (112, 64), (104, 65), (105, 65), (106, 65), (107, 65), (108, 65), (103, 69), (102, 73), (101, 77), (101, 81), (102, 82), (103, 83), (104, 84), (105, 85), (106, 86), (112, 86), (113, 86), (114, 86), (107, 87), (108, 87), (109, 87), (110, 87), (111, 87)]
[(112, 86), (113, 86), (114, 86), (107, 87), (108, 87), (109, 87), (110, 87), (111, 87), (106, 91), (105, 95), (104, 99), (104, 103), (105, 104), (106, 105), (107, 106), (108, 107), (109, 108), (110, 109), (111, 109), (112, 109), (113, 109), (114, 109)]
[(51, 53), (52, 53), (53, 53), (54, 53), (47, 54), (48, 54), (49, 54), (50, 54), (55, 54), (43, 55), (44, 55), (45, 55), (46, 55), (56, 55), (38, 56), (39, 56), (40, 56), (41, 56), (42, 56), (57, 56), (58, 57), (59, 58), (60, 59), (37, 60), (59, 63), (36, 64), (58, 67), (35, 68), (57, 71), (35, 72), (36, 73), (37, 74), (38, 75), (54, 75), (55, 75), (56, 75), (57, 75), (39, 76), (50, 76), (51, 76), (52, 76), (53, 76), (40, 77), (46, 77), (47, 77), (48, 77), (49, 77), (41, 78), (42, 78), (43, 78), (44, 78), (45, 78)]
[(73, 56), (74, 56), (75, 56), (76, 56), (69, 57), (70, 57), (71, 57), (72, 57), (77, 57), (65, 58), (66, 58), (67, 58), (68, 58), (78, 58), (60, 59), (61, 59), (62, 59), (63, 59), (64, 59), (79, 59), (80, 60), (81, 61), (82, 62), (59, 63), (81, 66), (58, 67), (80, 70), (57, 71), (79, 74), (57, 75), (58, 76), (59, 77), (60, 78), (76, 78), (77, 78), (78, 78), (79, 78), (61, 79), (72, 79), (73, 79), (74, 79), (75, 79), (62, 80), (68, 80), (69, 80), (70, 80), (71, 80), (63, 81), (64, 81), (65, 81), (66, 81), (67, 81)]
[(76, 78), (77, 78), (78, 78), (79, 78), (72, 79), (73, 79), (74, 79), (75, 79), (80, 79), (68, 80), (69, 80), (70, 80), (71, 80), (81, 80), (63, 81), (64, 81), (65, 81), (66, 81), (67, 81), (82, 81), (83, 82), (84, 83), (85, 84), (62, 85), (84, 88), (61, 89), (83, 92), (60, 93), (82, 96), (60, 97), (61, 98), (62, 99), (63, 100), (79, 100), (80, 100), (81, 100), (82, 100), (64, 101), (75, 101), (76, 101), (77, 101), (78, 101), (65, 102), (71, 102), (72, 102), (73, 102), (74, 102), (66, 103), (67, 103), (68, 103), (69, 103), (70, 103)]
[(98, 81), (99, 81), (100, 81), (101, 81), (94, 82), (95, 82), (96, 82), (97, 82), (102, 82), (90, 83), (91, 83), (92, 83), (93, 83), (103, 83), (85, 84), (86, 84), (87, 84), (88, 84), (89, 84), (104, 84), (105, 85), (106, 86), (107, 87), (84, 88), (106, 91), (83, 92), (105, 95), (82, 96), (104, 99), (82, 100), (83, 101), (84, 102), (85, 103), (101, 103), (102, 103), (103, 103), (104, 103), (86, 104), (97, 104), (98, 104), (99, 104), (100, 104), (87, 105), (93, 105), (94, 105), (95, 105), (96, 105), (88, 106), (89, 106), (90, 106), (91, 106), (92, 106)]
[(101, 103), (102, 103), (103, 103), (104, 103), (97, 104), (98, 104), (99, 104), (100, 104), (105, 104), (93, 105), (94, 105), (95, 105), (96, 105), (106, 105), (88, 106), (89, 106), (90, 106), (91, 106), (92, 106), (107, 106), (108, 107), (109, 108), (110, 109), (87, 110), (109, 113), (86, 114)]
[(110, 109), (111, 109), (112, 109), (113, 109), (114, 109), (109, 113)]
[(54, 75), (55, 75), (56, 75), (57, 75), (50, 76), (51, 76), (52, 76), (53, 76), (58, 76), (46, 77), (47, 77), (48, 77), (49, 77), (59, 77), (41, 78), (42, 78), (43, 78), (44, 78), (45, 78), (60, 78), (61, 79), (62, 80), (63, 81), (40, 82), (62, 85), (39, 86), (61, 89), (38, 90), (60, 93), (38, 94), (39, 95), (40, 96), (41, 97), (57, 97), (58, 97), (59, 97), (60, 97), (42, 98), (53, 98), (54, 98), (55, 98), (56, 98), (43, 99), (49, 99), (50, 99), (51, 99), (52, 99), (44, 100), (45, 100), (46, 100), (47, 100), (48, 100)]
[(57, 97), (58, 97), (59, 97), (60, 97), (53, 98), (54, 98), (55, 98), (56, 98), (61, 98), (49, 99), (50, 99), (51, 99), (52, 99), (62, 99), (44, 100), (45, 100), (46, 100), (47, 100), (48, 100), (63, 100), (64, 101), (65, 102), (66, 103), (43, 104), (65, 107), (42, 108), (64, 111), (41, 112)]
[(79, 100), (80, 100), (81, 100), (82, 100), (75, 101), (76, 101), (77, 101), (78, 101), (83, 101), (71, 102), (72, 102), (73, 102), (74, 102), (84, 102), (66, 103), (67, 103), (68, 103), (69, 103), (70, 103), (85, 103), (86, 104), (87, 105), (88, 106), (65, 107), (87, 110), (64, 111), (86, 114)]
