[(111, 19), (112, 19), (113, 19), (108, 20), (109, 20), (110, 20), (114, 20), (105, 21), (106, 21), (107, 21), (102, 22), (103, 22), (104, 22), (99, 23), (100, 23), (101, 23), (96, 24), (97, 24), (98, 24), (114, 24), (92, 25), (93, 25), (94, 25), (95, 25), (113, 27), (91, 28), (112, 30), (90, 31), (111, 33), (89, 34), (110, 36), (88, 37), (109, 39), (87, 40), (107, 42), (108, 42), (109, 42), (86, 43), (104, 43), (105, 43), (106, 43), (101, 44), (102, 44), (103, 44), (98, 45), (99, 45), (100, 45), (86, 46), (95, 46), (96, 46), (97, 46), (87, 47), (92, 47), (93, 47), (94, 47), (88, 48), (89, 48), (90, 48), (91, 48)]
[(114, 24), (113, 27), (112, 30), (111, 33), (110, 36), (109, 39), (109, 42), (110, 43), (111, 44), (112, 44), (113, 44), (114, 44)]
[(111, 44), (112, 44), (113, 44), (114, 44), (110, 47), (109, 50), (108, 53), (107, 56), (106, 59), (105, 62), (105, 65), (114, 65), (106, 66), (111, 66), (112, 66), (113, 66), (107, 67), (108, 67), (109, 67), (110, 67)]
[(65, 27), (66, 27), (67, 27), (62, 28), (63, 28), (64, 28), (68, 28), (59, 29), (60, 29), (61, 29), (69, 29), (56, 30), (57, 30), (58, 30), (53, 31), (54, 31), (55, 31), (50, 32), (51, 32), (52, 32), (68, 32), (46, 33), (47, 33), (48, 33), (49, 33), (67, 35), (45, 36), (66, 38), (44, 39), (65, 41), (43, 42), (64, 44), (42, 45), (63, 47), (41, 48), (61, 50), (62, 50), (63, 50), (40, 51), (58, 51), (59, 51), (60, 51), (55, 52), (56, 52), (57, 52), (52, 53), (53, 53), (54, 53), (40, 54), (49, 54), (50, 54), (51, 54), (41, 55), (46, 55), (47, 55), (48, 55), (42, 56), (43, 56), (44, 56), (45, 56)]
[(88, 23), (89, 23), (90, 23), (85, 24), (86, 24), (87, 24), (91, 24), (82, 25), (83, 25), (84, 25), (92, 25), (79, 26), (80, 26), (81, 26), (76, 27), (77, 27), (78, 27), (73, 28), (74, 28), (75, 28), (91, 28), (69, 29), (70, 29), (71, 29), (72, 29), (90, 31), (68, 32), (89, 34), (67, 35), (88, 37), (66, 38), (87, 40), (65, 41), (86, 43), (64, 44), (84, 46), (85, 46), (86, 46), (63, 47), (81, 47), (82, 47), (83, 47), (78, 48), (79, 48), (80, 48), (75, 49), (76, 49), (77, 49), (63, 50), (72, 50), (73, 50), (74, 50), (64, 51), (69, 51), (70, 51), (71, 51), (65, 52), (66, 52), (67, 52), (68, 52)]
[(84, 46), (85, 46), (86, 46), (81, 47), (82, 47), (83, 47), (87, 47), (78, 48), (79, 48), (80, 48), (88, 48), (75, 49), (76, 49), (77, 49), (72, 50), (73, 50), (74, 50), (69, 51), (70, 51), (71, 51), (87, 51), (65, 52), (66, 52), (67, 52), (68, 52), (86, 54), (64, 55), (85, 57), (63, 58), (84, 60), (62, 61), (83, 63), (61, 64), (82, 66), (60, 67), (80, 69), (81, 69), (82, 69), (59, 70), (77, 70), (78, 70), (79, 70), (74, 71), (75, 71), (76, 71), (71, 72), (72, 72), (73, 72), (59, 73), (68, 73), (69, 73), (70, 73), (60, 74), (65, 74), (66, 74), (67, 74), (61, 75), (62, 75), (63, 75), (64, 75)]
[(107, 42), (108, 42), (109, 42), (104, 43), (105, 43), (106, 43), (110, 43), (101, 44), (102, 44), (103, 44), (111, 44), (98, 45), (99, 45), (100, 45), (95, 46), (96, 46), (97, 46), (92, 47), (93, 47), (94, 47), (110, 47), (88, 48), (89, 48), (90, 48), (91, 48), (109, 50), (87, 51), (108, 53), (86, 54), (107, 56), (85, 57), (106, 59), (84, 60), (105, 62), (83, 63), (103, 65), (104, 65), (105, 65), (82, 66), (100, 66), (101, 66), (102, 66), (97, 67), (98, 67), (99, 67), (94, 68), (95, 68), (96, 68), (82, 69), (91, 69), (92, 69), (93, 69), (83, 70), (88, 70), (89, 70), (90, 70), (84, 71), (85, 71), (86, 71), (87, 71)]
[(103, 65), (104, 65), (105, 65), (100, 66), (101, 66), (102, 66), (106, 66), (97, 67), (98, 67), (99, 67), (107, 67), (94, 68), (95, 68), (96, 68), (91, 69), (92, 69), (93, 69), (88, 70), (89, 70), (90, 70), (106, 70), (84, 71), (85, 71), (86, 71), (87, 71), (105, 73), (83, 74), (104, 76), (82, 77), (103, 79), (81, 80), (102, 82), (80, 83), (101, 85), (79, 86), (99, 88), (100, 88), (101, 88), (78, 89), (96, 89), (97, 89), (98, 89), (93, 90), (94, 90), (95, 90), (90, 91), (91, 91), (92, 91), (78, 92), (87, 92), (88, 92), (89, 92), (79, 93), (84, 93), (85, 93), (86, 93), (80, 94), (81, 94), (82, 94), (83, 94)]
[(114, 65), (111, 66), (112, 66), (113, 66), (107, 67), (108, 67), (109, 67), (110, 67), (106, 70), (105, 73), (104, 76), (103, 79), (102, 82), (101, 85), (113, 87), (114, 87), (101, 88), (110, 88), (111, 88), (112, 88), (102, 89), (107, 89), (108, 89), (109, 89), (103, 90), (104, 90), (105, 90), (106, 90)]
[(113, 87), (114, 87), (110, 88), (111, 88), (112, 88), (107, 89), (108, 89), (109, 89), (103, 90), (104, 90), (105, 90), (106, 90), (102, 93), (101, 96), (100, 99), (99, 102), (98, 105), (97, 108), (112, 109), (113, 109), (114, 109), (109, 110), (110, 110), (111, 110), (97, 111), (106, 111), (107, 111), (108, 111), (98, 112), (103, 112), (104, 112), (105, 112), (99, 113), (100, 113), (101, 113), (102, 113)]
[(38, 54), (39, 54), (40, 54), (35, 55), (36, 55), (37, 55), (41, 55), (32, 56), (33, 56), (34, 56), (42, 56), (29, 57), (30, 57), (31, 57), (26, 58), (27, 58), (28, 58), (23, 59), (24, 59), (25, 59), (41, 59), (19, 60), (20, 60), (21, 60), (22, 60), (40, 62), (18, 63), (39, 65), (17, 66), (38, 68), (16, 69), (37, 71), (15, 72), (36, 74), (14, 75), (34, 77), (35, 77), (36, 77), (13, 78), (31, 78), (32, 78), (33, 78), (28, 79), (29, 79), (30, 79), (25, 80), (26, 80), (27, 80), (13, 81), (22, 81), (23, 81), (24, 81), (14, 82), (19, 82), (20, 82), (21, 82), (15, 83), (16, 83), (17, 83), (18, 83)]
[(61, 50), (62, 50), (63, 50), (58, 51), (59, 51), (60, 51), (64, 51), (55, 52), (56, 52), (57, 52), (65, 52), (52, 53), (53, 53), (54, 53), (49, 54), (50, 54), (51, 54), (46, 55), (47, 55), (48, 55), (64, 55), (42, 56), (43, 56), (44, 56), (45, 56), (63, 58), (41, 59), (62, 61), (40, 62), (61, 64), (39, 65), (60, 67), (38, 68), (59, 70), (37, 71), (57, 73), (58, 73), (59, 73), (36, 74), (54, 74), (55, 74), (56, 74), (51, 75), (52, 75), (53, 75), (48, 76), (49, 76), (50, 76), (36, 77), (45, 77), (46, 77), (47, 77), (37, 78), (42, 78), (43, 78), (44, 78), (38, 79), (39, 79), (40, 79), (41, 79)]
[(57, 73), (58, 73), (59, 73), (54, 74), (55, 74), (56, 74), (60, 74), (51, 75), (52, 75), (53, 75), (61, 75), (48, 76), (49, 76), (50, 76), (45, 77), (46, 77), (47, 77), (42, 78), (43, 78), (44, 78), (60, 78), (38, 79), (39, 79), (40, 79), (41, 79), (59, 81), (37, 82), (58, 84), (36, 85), (57, 87), (35, 88), (56, 90), (34, 91), (55, 93), (33, 94), (53, 96), (54, 96), (55, 96), (32, 97), (50, 97), (51, 97), (52, 97), (47, 98), (48, 98), (49, 98), (44, 99), (45, 99), (46, 99), (32, 100), (41, 100), (42, 100), (43, 100), (33, 101), (38, 101), (39, 101), (40, 101), (34, 102), (35, 102), (36, 102), (37, 102)]
[(80, 69), (81, 69), (82, 69), (77, 70), (78, 70), (79, 70), (83, 70), (74, 71), (75, 71), (76, 71), (84, 71), (71, 72), (72, 72), (73, 72), (68, 73), (69, 73), (70, 73), (65, 74), (66, 74), (67, 74), (83, 74), (61, 75), (62, 75), (63, 75), (64, 75), (82, 77), (60, 78), (81, 80), (59, 81), (80, 83), (58, 84), (79, 86), (57, 87), (78, 89), (56, 90), (76, 92), (77, 92), (78, 92), (55, 93), (73, 93), (74, 93), (75, 93), (70, 94), (71, 94), (72, 94), (67, 95), (68, 95), (69, 95), (55, 96), (64, 96), (65, 96), (66, 96), (56, 97), (61, 97), (62, 97), (63, 97), (57, 98), (58, 98), (59, 98), (60, 98)]
[(76, 92), (77, 92), (78, 92), (73, 93), (74, 93), (75, 93), (79, 93), (70, 94), (71, 94), (72, 94), (80, 94), (67, 95), (68, 95), (69, 95), (64, 96), (65, 96), (66, 96), (61, 97), (62, 97), (63, 97), (79, 97), (57, 98), (58, 98), (59, 98), (60, 98), (78, 100), (56, 101), (77, 103), (55, 104), (76, 106), (54, 107), (75, 109), (53, 110), (74, 112), (52, 113)]
[(99, 88), (100, 88), (101, 88), (96, 89), (97, 89), (98, 89), (102, 89), (93, 90), (94, 90), (95, 90), (103, 90), (90, 91), (91, 91), (92, 91), (87, 92), (88, 92), (89, 92), (84, 93), (85, 93), (86, 93), (102, 93), (80, 94), (81, 94), (82, 94), (83, 94), (101, 96), (79, 97), (100, 99), (78, 100), (99, 102), (77, 103), (98, 105), (76, 106), (97, 108), (75, 109), (95, 111), (96, 111), (97, 111), (74, 112), (92, 112), (93, 112), (94, 112), (89, 113), (90, 113), (91, 113), (86, 114), (87, 114), (88, 114)]
[(95, 111), (96, 111), (97, 111), (92, 112), (93, 112), (94, 112), (98, 112), (89, 113), (90, 113), (91, 113), (99, 113), (86, 114), (87, 114), (88, 114)]
[(112, 109), (113, 109), (114, 109), (109, 110), (110, 110), (111, 110), (106, 111), (107, 111), (108, 111), (103, 112), (104, 112), (105, 112), (99, 113), (100, 113), (101, 113), (102, 113)]
[(34, 77), (35, 77), (36, 77), (31, 78), (32, 78), (33, 78), (37, 78), (28, 79), (29, 79), (30, 79), (38, 79), (25, 80), (26, 80), (27, 80), (22, 81), (23, 81), (24, 81), (19, 82), (20, 82), (21, 82), (37, 82), (15, 83), (16, 83), (17, 83), (18, 83), (36, 85), (14, 86), (35, 88), (13, 89), (34, 91), (12, 92), (33, 94), (11, 95), (32, 97), (10, 98), (30, 100), (31, 100), (32, 100), (9, 101), (27, 101), (28, 101), (29, 101), (24, 102), (25, 102), (26, 102), (21, 103), (22, 103), (23, 103), (9, 104), (18, 104), (19, 104), (20, 104), (10, 105), (15, 105), (16, 105), (17, 105), (11, 106), (12, 106), (13, 106), (14, 106)]
[(30, 100), (31, 100), (32, 100), (27, 101), (28, 101), (29, 101), (33, 101), (24, 102), (25, 102), (26, 102), (34, 102), (21, 103), (22, 103), (23, 103), (18, 104), (19, 104), (20, 104), (15, 105), (16, 105), (17, 105), (33, 105), (11, 106), (12, 106), (13, 106), (14, 106), (32, 108), (10, 109), (31, 111), (9, 112), (30, 114)]
[(53, 96), (54, 96), (55, 96), (50, 97), (51, 97), (52, 97), (56, 97), (47, 98), (48, 98), (49, 98), (57, 98), (44, 99), (45, 99), (46, 99), (41, 100), (42, 100), (43, 100), (38, 101), (39, 101), (40, 101), (56, 101), (34, 102), (35, 102), (36, 102), (37, 102), (55, 104), (33, 105), (54, 107), (32, 108), (53, 110), (31, 111), (52, 113), (30, 114)]
