[(113, 2), (114, 2), (110, 3), (111, 3), (112, 3), (108, 4), (109, 4), (106, 5), (107, 5), (104, 6), (105, 6), (101, 7), (102, 7), (103, 7), (100, 9), (99, 11), (98, 13), (97, 15), (114, 16), (96, 18), (113, 18), (113, 19), (95, 20), (111, 20), (112, 20), (109, 21), (110, 21), (94, 22), (107, 22), (108, 22), (104, 23), (105, 23), (106, 23), (93, 24), (102, 24), (103, 24), (93, 25), (100, 25), (101, 25), (94, 26), (98, 26), (99, 26), (95, 27), (96, 27), (97, 27)]
[(114, 16), (113, 18), (113, 19), (114, 20)]
[(114, 23), (113, 25), (112, 27), (111, 29), (110, 32), (109, 34), (108, 36), (107, 38), (107, 39), (114, 39), (108, 40), (112, 40), (113, 40), (109, 41), (110, 41), (111, 41)]
[(79, 11), (77, 12), (78, 12), (80, 12), (75, 13), (76, 13), (81, 13), (73, 14), (74, 14), (70, 15), (71, 15), (72, 15), (80, 15), (68, 16), (69, 16), (66, 17), (67, 17), (79, 17), (64, 18), (65, 18), (61, 19), (62, 19), (63, 19), (78, 19), (60, 21), (77, 21), (59, 23), (76, 24), (58, 25), (75, 26), (57, 27), (74, 28), (56, 30), (73, 30), (73, 31), (55, 32), (71, 32), (72, 32), (69, 33), (70, 33), (54, 34), (67, 34), (68, 34), (64, 35), (65, 35), (66, 35), (53, 36), (62, 36), (63, 36), (53, 37), (60, 37), (61, 37), (54, 38), (58, 38), (59, 38), (55, 39), (56, 39), (57, 39)]
[(99, 5), (97, 6), (98, 6), (100, 6), (95, 7), (96, 7), (101, 7), (93, 8), (94, 8), (90, 9), (91, 9), (92, 9), (100, 9), (88, 10), (89, 10), (86, 11), (87, 11), (99, 11), (84, 12), (85, 12), (81, 13), (82, 13), (83, 13), (98, 13), (80, 15), (97, 15), (79, 17), (96, 18), (78, 19), (95, 20), (77, 21), (94, 22), (76, 24), (93, 24), (93, 25), (75, 26), (91, 26), (92, 26), (89, 27), (90, 27), (74, 28), (87, 28), (88, 28), (84, 29), (85, 29), (86, 29), (73, 30), (82, 30), (83, 30), (73, 31), (80, 31), (81, 31), (74, 32), (78, 32), (79, 32), (75, 33), (76, 33), (77, 33)]
[(93, 25), (91, 26), (92, 26), (94, 26), (89, 27), (90, 27), (95, 27), (87, 28), (88, 28), (84, 29), (85, 29), (86, 29), (94, 29), (82, 30), (83, 30), (80, 31), (81, 31), (93, 31), (78, 32), (79, 32), (75, 33), (76, 33), (77, 33), (92, 33), (74, 35), (91, 35), (73, 37), (90, 38), (72, 39), (89, 40), (71, 41), (88, 42), (70, 44), (87, 44), (87, 45), (69, 46), (85, 46), (86, 46), (83, 47), (84, 47), (68, 48), (81, 48), (82, 48), (78, 49), (79, 49), (80, 49), (67, 50), (76, 50), (77, 50), (67, 51), (74, 51), (75, 51), (68, 52), (72, 52), (73, 52), (69, 53), (70, 53), (71, 53)]
[(113, 19), (111, 20), (112, 20), (114, 20), (109, 21), (110, 21), (107, 22), (108, 22), (104, 23), (105, 23), (106, 23), (114, 23), (102, 24), (103, 24), (100, 25), (101, 25), (113, 25), (98, 26), (99, 26), (95, 27), (96, 27), (97, 27), (112, 27), (94, 29), (111, 29), (93, 31), (110, 32), (92, 33), (109, 34), (91, 35), (108, 36), (90, 38), (107, 38), (107, 39), (89, 40), (105, 40), (106, 40), (103, 41), (104, 41), (88, 42), (101, 42), (102, 42), (98, 43), (99, 43), (100, 43), (87, 44), (96, 44), (97, 44), (87, 45), (94, 45), (95, 45), (88, 46), (92, 46), (93, 46), (89, 47), (90, 47), (91, 47)]
[(107, 39), (105, 40), (106, 40), (108, 40), (103, 41), (104, 41), (109, 41), (101, 42), (102, 42), (98, 43), (99, 43), (100, 43), (108, 43), (96, 44), (97, 44), (94, 45), (95, 45), (107, 45), (92, 46), (93, 46), (89, 47), (90, 47), (91, 47), (106, 47), (88, 49), (105, 49), (87, 51), (104, 52), (86, 53), (103, 54), (85, 55), (102, 56), (84, 58), (101, 58), (101, 59), (83, 60), (99, 60), (100, 60), (97, 61), (98, 61), (82, 62), (95, 62), (96, 62), (92, 63), (93, 63), (94, 63), (81, 64), (90, 64), (91, 64), (81, 65), (88, 65), (89, 65), (82, 66), (86, 66), (87, 66), (83, 67), (84, 67), (85, 67)]
[(114, 39), (112, 40), (113, 40), (109, 41), (110, 41), (111, 41), (108, 43), (107, 45), (106, 47), (105, 49), (104, 52), (103, 54), (102, 56), (112, 57), (113, 57), (114, 57), (101, 58), (110, 58), (111, 58), (101, 59), (108, 59), (109, 59), (102, 60), (106, 60), (107, 60), (103, 61), (104, 61), (105, 61)]
[(112, 57), (113, 57), (114, 57), (110, 58), (111, 58), (108, 59), (109, 59), (106, 60), (107, 60), (103, 61), (104, 61), (105, 61), (102, 63), (101, 65), (100, 67), (99, 69), (98, 72), (97, 74), (113, 74), (114, 74), (111, 75), (112, 75), (96, 76), (109, 76), (110, 76), (106, 77), (107, 77), (108, 77), (95, 78), (104, 78), (105, 78), (95, 79), (102, 79), (103, 79), (96, 80), (100, 80), (101, 80), (97, 81), (98, 81), (99, 81)]
[(53, 37), (51, 38), (52, 38), (54, 38), (49, 39), (50, 39), (55, 39), (47, 40), (48, 40), (44, 41), (45, 41), (46, 41), (54, 41), (42, 42), (43, 42), (40, 43), (41, 43), (53, 43), (38, 44), (39, 44), (35, 45), (36, 45), (37, 45), (52, 45), (34, 47), (51, 47), (33, 49), (50, 50), (32, 51), (49, 52), (31, 53), (48, 54), (30, 56), (47, 56), (47, 57), (29, 58), (45, 58), (46, 58), (43, 59), (44, 59), (28, 60), (41, 60), (42, 60), (38, 61), (39, 61), (40, 61), (27, 62), (36, 62), (37, 62), (27, 63), (34, 63), (35, 63), (28, 64), (32, 64), (33, 64), (29, 65), (30, 65), (31, 65)]
[(73, 31), (71, 32), (72, 32), (74, 32), (69, 33), (70, 33), (75, 33), (67, 34), (68, 34), (64, 35), (65, 35), (66, 35), (74, 35), (62, 36), (63, 36), (60, 37), (61, 37), (73, 37), (58, 38), (59, 38), (55, 39), (56, 39), (57, 39), (72, 39), (54, 41), (71, 41), (53, 43), (70, 44), (52, 45), (69, 46), (51, 47), (68, 48), (50, 50), (67, 50), (67, 51), (49, 52), (65, 52), (66, 52), (63, 53), (64, 53), (48, 54), (61, 54), (62, 54), (58, 55), (59, 55), (60, 55), (47, 56), (56, 56), (57, 56), (47, 57), (54, 57), (55, 57), (48, 58), (52, 58), (53, 58), (49, 59), (50, 59), (51, 59)]
[(67, 51), (65, 52), (66, 52), (68, 52), (63, 53), (64, 53), (69, 53), (61, 54), (62, 54), (58, 55), (59, 55), (60, 55), (68, 55), (56, 56), (57, 56), (54, 57), (55, 57), (67, 57), (52, 58), (53, 58), (49, 59), (50, 59), (51, 59), (66, 59), (48, 61), (65, 61), (47, 63), (64, 64), (46, 65), (63, 66), (45, 67), (62, 68), (44, 70), (61, 70), (61, 71), (43, 72), (59, 72), (60, 72), (57, 73), (58, 73), (42, 74), (55, 74), (56, 74), (52, 75), (53, 75), (54, 75), (41, 76), (50, 76), (51, 76), (41, 77), (48, 77), (49, 77), (42, 78), (46, 78), (47, 78), (43, 79), (44, 79), (45, 79)]
[(87, 45), (85, 46), (86, 46), (88, 46), (83, 47), (84, 47), (89, 47), (81, 48), (82, 48), (78, 49), (79, 49), (80, 49), (88, 49), (76, 50), (77, 50), (74, 51), (75, 51), (87, 51), (72, 52), (73, 52), (69, 53), (70, 53), (71, 53), (86, 53), (68, 55), (85, 55), (67, 57), (84, 58), (66, 59), (83, 60), (65, 61), (82, 62), (64, 64), (81, 64), (81, 65), (63, 66), (79, 66), (80, 66), (77, 67), (78, 67), (62, 68), (75, 68), (76, 68), (72, 69), (73, 69), (74, 69), (61, 70), (70, 70), (71, 70), (61, 71), (68, 71), (69, 71), (62, 72), (66, 72), (67, 72), (63, 73), (64, 73), (65, 73)]
[(81, 65), (79, 66), (80, 66), (82, 66), (77, 67), (78, 67), (83, 67), (75, 68), (76, 68), (72, 69), (73, 69), (74, 69), (82, 69), (70, 70), (71, 70), (68, 71), (69, 71), (81, 71), (66, 72), (67, 72), (63, 73), (64, 73), (65, 73), (80, 73), (62, 75), (79, 75), (61, 77), (78, 78), (60, 79), (77, 80), (59, 81), (76, 82), (58, 84), (75, 84), (75, 85), (57, 86), (73, 86), (74, 86), (71, 87), (72, 87), (56, 88), (69, 88), (70, 88), (66, 89), (67, 89), (68, 89), (55, 90), (64, 90), (65, 90), (55, 91), (62, 91), (63, 91), (56, 92), (60, 92), (61, 92), (57, 93), (58, 93), (59, 93)]
[(101, 59), (99, 60), (100, 60), (102, 60), (97, 61), (98, 61), (103, 61), (95, 62), (96, 62), (92, 63), (93, 63), (94, 63), (102, 63), (90, 64), (91, 64), (88, 65), (89, 65), (101, 65), (86, 66), (87, 66), (83, 67), (84, 67), (85, 67), (100, 67), (82, 69), (99, 69), (81, 71), (98, 72), (80, 73), (97, 74), (79, 75), (96, 76), (78, 78), (95, 78), (95, 79), (77, 80), (93, 80), (94, 80), (91, 81), (92, 81), (76, 82), (89, 82), (90, 82), (86, 83), (87, 83), (88, 83), (75, 84), (84, 84), (85, 84), (75, 85), (82, 85), (83, 85), (76, 86), (80, 86), (81, 86), (77, 87), (78, 87), (79, 87)]
[(95, 79), (93, 80), (94, 80), (96, 80), (91, 81), (92, 81), (97, 81), (89, 82), (90, 82), (86, 83), (87, 83), (88, 83), (96, 83), (84, 84), (85, 84), (82, 85), (83, 85), (95, 85), (80, 86), (81, 86), (77, 87), (78, 87), (79, 87), (94, 87), (76, 89), (93, 89), (75, 91), (92, 92), (74, 93), (91, 94), (73, 95), (90, 96), (72, 98), (89, 98), (89, 99), (71, 100), (87, 100), (88, 100), (85, 101), (86, 101), (70, 102), (83, 102), (84, 102), (80, 103), (81, 103), (82, 103), (69, 104), (78, 104), (79, 104), (69, 105), (76, 105), (77, 105), (70, 106), (74, 106), (75, 106), (71, 107), (72, 107), (73, 107)]
[(113, 74), (114, 74), (111, 75), (112, 75), (109, 76), (110, 76), (106, 77), (107, 77), (108, 77), (104, 78), (105, 78), (102, 79), (103, 79), (100, 80), (101, 80), (97, 81), (98, 81), (99, 81), (114, 81), (96, 83), (113, 83), (95, 85), (112, 86), (94, 87), (111, 88), (93, 89), (110, 90), (92, 92), (109, 92), (109, 93), (91, 94), (107, 94), (108, 94), (105, 95), (106, 95), (90, 96), (103, 96), (104, 96), (100, 97), (101, 97), (102, 97), (89, 98), (98, 98), (99, 98), (89, 99), (96, 99), (97, 99), (90, 100), (94, 100), (95, 100), (91, 101), (92, 101), (93, 101)]
[(47, 57), (45, 58), (46, 58), (48, 58), (43, 59), (44, 59), (49, 59), (41, 60), (42, 60), (38, 61), (39, 61), (40, 61), (48, 61), (36, 62), (37, 62), (34, 63), (35, 63), (47, 63), (32, 64), (33, 64), (29, 65), (30, 65), (31, 65), (46, 65), (28, 67), (45, 67), (27, 69), (44, 70), (26, 71), (43, 72), (25, 73), (42, 74), (24, 76), (41, 76), (41, 77), (23, 78), (39, 78), (40, 78), (37, 79), (38, 79), (22, 80), (35, 80), (36, 80), (32, 81), (33, 81), (34, 81), (21, 82), (30, 82), (31, 82), (21, 83), (28, 83), (29, 83), (22, 84), (26, 84), (27, 84), (23, 85), (24, 85), (25, 85)]
[(41, 77), (39, 78), (40, 78), (42, 78), (37, 79), (38, 79), (43, 79), (35, 80), (36, 80), (32, 81), (33, 81), (34, 81), (42, 81), (30, 82), (31, 82), (28, 83), (29, 83), (41, 83), (26, 84), (27, 84), (23, 85), (24, 85), (25, 85), (40, 85), (22, 87), (39, 87), (21, 89), (38, 90), (20, 91), (37, 92), (19, 93), (36, 94), (18, 96), (35, 96), (35, 97), (17, 98), (33, 98), (34, 98), (31, 99), (32, 99), (16, 100), (29, 100), (30, 100), (26, 101), (27, 101), (28, 101), (15, 102), (24, 102), (25, 102), (15, 103), (22, 103), (23, 103), (16, 104), (20, 104), (21, 104), (17, 105), (18, 105), (19, 105)]
[(61, 71), (59, 72), (60, 72), (62, 72), (57, 73), (58, 73), (63, 73), (55, 74), (56, 74), (52, 75), (53, 75), (54, 75), (62, 75), (50, 76), (51, 76), (48, 77), (49, 77), (61, 77), (46, 78), (47, 78), (43, 79), (44, 79), (45, 79), (60, 79), (42, 81), (59, 81), (41, 83), (58, 84), (40, 85), (57, 86), (39, 87), (56, 88), (38, 90), (55, 90), (55, 91), (37, 92), (53, 92), (54, 92), (51, 93), (52, 93), (36, 94), (49, 94), (50, 94), (46, 95), (47, 95), (48, 95), (35, 96), (44, 96), (45, 96), (35, 97), (42, 97), (43, 97), (36, 98), (40, 98), (41, 98), (37, 99), (38, 99), (39, 99)]
[(55, 91), (53, 92), (54, 92), (56, 92), (51, 93), (52, 93), (57, 93), (49, 94), (50, 94), (46, 95), (47, 95), (48, 95), (56, 95), (44, 96), (45, 96), (42, 97), (43, 97), (55, 97), (40, 98), (41, 98), (37, 99), (38, 99), (39, 99), (54, 99), (36, 101), (53, 101), (35, 103), (52, 104), (34, 105), (51, 106), (33, 107), (50, 108), (32, 110), (49, 110), (49, 111), (31, 112), (47, 112), (48, 112), (45, 113), (46, 113), (30, 114), (43, 114), (44, 114)]
[(75, 85), (73, 86), (74, 86), (76, 86), (71, 87), (72, 87), (77, 87), (69, 88), (70, 88), (66, 89), (67, 89), (68, 89), (76, 89), (64, 90), (65, 90), (62, 91), (63, 91), (75, 91), (60, 92), (61, 92), (57, 93), (58, 93), (59, 93), (74, 93), (56, 95), (73, 95), (55, 97), (72, 98), (54, 99), (71, 100), (53, 101), (70, 102), (52, 104), (69, 104), (69, 105), (51, 106), (67, 106), (68, 106), (65, 107), (66, 107), (50, 108), (63, 108), (64, 108), (60, 109), (61, 109), (62, 109), (49, 110), (58, 110), (59, 110), (49, 111), (56, 111), (57, 111), (50, 112), (54, 112), (55, 112), (51, 113), (52, 113), (53, 113)]
[(69, 105), (67, 106), (68, 106), (70, 106), (65, 107), (66, 107), (71, 107), (63, 108), (64, 108), (60, 109), (61, 109), (62, 109), (70, 109), (58, 110), (59, 110), (56, 111), (57, 111), (69, 111), (54, 112), (55, 112), (51, 113), (52, 113), (53, 113), (68, 113)]
[(89, 99), (87, 100), (88, 100), (90, 100), (85, 101), (86, 101), (91, 101), (83, 102), (84, 102), (80, 103), (81, 103), (82, 103), (90, 103), (78, 104), (79, 104), (76, 105), (77, 105), (89, 105), (74, 106), (75, 106), (71, 107), (72, 107), (73, 107), (88, 107), (70, 109), (87, 109), (69, 111), (86, 112), (68, 113), (85, 114)]
[(35, 97), (33, 98), (34, 98), (36, 98), (31, 99), (32, 99), (37, 99), (29, 100), (30, 100), (26, 101), (27, 101), (28, 101), (36, 101), (24, 102), (25, 102), (22, 103), (23, 103), (35, 103), (20, 104), (21, 104), (17, 105), (18, 105), (19, 105), (34, 105), (16, 107), (33, 107), (15, 109), (32, 110), (14, 111), (31, 112), (13, 113), (30, 114)]
[(49, 111), (47, 112), (48, 112), (50, 112), (45, 113), (46, 113), (51, 113), (43, 114), (44, 114)]
