[(101, 10), (102, 10), (96, 11), (97, 11), (98, 11), (99, 11), (100, 11), (103, 11), (91, 12), (92, 12), (93, 12), (94, 12), (95, 12), (86, 13), (87, 13), (88, 13), (89, 13), (90, 13), (102, 15), (85, 17), (101, 20), (84, 22), (100, 25), (83, 27), (99, 27), (100, 27), (94, 28), (95, 28), (96, 28), (97, 28), (98, 28), (83, 29), (89, 29), (90, 29), (91, 29), (92, 29), (93, 29), (84, 30), (85, 30), (86, 30), (87, 30), (88, 30)]
[(113, 9), (114, 9), (108, 10), (109, 10), (110, 10), (111, 10), (112, 10), (103, 11), (104, 11), (105, 11), (106, 11), (107, 11), (102, 15), (101, 20), (100, 25), (111, 26), (112, 26), (113, 26), (114, 26), (100, 27), (106, 27), (107, 27), (108, 27), (109, 27), (110, 27), (101, 28), (102, 28), (103, 28), (104, 28), (105, 28)]
[(111, 26), (112, 26), (113, 26), (114, 26), (106, 27), (107, 27), (108, 27), (109, 27), (110, 27), (101, 28), (102, 28), (103, 28), (104, 28), (105, 28), (100, 32), (99, 37), (98, 42), (114, 42), (109, 43), (110, 43), (111, 43), (112, 43), (113, 43), (98, 44), (104, 44), (105, 44), (106, 44), (107, 44), (108, 44), (99, 45), (100, 45), (101, 45), (102, 45), (103, 45)]
[(114, 52), (113, 57), (113, 59), (114, 60)]
[(67, 14), (68, 14), (62, 15), (63, 15), (64, 15), (65, 15), (66, 15), (69, 15), (57, 16), (58, 16), (59, 16), (60, 16), (61, 16), (52, 17), (53, 17), (54, 17), (55, 17), (56, 17), (68, 19), (51, 21), (67, 24), (50, 26), (66, 29), (49, 31), (65, 31), (66, 31), (60, 32), (61, 32), (62, 32), (63, 32), (64, 32), (49, 33), (55, 33), (56, 33), (57, 33), (58, 33), (59, 33), (50, 34), (51, 34), (52, 34), (53, 34), (54, 34)]
[(84, 12), (85, 12), (79, 13), (80, 13), (81, 13), (82, 13), (83, 13), (86, 13), (74, 14), (75, 14), (76, 14), (77, 14), (78, 14), (69, 15), (70, 15), (71, 15), (72, 15), (73, 15), (85, 17), (68, 19), (84, 22), (67, 24), (83, 27), (66, 29), (82, 29), (83, 29), (77, 30), (78, 30), (79, 30), (80, 30), (81, 30), (66, 31), (72, 31), (73, 31), (74, 31), (75, 31), (76, 31), (67, 32), (68, 32), (69, 32), (70, 32), (71, 32)]
[(82, 29), (83, 29), (77, 30), (78, 30), (79, 30), (80, 30), (81, 30), (84, 30), (72, 31), (73, 31), (74, 31), (75, 31), (76, 31), (67, 32), (68, 32), (69, 32), (70, 32), (71, 32), (83, 34), (66, 36), (82, 39), (65, 41), (81, 44), (64, 46), (80, 46), (81, 46), (75, 47), (76, 47), (77, 47), (78, 47), (79, 47), (64, 48), (70, 48), (71, 48), (72, 48), (73, 48), (74, 48), (65, 49), (66, 49), (67, 49), (68, 49), (69, 49)]
[(99, 27), (100, 27), (94, 28), (95, 28), (96, 28), (97, 28), (98, 28), (101, 28), (89, 29), (90, 29), (91, 29), (92, 29), (93, 29), (84, 30), (85, 30), (86, 30), (87, 30), (88, 30), (100, 32), (83, 34), (99, 37), (82, 39), (98, 42), (81, 44), (97, 44), (98, 44), (92, 45), (93, 45), (94, 45), (95, 45), (96, 45), (81, 46), (87, 46), (88, 46), (89, 46), (90, 46), (91, 46), (82, 47), (83, 47), (84, 47), (85, 47), (86, 47)]
[(97, 44), (98, 44), (92, 45), (93, 45), (94, 45), (95, 45), (96, 45), (99, 45), (87, 46), (88, 46), (89, 46), (90, 46), (91, 46), (82, 47), (83, 47), (84, 47), (85, 47), (86, 47), (98, 49), (81, 51), (97, 54), (80, 56), (96, 59), (79, 61), (95, 61), (96, 61), (90, 62), (91, 62), (92, 62), (93, 62), (94, 62), (79, 63), (85, 63), (86, 63), (87, 63), (88, 63), (89, 63), (80, 64), (81, 64), (82, 64), (83, 64), (84, 64)]
[(114, 42), (109, 43), (110, 43), (111, 43), (112, 43), (113, 43), (104, 44), (105, 44), (106, 44), (107, 44), (108, 44), (99, 45), (100, 45), (101, 45), (102, 45), (103, 45), (98, 49), (114, 52), (97, 54), (113, 57), (96, 59), (112, 59), (113, 59), (107, 60), (108, 60), (109, 60), (110, 60), (111, 60), (96, 61), (102, 61), (103, 61), (104, 61), (105, 61), (106, 61), (97, 62), (98, 62), (99, 62), (100, 62), (101, 62)]
[(112, 59), (113, 59), (107, 60), (108, 60), (109, 60), (110, 60), (111, 60), (114, 60), (102, 61), (103, 61), (104, 61), (105, 61), (106, 61), (97, 62), (98, 62), (99, 62), (100, 62), (101, 62), (113, 64), (96, 66), (112, 69), (95, 71), (111, 74), (94, 76), (110, 76), (111, 76), (105, 77), (106, 77), (107, 77), (108, 77), (109, 77), (94, 78), (100, 78), (101, 78), (102, 78), (103, 78), (104, 78), (95, 79), (96, 79), (97, 79), (98, 79), (99, 79)]
[(114, 60), (113, 64), (112, 69), (111, 74), (111, 76), (112, 77), (113, 77), (114, 77)]
[(112, 77), (113, 77), (114, 77), (111, 81), (110, 86), (109, 91), (109, 93), (110, 94), (111, 94), (112, 94), (113, 94), (114, 94)]
[(48, 33), (49, 33), (43, 34), (44, 34), (45, 34), (46, 34), (47, 34), (50, 34), (38, 35), (39, 35), (40, 35), (41, 35), (42, 35), (33, 36), (34, 36), (35, 36), (36, 36), (37, 36), (49, 38), (32, 40), (48, 43), (31, 45), (47, 48), (30, 50), (46, 50), (47, 50), (41, 51), (42, 51), (43, 51), (44, 51), (45, 51), (30, 52), (36, 52), (37, 52), (38, 52), (39, 52), (40, 52), (31, 53), (32, 53), (33, 53), (34, 53), (35, 53)]
[(65, 31), (66, 31), (60, 32), (61, 32), (62, 32), (63, 32), (64, 32), (67, 32), (55, 33), (56, 33), (57, 33), (58, 33), (59, 33), (50, 34), (51, 34), (52, 34), (53, 34), (54, 34), (66, 36), (49, 38), (65, 41), (48, 43), (64, 46), (47, 48), (63, 48), (64, 48), (58, 49), (59, 49), (60, 49), (61, 49), (62, 49), (47, 50), (53, 50), (54, 50), (55, 50), (56, 50), (57, 50), (48, 51), (49, 51), (50, 51), (51, 51), (52, 51)]
[(63, 48), (64, 48), (58, 49), (59, 49), (60, 49), (61, 49), (62, 49), (65, 49), (53, 50), (54, 50), (55, 50), (56, 50), (57, 50), (48, 51), (49, 51), (50, 51), (51, 51), (52, 51), (64, 53), (47, 55), (63, 58), (46, 60), (62, 63), (45, 65), (61, 65), (62, 65), (56, 66), (57, 66), (58, 66), (59, 66), (60, 66), (45, 67), (51, 67), (52, 67), (53, 67), (54, 67), (55, 67), (46, 68), (47, 68), (48, 68), (49, 68), (50, 68)]
[(80, 46), (81, 46), (75, 47), (76, 47), (77, 47), (78, 47), (79, 47), (82, 47), (70, 48), (71, 48), (72, 48), (73, 48), (74, 48), (65, 49), (66, 49), (67, 49), (68, 49), (69, 49), (81, 51), (64, 53), (80, 56), (63, 58), (79, 61), (62, 63), (78, 63), (79, 63), (73, 64), (74, 64), (75, 64), (76, 64), (77, 64), (62, 65), (68, 65), (69, 65), (70, 65), (71, 65), (72, 65), (63, 66), (64, 66), (65, 66), (66, 66), (67, 66)]
[(78, 63), (79, 63), (73, 64), (74, 64), (75, 64), (76, 64), (77, 64), (80, 64), (68, 65), (69, 65), (70, 65), (71, 65), (72, 65), (63, 66), (64, 66), (65, 66), (66, 66), (67, 66), (79, 68), (62, 70), (78, 73), (61, 75), (77, 78), (60, 80), (76, 80), (77, 80), (71, 81), (72, 81), (73, 81), (74, 81), (75, 81), (60, 82), (66, 82), (67, 82), (68, 82), (69, 82), (70, 82), (61, 83), (62, 83), (63, 83), (64, 83), (65, 83)]
[(95, 61), (96, 61), (90, 62), (91, 62), (92, 62), (93, 62), (94, 62), (97, 62), (85, 63), (86, 63), (87, 63), (88, 63), (89, 63), (80, 64), (81, 64), (82, 64), (83, 64), (84, 64), (96, 66), (79, 68), (95, 71), (78, 73), (94, 76), (77, 78), (93, 78), (94, 78), (88, 79), (89, 79), (90, 79), (91, 79), (92, 79), (77, 80), (83, 80), (84, 80), (85, 80), (86, 80), (87, 80), (78, 81), (79, 81), (80, 81), (81, 81), (82, 81)]
[(93, 78), (94, 78), (88, 79), (89, 79), (90, 79), (91, 79), (92, 79), (95, 79), (83, 80), (84, 80), (85, 80), (86, 80), (87, 80), (78, 81), (79, 81), (80, 81), (81, 81), (82, 81), (94, 83), (77, 85), (93, 88), (76, 90), (92, 93), (75, 95), (91, 95), (92, 95), (86, 96), (87, 96), (88, 96), (89, 96), (90, 96), (75, 97), (81, 97), (82, 97), (83, 97), (84, 97), (85, 97), (76, 98), (77, 98), (78, 98), (79, 98), (80, 98)]
[(110, 76), (111, 76), (105, 77), (106, 77), (107, 77), (108, 77), (109, 77), (112, 77), (100, 78), (101, 78), (102, 78), (103, 78), (104, 78), (95, 79), (96, 79), (97, 79), (98, 79), (99, 79), (111, 81), (94, 83), (110, 86), (93, 88), (109, 91), (92, 93), (108, 93), (109, 93), (103, 94), (104, 94), (105, 94), (106, 94), (107, 94), (92, 95), (98, 95), (99, 95), (100, 95), (101, 95), (102, 95), (93, 96), (94, 96), (95, 96), (96, 96), (97, 96)]
[(108, 93), (109, 93), (103, 94), (104, 94), (105, 94), (106, 94), (107, 94), (110, 94), (98, 95), (99, 95), (100, 95), (101, 95), (102, 95), (93, 96), (94, 96), (95, 96), (96, 96), (97, 96), (109, 98), (92, 100), (108, 103), (91, 105), (107, 108), (90, 110), (106, 110), (107, 110), (101, 111), (102, 111), (103, 111), (104, 111), (105, 111), (90, 112), (96, 112), (97, 112), (98, 112), (99, 112), (100, 112), (91, 113), (92, 113), (93, 113), (94, 113), (95, 113)]
[(110, 94), (111, 94), (112, 94), (113, 94), (114, 94), (109, 98), (108, 103), (107, 108), (107, 110), (113, 110), (114, 110), (108, 111), (109, 111), (110, 111), (111, 111), (112, 111)]
[(46, 50), (47, 50), (41, 51), (42, 51), (43, 51), (44, 51), (45, 51), (48, 51), (36, 52), (37, 52), (38, 52), (39, 52), (40, 52), (31, 53), (32, 53), (33, 53), (34, 53), (35, 53), (47, 55), (30, 57), (46, 60), (29, 62), (45, 65), (28, 67), (44, 67), (45, 67), (39, 68), (40, 68), (41, 68), (42, 68), (43, 68), (28, 69), (34, 69), (35, 69), (36, 69), (37, 69), (38, 69), (29, 70), (30, 70), (31, 70), (32, 70), (33, 70)]
[(44, 67), (45, 67), (39, 68), (40, 68), (41, 68), (42, 68), (43, 68), (46, 68), (34, 69), (35, 69), (36, 69), (37, 69), (38, 69), (29, 70), (30, 70), (31, 70), (32, 70), (33, 70), (45, 72), (28, 74), (44, 77), (27, 79), (43, 82), (26, 84), (42, 84), (43, 84), (37, 85), (38, 85), (39, 85), (40, 85), (41, 85), (26, 86), (32, 86), (33, 86), (34, 86), (35, 86), (36, 86), (27, 87), (28, 87), (29, 87), (30, 87), (31, 87)]
[(61, 65), (62, 65), (56, 66), (57, 66), (58, 66), (59, 66), (60, 66), (63, 66), (51, 67), (52, 67), (53, 67), (54, 67), (55, 67), (46, 68), (47, 68), (48, 68), (49, 68), (50, 68), (62, 70), (45, 72), (61, 75), (44, 77), (60, 80), (43, 82), (59, 82), (60, 82), (54, 83), (55, 83), (56, 83), (57, 83), (58, 83), (43, 84), (49, 84), (50, 84), (51, 84), (52, 84), (53, 84), (44, 85), (45, 85), (46, 85), (47, 85), (48, 85)]
[(59, 82), (60, 82), (54, 83), (55, 83), (56, 83), (57, 83), (58, 83), (61, 83), (49, 84), (50, 84), (51, 84), (52, 84), (53, 84), (44, 85), (45, 85), (46, 85), (47, 85), (48, 85), (60, 87), (43, 89), (59, 92), (42, 94), (58, 97), (41, 99), (57, 99), (58, 99), (52, 100), (53, 100), (54, 100), (55, 100), (56, 100), (41, 101), (47, 101), (48, 101), (49, 101), (50, 101), (51, 101), (42, 102), (43, 102), (44, 102), (45, 102), (46, 102)]
[(76, 80), (77, 80), (71, 81), (72, 81), (73, 81), (74, 81), (75, 81), (78, 81), (66, 82), (67, 82), (68, 82), (69, 82), (70, 82), (61, 83), (62, 83), (63, 83), (64, 83), (65, 83), (77, 85), (60, 87), (76, 90), (59, 92), (75, 95), (58, 97), (74, 97), (75, 97), (69, 98), (70, 98), (71, 98), (72, 98), (73, 98), (58, 99), (64, 99), (65, 99), (66, 99), (67, 99), (68, 99), (59, 100), (60, 100), (61, 100), (62, 100), (63, 100)]
[(74, 97), (75, 97), (69, 98), (70, 98), (71, 98), (72, 98), (73, 98), (76, 98), (64, 99), (65, 99), (66, 99), (67, 99), (68, 99), (59, 100), (60, 100), (61, 100), (62, 100), (63, 100), (75, 102), (58, 104), (74, 107), (57, 109), (73, 112), (56, 114), (72, 114), (73, 114)]
[(91, 95), (92, 95), (86, 96), (87, 96), (88, 96), (89, 96), (90, 96), (93, 96), (81, 97), (82, 97), (83, 97), (84, 97), (85, 97), (76, 98), (77, 98), (78, 98), (79, 98), (80, 98), (92, 100), (75, 102), (91, 105), (74, 107), (90, 110), (73, 112), (89, 112), (90, 112), (84, 113), (85, 113), (86, 113), (87, 113), (88, 113), (73, 114), (79, 114), (80, 114), (81, 114), (82, 114), (83, 114)]
[(89, 112), (90, 112), (84, 113), (85, 113), (86, 113), (87, 113), (88, 113), (91, 113), (79, 114), (80, 114), (81, 114), (82, 114), (83, 114)]
[(106, 110), (107, 110), (101, 111), (102, 111), (103, 111), (104, 111), (105, 111), (108, 111), (96, 112), (97, 112), (98, 112), (99, 112), (100, 112), (91, 113), (92, 113), (93, 113), (94, 113), (95, 113)]
[(42, 84), (43, 84), (37, 85), (38, 85), (39, 85), (40, 85), (41, 85), (44, 85), (32, 86), (33, 86), (34, 86), (35, 86), (36, 86), (27, 87), (28, 87), (29, 87), (30, 87), (31, 87), (43, 89), (26, 91), (42, 94), (25, 96), (41, 99), (24, 101), (40, 101), (41, 101), (35, 102), (36, 102), (37, 102), (38, 102), (39, 102), (24, 103), (30, 103), (31, 103), (32, 103), (33, 103), (34, 103), (25, 104), (26, 104), (27, 104), (28, 104), (29, 104)]
[(40, 101), (41, 101), (35, 102), (36, 102), (37, 102), (38, 102), (39, 102), (42, 102), (30, 103), (31, 103), (32, 103), (33, 103), (34, 103), (25, 104), (26, 104), (27, 104), (28, 104), (29, 104), (41, 106), (24, 108), (40, 111), (23, 113)]
[(57, 99), (58, 99), (52, 100), (53, 100), (54, 100), (55, 100), (56, 100), (59, 100), (47, 101), (48, 101), (49, 101), (50, 101), (51, 101), (42, 102), (43, 102), (44, 102), (45, 102), (46, 102), (58, 104), (41, 106), (57, 109), (40, 111), (56, 114)]
[(72, 114), (73, 114)]
