[(112, 26), (109, 27), (110, 27), (111, 27), (113, 27), (106, 28), (107, 28), (108, 28), (114, 28), (102, 29), (103, 29), (104, 29), (105, 29), (99, 30), (100, 30), (101, 30), (95, 31), (96, 31), (97, 31), (98, 31), (94, 34), (93, 37), (92, 41), (91, 44), (90, 47), (90, 48), (91, 49), (114, 49), (92, 50), (114, 50), (93, 51), (111, 51), (112, 51), (113, 51), (94, 52), (108, 52), (109, 52), (110, 52), (95, 53), (104, 53), (105, 53), (106, 53), (107, 53), (96, 54), (101, 54), (102, 54), (103, 54), (97, 55), (98, 55), (99, 55), (100, 55)]
[(114, 49), (114, 50)]
[(64, 22), (61, 23), (62, 23), (63, 23), (65, 23), (58, 24), (59, 24), (60, 24), (66, 24), (54, 25), (55, 25), (56, 25), (57, 25), (67, 25), (51, 26), (52, 26), (53, 26), (68, 26), (47, 27), (48, 27), (49, 27), (50, 27), (69, 27), (70, 28), (71, 29), (46, 30), (70, 32), (45, 33), (69, 35), (44, 37), (68, 39), (43, 40), (67, 42), (42, 43), (42, 44), (43, 45), (66, 45), (44, 46), (66, 46), (45, 47), (63, 47), (64, 47), (65, 47), (46, 48), (60, 48), (61, 48), (62, 48), (47, 49), (56, 49), (57, 49), (58, 49), (59, 49), (48, 50), (53, 50), (54, 50), (55, 50), (49, 51), (50, 51), (51, 51), (52, 51)]
[(88, 24), (85, 25), (86, 25), (87, 25), (89, 25), (82, 26), (83, 26), (84, 26), (90, 26), (78, 27), (79, 27), (80, 27), (81, 27), (91, 27), (75, 28), (76, 28), (77, 28), (92, 28), (71, 29), (72, 29), (73, 29), (74, 29), (93, 29), (94, 30), (95, 31), (70, 32), (94, 34), (69, 35), (93, 37), (68, 39), (92, 41), (67, 42), (91, 44), (66, 45), (66, 46), (67, 47), (90, 47), (68, 48), (90, 48), (69, 49), (87, 49), (88, 49), (89, 49), (70, 50), (84, 50), (85, 50), (86, 50), (71, 51), (80, 51), (81, 51), (82, 51), (83, 51), (72, 52), (77, 52), (78, 52), (79, 52), (73, 53), (74, 53), (75, 53), (76, 53)]
[(90, 48), (87, 49), (88, 49), (89, 49), (91, 49), (84, 50), (85, 50), (86, 50), (92, 50), (80, 51), (81, 51), (82, 51), (83, 51), (93, 51), (77, 52), (78, 52), (79, 52), (94, 52), (73, 53), (74, 53), (75, 53), (76, 53), (95, 53), (96, 54), (97, 55), (72, 56), (96, 58), (71, 59), (95, 61), (70, 63), (94, 65), (69, 66), (93, 68), (68, 69), (68, 70), (69, 71), (92, 71), (70, 72), (92, 72), (71, 73), (89, 73), (90, 73), (91, 73), (72, 74), (86, 74), (87, 74), (88, 74), (73, 75), (82, 75), (83, 75), (84, 75), (85, 75), (74, 76), (79, 76), (80, 76), (81, 76), (75, 77), (76, 77), (77, 77), (78, 77)]
[(114, 50), (111, 51), (112, 51), (113, 51), (108, 52), (109, 52), (110, 52), (104, 53), (105, 53), (106, 53), (107, 53), (101, 54), (102, 54), (103, 54), (97, 55), (98, 55), (99, 55), (100, 55), (96, 58), (95, 61), (94, 65), (93, 68), (92, 71), (92, 72), (93, 73), (94, 74), (95, 75), (113, 75), (114, 75), (96, 76), (110, 76), (111, 76), (112, 76), (97, 77), (106, 77), (107, 77), (108, 77), (109, 77), (98, 78), (103, 78), (104, 78), (105, 78), (99, 79), (100, 79), (101, 79), (102, 79)]
[(113, 75), (114, 75), (110, 76), (111, 76), (112, 76), (106, 77), (107, 77), (108, 77), (109, 77), (103, 78), (104, 78), (105, 78), (99, 79), (100, 79), (101, 79), (102, 79), (98, 82), (97, 85), (96, 89), (95, 92), (94, 95), (94, 96), (95, 97), (96, 98), (97, 99), (98, 100), (112, 100), (113, 100), (114, 100), (99, 101), (108, 101), (109, 101), (110, 101), (111, 101), (100, 102), (105, 102), (106, 102), (107, 102), (101, 103), (102, 103), (103, 103), (104, 103)]
[(42, 44), (39, 45), (40, 45), (41, 45), (43, 45), (36, 46), (37, 46), (38, 46), (44, 46), (32, 47), (33, 47), (34, 47), (35, 47), (45, 47), (29, 48), (30, 48), (31, 48), (46, 48), (25, 49), (26, 49), (27, 49), (28, 49), (47, 49), (48, 50), (49, 51), (24, 52), (48, 54), (23, 55), (47, 57), (22, 59), (46, 61), (21, 62), (45, 64), (20, 65), (20, 66), (21, 67), (44, 67), (22, 68), (44, 68), (23, 69), (41, 69), (42, 69), (43, 69), (24, 70), (38, 70), (39, 70), (40, 70), (25, 71), (34, 71), (35, 71), (36, 71), (37, 71), (26, 72), (31, 72), (32, 72), (33, 72), (27, 73), (28, 73), (29, 73), (30, 73)]
[(66, 46), (63, 47), (64, 47), (65, 47), (67, 47), (60, 48), (61, 48), (62, 48), (68, 48), (56, 49), (57, 49), (58, 49), (59, 49), (69, 49), (53, 50), (54, 50), (55, 50), (70, 50), (49, 51), (50, 51), (51, 51), (52, 51), (71, 51), (72, 52), (73, 53), (48, 54), (72, 56), (47, 57), (71, 59), (46, 61), (70, 63), (45, 64), (69, 66), (44, 67), (44, 68), (45, 69), (68, 69), (46, 70), (68, 70), (47, 71), (65, 71), (66, 71), (67, 71), (48, 72), (62, 72), (63, 72), (64, 72), (49, 73), (58, 73), (59, 73), (60, 73), (61, 73), (50, 74), (55, 74), (56, 74), (57, 74), (51, 75), (52, 75), (53, 75), (54, 75)]
[(68, 70), (65, 71), (66, 71), (67, 71), (69, 71), (62, 72), (63, 72), (64, 72), (70, 72), (58, 73), (59, 73), (60, 73), (61, 73), (71, 73), (55, 74), (56, 74), (57, 74), (72, 74), (51, 75), (52, 75), (53, 75), (54, 75), (73, 75), (74, 76), (75, 77), (50, 78), (74, 80), (49, 81), (73, 83), (48, 85), (72, 87), (47, 88), (71, 90), (46, 91), (46, 92), (47, 93), (70, 93), (48, 94), (70, 94), (49, 95), (67, 95), (68, 95), (69, 95), (50, 96), (64, 96), (65, 96), (66, 96), (51, 97), (60, 97), (61, 97), (62, 97), (63, 97), (52, 98), (57, 98), (58, 98), (59, 98), (53, 99), (54, 99), (55, 99), (56, 99)]
[(92, 72), (89, 73), (90, 73), (91, 73), (93, 73), (86, 74), (87, 74), (88, 74), (94, 74), (82, 75), (83, 75), (84, 75), (85, 75), (95, 75), (79, 76), (80, 76), (81, 76), (96, 76), (75, 77), (76, 77), (77, 77), (78, 77), (97, 77), (98, 78), (99, 79), (74, 80), (98, 82), (73, 83), (97, 85), (72, 87), (96, 89), (71, 90), (95, 92), (70, 93), (70, 94), (71, 95), (94, 95), (72, 96), (94, 96), (73, 97), (91, 97), (92, 97), (93, 97), (74, 98), (88, 98), (89, 98), (90, 98), (75, 99), (84, 99), (85, 99), (86, 99), (87, 99), (76, 100), (81, 100), (82, 100), (83, 100), (77, 101), (78, 101), (79, 101), (80, 101)]
[(94, 96), (91, 97), (92, 97), (93, 97), (95, 97), (88, 98), (89, 98), (90, 98), (96, 98), (84, 99), (85, 99), (86, 99), (87, 99), (97, 99), (81, 100), (82, 100), (83, 100), (98, 100), (77, 101), (78, 101), (79, 101), (80, 101), (99, 101), (100, 102), (101, 103), (76, 104), (100, 106), (75, 107), (99, 109), (74, 111), (98, 113), (73, 114)]
[(112, 100), (113, 100), (114, 100), (108, 101), (109, 101), (110, 101), (111, 101), (105, 102), (106, 102), (107, 102), (101, 103), (102, 103), (103, 103), (104, 103), (100, 106), (99, 109), (98, 113)]
[(44, 68), (41, 69), (42, 69), (43, 69), (45, 69), (38, 70), (39, 70), (40, 70), (46, 70), (34, 71), (35, 71), (36, 71), (37, 71), (47, 71), (31, 72), (32, 72), (33, 72), (48, 72), (27, 73), (28, 73), (29, 73), (30, 73), (49, 73), (50, 74), (51, 75), (26, 76), (50, 78), (25, 79), (49, 81), (24, 83), (48, 85), (23, 86), (47, 88), (22, 89), (22, 90), (23, 91), (46, 91), (24, 92), (46, 92), (25, 93), (43, 93), (44, 93), (45, 93), (26, 94), (40, 94), (41, 94), (42, 94), (27, 95), (36, 95), (37, 95), (38, 95), (39, 95), (28, 96), (33, 96), (34, 96), (35, 96), (29, 97), (30, 97), (31, 97), (32, 97)]
[(46, 92), (43, 93), (44, 93), (45, 93), (47, 93), (40, 94), (41, 94), (42, 94), (48, 94), (36, 95), (37, 95), (38, 95), (39, 95), (49, 95), (33, 96), (34, 96), (35, 96), (50, 96), (29, 97), (30, 97), (31, 97), (32, 97), (51, 97), (52, 98), (53, 99), (28, 100), (52, 102), (27, 103), (51, 105), (26, 107), (50, 109), (25, 110), (49, 112), (24, 113), (24, 114)]
[(70, 94), (67, 95), (68, 95), (69, 95), (71, 95), (64, 96), (65, 96), (66, 96), (72, 96), (60, 97), (61, 97), (62, 97), (63, 97), (73, 97), (57, 98), (58, 98), (59, 98), (74, 98), (53, 99), (54, 99), (55, 99), (56, 99), (75, 99), (76, 100), (77, 101), (52, 102), (76, 104), (51, 105), (75, 107), (50, 109), (74, 111), (49, 112), (73, 114)]
