[(92, 46), (93, 46), (89, 47), (90, 47), (91, 47), (94, 47), (86, 48), (87, 48), (88, 48), (95, 48), (84, 49), (85, 49), (96, 49), (81, 50), (82, 50), (83, 50), (97, 50), (78, 51), (79, 51), (80, 51), (98, 51), (99, 52), (77, 53), (98, 54), (76, 56), (97, 57), (75, 59), (96, 60), (74, 61), (95, 62), (73, 64), (94, 65), (73, 66), (74, 67), (93, 67), (94, 67), (75, 68), (90, 68), (91, 68), (92, 68), (76, 69), (87, 69), (88, 69), (89, 69), (77, 70), (85, 70), (86, 70), (78, 71), (82, 71), (83, 71), (84, 71), (79, 72), (80, 72), (81, 72)]
[(113, 47), (114, 47), (110, 48), (111, 48), (112, 48), (107, 49), (108, 49), (109, 49), (105, 50), (106, 50), (102, 51), (103, 51), (104, 51), (99, 52), (100, 52), (101, 52), (98, 54), (97, 57), (96, 60), (95, 62), (94, 65), (94, 67), (95, 68), (114, 68), (96, 69), (111, 69), (112, 69), (113, 69), (97, 70), (108, 70), (109, 70), (110, 70), (98, 71), (106, 71), (107, 71), (99, 72), (103, 72), (104, 72), (105, 72), (100, 73), (101, 73), (102, 73)]
[(114, 68), (111, 69), (112, 69), (113, 69), (108, 70), (109, 70), (110, 70), (106, 71), (107, 71), (103, 72), (104, 72), (105, 72), (100, 73), (101, 73), (102, 73), (99, 75), (98, 78), (97, 81), (96, 83), (95, 86), (95, 88), (96, 89), (97, 90), (112, 90), (113, 90), (114, 90), (98, 91), (109, 91), (110, 91), (111, 91), (99, 92), (107, 92), (108, 92), (100, 93), (104, 93), (105, 93), (106, 93), (101, 94), (102, 94), (103, 94)]
[(50, 44), (51, 44), (47, 45), (48, 45), (49, 45), (52, 45), (44, 46), (45, 46), (46, 46), (53, 46), (42, 47), (43, 47), (54, 47), (39, 48), (40, 48), (41, 48), (55, 48), (36, 49), (37, 49), (38, 49), (56, 49), (57, 50), (35, 51), (56, 52), (34, 54), (55, 55), (33, 57), (54, 58), (32, 59), (53, 60), (31, 62), (52, 63), (31, 64), (32, 65), (51, 65), (52, 65), (33, 66), (48, 66), (49, 66), (50, 66), (34, 67), (45, 67), (46, 67), (47, 67), (35, 68), (43, 68), (44, 68), (36, 69), (40, 69), (41, 69), (42, 69), (37, 70), (38, 70), (39, 70)]
[(71, 45), (72, 45), (68, 46), (69, 46), (70, 46), (73, 46), (65, 47), (66, 47), (67, 47), (74, 47), (63, 48), (64, 48), (75, 48), (60, 49), (61, 49), (62, 49), (76, 49), (57, 50), (58, 50), (59, 50), (77, 50), (78, 51), (56, 52), (77, 53), (55, 55), (76, 56), (54, 58), (75, 59), (53, 60), (74, 61), (52, 63), (73, 64), (52, 65), (53, 66), (72, 66), (73, 66), (54, 67), (69, 67), (70, 67), (71, 67), (55, 68), (66, 68), (67, 68), (68, 68), (56, 69), (64, 69), (65, 69), (57, 70), (61, 70), (62, 70), (63, 70), (58, 71), (59, 71), (60, 71)]
[(72, 66), (73, 66), (69, 67), (70, 67), (71, 67), (74, 67), (66, 68), (67, 68), (68, 68), (75, 68), (64, 69), (65, 69), (76, 69), (61, 70), (62, 70), (63, 70), (77, 70), (58, 71), (59, 71), (60, 71), (78, 71), (79, 72), (57, 73), (78, 74), (56, 76), (77, 77), (55, 79), (76, 80), (54, 81), (75, 82), (53, 84), (74, 85), (53, 86), (54, 87), (73, 87), (74, 87), (55, 88), (70, 88), (71, 88), (72, 88), (56, 89), (67, 89), (68, 89), (69, 89), (57, 90), (65, 90), (66, 90), (58, 91), (62, 91), (63, 91), (64, 91), (59, 92), (60, 92), (61, 92)]
[(93, 67), (94, 67), (90, 68), (91, 68), (92, 68), (95, 68), (87, 69), (88, 69), (89, 69), (96, 69), (85, 70), (86, 70), (97, 70), (82, 71), (83, 71), (84, 71), (98, 71), (79, 72), (80, 72), (81, 72), (99, 72), (100, 73), (78, 74), (99, 75), (77, 77), (98, 78), (76, 80), (97, 81), (75, 82), (96, 83), (74, 85), (95, 86), (74, 87), (75, 88), (94, 88), (95, 88), (76, 89), (91, 89), (92, 89), (93, 89), (77, 90), (88, 90), (89, 90), (90, 90), (78, 91), (86, 91), (87, 91), (79, 92), (83, 92), (84, 92), (85, 92), (80, 93), (81, 93), (82, 93)]
[(94, 88), (95, 88), (91, 89), (92, 89), (93, 89), (96, 89), (88, 90), (89, 90), (90, 90), (97, 90), (86, 91), (87, 91), (98, 91), (83, 92), (84, 92), (85, 92), (99, 92), (80, 93), (81, 93), (82, 93), (100, 93), (101, 94), (79, 95), (100, 96), (78, 98), (99, 99), (77, 101), (98, 102), (76, 103), (97, 104), (75, 106), (96, 107), (75, 108), (76, 109), (95, 109), (96, 109), (77, 110), (92, 110), (93, 110), (94, 110), (78, 111), (89, 111), (90, 111), (91, 111), (79, 112), (87, 112), (88, 112), (80, 113), (84, 113), (85, 113), (86, 113), (81, 114), (82, 114), (83, 114)]
[(112, 90), (113, 90), (114, 90), (109, 91), (110, 91), (111, 91), (107, 92), (108, 92), (104, 93), (105, 93), (106, 93), (101, 94), (102, 94), (103, 94), (100, 96), (99, 99), (98, 102), (97, 104), (96, 107), (96, 109), (97, 110), (98, 111), (113, 111), (114, 111), (99, 112), (110, 112), (111, 112), (112, 112), (100, 113), (108, 113), (109, 113), (101, 114), (105, 114), (106, 114), (107, 114)]
[(30, 64), (31, 64), (27, 65), (28, 65), (29, 65), (32, 65), (24, 66), (25, 66), (26, 66), (33, 66), (22, 67), (23, 67), (34, 67), (19, 68), (20, 68), (21, 68), (35, 68), (16, 69), (17, 69), (18, 69), (36, 69), (37, 70), (15, 71), (36, 72), (14, 74), (35, 75), (13, 77), (34, 78), (12, 79), (33, 80), (11, 82), (32, 83), (11, 84), (12, 85), (31, 85), (32, 85), (13, 86), (28, 86), (29, 86), (30, 86), (14, 87), (25, 87), (26, 87), (27, 87), (15, 88), (23, 88), (24, 88), (16, 89), (20, 89), (21, 89), (22, 89), (17, 90), (18, 90), (19, 90)]
[(51, 65), (52, 65), (48, 66), (49, 66), (50, 66), (53, 66), (45, 67), (46, 67), (47, 67), (54, 67), (43, 68), (44, 68), (55, 68), (40, 69), (41, 69), (42, 69), (56, 69), (37, 70), (38, 70), (39, 70), (57, 70), (58, 71), (36, 72), (57, 73), (35, 75), (56, 76), (34, 78), (55, 79), (33, 80), (54, 81), (32, 83), (53, 84), (32, 85), (33, 86), (52, 86), (53, 86), (34, 87), (49, 87), (50, 87), (51, 87), (35, 88), (46, 88), (47, 88), (48, 88), (36, 89), (44, 89), (45, 89), (37, 90), (41, 90), (42, 90), (43, 90), (38, 91), (39, 91), (40, 91)]
[(52, 86), (53, 86), (49, 87), (50, 87), (51, 87), (54, 87), (46, 88), (47, 88), (48, 88), (55, 88), (44, 89), (45, 89), (56, 89), (41, 90), (42, 90), (43, 90), (57, 90), (38, 91), (39, 91), (40, 91), (58, 91), (59, 92), (37, 93), (58, 94), (36, 96), (57, 97), (35, 99), (56, 100), (34, 101), (55, 102), (33, 104), (54, 105), (33, 106), (34, 107), (53, 107), (54, 107), (35, 108), (50, 108), (51, 108), (52, 108), (36, 109), (47, 109), (48, 109), (49, 109), (37, 110), (45, 110), (46, 110), (38, 111), (42, 111), (43, 111), (44, 111), (39, 112), (40, 112), (41, 112)]
[(73, 87), (74, 87), (70, 88), (71, 88), (72, 88), (75, 88), (67, 89), (68, 89), (69, 89), (76, 89), (65, 90), (66, 90), (77, 90), (62, 91), (63, 91), (64, 91), (78, 91), (59, 92), (60, 92), (61, 92), (79, 92), (80, 93), (58, 94), (79, 95), (57, 97), (78, 98), (56, 100), (77, 101), (55, 102), (76, 103), (54, 105), (75, 106), (54, 107), (55, 108), (74, 108), (75, 108), (56, 109), (71, 109), (72, 109), (73, 109), (57, 110), (68, 110), (69, 110), (70, 110), (58, 111), (66, 111), (67, 111), (59, 112), (63, 112), (64, 112), (65, 112), (60, 113), (61, 113), (62, 113)]
[(74, 108), (75, 108), (71, 109), (72, 109), (73, 109), (76, 109), (68, 110), (69, 110), (70, 110), (77, 110), (66, 111), (67, 111), (78, 111), (63, 112), (64, 112), (65, 112), (79, 112), (60, 113), (61, 113), (62, 113), (80, 113), (81, 114)]
[(95, 109), (96, 109), (92, 110), (93, 110), (94, 110), (97, 110), (89, 111), (90, 111), (91, 111), (98, 111), (87, 112), (88, 112), (99, 112), (84, 113), (85, 113), (86, 113), (100, 113), (81, 114), (82, 114), (83, 114), (101, 114)]
[(31, 85), (32, 85), (28, 86), (29, 86), (30, 86), (33, 86), (25, 87), (26, 87), (27, 87), (34, 87), (23, 88), (24, 88), (35, 88), (20, 89), (21, 89), (22, 89), (36, 89), (17, 90), (18, 90), (19, 90), (37, 90), (38, 91), (16, 92), (37, 93), (15, 95), (36, 96), (14, 98), (35, 99), (13, 100), (34, 101), (12, 103), (33, 104), (12, 105), (13, 106), (32, 106), (33, 106), (14, 107), (29, 107), (30, 107), (31, 107), (15, 108), (26, 108), (27, 108), (28, 108), (16, 109), (24, 109), (25, 109), (17, 110), (21, 110), (22, 110), (23, 110), (18, 111), (19, 111), (20, 111)]
[(32, 106), (33, 106), (29, 107), (30, 107), (31, 107), (34, 107), (26, 108), (27, 108), (28, 108), (35, 108), (24, 109), (25, 109), (36, 109), (21, 110), (22, 110), (23, 110), (37, 110), (18, 111), (19, 111), (20, 111), (38, 111), (39, 112), (17, 113), (38, 114)]
[(53, 107), (54, 107), (50, 108), (51, 108), (52, 108), (55, 108), (47, 109), (48, 109), (49, 109), (56, 109), (45, 110), (46, 110), (57, 110), (42, 111), (43, 111), (44, 111), (58, 111), (39, 112), (40, 112), (41, 112), (59, 112), (60, 113), (38, 114)]
