[(114, 53), (113, 55), (112, 57), (111, 59), (110, 61), (109, 63), (108, 65), (108, 66), (109, 67), (110, 68), (111, 69), (112, 70), (113, 71), (114, 72)]
[(80, 38), (78, 39), (79, 39), (81, 39), (76, 40), (77, 40), (82, 40), (74, 41), (75, 41), (83, 41), (72, 42), (73, 42), (84, 42), (70, 43), (71, 43), (85, 43), (68, 44), (69, 44), (86, 44), (66, 45), (67, 45), (87, 45), (64, 46), (65, 46), (88, 46), (62, 47), (63, 47), (60, 48), (61, 48), (87, 48), (57, 49), (58, 49), (59, 49), (86, 50), (56, 51), (85, 52), (55, 53), (84, 54), (54, 55), (83, 56), (53, 57), (82, 58), (52, 59), (81, 60), (51, 61), (80, 62), (50, 63), (79, 64), (49, 65), (78, 66), (48, 67), (77, 68), (47, 69), (77, 69), (75, 70), (76, 70), (46, 71), (73, 71), (74, 71), (46, 72), (71, 72), (72, 72), (47, 73), (69, 73), (70, 73), (48, 74), (67, 74), (68, 74), (49, 75), (65, 75), (66, 75), (50, 76), (63, 76), (64, 76), (51, 77), (61, 77), (62, 77), (52, 78), (59, 78), (60, 78), (53, 79), (57, 79), (58, 79), (54, 80), (55, 80), (56, 80)]
[(111, 35), (109, 36), (110, 36), (112, 36), (107, 37), (108, 37), (113, 37), (105, 38), (106, 38), (114, 38), (103, 39), (104, 39), (101, 40), (102, 40), (99, 41), (100, 41), (97, 42), (98, 42), (95, 43), (96, 43), (93, 44), (94, 44), (91, 45), (92, 45), (88, 46), (89, 46), (90, 46), (87, 48), (86, 50), (85, 52), (114, 53), (84, 54), (113, 55), (83, 56), (112, 57), (82, 58), (111, 59), (81, 60), (110, 61), (80, 62), (109, 63), (79, 64), (108, 65), (78, 66), (108, 66), (106, 67), (107, 67), (77, 68), (104, 68), (105, 68), (77, 69), (102, 69), (103, 69), (78, 70), (100, 70), (101, 70), (79, 71), (98, 71), (99, 71), (80, 72), (96, 72), (97, 72), (81, 73), (94, 73), (95, 73), (82, 74), (92, 74), (93, 74), (83, 75), (90, 75), (91, 75), (84, 76), (88, 76), (89, 76), (85, 77), (86, 77), (87, 77)]
[(108, 66), (106, 67), (107, 67), (109, 67), (104, 68), (105, 68), (110, 68), (102, 69), (103, 69), (111, 69), (100, 70), (101, 70), (112, 70), (98, 71), (99, 71), (113, 71), (96, 72), (97, 72), (114, 72), (94, 73), (95, 73), (92, 74), (93, 74), (90, 75), (91, 75), (88, 76), (89, 76), (85, 77), (86, 77), (87, 77), (114, 78), (84, 79), (113, 80), (83, 81), (112, 82), (82, 83), (111, 84), (81, 85), (110, 86), (80, 87), (109, 88), (79, 89), (108, 90), (78, 91), (107, 92), (77, 93), (106, 94), (76, 95), (105, 96), (75, 97), (105, 97), (103, 98), (104, 98), (74, 99), (101, 99), (102, 99), (74, 100), (99, 100), (100, 100), (75, 101), (97, 101), (98, 101), (76, 102), (95, 102), (96, 102), (77, 103), (93, 103), (94, 103), (78, 104), (91, 104), (92, 104), (79, 105), (89, 105), (90, 105), (80, 106), (87, 106), (88, 106), (81, 107), (85, 107), (86, 107), (82, 108), (83, 108), (84, 108)]
[(114, 78), (113, 80), (112, 82), (111, 84), (110, 86), (109, 88), (108, 90), (107, 92), (106, 94), (105, 96), (105, 97), (106, 98), (107, 99), (108, 100), (109, 101), (110, 102), (111, 103), (112, 104), (113, 105), (114, 105)]
[(113, 105), (114, 105), (112, 107), (111, 109), (110, 111), (109, 113)]
[(46, 72), (44, 73), (45, 73), (47, 73), (42, 74), (43, 74), (48, 74), (40, 75), (41, 75), (49, 75), (38, 76), (39, 76), (50, 76), (36, 77), (37, 77), (51, 77), (34, 78), (35, 78), (52, 78), (32, 79), (33, 79), (53, 79), (30, 80), (31, 80), (54, 80), (28, 81), (29, 81), (26, 82), (27, 82), (53, 82), (23, 83), (24, 83), (25, 83), (52, 84), (22, 85), (51, 86), (21, 87), (50, 88), (20, 89), (49, 90), (19, 91), (48, 92), (18, 93), (47, 94), (17, 95), (46, 96), (16, 97), (45, 98), (15, 99), (44, 100), (14, 101), (43, 102), (13, 103), (43, 103), (41, 104), (42, 104), (12, 105), (39, 105), (40, 105), (12, 106), (37, 106), (38, 106), (13, 107), (35, 107), (36, 107), (14, 108), (33, 108), (34, 108), (15, 109), (31, 109), (32, 109), (16, 110), (29, 110), (30, 110), (17, 111), (27, 111), (28, 111), (18, 112), (25, 112), (26, 112), (19, 113), (23, 113), (24, 113), (20, 114), (21, 114), (22, 114)]
[(77, 69), (75, 70), (76, 70), (78, 70), (73, 71), (74, 71), (79, 71), (71, 72), (72, 72), (80, 72), (69, 73), (70, 73), (81, 73), (67, 74), (68, 74), (82, 74), (65, 75), (66, 75), (83, 75), (63, 76), (64, 76), (84, 76), (61, 77), (62, 77), (85, 77), (59, 78), (60, 78), (57, 79), (58, 79), (84, 79), (54, 80), (55, 80), (56, 80), (83, 81), (53, 82), (82, 83), (52, 84), (81, 85), (51, 86), (80, 87), (50, 88), (79, 89), (49, 90), (78, 91), (48, 92), (77, 93), (47, 94), (76, 95), (46, 96), (75, 97), (45, 98), (74, 99), (44, 100), (74, 100), (72, 101), (73, 101), (43, 102), (70, 102), (71, 102), (43, 103), (68, 103), (69, 103), (44, 104), (66, 104), (67, 104), (45, 105), (64, 105), (65, 105), (46, 106), (62, 106), (63, 106), (47, 107), (60, 107), (61, 107), (48, 108), (58, 108), (59, 108), (49, 109), (56, 109), (57, 109), (50, 110), (54, 110), (55, 110), (51, 111), (52, 111), (53, 111)]
[(74, 100), (72, 101), (73, 101), (75, 101), (70, 102), (71, 102), (76, 102), (68, 103), (69, 103), (77, 103), (66, 104), (67, 104), (78, 104), (64, 105), (65, 105), (79, 105), (62, 106), (63, 106), (80, 106), (60, 107), (61, 107), (81, 107), (58, 108), (59, 108), (82, 108), (56, 109), (57, 109), (54, 110), (55, 110), (81, 110), (51, 111), (52, 111), (53, 111), (80, 112), (50, 113), (79, 114)]
[(105, 97), (103, 98), (104, 98), (106, 98), (101, 99), (102, 99), (107, 99), (99, 100), (100, 100), (108, 100), (97, 101), (98, 101), (109, 101), (95, 102), (96, 102), (110, 102), (93, 103), (94, 103), (111, 103), (91, 104), (92, 104), (112, 104), (89, 105), (90, 105), (113, 105), (87, 106), (88, 106), (85, 107), (86, 107), (112, 107), (82, 108), (83, 108), (84, 108), (111, 109), (81, 110), (110, 111), (80, 112), (109, 113), (79, 114)]
[(43, 103), (41, 104), (42, 104), (44, 104), (39, 105), (40, 105), (45, 105), (37, 106), (38, 106), (46, 106), (35, 107), (36, 107), (47, 107), (33, 108), (34, 108), (48, 108), (31, 109), (32, 109), (49, 109), (29, 110), (30, 110), (50, 110), (27, 111), (28, 111), (51, 111), (25, 112), (26, 112), (23, 113), (24, 113), (50, 113), (20, 114), (21, 114), (22, 114)]
