[(113, 34), (114, 34), (109, 35), (110, 35), (111, 35), (112, 35), (104, 36), (105, 36), (106, 36), (107, 36), (108, 36), (103, 40), (102, 44), (101, 48), (101, 52), (102, 53), (103, 54), (104, 55), (105, 56), (106, 57), (112, 57), (113, 57), (114, 57), (107, 58), (108, 58), (109, 58), (110, 58), (111, 58)]
[(73, 27), (74, 27), (75, 27), (76, 27), (69, 28), (70, 28), (71, 28), (72, 28), (77, 28), (65, 29), (66, 29), (67, 29), (68, 29), (78, 29), (60, 30), (61, 30), (62, 30), (63, 30), (64, 30), (79, 30), (80, 31), (81, 32), (82, 33), (59, 34), (81, 37), (58, 38), (80, 41), (57, 42), (79, 45), (57, 46), (58, 47), (59, 48), (60, 49), (76, 49), (77, 49), (78, 49), (79, 49), (61, 50), (72, 50), (73, 50), (74, 50), (75, 50), (62, 51), (68, 51), (69, 51), (70, 51), (71, 51), (63, 52), (64, 52), (65, 52), (66, 52), (67, 52)]
[(95, 30), (96, 30), (97, 30), (98, 30), (91, 31), (92, 31), (93, 31), (94, 31), (99, 31), (87, 32), (88, 32), (89, 32), (90, 32), (100, 32), (82, 33), (83, 33), (84, 33), (85, 33), (86, 33), (101, 33), (102, 34), (103, 35), (104, 36), (81, 37), (103, 40), (80, 41), (102, 44), (79, 45), (101, 48), (79, 49), (80, 50), (81, 51), (82, 52), (98, 52), (99, 52), (100, 52), (101, 52), (83, 53), (94, 53), (95, 53), (96, 53), (97, 53), (84, 54), (90, 54), (91, 54), (92, 54), (93, 54), (85, 55), (86, 55), (87, 55), (88, 55), (89, 55)]
[(98, 52), (99, 52), (100, 52), (101, 52), (94, 53), (95, 53), (96, 53), (97, 53), (102, 53), (90, 54), (91, 54), (92, 54), (93, 54), (103, 54), (85, 55), (86, 55), (87, 55), (88, 55), (89, 55), (104, 55), (105, 56), (106, 57), (107, 58), (84, 59), (106, 62), (83, 63), (105, 66), (82, 67), (104, 70), (82, 71), (83, 72), (84, 73), (85, 74), (101, 74), (102, 74), (103, 74), (104, 74), (86, 75), (97, 75), (98, 75), (99, 75), (100, 75), (87, 76), (93, 76), (94, 76), (95, 76), (96, 76), (88, 77), (89, 77), (90, 77), (91, 77), (92, 77)]
[(112, 57), (113, 57), (114, 57), (107, 58), (108, 58), (109, 58), (110, 58), (111, 58), (106, 62), (105, 66), (104, 70), (104, 74), (105, 75), (106, 76), (107, 77), (108, 78), (109, 79), (110, 80), (111, 80), (112, 80), (113, 80), (114, 80)]
[(110, 80), (111, 80), (112, 80), (113, 80), (114, 80), (109, 84), (108, 88), (107, 92), (107, 96), (108, 97), (109, 98), (110, 99), (111, 100), (112, 101), (113, 102), (114, 102)]
[(54, 46), (55, 46), (56, 46), (57, 46), (50, 47), (51, 47), (52, 47), (53, 47), (58, 47), (46, 48), (47, 48), (48, 48), (49, 48), (59, 48), (41, 49), (42, 49), (43, 49), (44, 49), (45, 49), (60, 49), (61, 50), (62, 51), (63, 52), (40, 53), (62, 56), (39, 57), (61, 60), (38, 61), (60, 64), (38, 65), (39, 66), (40, 67), (41, 68), (57, 68), (58, 68), (59, 68), (60, 68), (42, 69), (53, 69), (54, 69), (55, 69), (56, 69), (43, 70), (49, 70), (50, 70), (51, 70), (52, 70), (44, 71), (45, 71), (46, 71), (47, 71), (48, 71)]
[(76, 49), (77, 49), (78, 49), (79, 49), (72, 50), (73, 50), (74, 50), (75, 50), (80, 50), (68, 51), (69, 51), (70, 51), (71, 51), (81, 51), (63, 52), (64, 52), (65, 52), (66, 52), (67, 52), (82, 52), (83, 53), (84, 54), (85, 55), (62, 56), (84, 59), (61, 60), (83, 63), (60, 64), (82, 67), (60, 68), (61, 69), (62, 70), (63, 71), (79, 71), (80, 71), (81, 71), (82, 71), (64, 72), (75, 72), (76, 72), (77, 72), (78, 72), (65, 73), (71, 73), (72, 73), (73, 73), (74, 73), (66, 74), (67, 74), (68, 74), (69, 74), (70, 74)]
[(79, 71), (80, 71), (81, 71), (82, 71), (75, 72), (76, 72), (77, 72), (78, 72), (83, 72), (71, 73), (72, 73), (73, 73), (74, 73), (84, 73), (66, 74), (67, 74), (68, 74), (69, 74), (70, 74), (85, 74), (86, 75), (87, 76), (88, 77), (65, 78), (87, 81), (64, 82), (86, 85), (63, 86), (85, 89), (63, 90), (64, 91), (65, 92), (66, 93), (82, 93), (83, 93), (84, 93), (85, 93), (67, 94), (78, 94), (79, 94), (80, 94), (81, 94), (68, 95), (74, 95), (75, 95), (76, 95), (77, 95), (69, 96), (70, 96), (71, 96), (72, 96), (73, 96)]
[(101, 74), (102, 74), (103, 74), (104, 74), (97, 75), (98, 75), (99, 75), (100, 75), (105, 75), (93, 76), (94, 76), (95, 76), (96, 76), (106, 76), (88, 77), (89, 77), (90, 77), (91, 77), (92, 77), (107, 77), (108, 78), (109, 79), (110, 80), (87, 81), (109, 84), (86, 85), (108, 88), (85, 89), (107, 92), (85, 93), (86, 94), (87, 95), (88, 96), (104, 96), (105, 96), (106, 96), (107, 96), (89, 97), (100, 97), (101, 97), (102, 97), (103, 97), (90, 98), (96, 98), (97, 98), (98, 98), (99, 98), (91, 99), (92, 99), (93, 99), (94, 99), (95, 99)]
[(104, 96), (105, 96), (106, 96), (107, 96), (100, 97), (101, 97), (102, 97), (103, 97), (108, 97), (96, 98), (97, 98), (98, 98), (99, 98), (109, 98), (91, 99), (92, 99), (93, 99), (94, 99), (95, 99), (110, 99), (111, 100), (112, 101), (113, 102), (90, 103), (112, 106), (89, 107), (111, 110), (88, 111), (110, 114)]
[(113, 102), (114, 102), (112, 106), (111, 110), (110, 114)]
[(57, 68), (58, 68), (59, 68), (60, 68), (53, 69), (54, 69), (55, 69), (56, 69), (61, 69), (49, 70), (50, 70), (51, 70), (52, 70), (62, 70), (44, 71), (45, 71), (46, 71), (47, 71), (48, 71), (63, 71), (64, 72), (65, 73), (66, 74), (43, 75), (65, 78), (42, 79), (64, 82), (41, 83), (63, 86), (41, 87), (42, 88), (43, 89), (44, 90), (60, 90), (61, 90), (62, 90), (63, 90), (45, 91), (56, 91), (57, 91), (58, 91), (59, 91), (46, 92), (52, 92), (53, 92), (54, 92), (55, 92), (47, 93), (48, 93), (49, 93), (50, 93), (51, 93)]
[(60, 90), (61, 90), (62, 90), (63, 90), (56, 91), (57, 91), (58, 91), (59, 91), (64, 91), (52, 92), (53, 92), (54, 92), (55, 92), (65, 92), (47, 93), (48, 93), (49, 93), (50, 93), (51, 93), (66, 93), (67, 94), (68, 95), (69, 96), (46, 97), (68, 100), (45, 101), (67, 104), (44, 105), (66, 108), (44, 109), (45, 110), (46, 111), (47, 112), (63, 112), (64, 112), (65, 112), (66, 112), (48, 113), (59, 113), (60, 113), (61, 113), (62, 113), (49, 114), (55, 114), (56, 114), (57, 114), (58, 114)]
[(82, 93), (83, 93), (84, 93), (85, 93), (78, 94), (79, 94), (80, 94), (81, 94), (86, 94), (74, 95), (75, 95), (76, 95), (77, 95), (87, 95), (69, 96), (70, 96), (71, 96), (72, 96), (73, 96), (88, 96), (89, 97), (90, 98), (91, 99), (68, 100), (90, 103), (67, 104), (89, 107), (66, 108), (88, 111), (66, 112), (67, 113), (68, 114)]
[(63, 112), (64, 112), (65, 112), (66, 112), (59, 113), (60, 113), (61, 113), (62, 113), (67, 113), (55, 114), (56, 114), (57, 114), (58, 114), (68, 114)]
