[(108, 20), (109, 20), (103, 21), (104, 21), (105, 21), (106, 21), (107, 21), (110, 21), (98, 22), (99, 22), (100, 22), (101, 22), (102, 22), (93, 23), (94, 23), (95, 23), (96, 23), (97, 23), (109, 25), (92, 27), (108, 30), (91, 32), (107, 35), (90, 37), (106, 37), (107, 37), (101, 38), (102, 38), (103, 38), (104, 38), (105, 38), (90, 39), (96, 39), (97, 39), (98, 39), (99, 39), (100, 39), (91, 40), (92, 40), (93, 40), (94, 40), (95, 40)]
[(110, 21), (111, 21), (112, 21), (113, 21), (114, 21), (109, 25), (108, 30), (107, 35), (107, 37), (113, 37), (114, 37), (108, 38), (109, 38), (110, 38), (111, 38), (112, 38)]
[(113, 37), (114, 37), (108, 38), (109, 38), (110, 38), (111, 38), (112, 38), (107, 42), (106, 47), (105, 52), (105, 54), (111, 54), (112, 54), (113, 54), (114, 54), (106, 55), (107, 55), (108, 55), (109, 55), (110, 55)]
[(74, 24), (75, 24), (69, 25), (70, 25), (71, 25), (72, 25), (73, 25), (76, 25), (64, 26), (65, 26), (66, 26), (67, 26), (68, 26), (59, 27), (60, 27), (61, 27), (62, 27), (63, 27), (75, 29), (58, 31), (74, 34), (57, 36), (73, 39), (56, 41), (72, 41), (73, 41), (67, 42), (68, 42), (69, 42), (70, 42), (71, 42), (56, 43), (62, 43), (63, 43), (64, 43), (65, 43), (66, 43), (57, 44), (58, 44), (59, 44), (60, 44), (61, 44)]
[(91, 22), (92, 22), (86, 23), (87, 23), (88, 23), (89, 23), (90, 23), (93, 23), (81, 24), (82, 24), (83, 24), (84, 24), (85, 24), (76, 25), (77, 25), (78, 25), (79, 25), (80, 25), (92, 27), (75, 29), (91, 32), (74, 34), (90, 37), (73, 39), (89, 39), (90, 39), (84, 40), (85, 40), (86, 40), (87, 40), (88, 40), (73, 41), (79, 41), (80, 41), (81, 41), (82, 41), (83, 41), (74, 42), (75, 42), (76, 42), (77, 42), (78, 42)]
[(89, 39), (90, 39), (84, 40), (85, 40), (86, 40), (87, 40), (88, 40), (91, 40), (79, 41), (80, 41), (81, 41), (82, 41), (83, 41), (74, 42), (75, 42), (76, 42), (77, 42), (78, 42), (90, 44), (73, 46), (89, 49), (72, 51), (88, 54), (71, 56), (87, 56), (88, 56), (82, 57), (83, 57), (84, 57), (85, 57), (86, 57), (71, 58), (77, 58), (78, 58), (79, 58), (80, 58), (81, 58), (72, 59), (73, 59), (74, 59), (75, 59), (76, 59)]
[(106, 37), (107, 37), (101, 38), (102, 38), (103, 38), (104, 38), (105, 38), (108, 38), (96, 39), (97, 39), (98, 39), (99, 39), (100, 39), (91, 40), (92, 40), (93, 40), (94, 40), (95, 40), (107, 42), (90, 44), (106, 47), (89, 49), (105, 52), (88, 54), (104, 54), (105, 54), (99, 55), (100, 55), (101, 55), (102, 55), (103, 55), (88, 56), (94, 56), (95, 56), (96, 56), (97, 56), (98, 56), (89, 57), (90, 57), (91, 57), (92, 57), (93, 57)]
[(104, 54), (105, 54), (99, 55), (100, 55), (101, 55), (102, 55), (103, 55), (106, 55), (94, 56), (95, 56), (96, 56), (97, 56), (98, 56), (89, 57), (90, 57), (91, 57), (92, 57), (93, 57), (105, 59), (88, 61), (104, 64), (87, 66), (103, 69), (86, 71), (102, 71), (103, 71), (97, 72), (98, 72), (99, 72), (100, 72), (101, 72), (86, 73), (92, 73), (93, 73), (94, 73), (95, 73), (96, 73), (87, 74), (88, 74), (89, 74), (90, 74), (91, 74)]
[(111, 54), (112, 54), (113, 54), (114, 54), (106, 55), (107, 55), (108, 55), (109, 55), (110, 55), (105, 59), (104, 64), (103, 69), (114, 70), (103, 71), (109, 71), (110, 71), (111, 71), (112, 71), (113, 71), (104, 72), (105, 72), (106, 72), (107, 72), (108, 72)]
[(114, 70), (109, 71), (110, 71), (111, 71), (112, 71), (113, 71), (104, 72), (105, 72), (106, 72), (107, 72), (108, 72), (103, 76), (102, 81), (101, 86), (112, 87), (113, 87), (114, 87), (101, 88), (107, 88), (108, 88), (109, 88), (110, 88), (111, 88), (102, 89), (103, 89), (104, 89), (105, 89), (106, 89)]
[(55, 43), (56, 43), (50, 44), (51, 44), (52, 44), (53, 44), (54, 44), (57, 44), (45, 45), (46, 45), (47, 45), (48, 45), (49, 45), (40, 46), (41, 46), (42, 46), (43, 46), (44, 46), (56, 48), (39, 50), (55, 53), (38, 55), (54, 58), (37, 60), (53, 60), (54, 60), (48, 61), (49, 61), (50, 61), (51, 61), (52, 61), (37, 62), (43, 62), (44, 62), (45, 62), (46, 62), (47, 62), (38, 63), (39, 63), (40, 63), (41, 63), (42, 63)]
[(72, 41), (73, 41), (67, 42), (68, 42), (69, 42), (70, 42), (71, 42), (74, 42), (62, 43), (63, 43), (64, 43), (65, 43), (66, 43), (57, 44), (58, 44), (59, 44), (60, 44), (61, 44), (73, 46), (56, 48), (72, 51), (55, 53), (71, 56), (54, 58), (70, 58), (71, 58), (65, 59), (66, 59), (67, 59), (68, 59), (69, 59), (54, 60), (60, 60), (61, 60), (62, 60), (63, 60), (64, 60), (55, 61), (56, 61), (57, 61), (58, 61), (59, 61)]
[(70, 58), (71, 58), (65, 59), (66, 59), (67, 59), (68, 59), (69, 59), (72, 59), (60, 60), (61, 60), (62, 60), (63, 60), (64, 60), (55, 61), (56, 61), (57, 61), (58, 61), (59, 61), (71, 63), (54, 65), (70, 68), (53, 70), (69, 73), (52, 75), (68, 75), (69, 75), (63, 76), (64, 76), (65, 76), (66, 76), (67, 76), (52, 77), (58, 77), (59, 77), (60, 77), (61, 77), (62, 77), (53, 78), (54, 78), (55, 78), (56, 78), (57, 78)]
[(87, 56), (88, 56), (82, 57), (83, 57), (84, 57), (85, 57), (86, 57), (89, 57), (77, 58), (78, 58), (79, 58), (80, 58), (81, 58), (72, 59), (73, 59), (74, 59), (75, 59), (76, 59), (88, 61), (71, 63), (87, 66), (70, 68), (86, 71), (69, 73), (85, 73), (86, 73), (80, 74), (81, 74), (82, 74), (83, 74), (84, 74), (69, 75), (75, 75), (76, 75), (77, 75), (78, 75), (79, 75), (70, 76), (71, 76), (72, 76), (73, 76), (74, 76)]
[(85, 73), (86, 73), (80, 74), (81, 74), (82, 74), (83, 74), (84, 74), (87, 74), (75, 75), (76, 75), (77, 75), (78, 75), (79, 75), (70, 76), (71, 76), (72, 76), (73, 76), (74, 76), (86, 78), (69, 80), (85, 83), (68, 85), (84, 88), (67, 90), (83, 90), (84, 90), (78, 91), (79, 91), (80, 91), (81, 91), (82, 91), (67, 92), (73, 92), (74, 92), (75, 92), (76, 92), (77, 92), (68, 93), (69, 93), (70, 93), (71, 93), (72, 93)]
[(102, 71), (103, 71), (97, 72), (98, 72), (99, 72), (100, 72), (101, 72), (104, 72), (92, 73), (93, 73), (94, 73), (95, 73), (96, 73), (87, 74), (88, 74), (89, 74), (90, 74), (91, 74), (103, 76), (86, 78), (102, 81), (85, 83), (101, 86), (84, 88), (100, 88), (101, 88), (95, 89), (96, 89), (97, 89), (98, 89), (99, 89), (84, 90), (90, 90), (91, 90), (92, 90), (93, 90), (94, 90), (85, 91), (86, 91), (87, 91), (88, 91), (89, 91)]
[(100, 88), (101, 88), (95, 89), (96, 89), (97, 89), (98, 89), (99, 89), (102, 89), (90, 90), (91, 90), (92, 90), (93, 90), (94, 90), (85, 91), (86, 91), (87, 91), (88, 91), (89, 91), (101, 93), (84, 95), (100, 98), (83, 100), (99, 103), (82, 105), (98, 105), (99, 105), (93, 106), (94, 106), (95, 106), (96, 106), (97, 106), (82, 107), (88, 107), (89, 107), (90, 107), (91, 107), (92, 107), (83, 108), (84, 108), (85, 108), (86, 108), (87, 108)]
[(112, 87), (113, 87), (114, 87), (107, 88), (108, 88), (109, 88), (110, 88), (111, 88), (102, 89), (103, 89), (104, 89), (105, 89), (106, 89), (101, 93), (100, 98), (99, 103), (110, 104), (111, 104), (112, 104), (113, 104), (114, 104), (99, 105), (105, 105), (106, 105), (107, 105), (108, 105), (109, 105), (100, 106), (101, 106), (102, 106), (103, 106), (104, 106)]
[(53, 60), (54, 60), (48, 61), (49, 61), (50, 61), (51, 61), (52, 61), (55, 61), (43, 62), (44, 62), (45, 62), (46, 62), (47, 62), (38, 63), (39, 63), (40, 63), (41, 63), (42, 63), (54, 65), (37, 67), (53, 70), (36, 72), (52, 75), (35, 77), (51, 77), (52, 77), (46, 78), (47, 78), (48, 78), (49, 78), (50, 78), (35, 79), (41, 79), (42, 79), (43, 79), (44, 79), (45, 79), (36, 80), (37, 80), (38, 80), (39, 80), (40, 80)]
[(51, 77), (52, 77), (46, 78), (47, 78), (48, 78), (49, 78), (50, 78), (53, 78), (41, 79), (42, 79), (43, 79), (44, 79), (45, 79), (36, 80), (37, 80), (38, 80), (39, 80), (40, 80), (52, 82), (35, 84), (51, 87), (34, 89), (50, 92), (33, 94), (49, 94), (50, 94), (44, 95), (45, 95), (46, 95), (47, 95), (48, 95), (33, 96), (39, 96), (40, 96), (41, 96), (42, 96), (43, 96), (34, 97), (35, 97), (36, 97), (37, 97), (38, 97)]
[(68, 75), (69, 75), (63, 76), (64, 76), (65, 76), (66, 76), (67, 76), (70, 76), (58, 77), (59, 77), (60, 77), (61, 77), (62, 77), (53, 78), (54, 78), (55, 78), (56, 78), (57, 78), (69, 80), (52, 82), (68, 85), (51, 87), (67, 90), (50, 92), (66, 92), (67, 92), (61, 93), (62, 93), (63, 93), (64, 93), (65, 93), (50, 94), (56, 94), (57, 94), (58, 94), (59, 94), (60, 94), (51, 95), (52, 95), (53, 95), (54, 95), (55, 95)]
[(66, 92), (67, 92), (61, 93), (62, 93), (63, 93), (64, 93), (65, 93), (68, 93), (56, 94), (57, 94), (58, 94), (59, 94), (60, 94), (51, 95), (52, 95), (53, 95), (54, 95), (55, 95), (67, 97), (50, 99), (66, 102), (49, 104), (65, 107), (48, 109), (64, 109), (65, 109), (59, 110), (60, 110), (61, 110), (62, 110), (63, 110), (48, 111), (54, 111), (55, 111), (56, 111), (57, 111), (58, 111), (49, 112), (50, 112), (51, 112), (52, 112), (53, 112)]
[(83, 90), (84, 90), (78, 91), (79, 91), (80, 91), (81, 91), (82, 91), (85, 91), (73, 92), (74, 92), (75, 92), (76, 92), (77, 92), (68, 93), (69, 93), (70, 93), (71, 93), (72, 93), (84, 95), (67, 97), (83, 100), (66, 102), (82, 105), (65, 107), (81, 107), (82, 107), (76, 108), (77, 108), (78, 108), (79, 108), (80, 108), (65, 109), (71, 109), (72, 109), (73, 109), (74, 109), (75, 109), (66, 110), (67, 110), (68, 110), (69, 110), (70, 110)]
[(81, 107), (82, 107), (76, 108), (77, 108), (78, 108), (79, 108), (80, 108), (83, 108), (71, 109), (72, 109), (73, 109), (74, 109), (75, 109), (66, 110), (67, 110), (68, 110), (69, 110), (70, 110), (82, 112), (65, 114)]
[(98, 105), (99, 105), (93, 106), (94, 106), (95, 106), (96, 106), (97, 106), (100, 106), (88, 107), (89, 107), (90, 107), (91, 107), (92, 107), (83, 108), (84, 108), (85, 108), (86, 108), (87, 108), (99, 110), (82, 112)]
[(49, 94), (50, 94), (44, 95), (45, 95), (46, 95), (47, 95), (48, 95), (51, 95), (39, 96), (40, 96), (41, 96), (42, 96), (43, 96), (34, 97), (35, 97), (36, 97), (37, 97), (38, 97), (50, 99), (33, 101), (49, 104), (32, 106), (48, 109), (31, 111), (47, 111), (48, 111), (42, 112), (43, 112), (44, 112), (45, 112), (46, 112), (31, 113), (37, 113), (38, 113), (39, 113), (40, 113), (41, 113), (32, 114), (33, 114), (34, 114), (35, 114), (36, 114)]
[(47, 111), (48, 111), (42, 112), (43, 112), (44, 112), (45, 112), (46, 112), (49, 112), (37, 113), (38, 113), (39, 113), (40, 113), (41, 113), (32, 114), (33, 114), (34, 114), (35, 114), (36, 114)]
[(64, 109), (65, 109), (59, 110), (60, 110), (61, 110), (62, 110), (63, 110), (66, 110), (54, 111), (55, 111), (56, 111), (57, 111), (58, 111), (49, 112), (50, 112), (51, 112), (52, 112), (53, 112), (65, 114)]
