[(78, 20), (79, 20), (80, 20), (74, 21), (75, 21), (76, 21), (77, 21), (81, 21), (71, 22), (72, 22), (73, 22), (82, 22), (67, 23), (68, 23), (69, 23), (70, 23), (83, 23), (63, 24), (64, 24), (65, 24), (66, 24), (82, 26), (62, 27), (81, 30), (61, 31), (80, 33), (60, 34), (79, 37), (59, 38), (77, 40), (78, 40), (79, 40), (59, 41), (73, 41), (74, 41), (75, 41), (76, 41), (60, 42), (70, 42), (71, 42), (72, 42), (61, 43), (66, 43), (67, 43), (68, 43), (69, 43), (62, 44), (63, 44), (64, 44), (65, 44)]
[(98, 19), (99, 19), (100, 19), (94, 20), (95, 20), (96, 20), (97, 20), (101, 20), (91, 21), (92, 21), (93, 21), (102, 21), (87, 22), (88, 22), (89, 22), (90, 22), (103, 22), (83, 23), (84, 23), (85, 23), (86, 23), (102, 25), (82, 26), (101, 29), (81, 30), (100, 32), (80, 33), (99, 36), (79, 37), (97, 39), (98, 39), (99, 39), (79, 40), (93, 40), (94, 40), (95, 40), (96, 40), (80, 41), (90, 41), (91, 41), (92, 41), (81, 42), (86, 42), (87, 42), (88, 42), (89, 42), (82, 43), (83, 43), (84, 43), (85, 43)]
[(97, 39), (98, 39), (99, 39), (93, 40), (94, 40), (95, 40), (96, 40), (100, 40), (90, 41), (91, 41), (92, 41), (101, 41), (86, 42), (87, 42), (88, 42), (89, 42), (102, 42), (82, 43), (83, 43), (84, 43), (85, 43), (101, 45), (81, 46), (100, 49), (80, 50), (99, 52), (79, 53), (98, 56), (78, 57), (96, 59), (97, 59), (98, 59), (78, 60), (92, 60), (93, 60), (94, 60), (95, 60), (79, 61), (89, 61), (90, 61), (91, 61), (80, 62), (85, 62), (86, 62), (87, 62), (88, 62), (81, 63), (82, 63), (83, 63), (84, 63)]
[(113, 39), (114, 39), (110, 40), (111, 40), (112, 40), (106, 41), (107, 41), (108, 41), (109, 41), (102, 42), (103, 42), (104, 42), (105, 42), (101, 45), (100, 49), (99, 52), (98, 56), (98, 59), (112, 59), (113, 59), (114, 59), (99, 60), (109, 60), (110, 60), (111, 60), (100, 61), (105, 61), (106, 61), (107, 61), (108, 61), (101, 62), (102, 62), (103, 62), (104, 62)]
[(112, 59), (113, 59), (114, 59), (109, 60), (110, 60), (111, 60), (105, 61), (106, 61), (107, 61), (108, 61), (101, 62), (102, 62), (103, 62), (104, 62), (100, 65), (99, 69), (98, 72), (97, 76), (97, 79), (111, 79), (112, 79), (113, 79), (114, 79), (98, 80), (108, 80), (109, 80), (110, 80), (99, 81), (104, 81), (105, 81), (106, 81), (107, 81), (100, 82), (101, 82), (102, 82), (103, 82)]
[(38, 22), (39, 22), (40, 22), (34, 23), (35, 23), (36, 23), (37, 23), (41, 23), (31, 24), (32, 24), (33, 24), (42, 24), (27, 25), (28, 25), (29, 25), (30, 25), (43, 25), (23, 26), (24, 26), (25, 26), (26, 26), (42, 28), (22, 29), (41, 32), (21, 33), (40, 35), (20, 36), (39, 39), (19, 40), (37, 42), (38, 42), (39, 42), (19, 43), (33, 43), (34, 43), (35, 43), (36, 43), (20, 44), (30, 44), (31, 44), (32, 44), (21, 45), (26, 45), (27, 45), (28, 45), (29, 45), (22, 46), (23, 46), (24, 46), (25, 46)]
[(58, 21), (59, 21), (60, 21), (54, 22), (55, 22), (56, 22), (57, 22), (61, 22), (51, 23), (52, 23), (53, 23), (62, 23), (47, 24), (48, 24), (49, 24), (50, 24), (63, 24), (43, 25), (44, 25), (45, 25), (46, 25), (62, 27), (42, 28), (61, 31), (41, 32), (60, 34), (40, 35), (59, 38), (39, 39), (57, 41), (58, 41), (59, 41), (39, 42), (53, 42), (54, 42), (55, 42), (56, 42), (40, 43), (50, 43), (51, 43), (52, 43), (41, 44), (46, 44), (47, 44), (48, 44), (49, 44), (42, 45), (43, 45), (44, 45), (45, 45)]
[(57, 41), (58, 41), (59, 41), (53, 42), (54, 42), (55, 42), (56, 42), (60, 42), (50, 43), (51, 43), (52, 43), (61, 43), (46, 44), (47, 44), (48, 44), (49, 44), (62, 44), (42, 45), (43, 45), (44, 45), (45, 45), (61, 47), (41, 48), (60, 51), (40, 52), (59, 54), (39, 55), (58, 58), (38, 59), (56, 61), (57, 61), (58, 61), (38, 62), (52, 62), (53, 62), (54, 62), (55, 62), (39, 63), (49, 63), (50, 63), (51, 63), (40, 64), (45, 64), (46, 64), (47, 64), (48, 64), (41, 65), (42, 65), (43, 65), (44, 65)]
[(77, 40), (78, 40), (79, 40), (73, 41), (74, 41), (75, 41), (76, 41), (80, 41), (70, 42), (71, 42), (72, 42), (81, 42), (66, 43), (67, 43), (68, 43), (69, 43), (82, 43), (62, 44), (63, 44), (64, 44), (65, 44), (81, 46), (61, 47), (80, 50), (60, 51), (79, 53), (59, 54), (78, 57), (58, 58), (76, 60), (77, 60), (78, 60), (58, 61), (72, 61), (73, 61), (74, 61), (75, 61), (59, 62), (69, 62), (70, 62), (71, 62), (60, 63), (65, 63), (66, 63), (67, 63), (68, 63), (61, 64), (62, 64), (63, 64), (64, 64)]
[(76, 60), (77, 60), (78, 60), (72, 61), (73, 61), (74, 61), (75, 61), (79, 61), (69, 62), (70, 62), (71, 62), (80, 62), (65, 63), (66, 63), (67, 63), (68, 63), (81, 63), (61, 64), (62, 64), (63, 64), (64, 64), (80, 66), (60, 67), (79, 70), (59, 71), (78, 73), (58, 74), (77, 77), (57, 78), (75, 80), (76, 80), (77, 80), (57, 81), (71, 81), (72, 81), (73, 81), (74, 81), (58, 82), (68, 82), (69, 82), (70, 82), (59, 83), (64, 83), (65, 83), (66, 83), (67, 83), (60, 84), (61, 84), (62, 84), (63, 84)]
[(96, 59), (97, 59), (98, 59), (92, 60), (93, 60), (94, 60), (95, 60), (99, 60), (89, 61), (90, 61), (91, 61), (100, 61), (85, 62), (86, 62), (87, 62), (88, 62), (101, 62), (81, 63), (82, 63), (83, 63), (84, 63), (100, 65), (80, 66), (99, 69), (79, 70), (98, 72), (78, 73), (97, 76), (77, 77), (95, 79), (96, 79), (97, 79), (77, 80), (91, 80), (92, 80), (93, 80), (94, 80), (78, 81), (88, 81), (89, 81), (90, 81), (79, 82), (84, 82), (85, 82), (86, 82), (87, 82), (80, 83), (81, 83), (82, 83), (83, 83)]
[(95, 79), (96, 79), (97, 79), (91, 80), (92, 80), (93, 80), (94, 80), (98, 80), (88, 81), (89, 81), (90, 81), (99, 81), (84, 82), (85, 82), (86, 82), (87, 82), (100, 82), (80, 83), (81, 83), (82, 83), (83, 83), (99, 85), (79, 86), (98, 89), (78, 90), (97, 92), (77, 93), (96, 96), (76, 97), (94, 99), (95, 99), (96, 99), (76, 100), (90, 100), (91, 100), (92, 100), (93, 100), (77, 101), (87, 101), (88, 101), (89, 101), (78, 102), (83, 102), (84, 102), (85, 102), (86, 102), (79, 103), (80, 103), (81, 103), (82, 103)]
[(111, 79), (112, 79), (113, 79), (114, 79), (108, 80), (109, 80), (110, 80), (104, 81), (105, 81), (106, 81), (107, 81), (100, 82), (101, 82), (102, 82), (103, 82), (99, 85), (98, 89), (97, 92), (96, 96), (114, 98), (96, 99), (110, 99), (111, 99), (112, 99), (113, 99), (97, 100), (107, 100), (108, 100), (109, 100), (98, 101), (103, 101), (104, 101), (105, 101), (106, 101), (99, 102), (100, 102), (101, 102), (102, 102)]
[(114, 98), (110, 99), (111, 99), (112, 99), (113, 99), (107, 100), (108, 100), (109, 100), (103, 101), (104, 101), (105, 101), (106, 101), (99, 102), (100, 102), (101, 102), (102, 102), (98, 105), (97, 109), (96, 112)]
[(17, 43), (18, 43), (19, 43), (13, 44), (14, 44), (15, 44), (16, 44), (20, 44), (10, 45), (11, 45), (12, 45), (21, 45), (6, 46), (7, 46), (8, 46), (9, 46), (22, 46), (2, 47), (3, 47), (4, 47), (5, 47), (21, 49), (1, 50), (20, 53), (0, 54), (19, 56), (18, 60), (16, 63), (17, 63), (18, 63), (12, 64), (13, 64), (14, 64), (15, 64), (9, 65), (10, 65), (11, 65), (0, 66), (5, 66), (6, 66), (7, 66), (8, 66), (1, 67), (2, 67), (3, 67), (4, 67)]
[(37, 42), (38, 42), (39, 42), (33, 43), (34, 43), (35, 43), (36, 43), (40, 43), (30, 44), (31, 44), (32, 44), (41, 44), (26, 45), (27, 45), (28, 45), (29, 45), (42, 45), (22, 46), (23, 46), (24, 46), (25, 46), (41, 48), (21, 49), (40, 52), (20, 53), (39, 55), (19, 56), (38, 59), (18, 60), (36, 62), (37, 62), (38, 62), (18, 63), (32, 63), (33, 63), (34, 63), (35, 63), (19, 64), (29, 64), (30, 64), (31, 64), (20, 65), (25, 65), (26, 65), (27, 65), (28, 65), (21, 66), (22, 66), (23, 66), (24, 66)]
[(36, 62), (37, 62), (38, 62), (32, 63), (33, 63), (34, 63), (35, 63), (39, 63), (29, 64), (30, 64), (31, 64), (40, 64), (25, 65), (26, 65), (27, 65), (28, 65), (41, 65), (21, 66), (22, 66), (23, 66), (24, 66), (40, 68), (20, 69), (39, 72), (19, 73), (38, 75), (18, 76), (37, 79), (17, 80), (35, 82), (36, 82), (37, 82), (17, 83), (31, 83), (32, 83), (33, 83), (34, 83), (18, 84), (28, 84), (29, 84), (30, 84), (19, 85), (24, 85), (25, 85), (26, 85), (27, 85), (20, 86), (21, 86), (22, 86), (23, 86)]
[(56, 61), (57, 61), (58, 61), (52, 62), (53, 62), (54, 62), (55, 62), (59, 62), (49, 63), (50, 63), (51, 63), (60, 63), (45, 64), (46, 64), (47, 64), (48, 64), (61, 64), (41, 65), (42, 65), (43, 65), (44, 65), (60, 67), (40, 68), (59, 71), (39, 72), (58, 74), (38, 75), (57, 78), (37, 79), (55, 81), (56, 81), (57, 81), (37, 82), (51, 82), (52, 82), (53, 82), (54, 82), (38, 83), (48, 83), (49, 83), (50, 83), (39, 84), (44, 84), (45, 84), (46, 84), (47, 84), (40, 85), (41, 85), (42, 85), (43, 85)]
[(55, 81), (56, 81), (57, 81), (51, 82), (52, 82), (53, 82), (54, 82), (58, 82), (48, 83), (49, 83), (50, 83), (59, 83), (44, 84), (45, 84), (46, 84), (47, 84), (60, 84), (40, 85), (41, 85), (42, 85), (43, 85), (59, 87), (39, 88), (58, 91), (38, 92), (57, 94), (37, 95), (56, 98), (36, 99), (54, 101), (55, 101), (56, 101), (36, 102), (50, 102), (51, 102), (52, 102), (53, 102), (37, 103), (47, 103), (48, 103), (49, 103), (38, 104), (43, 104), (44, 104), (45, 104), (46, 104), (39, 105), (40, 105), (41, 105), (42, 105)]
[(75, 80), (76, 80), (77, 80), (71, 81), (72, 81), (73, 81), (74, 81), (78, 81), (68, 82), (69, 82), (70, 82), (79, 82), (64, 83), (65, 83), (66, 83), (67, 83), (80, 83), (60, 84), (61, 84), (62, 84), (63, 84), (79, 86), (59, 87), (78, 90), (58, 91), (77, 93), (57, 94), (76, 97), (56, 98), (74, 100), (75, 100), (76, 100), (56, 101), (70, 101), (71, 101), (72, 101), (73, 101), (57, 102), (67, 102), (68, 102), (69, 102), (58, 103), (63, 103), (64, 103), (65, 103), (66, 103), (59, 104), (60, 104), (61, 104), (62, 104)]
[(74, 100), (75, 100), (76, 100), (70, 101), (71, 101), (72, 101), (73, 101), (77, 101), (67, 102), (68, 102), (69, 102), (78, 102), (63, 103), (64, 103), (65, 103), (66, 103), (79, 103), (59, 104), (60, 104), (61, 104), (62, 104), (78, 106), (58, 107), (77, 110), (57, 111), (76, 113), (56, 114)]
[(94, 99), (95, 99), (96, 99), (90, 100), (91, 100), (92, 100), (93, 100), (97, 100), (87, 101), (88, 101), (89, 101), (98, 101), (83, 102), (84, 102), (85, 102), (86, 102), (99, 102), (79, 103), (80, 103), (81, 103), (82, 103), (98, 105), (78, 106), (97, 109), (77, 110), (96, 112), (76, 113)]
[(16, 63), (17, 63), (18, 63), (12, 64), (13, 64), (14, 64), (15, 64), (19, 64), (9, 65), (10, 65), (11, 65), (20, 65), (5, 66), (6, 66), (7, 66), (8, 66), (21, 66), (1, 67), (2, 67), (3, 67), (4, 67), (20, 69), (0, 70), (19, 73), (18, 76), (17, 80), (15, 83), (16, 83), (17, 83), (11, 84), (12, 84), (13, 84), (14, 84), (8, 85), (9, 85), (10, 85), (4, 86), (5, 86), (6, 86), (7, 86), (0, 87), (1, 87), (2, 87), (3, 87)]
[(15, 83), (16, 83), (17, 83), (11, 84), (12, 84), (13, 84), (14, 84), (18, 84), (8, 85), (9, 85), (10, 85), (19, 85), (4, 86), (5, 86), (6, 86), (7, 86), (20, 86), (0, 87), (1, 87), (2, 87), (3, 87), (19, 89), (18, 93), (17, 96), (16, 100), (14, 103), (15, 103), (16, 103), (10, 104), (11, 104), (12, 104), (13, 104), (7, 105), (8, 105), (9, 105), (3, 106), (4, 106), (5, 106), (6, 106), (0, 107), (1, 107), (2, 107)]
[(35, 82), (36, 82), (37, 82), (31, 83), (32, 83), (33, 83), (34, 83), (38, 83), (28, 84), (29, 84), (30, 84), (39, 84), (24, 85), (25, 85), (26, 85), (27, 85), (40, 85), (20, 86), (21, 86), (22, 86), (23, 86), (39, 88), (19, 89), (38, 92), (18, 93), (37, 95), (17, 96), (36, 99), (16, 100), (34, 102), (35, 102), (36, 102), (16, 103), (30, 103), (31, 103), (32, 103), (33, 103), (17, 104), (27, 104), (28, 104), (29, 104), (18, 105), (23, 105), (24, 105), (25, 105), (26, 105), (19, 106), (20, 106), (21, 106), (22, 106)]
[(34, 102), (35, 102), (36, 102), (30, 103), (31, 103), (32, 103), (33, 103), (37, 103), (27, 104), (28, 104), (29, 104), (38, 104), (23, 105), (24, 105), (25, 105), (26, 105), (39, 105), (19, 106), (20, 106), (21, 106), (22, 106), (38, 108), (18, 109), (37, 112), (17, 113)]
[(54, 101), (55, 101), (56, 101), (50, 102), (51, 102), (52, 102), (53, 102), (57, 102), (47, 103), (48, 103), (49, 103), (58, 103), (43, 104), (44, 104), (45, 104), (46, 104), (59, 104), (39, 105), (40, 105), (41, 105), (42, 105), (58, 107), (38, 108), (57, 111), (37, 112), (56, 114)]
[(14, 103), (15, 103), (16, 103), (10, 104), (11, 104), (12, 104), (13, 104), (17, 104), (7, 105), (8, 105), (9, 105), (18, 105), (3, 106), (4, 106), (5, 106), (6, 106), (19, 106), (0, 107), (1, 107), (2, 107), (18, 109), (17, 113)]
