[(80, 21), (81, 21), (82, 21), (78, 22), (79, 22), (83, 22), (75, 23), (76, 23), (77, 23), (84, 23), (72, 24), (73, 24), (74, 24), (85, 24), (70, 25), (71, 25), (86, 25), (67, 26), (68, 26), (69, 26), (87, 26), (64, 27), (65, 27), (66, 27), (88, 27), (63, 29), (87, 29), (62, 32), (86, 32), (61, 35), (85, 35), (60, 37), (84, 37), (59, 40), (83, 40), (58, 43), (82, 43), (57, 45), (58, 45), (80, 45), (81, 45), (82, 45), (59, 46), (78, 46), (79, 46), (60, 47), (75, 47), (76, 47), (77, 47), (61, 48), (72, 48), (73, 48), (74, 48), (62, 49), (70, 49), (71, 49), (63, 50), (67, 50), (68, 50), (69, 50), (64, 51), (65, 51), (66, 51)]
[(104, 21), (105, 21), (106, 21), (102, 22), (103, 22), (107, 22), (99, 23), (100, 23), (101, 23), (108, 23), (96, 24), (97, 24), (98, 24), (109, 24), (94, 25), (95, 25), (110, 25), (91, 26), (92, 26), (93, 26), (111, 26), (88, 27), (89, 27), (90, 27), (112, 27), (87, 29), (111, 29), (86, 32), (110, 32), (85, 35), (109, 35), (84, 37), (108, 37), (83, 40), (107, 40), (82, 43), (106, 43), (81, 45), (82, 45), (104, 45), (105, 45), (106, 45), (83, 46), (102, 46), (103, 46), (84, 47), (99, 47), (100, 47), (101, 47), (85, 48), (96, 48), (97, 48), (98, 48), (86, 49), (94, 49), (95, 49), (87, 50), (91, 50), (92, 50), (93, 50), (88, 51), (89, 51), (90, 51)]
[(104, 45), (105, 45), (106, 45), (102, 46), (103, 46), (107, 46), (99, 47), (100, 47), (101, 47), (108, 47), (96, 48), (97, 48), (98, 48), (109, 48), (94, 49), (95, 49), (110, 49), (91, 50), (92, 50), (93, 50), (111, 50), (88, 51), (89, 51), (90, 51), (112, 51), (87, 53), (111, 53), (86, 56), (110, 56), (85, 59), (109, 59), (84, 61), (108, 61), (83, 64), (107, 64), (82, 67), (106, 67), (81, 69), (82, 69), (104, 69), (105, 69), (106, 69), (83, 70), (102, 70), (103, 70), (84, 71), (99, 71), (100, 71), (101, 71), (85, 72), (96, 72), (97, 72), (98, 72), (86, 73), (94, 73), (95, 73), (87, 74), (91, 74), (92, 74), (93, 74), (88, 75), (89, 75), (90, 75)]
[(112, 51), (113, 51), (114, 51), (111, 53), (110, 56), (109, 59), (108, 61), (107, 64), (106, 67), (105, 69), (106, 69), (107, 70), (108, 71), (109, 72), (110, 73), (111, 74), (112, 75), (113, 75), (114, 75)]
[(112, 75), (113, 75), (114, 75), (111, 77), (110, 80), (109, 83), (108, 85), (107, 88), (106, 91), (105, 93), (106, 93), (107, 94), (108, 95), (109, 96), (110, 97), (111, 98), (112, 99), (113, 99), (114, 99)]
[(32, 21), (33, 21), (34, 21), (30, 22), (31, 22), (35, 22), (27, 23), (28, 23), (29, 23), (36, 23), (24, 24), (25, 24), (26, 24), (37, 24), (22, 25), (23, 25), (38, 25), (19, 26), (20, 26), (21, 26), (39, 26), (16, 27), (17, 27), (18, 27), (40, 27), (15, 29), (39, 29), (14, 32), (38, 32), (13, 35), (37, 35), (12, 37), (36, 37), (11, 40), (35, 40), (10, 43), (34, 43), (9, 45), (10, 45), (32, 45), (33, 45), (34, 45), (11, 46), (30, 46), (31, 46), (12, 47), (27, 47), (28, 47), (29, 47), (13, 48), (24, 48), (25, 48), (26, 48), (14, 49), (22, 49), (23, 49), (15, 50), (19, 50), (20, 50), (21, 50), (16, 51), (17, 51), (18, 51)]
[(56, 21), (57, 21), (58, 21), (54, 22), (55, 22), (59, 22), (51, 23), (52, 23), (53, 23), (60, 23), (48, 24), (49, 24), (50, 24), (61, 24), (46, 25), (47, 25), (62, 25), (43, 26), (44, 26), (45, 26), (63, 26), (40, 27), (41, 27), (42, 27), (64, 27), (39, 29), (63, 29), (38, 32), (62, 32), (37, 35), (61, 35), (36, 37), (60, 37), (35, 40), (59, 40), (34, 43), (58, 43), (33, 45), (34, 45), (56, 45), (57, 45), (58, 45), (35, 46), (54, 46), (55, 46), (36, 47), (51, 47), (52, 47), (53, 47), (37, 48), (48, 48), (49, 48), (50, 48), (38, 49), (46, 49), (47, 49), (39, 50), (43, 50), (44, 50), (45, 50), (40, 51), (41, 51), (42, 51)]
[(56, 45), (57, 45), (58, 45), (54, 46), (55, 46), (59, 46), (51, 47), (52, 47), (53, 47), (60, 47), (48, 48), (49, 48), (50, 48), (61, 48), (46, 49), (47, 49), (62, 49), (43, 50), (44, 50), (45, 50), (63, 50), (40, 51), (41, 51), (42, 51), (64, 51), (39, 53), (63, 53), (38, 56), (62, 56), (37, 59), (61, 59), (36, 61), (60, 61), (35, 64), (59, 64), (34, 67), (58, 67), (33, 69), (34, 69), (56, 69), (57, 69), (58, 69), (35, 70), (54, 70), (55, 70), (36, 71), (51, 71), (52, 71), (53, 71), (37, 72), (48, 72), (49, 72), (50, 72), (38, 73), (46, 73), (47, 73), (39, 74), (43, 74), (44, 74), (45, 74), (40, 75), (41, 75), (42, 75)]
[(80, 45), (81, 45), (82, 45), (78, 46), (79, 46), (83, 46), (75, 47), (76, 47), (77, 47), (84, 47), (72, 48), (73, 48), (74, 48), (85, 48), (70, 49), (71, 49), (86, 49), (67, 50), (68, 50), (69, 50), (87, 50), (64, 51), (65, 51), (66, 51), (88, 51), (63, 53), (87, 53), (62, 56), (86, 56), (61, 59), (85, 59), (60, 61), (84, 61), (59, 64), (83, 64), (58, 67), (82, 67), (57, 69), (58, 69), (80, 69), (81, 69), (82, 69), (59, 70), (78, 70), (79, 70), (60, 71), (75, 71), (76, 71), (77, 71), (61, 72), (72, 72), (73, 72), (74, 72), (62, 73), (70, 73), (71, 73), (63, 74), (67, 74), (68, 74), (69, 74), (64, 75), (65, 75), (66, 75)]
[(80, 69), (81, 69), (82, 69), (78, 70), (79, 70), (83, 70), (75, 71), (76, 71), (77, 71), (84, 71), (72, 72), (73, 72), (74, 72), (85, 72), (70, 73), (71, 73), (86, 73), (67, 74), (68, 74), (69, 74), (87, 74), (64, 75), (65, 75), (66, 75), (88, 75), (63, 77), (87, 77), (62, 80), (86, 80), (61, 83), (85, 83), (60, 85), (84, 85), (59, 88), (83, 88), (58, 91), (82, 91), (57, 93), (58, 93), (80, 93), (81, 93), (82, 93), (59, 94), (78, 94), (79, 94), (60, 95), (75, 95), (76, 95), (77, 95), (61, 96), (72, 96), (73, 96), (74, 96), (62, 97), (70, 97), (71, 97), (63, 98), (67, 98), (68, 98), (69, 98), (64, 99), (65, 99), (66, 99)]
[(104, 69), (105, 69), (106, 69), (102, 70), (103, 70), (107, 70), (99, 71), (100, 71), (101, 71), (108, 71), (96, 72), (97, 72), (98, 72), (109, 72), (94, 73), (95, 73), (110, 73), (91, 74), (92, 74), (93, 74), (111, 74), (88, 75), (89, 75), (90, 75), (112, 75), (87, 77), (111, 77), (86, 80), (110, 80), (85, 83), (109, 83), (84, 85), (108, 85), (83, 88), (107, 88), (82, 91), (106, 91), (81, 93), (82, 93), (104, 93), (105, 93), (106, 93), (83, 94), (102, 94), (103, 94), (84, 95), (99, 95), (100, 95), (101, 95), (85, 96), (96, 96), (97, 96), (98, 96), (86, 97), (94, 97), (95, 97), (87, 98), (91, 98), (92, 98), (93, 98), (88, 99), (89, 99), (90, 99)]
[(104, 93), (105, 93), (106, 93), (102, 94), (103, 94), (107, 94), (99, 95), (100, 95), (101, 95), (108, 95), (96, 96), (97, 96), (98, 96), (109, 96), (94, 97), (95, 97), (110, 97), (91, 98), (92, 98), (93, 98), (111, 98), (88, 99), (89, 99), (90, 99), (112, 99), (87, 101), (111, 101), (86, 104), (110, 104), (85, 107), (109, 107), (84, 109), (108, 109), (83, 112), (107, 112)]
[(112, 99), (113, 99), (114, 99), (111, 101), (110, 104), (109, 107), (108, 109), (107, 112)]
[(8, 45), (9, 45), (10, 45), (6, 46), (7, 46), (11, 46), (3, 47), (4, 47), (5, 47), (12, 47), (0, 48), (1, 48), (2, 48), (13, 48), (14, 49), (15, 50), (16, 51), (15, 53), (14, 56), (13, 59), (12, 61), (11, 64), (10, 67), (8, 69), (9, 69), (10, 69), (6, 70), (7, 70), (3, 71), (4, 71), (5, 71), (0, 72), (1, 72), (2, 72)]
[(32, 45), (33, 45), (34, 45), (30, 46), (31, 46), (35, 46), (27, 47), (28, 47), (29, 47), (36, 47), (24, 48), (25, 48), (26, 48), (37, 48), (22, 49), (23, 49), (38, 49), (19, 50), (20, 50), (21, 50), (39, 50), (16, 51), (17, 51), (18, 51), (40, 51), (15, 53), (39, 53), (14, 56), (38, 56), (13, 59), (37, 59), (12, 61), (36, 61), (11, 64), (35, 64), (10, 67), (34, 67), (9, 69), (10, 69), (32, 69), (33, 69), (34, 69), (11, 70), (30, 70), (31, 70), (12, 71), (27, 71), (28, 71), (29, 71), (13, 72), (24, 72), (25, 72), (26, 72), (14, 73), (22, 73), (23, 73), (15, 74), (19, 74), (20, 74), (21, 74), (16, 75), (17, 75), (18, 75)]
[(32, 69), (33, 69), (34, 69), (30, 70), (31, 70), (35, 70), (27, 71), (28, 71), (29, 71), (36, 71), (24, 72), (25, 72), (26, 72), (37, 72), (22, 73), (23, 73), (38, 73), (19, 74), (20, 74), (21, 74), (39, 74), (16, 75), (17, 75), (18, 75), (40, 75), (15, 77), (39, 77), (14, 80), (38, 80), (13, 83), (37, 83), (12, 85), (36, 85), (11, 88), (35, 88), (10, 91), (34, 91), (9, 93), (10, 93), (32, 93), (33, 93), (34, 93), (11, 94), (30, 94), (31, 94), (12, 95), (27, 95), (28, 95), (29, 95), (13, 96), (24, 96), (25, 96), (26, 96), (14, 97), (22, 97), (23, 97), (15, 98), (19, 98), (20, 98), (21, 98), (16, 99), (17, 99), (18, 99)]
[(56, 69), (57, 69), (58, 69), (54, 70), (55, 70), (59, 70), (51, 71), (52, 71), (53, 71), (60, 71), (48, 72), (49, 72), (50, 72), (61, 72), (46, 73), (47, 73), (62, 73), (43, 74), (44, 74), (45, 74), (63, 74), (40, 75), (41, 75), (42, 75), (64, 75), (39, 77), (63, 77), (38, 80), (62, 80), (37, 83), (61, 83), (36, 85), (60, 85), (35, 88), (59, 88), (34, 91), (58, 91), (33, 93), (34, 93), (56, 93), (57, 93), (58, 93), (35, 94), (54, 94), (55, 94), (36, 95), (51, 95), (52, 95), (53, 95), (37, 96), (48, 96), (49, 96), (50, 96), (38, 97), (46, 97), (47, 97), (39, 98), (43, 98), (44, 98), (45, 98), (40, 99), (41, 99), (42, 99)]
[(56, 93), (57, 93), (58, 93), (54, 94), (55, 94), (59, 94), (51, 95), (52, 95), (53, 95), (60, 95), (48, 96), (49, 96), (50, 96), (61, 96), (46, 97), (47, 97), (62, 97), (43, 98), (44, 98), (45, 98), (63, 98), (40, 99), (41, 99), (42, 99), (64, 99), (39, 101), (63, 101), (38, 104), (62, 104), (37, 107), (61, 107), (36, 109), (60, 109), (35, 112), (59, 112)]
[(80, 93), (81, 93), (82, 93), (78, 94), (79, 94), (83, 94), (75, 95), (76, 95), (77, 95), (84, 95), (72, 96), (73, 96), (74, 96), (85, 96), (70, 97), (71, 97), (86, 97), (67, 98), (68, 98), (69, 98), (87, 98), (64, 99), (65, 99), (66, 99), (88, 99), (63, 101), (87, 101), (62, 104), (86, 104), (61, 107), (85, 107), (60, 109), (84, 109), (59, 112), (83, 112)]
[(8, 69), (9, 69), (10, 69), (6, 70), (7, 70), (11, 70), (3, 71), (4, 71), (5, 71), (12, 71), (0, 72), (1, 72), (2, 72), (13, 72), (14, 73), (15, 74), (16, 75), (15, 77), (14, 80), (13, 83), (12, 85), (11, 88), (10, 91), (8, 93), (9, 93), (10, 93), (6, 94), (7, 94), (3, 95), (4, 95), (5, 95), (0, 96), (1, 96), (2, 96)]
[(8, 93), (9, 93), (10, 93), (6, 94), (7, 94), (11, 94), (3, 95), (4, 95), (5, 95), (12, 95), (0, 96), (1, 96), (2, 96), (13, 96), (14, 97), (15, 98), (16, 99), (15, 101), (14, 104), (13, 107), (12, 109), (11, 112)]
[(32, 93), (33, 93), (34, 93), (30, 94), (31, 94), (35, 94), (27, 95), (28, 95), (29, 95), (36, 95), (24, 96), (25, 96), (26, 96), (37, 96), (22, 97), (23, 97), (38, 97), (19, 98), (20, 98), (21, 98), (39, 98), (16, 99), (17, 99), (18, 99), (40, 99), (15, 101), (39, 101), (14, 104), (38, 104), (13, 107), (37, 107), (12, 109), (36, 109), (11, 112), (35, 112)]
