[(99, 12), (100, 12), (101, 12), (102, 12), (95, 13), (96, 13), (97, 13), (98, 13), (103, 13), (91, 14), (92, 14), (93, 14), (94, 14), (104, 14), (87, 15), (88, 15), (89, 15), (90, 15), (105, 15), (83, 16), (84, 16), (85, 16), (86, 16), (104, 18), (82, 19), (103, 22), (81, 23), (102, 26), (80, 27), (101, 30), (79, 31), (98, 34), (99, 34), (100, 34), (101, 34), (78, 35), (79, 35), (94, 35), (95, 35), (96, 35), (97, 35), (80, 36), (90, 36), (91, 36), (92, 36), (93, 36), (81, 37), (86, 37), (87, 37), (88, 37), (89, 37), (82, 38), (83, 38), (84, 38), (85, 38)]
[(113, 13), (114, 13), (109, 14), (110, 14), (111, 14), (112, 14), (105, 15), (106, 15), (107, 15), (108, 15), (104, 18), (103, 22), (102, 26), (101, 30), (100, 34), (101, 34), (102, 35), (112, 35), (113, 35), (114, 35), (103, 36), (108, 36), (109, 36), (110, 36), (111, 36), (104, 37), (105, 37), (106, 37), (107, 37)]
[(112, 35), (113, 35), (114, 35), (108, 36), (109, 36), (110, 36), (111, 36), (104, 37), (105, 37), (106, 37), (107, 37), (103, 40), (102, 44), (101, 48), (100, 52), (99, 56), (100, 56), (101, 57), (111, 57), (112, 57), (113, 57), (114, 57), (102, 58), (107, 58), (108, 58), (109, 58), (110, 58), (103, 59), (104, 59), (105, 59), (106, 59)]
[(55, 14), (56, 14), (57, 14), (58, 14), (51, 15), (52, 15), (53, 15), (54, 15), (59, 15), (47, 16), (48, 16), (49, 16), (50, 16), (60, 16), (43, 17), (44, 17), (45, 17), (46, 17), (61, 17), (39, 18), (40, 18), (41, 18), (42, 18), (60, 20), (38, 21), (59, 24), (37, 25), (58, 28), (36, 29), (57, 32), (35, 33), (54, 36), (55, 36), (56, 36), (57, 36), (34, 37), (35, 37), (50, 37), (51, 37), (52, 37), (53, 37), (36, 38), (46, 38), (47, 38), (48, 38), (49, 38), (37, 39), (42, 39), (43, 39), (44, 39), (45, 39), (38, 40), (39, 40), (40, 40), (41, 40)]
[(77, 13), (78, 13), (79, 13), (80, 13), (73, 14), (74, 14), (75, 14), (76, 14), (81, 14), (69, 15), (70, 15), (71, 15), (72, 15), (82, 15), (65, 16), (66, 16), (67, 16), (68, 16), (83, 16), (61, 17), (62, 17), (63, 17), (64, 17), (82, 19), (60, 20), (81, 23), (59, 24), (80, 27), (58, 28), (79, 31), (57, 32), (76, 35), (77, 35), (78, 35), (79, 35), (56, 36), (57, 36), (72, 36), (73, 36), (74, 36), (75, 36), (58, 37), (68, 37), (69, 37), (70, 37), (71, 37), (59, 38), (64, 38), (65, 38), (66, 38), (67, 38), (60, 39), (61, 39), (62, 39), (63, 39)]
[(76, 35), (77, 35), (78, 35), (79, 35), (72, 36), (73, 36), (74, 36), (75, 36), (80, 36), (68, 37), (69, 37), (70, 37), (71, 37), (81, 37), (64, 38), (65, 38), (66, 38), (67, 38), (82, 38), (60, 39), (61, 39), (62, 39), (63, 39), (81, 41), (59, 42), (80, 45), (58, 46), (79, 49), (57, 50), (78, 53), (56, 54), (75, 57), (76, 57), (77, 57), (78, 57), (55, 58), (56, 58), (71, 58), (72, 58), (73, 58), (74, 58), (57, 59), (67, 59), (68, 59), (69, 59), (70, 59), (58, 60), (63, 60), (64, 60), (65, 60), (66, 60), (59, 61), (60, 61), (61, 61), (62, 61)]
[(98, 34), (99, 34), (100, 34), (101, 34), (94, 35), (95, 35), (96, 35), (97, 35), (102, 35), (90, 36), (91, 36), (92, 36), (93, 36), (103, 36), (86, 37), (87, 37), (88, 37), (89, 37), (104, 37), (82, 38), (83, 38), (84, 38), (85, 38), (103, 40), (81, 41), (102, 44), (80, 45), (101, 48), (79, 49), (100, 52), (78, 53), (97, 56), (98, 56), (99, 56), (100, 56), (77, 57), (78, 57), (93, 57), (94, 57), (95, 57), (96, 57), (79, 58), (89, 58), (90, 58), (91, 58), (92, 58), (80, 59), (85, 59), (86, 59), (87, 59), (88, 59), (81, 60), (82, 60), (83, 60), (84, 60)]
[(97, 56), (98, 56), (99, 56), (100, 56), (93, 57), (94, 57), (95, 57), (96, 57), (101, 57), (89, 58), (90, 58), (91, 58), (92, 58), (102, 58), (85, 59), (86, 59), (87, 59), (88, 59), (103, 59), (81, 60), (82, 60), (83, 60), (84, 60), (102, 62), (80, 63), (101, 66), (79, 67), (100, 70), (78, 71), (99, 74), (77, 75), (96, 78), (97, 78), (98, 78), (99, 78), (76, 79), (77, 79), (92, 79), (93, 79), (94, 79), (95, 79), (78, 80), (88, 80), (89, 80), (90, 80), (91, 80), (79, 81), (84, 81), (85, 81), (86, 81), (87, 81), (80, 82), (81, 82), (82, 82), (83, 82)]
[(111, 57), (112, 57), (113, 57), (114, 57), (107, 58), (108, 58), (109, 58), (110, 58), (103, 59), (104, 59), (105, 59), (106, 59), (102, 62), (101, 66), (100, 70), (99, 74), (98, 78), (99, 78), (114, 78), (100, 79), (110, 79), (111, 79), (112, 79), (113, 79), (101, 80), (106, 80), (107, 80), (108, 80), (109, 80), (102, 81), (103, 81), (104, 81), (105, 81)]
[(114, 78), (110, 79), (111, 79), (112, 79), (113, 79), (106, 80), (107, 80), (108, 80), (109, 80), (102, 81), (103, 81), (104, 81), (105, 81), (101, 84), (100, 88), (99, 92), (98, 96), (97, 100), (98, 100), (113, 100), (114, 100), (99, 101), (109, 101), (110, 101), (111, 101), (112, 101), (100, 102), (105, 102), (106, 102), (107, 102), (108, 102), (101, 103), (102, 103), (103, 103), (104, 103)]
[(32, 37), (33, 37), (34, 37), (35, 37), (28, 38), (29, 38), (30, 38), (31, 38), (36, 38), (24, 39), (25, 39), (26, 39), (27, 39), (37, 39), (20, 40), (21, 40), (22, 40), (23, 40), (38, 40), (16, 41), (17, 41), (18, 41), (19, 41), (37, 43), (15, 44), (36, 47), (14, 48), (35, 51), (13, 52), (34, 55), (12, 56), (31, 59), (32, 59), (33, 59), (34, 59), (11, 60), (12, 60), (27, 60), (28, 60), (29, 60), (30, 60), (13, 61), (23, 61), (24, 61), (25, 61), (26, 61), (14, 62), (19, 62), (20, 62), (21, 62), (22, 62), (15, 63), (16, 63), (17, 63), (18, 63)]
[(54, 36), (55, 36), (56, 36), (57, 36), (50, 37), (51, 37), (52, 37), (53, 37), (58, 37), (46, 38), (47, 38), (48, 38), (49, 38), (59, 38), (42, 39), (43, 39), (44, 39), (45, 39), (60, 39), (38, 40), (39, 40), (40, 40), (41, 40), (59, 42), (37, 43), (58, 46), (36, 47), (57, 50), (35, 51), (56, 54), (34, 55), (53, 58), (54, 58), (55, 58), (56, 58), (33, 59), (34, 59), (49, 59), (50, 59), (51, 59), (52, 59), (35, 60), (45, 60), (46, 60), (47, 60), (48, 60), (36, 61), (41, 61), (42, 61), (43, 61), (44, 61), (37, 62), (38, 62), (39, 62), (40, 62)]
[(53, 58), (54, 58), (55, 58), (56, 58), (49, 59), (50, 59), (51, 59), (52, 59), (57, 59), (45, 60), (46, 60), (47, 60), (48, 60), (58, 60), (41, 61), (42, 61), (43, 61), (44, 61), (59, 61), (37, 62), (38, 62), (39, 62), (40, 62), (58, 64), (36, 65), (57, 68), (35, 69), (56, 72), (34, 73), (55, 76), (33, 77), (52, 80), (53, 80), (54, 80), (55, 80), (32, 81), (33, 81), (48, 81), (49, 81), (50, 81), (51, 81), (34, 82), (44, 82), (45, 82), (46, 82), (47, 82), (35, 83), (40, 83), (41, 83), (42, 83), (43, 83), (36, 84), (37, 84), (38, 84), (39, 84)]
[(75, 57), (76, 57), (77, 57), (78, 57), (71, 58), (72, 58), (73, 58), (74, 58), (79, 58), (67, 59), (68, 59), (69, 59), (70, 59), (80, 59), (63, 60), (64, 60), (65, 60), (66, 60), (81, 60), (59, 61), (60, 61), (61, 61), (62, 61), (80, 63), (58, 64), (79, 67), (57, 68), (78, 71), (56, 72), (77, 75), (55, 76), (74, 79), (75, 79), (76, 79), (77, 79), (54, 80), (55, 80), (70, 80), (71, 80), (72, 80), (73, 80), (56, 81), (66, 81), (67, 81), (68, 81), (69, 81), (57, 82), (62, 82), (63, 82), (64, 82), (65, 82), (58, 83), (59, 83), (60, 83), (61, 83)]
[(74, 79), (75, 79), (76, 79), (77, 79), (70, 80), (71, 80), (72, 80), (73, 80), (78, 80), (66, 81), (67, 81), (68, 81), (69, 81), (79, 81), (62, 82), (63, 82), (64, 82), (65, 82), (80, 82), (58, 83), (59, 83), (60, 83), (61, 83), (79, 85), (57, 86), (78, 89), (56, 90), (77, 93), (55, 94), (76, 97), (54, 98), (73, 101), (74, 101), (75, 101), (76, 101), (53, 102), (54, 102), (69, 102), (70, 102), (71, 102), (72, 102), (55, 103), (65, 103), (66, 103), (67, 103), (68, 103), (56, 104), (61, 104), (62, 104), (63, 104), (64, 104), (57, 105), (58, 105), (59, 105), (60, 105)]
[(96, 78), (97, 78), (98, 78), (99, 78), (92, 79), (93, 79), (94, 79), (95, 79), (100, 79), (88, 80), (89, 80), (90, 80), (91, 80), (101, 80), (84, 81), (85, 81), (86, 81), (87, 81), (102, 81), (80, 82), (81, 82), (82, 82), (83, 82), (101, 84), (79, 85), (100, 88), (78, 89), (99, 92), (77, 93), (98, 96), (76, 97), (95, 100), (96, 100), (97, 100), (98, 100), (75, 101), (76, 101), (91, 101), (92, 101), (93, 101), (94, 101), (77, 102), (87, 102), (88, 102), (89, 102), (90, 102), (78, 103), (83, 103), (84, 103), (85, 103), (86, 103), (79, 104), (80, 104), (81, 104), (82, 104)]
[(95, 100), (96, 100), (97, 100), (98, 100), (91, 101), (92, 101), (93, 101), (94, 101), (99, 101), (87, 102), (88, 102), (89, 102), (90, 102), (100, 102), (83, 103), (84, 103), (85, 103), (86, 103), (101, 103), (79, 104), (80, 104), (81, 104), (82, 104), (100, 106), (78, 107), (99, 110), (77, 111), (98, 114)]
[(113, 100), (114, 100), (109, 101), (110, 101), (111, 101), (112, 101), (105, 102), (106, 102), (107, 102), (108, 102), (101, 103), (102, 103), (103, 103), (104, 103), (100, 106), (99, 110), (98, 114)]
[(31, 59), (32, 59), (33, 59), (34, 59), (27, 60), (28, 60), (29, 60), (30, 60), (35, 60), (23, 61), (24, 61), (25, 61), (26, 61), (36, 61), (19, 62), (20, 62), (21, 62), (22, 62), (37, 62), (15, 63), (16, 63), (17, 63), (18, 63), (36, 65), (14, 66), (35, 69), (13, 70), (34, 73), (12, 74), (33, 77), (11, 78), (30, 81), (31, 81), (32, 81), (33, 81), (10, 82), (11, 82), (26, 82), (27, 82), (28, 82), (29, 82), (12, 83), (22, 83), (23, 83), (24, 83), (25, 83), (13, 84), (18, 84), (19, 84), (20, 84), (21, 84), (14, 85), (15, 85), (16, 85), (17, 85)]
[(30, 81), (31, 81), (32, 81), (33, 81), (26, 82), (27, 82), (28, 82), (29, 82), (34, 82), (22, 83), (23, 83), (24, 83), (25, 83), (35, 83), (18, 84), (19, 84), (20, 84), (21, 84), (36, 84), (14, 85), (15, 85), (16, 85), (17, 85), (35, 87), (13, 88), (34, 91), (12, 92), (33, 95), (11, 96), (32, 99), (10, 100), (29, 103), (30, 103), (31, 103), (32, 103), (9, 104), (10, 104), (25, 104), (26, 104), (27, 104), (28, 104), (11, 105), (21, 105), (22, 105), (23, 105), (24, 105), (12, 106), (17, 106), (18, 106), (19, 106), (20, 106), (13, 107), (14, 107), (15, 107), (16, 107)]
[(52, 80), (53, 80), (54, 80), (55, 80), (48, 81), (49, 81), (50, 81), (51, 81), (56, 81), (44, 82), (45, 82), (46, 82), (47, 82), (57, 82), (40, 83), (41, 83), (42, 83), (43, 83), (58, 83), (36, 84), (37, 84), (38, 84), (39, 84), (57, 86), (35, 87), (56, 90), (34, 91), (55, 94), (33, 95), (54, 98), (32, 99), (51, 102), (52, 102), (53, 102), (54, 102), (31, 103), (32, 103), (47, 103), (48, 103), (49, 103), (50, 103), (33, 104), (43, 104), (44, 104), (45, 104), (46, 104), (34, 105), (39, 105), (40, 105), (41, 105), (42, 105), (35, 106), (36, 106), (37, 106), (38, 106)]
[(51, 102), (52, 102), (53, 102), (54, 102), (47, 103), (48, 103), (49, 103), (50, 103), (55, 103), (43, 104), (44, 104), (45, 104), (46, 104), (56, 104), (39, 105), (40, 105), (41, 105), (42, 105), (57, 105), (35, 106), (36, 106), (37, 106), (38, 106), (56, 108), (34, 109), (55, 112), (33, 113)]
[(73, 101), (74, 101), (75, 101), (76, 101), (69, 102), (70, 102), (71, 102), (72, 102), (77, 102), (65, 103), (66, 103), (67, 103), (68, 103), (78, 103), (61, 104), (62, 104), (63, 104), (64, 104), (79, 104), (57, 105), (58, 105), (59, 105), (60, 105), (78, 107), (56, 108), (77, 111), (55, 112)]
[(29, 103), (30, 103), (31, 103), (32, 103), (25, 104), (26, 104), (27, 104), (28, 104), (33, 104), (21, 105), (22, 105), (23, 105), (24, 105), (34, 105), (17, 106), (18, 106), (19, 106), (20, 106), (35, 106), (13, 107), (14, 107), (15, 107), (16, 107), (34, 109), (12, 110), (33, 113), (11, 114)]
