[(77, 22), (78, 22), (74, 23), (75, 23), (76, 23), (79, 23), (71, 24), (72, 24), (73, 24), (68, 25), (69, 25), (70, 25), (65, 26), (66, 26), (67, 26), (78, 26), (62, 27), (63, 27), (64, 27), (58, 28), (59, 28), (60, 28), (61, 28), (77, 29), (57, 31), (76, 32), (56, 34), (75, 35), (55, 37), (74, 38), (54, 40), (73, 41), (53, 43), (72, 43), (73, 43), (69, 44), (70, 44), (71, 44), (66, 45), (67, 45), (68, 45), (52, 46), (63, 46), (64, 46), (65, 46), (60, 47), (61, 47), (62, 47), (52, 48), (57, 48), (58, 48), (59, 48), (53, 49), (54, 49), (55, 49), (56, 49)]
[(98, 17), (99, 17), (95, 18), (96, 18), (97, 18), (100, 18), (92, 19), (93, 19), (94, 19), (89, 20), (90, 20), (91, 20), (86, 21), (87, 21), (88, 21), (99, 21), (83, 22), (84, 22), (85, 22), (79, 23), (80, 23), (81, 23), (82, 23), (98, 24), (78, 26), (97, 27), (77, 29), (96, 30), (76, 32), (95, 33), (75, 35), (94, 36), (74, 38), (93, 38), (94, 38), (90, 39), (91, 39), (92, 39), (87, 40), (88, 40), (89, 40), (73, 41), (84, 41), (85, 41), (86, 41), (81, 42), (82, 42), (83, 42), (73, 43), (78, 43), (79, 43), (80, 43), (74, 44), (75, 44), (76, 44), (77, 44)]
[(93, 38), (94, 38), (90, 39), (91, 39), (92, 39), (95, 39), (87, 40), (88, 40), (89, 40), (84, 41), (85, 41), (86, 41), (81, 42), (82, 42), (83, 42), (94, 42), (78, 43), (79, 43), (80, 43), (74, 44), (75, 44), (76, 44), (77, 44), (93, 45), (73, 47), (92, 48), (72, 50), (91, 51), (71, 53), (90, 54), (70, 56), (89, 57), (69, 59), (88, 59), (89, 59), (85, 60), (86, 60), (87, 60), (82, 61), (83, 61), (84, 61), (68, 62), (79, 62), (80, 62), (81, 62), (76, 63), (77, 63), (78, 63), (68, 64), (73, 64), (74, 64), (75, 64), (69, 65), (70, 65), (71, 65), (72, 65)]
[(114, 33), (111, 34), (112, 34), (113, 34), (108, 35), (109, 35), (110, 35), (105, 36), (106, 36), (107, 36), (102, 37), (103, 37), (104, 37), (99, 38), (100, 38), (101, 38), (95, 39), (96, 39), (97, 39), (98, 39), (114, 40), (94, 42), (113, 43), (93, 45), (112, 46), (92, 48), (111, 49), (91, 51), (110, 52), (90, 54), (109, 54), (110, 54), (106, 55), (107, 55), (108, 55), (103, 56), (104, 56), (105, 56), (89, 57), (100, 57), (101, 57), (102, 57), (97, 58), (98, 58), (99, 58), (89, 59), (94, 59), (95, 59), (96, 59), (90, 60), (91, 60), (92, 60), (93, 60)]
[(109, 54), (110, 54), (106, 55), (107, 55), (108, 55), (111, 55), (103, 56), (104, 56), (105, 56), (100, 57), (101, 57), (102, 57), (97, 58), (98, 58), (99, 58), (110, 58), (94, 59), (95, 59), (96, 59), (90, 60), (91, 60), (92, 60), (93, 60), (109, 61), (89, 63), (108, 64), (88, 66), (107, 67), (87, 69), (106, 70), (86, 72), (105, 73), (85, 75), (104, 75), (105, 75), (101, 76), (102, 76), (103, 76), (98, 77), (99, 77), (100, 77), (84, 78), (95, 78), (96, 78), (97, 78), (92, 79), (93, 79), (94, 79), (84, 80), (89, 80), (90, 80), (91, 80), (85, 81), (86, 81), (87, 81), (88, 81)]
[(111, 55), (112, 55), (113, 55), (114, 55), (110, 58), (109, 61), (108, 64), (107, 67), (106, 70), (105, 73), (113, 74), (114, 74), (105, 75), (110, 75), (111, 75), (112, 75), (106, 76), (107, 76), (108, 76), (109, 76)]
[(113, 74), (114, 74), (110, 75), (111, 75), (112, 75), (106, 76), (107, 76), (108, 76), (109, 76), (105, 79), (104, 82), (103, 85), (102, 88), (101, 91), (114, 93), (100, 94), (111, 94), (112, 94), (113, 94), (108, 95), (109, 95), (110, 95), (100, 96), (105, 96), (106, 96), (107, 96), (101, 97), (102, 97), (103, 97), (104, 97)]
[(35, 32), (36, 32), (32, 33), (33, 33), (34, 33), (37, 33), (29, 34), (30, 34), (31, 34), (26, 35), (27, 35), (28, 35), (23, 36), (24, 36), (25, 36), (36, 36), (20, 37), (21, 37), (22, 37), (16, 38), (17, 38), (18, 38), (19, 38), (35, 39), (15, 41), (34, 42), (14, 44), (33, 45), (13, 47), (32, 48), (12, 50), (31, 51), (11, 53), (30, 53), (31, 53), (27, 54), (28, 54), (29, 54), (24, 55), (25, 55), (26, 55), (10, 56), (21, 56), (22, 56), (23, 56), (18, 57), (19, 57), (20, 57), (10, 58), (15, 58), (16, 58), (17, 58), (11, 59), (12, 59), (13, 59), (14, 59)]
[(56, 27), (57, 27), (53, 28), (54, 28), (55, 28), (58, 28), (50, 29), (51, 29), (52, 29), (47, 30), (48, 30), (49, 30), (44, 31), (45, 31), (46, 31), (57, 31), (41, 32), (42, 32), (43, 32), (37, 33), (38, 33), (39, 33), (40, 33), (56, 34), (36, 36), (55, 37), (35, 39), (54, 40), (34, 42), (53, 43), (33, 45), (52, 46), (32, 48), (51, 48), (52, 48), (48, 49), (49, 49), (50, 49), (45, 50), (46, 50), (47, 50), (31, 51), (42, 51), (43, 51), (44, 51), (39, 52), (40, 52), (41, 52), (31, 53), (36, 53), (37, 53), (38, 53), (32, 54), (33, 54), (34, 54), (35, 54)]
[(51, 48), (52, 48), (48, 49), (49, 49), (50, 49), (53, 49), (45, 50), (46, 50), (47, 50), (42, 51), (43, 51), (44, 51), (39, 52), (40, 52), (41, 52), (52, 52), (36, 53), (37, 53), (38, 53), (32, 54), (33, 54), (34, 54), (35, 54), (51, 55), (31, 57), (50, 58), (30, 60), (49, 61), (29, 63), (48, 64), (28, 66), (47, 67), (27, 69), (46, 69), (47, 69), (43, 70), (44, 70), (45, 70), (40, 71), (41, 71), (42, 71), (26, 72), (37, 72), (38, 72), (39, 72), (34, 73), (35, 73), (36, 73), (26, 74), (31, 74), (32, 74), (33, 74), (27, 75), (28, 75), (29, 75), (30, 75)]
[(72, 43), (73, 43), (69, 44), (70, 44), (71, 44), (74, 44), (66, 45), (67, 45), (68, 45), (63, 46), (64, 46), (65, 46), (60, 47), (61, 47), (62, 47), (73, 47), (57, 48), (58, 48), (59, 48), (53, 49), (54, 49), (55, 49), (56, 49), (72, 50), (52, 52), (71, 53), (51, 55), (70, 56), (50, 58), (69, 59), (49, 61), (68, 62), (48, 64), (67, 64), (68, 64), (64, 65), (65, 65), (66, 65), (61, 66), (62, 66), (63, 66), (47, 67), (58, 67), (59, 67), (60, 67), (55, 68), (56, 68), (57, 68), (47, 69), (52, 69), (53, 69), (54, 69), (48, 70), (49, 70), (50, 70), (51, 70)]
[(67, 64), (68, 64), (64, 65), (65, 65), (66, 65), (69, 65), (61, 66), (62, 66), (63, 66), (58, 67), (59, 67), (60, 67), (55, 68), (56, 68), (57, 68), (68, 68), (52, 69), (53, 69), (54, 69), (48, 70), (49, 70), (50, 70), (51, 70), (67, 71), (47, 73), (66, 74), (46, 76), (65, 77), (45, 79), (64, 80), (44, 82), (63, 83), (43, 85), (62, 85), (63, 85), (59, 86), (60, 86), (61, 86), (56, 87), (57, 87), (58, 87), (42, 88), (53, 88), (54, 88), (55, 88), (50, 89), (51, 89), (52, 89), (42, 90), (47, 90), (48, 90), (49, 90), (43, 91), (44, 91), (45, 91), (46, 91)]
[(88, 59), (89, 59), (85, 60), (86, 60), (87, 60), (90, 60), (82, 61), (83, 61), (84, 61), (79, 62), (80, 62), (81, 62), (76, 63), (77, 63), (78, 63), (89, 63), (73, 64), (74, 64), (75, 64), (69, 65), (70, 65), (71, 65), (72, 65), (88, 66), (68, 68), (87, 69), (67, 71), (86, 72), (66, 74), (85, 75), (65, 77), (84, 78), (64, 80), (83, 80), (84, 80), (80, 81), (81, 81), (82, 81), (77, 82), (78, 82), (79, 82), (63, 83), (74, 83), (75, 83), (76, 83), (71, 84), (72, 84), (73, 84), (63, 85), (68, 85), (69, 85), (70, 85), (64, 86), (65, 86), (66, 86), (67, 86)]
[(83, 80), (84, 80), (80, 81), (81, 81), (82, 81), (85, 81), (77, 82), (78, 82), (79, 82), (74, 83), (75, 83), (76, 83), (71, 84), (72, 84), (73, 84), (84, 84), (68, 85), (69, 85), (70, 85), (64, 86), (65, 86), (66, 86), (67, 86), (83, 87), (63, 89), (82, 90), (62, 92), (81, 93), (61, 95), (80, 96), (60, 98), (79, 99), (59, 101), (78, 101), (79, 101), (75, 102), (76, 102), (77, 102), (72, 103), (73, 103), (74, 103), (58, 104), (69, 104), (70, 104), (71, 104), (66, 105), (67, 105), (68, 105), (58, 106), (63, 106), (64, 106), (65, 106), (59, 107), (60, 107), (61, 107), (62, 107)]
[(104, 75), (105, 75), (101, 76), (102, 76), (103, 76), (106, 76), (98, 77), (99, 77), (100, 77), (95, 78), (96, 78), (97, 78), (92, 79), (93, 79), (94, 79), (105, 79), (89, 80), (90, 80), (91, 80), (85, 81), (86, 81), (87, 81), (88, 81), (104, 82), (84, 84), (103, 85), (83, 87), (102, 88), (82, 90), (101, 91), (81, 93), (100, 94), (80, 96), (99, 96), (100, 96), (96, 97), (97, 97), (98, 97), (93, 98), (94, 98), (95, 98), (79, 99), (90, 99), (91, 99), (92, 99), (87, 100), (88, 100), (89, 100), (79, 101), (84, 101), (85, 101), (86, 101), (80, 102), (81, 102), (82, 102), (83, 102)]
[(99, 96), (100, 96), (96, 97), (97, 97), (98, 97), (101, 97), (93, 98), (94, 98), (95, 98), (90, 99), (91, 99), (92, 99), (87, 100), (88, 100), (89, 100), (100, 100), (84, 101), (85, 101), (86, 101), (80, 102), (81, 102), (82, 102), (83, 102), (99, 103), (79, 105), (98, 106), (78, 108), (97, 109), (77, 111), (96, 112), (76, 114)]
[(114, 93), (111, 94), (112, 94), (113, 94), (108, 95), (109, 95), (110, 95), (105, 96), (106, 96), (107, 96), (101, 97), (102, 97), (103, 97), (104, 97), (100, 100), (99, 103), (98, 106), (97, 109), (96, 112), (112, 113), (113, 113), (114, 113), (109, 114), (110, 114), (111, 114)]
[(9, 58), (10, 58), (6, 59), (7, 59), (8, 59), (11, 59), (3, 60), (4, 60), (5, 60), (0, 61), (1, 61), (2, 61), (10, 62), (9, 65), (8, 68), (7, 71), (6, 74), (5, 77), (4, 79), (5, 79), (1, 80), (2, 80), (3, 80), (0, 81)]
[(30, 53), (31, 53), (27, 54), (28, 54), (29, 54), (32, 54), (24, 55), (25, 55), (26, 55), (21, 56), (22, 56), (23, 56), (18, 57), (19, 57), (20, 57), (31, 57), (15, 58), (16, 58), (17, 58), (11, 59), (12, 59), (13, 59), (14, 59), (30, 60), (10, 62), (29, 63), (9, 65), (28, 66), (8, 68), (27, 69), (7, 71), (26, 72), (6, 74), (25, 74), (26, 74), (22, 75), (23, 75), (24, 75), (19, 76), (20, 76), (21, 76), (5, 77), (16, 77), (17, 77), (18, 77), (13, 78), (14, 78), (15, 78), (5, 79), (10, 79), (11, 79), (12, 79), (6, 80), (7, 80), (8, 80), (9, 80)]
[(25, 74), (26, 74), (22, 75), (23, 75), (24, 75), (27, 75), (19, 76), (20, 76), (21, 76), (16, 77), (17, 77), (18, 77), (13, 78), (14, 78), (15, 78), (26, 78), (10, 79), (11, 79), (12, 79), (6, 80), (7, 80), (8, 80), (9, 80), (25, 81), (5, 83), (24, 84), (4, 86), (23, 87), (3, 89), (22, 90), (2, 92), (21, 93), (1, 95), (20, 95), (21, 95), (17, 96), (18, 96), (19, 96), (14, 97), (15, 97), (16, 97), (0, 98), (11, 98), (12, 98), (13, 98), (8, 99), (9, 99), (10, 99), (0, 100), (5, 100), (6, 100), (7, 100), (1, 101), (2, 101), (3, 101), (4, 101)]
[(46, 69), (47, 69), (43, 70), (44, 70), (45, 70), (48, 70), (40, 71), (41, 71), (42, 71), (37, 72), (38, 72), (39, 72), (34, 73), (35, 73), (36, 73), (47, 73), (31, 74), (32, 74), (33, 74), (27, 75), (28, 75), (29, 75), (30, 75), (46, 76), (26, 78), (45, 79), (25, 81), (44, 82), (24, 84), (43, 85), (23, 87), (42, 88), (22, 90), (41, 90), (42, 90), (38, 91), (39, 91), (40, 91), (35, 92), (36, 92), (37, 92), (21, 93), (32, 93), (33, 93), (34, 93), (29, 94), (30, 94), (31, 94), (21, 95), (26, 95), (27, 95), (28, 95), (22, 96), (23, 96), (24, 96), (25, 96)]
[(41, 90), (42, 90), (38, 91), (39, 91), (40, 91), (43, 91), (35, 92), (36, 92), (37, 92), (32, 93), (33, 93), (34, 93), (29, 94), (30, 94), (31, 94), (42, 94), (26, 95), (27, 95), (28, 95), (22, 96), (23, 96), (24, 96), (25, 96), (41, 97), (21, 99), (40, 100), (20, 102), (39, 103), (19, 105), (38, 106), (18, 108), (37, 109), (17, 111), (36, 111), (37, 111), (33, 112), (34, 112), (35, 112), (30, 113), (31, 113), (32, 113), (16, 114), (27, 114), (28, 114), (29, 114)]
[(62, 85), (63, 85), (59, 86), (60, 86), (61, 86), (64, 86), (56, 87), (57, 87), (58, 87), (53, 88), (54, 88), (55, 88), (50, 89), (51, 89), (52, 89), (63, 89), (47, 90), (48, 90), (49, 90), (43, 91), (44, 91), (45, 91), (46, 91), (62, 92), (42, 94), (61, 95), (41, 97), (60, 98), (40, 100), (59, 101), (39, 103), (58, 104), (38, 106), (57, 106), (58, 106), (54, 107), (55, 107), (56, 107), (51, 108), (52, 108), (53, 108), (37, 109), (48, 109), (49, 109), (50, 109), (45, 110), (46, 110), (47, 110), (37, 111), (42, 111), (43, 111), (44, 111), (38, 112), (39, 112), (40, 112), (41, 112)]
[(57, 106), (58, 106), (54, 107), (55, 107), (56, 107), (59, 107), (51, 108), (52, 108), (53, 108), (48, 109), (49, 109), (50, 109), (45, 110), (46, 110), (47, 110), (58, 110), (42, 111), (43, 111), (44, 111), (38, 112), (39, 112), (40, 112), (41, 112), (57, 113)]
[(78, 101), (79, 101), (75, 102), (76, 102), (77, 102), (80, 102), (72, 103), (73, 103), (74, 103), (69, 104), (70, 104), (71, 104), (66, 105), (67, 105), (68, 105), (79, 105), (63, 106), (64, 106), (65, 106), (59, 107), (60, 107), (61, 107), (62, 107), (78, 108), (58, 110), (77, 111), (57, 113), (76, 114)]
[(4, 79), (5, 79), (1, 80), (2, 80), (3, 80), (6, 80), (0, 81), (5, 83), (4, 86), (3, 89), (2, 92), (1, 95), (0, 98), (0, 100)]
[(0, 100), (1, 101), (0, 104)]
[(20, 95), (21, 95), (17, 96), (18, 96), (19, 96), (22, 96), (14, 97), (15, 97), (16, 97), (11, 98), (12, 98), (13, 98), (8, 99), (9, 99), (10, 99), (21, 99), (5, 100), (6, 100), (7, 100), (1, 101), (2, 101), (3, 101), (4, 101), (20, 102), (0, 104), (19, 105), (18, 108), (17, 111), (16, 114)]
[(36, 111), (37, 111), (33, 112), (34, 112), (35, 112), (38, 112), (30, 113), (31, 113), (32, 113), (27, 114), (28, 114), (29, 114)]
