[(111, 48), (112, 48), (113, 48), (114, 48), (108, 49), (109, 49), (110, 49), (104, 50), (105, 50), (106, 50), (107, 50), (103, 53), (102, 56), (101, 60), (100, 63), (99, 66), (99, 67), (100, 68), (101, 69), (102, 70), (103, 71), (104, 72), (113, 72), (114, 72), (105, 73), (110, 73), (111, 73), (112, 73), (106, 74), (107, 74), (108, 74), (109, 74)]
[(73, 41), (70, 42), (71, 42), (72, 42), (74, 42), (67, 43), (68, 43), (69, 43), (75, 43), (63, 44), (64, 44), (65, 44), (66, 44), (76, 44), (60, 45), (61, 45), (62, 45), (77, 45), (56, 46), (57, 46), (58, 46), (59, 46), (78, 46), (79, 47), (80, 48), (55, 49), (79, 51), (54, 52), (78, 54), (53, 56), (77, 58), (52, 59), (76, 61), (51, 62), (51, 63), (52, 64), (75, 64), (53, 65), (75, 65), (54, 66), (72, 66), (73, 66), (74, 66), (55, 67), (69, 67), (70, 67), (71, 67), (56, 68), (65, 68), (66, 68), (67, 68), (68, 68), (57, 69), (62, 69), (63, 69), (64, 69), (58, 70), (59, 70), (60, 70), (61, 70)]
[(97, 43), (94, 44), (95, 44), (96, 44), (98, 44), (91, 45), (92, 45), (93, 45), (99, 45), (87, 46), (88, 46), (89, 46), (90, 46), (100, 46), (84, 47), (85, 47), (86, 47), (101, 47), (80, 48), (81, 48), (82, 48), (83, 48), (102, 48), (103, 49), (104, 50), (79, 51), (103, 53), (78, 54), (102, 56), (77, 58), (101, 60), (76, 61), (100, 63), (75, 64), (75, 65), (76, 66), (99, 66), (77, 67), (99, 67), (78, 68), (96, 68), (97, 68), (98, 68), (79, 69), (93, 69), (94, 69), (95, 69), (80, 70), (89, 70), (90, 70), (91, 70), (92, 70), (81, 71), (86, 71), (87, 71), (88, 71), (82, 72), (83, 72), (84, 72), (85, 72)]
[(99, 67), (96, 68), (97, 68), (98, 68), (100, 68), (93, 69), (94, 69), (95, 69), (101, 69), (89, 70), (90, 70), (91, 70), (92, 70), (102, 70), (86, 71), (87, 71), (88, 71), (103, 71), (82, 72), (83, 72), (84, 72), (85, 72), (104, 72), (105, 73), (106, 74), (81, 75), (105, 77), (80, 78), (104, 80), (79, 82), (103, 84), (78, 85), (102, 87), (77, 88), (77, 89), (78, 90), (101, 90), (79, 91), (101, 91), (80, 92), (98, 92), (99, 92), (100, 92), (81, 93), (95, 93), (96, 93), (97, 93), (82, 94), (91, 94), (92, 94), (93, 94), (94, 94), (83, 95), (88, 95), (89, 95), (90, 95), (84, 96), (85, 96), (86, 96), (87, 96)]
[(113, 72), (114, 72), (110, 73), (111, 73), (112, 73), (106, 74), (107, 74), (108, 74), (109, 74), (105, 77), (104, 80), (103, 84), (102, 87), (101, 90), (101, 91), (102, 92), (103, 93), (104, 94), (105, 95), (106, 96), (107, 97), (112, 97), (113, 97), (114, 97), (108, 98), (109, 98), (110, 98), (111, 98)]
[(112, 97), (113, 97), (114, 97), (108, 98), (109, 98), (110, 98), (111, 98), (107, 101), (106, 104), (105, 108), (104, 111), (103, 114)]
[(51, 63), (48, 64), (49, 64), (50, 64), (52, 64), (45, 65), (46, 65), (47, 65), (53, 65), (41, 66), (42, 66), (43, 66), (44, 66), (54, 66), (38, 67), (39, 67), (40, 67), (55, 67), (34, 68), (35, 68), (36, 68), (37, 68), (56, 68), (57, 69), (58, 70), (33, 71), (57, 73), (32, 74), (56, 76), (31, 78), (55, 80), (30, 81), (54, 83), (29, 84), (29, 85), (30, 86), (53, 86), (31, 87), (53, 87), (32, 88), (50, 88), (51, 88), (52, 88), (33, 89), (47, 89), (48, 89), (49, 89), (34, 90), (43, 90), (44, 90), (45, 90), (46, 90), (35, 91), (40, 91), (41, 91), (42, 91), (36, 92), (37, 92), (38, 92), (39, 92)]
[(75, 65), (72, 66), (73, 66), (74, 66), (76, 66), (69, 67), (70, 67), (71, 67), (77, 67), (65, 68), (66, 68), (67, 68), (68, 68), (78, 68), (62, 69), (63, 69), (64, 69), (79, 69), (58, 70), (59, 70), (60, 70), (61, 70), (80, 70), (81, 71), (82, 72), (57, 73), (81, 75), (56, 76), (80, 78), (55, 80), (79, 82), (54, 83), (78, 85), (53, 86), (53, 87), (54, 88), (77, 88), (55, 89), (77, 89), (56, 90), (74, 90), (75, 90), (76, 90), (57, 91), (71, 91), (72, 91), (73, 91), (58, 92), (67, 92), (68, 92), (69, 92), (70, 92), (59, 93), (64, 93), (65, 93), (66, 93), (60, 94), (61, 94), (62, 94), (63, 94)]
[(77, 89), (74, 90), (75, 90), (76, 90), (78, 90), (71, 91), (72, 91), (73, 91), (79, 91), (67, 92), (68, 92), (69, 92), (70, 92), (80, 92), (64, 93), (65, 93), (66, 93), (81, 93), (60, 94), (61, 94), (62, 94), (63, 94), (82, 94), (83, 95), (84, 96), (59, 97), (83, 99), (58, 100), (82, 102), (57, 104), (81, 106), (56, 107), (80, 109), (55, 110), (55, 111), (56, 112), (79, 112), (57, 113), (79, 113), (58, 114), (76, 114), (77, 114), (78, 114)]
[(101, 91), (98, 92), (99, 92), (100, 92), (102, 92), (95, 93), (96, 93), (97, 93), (103, 93), (91, 94), (92, 94), (93, 94), (94, 94), (104, 94), (88, 95), (89, 95), (90, 95), (105, 95), (84, 96), (85, 96), (86, 96), (87, 96), (106, 96), (107, 97), (108, 98), (83, 99), (107, 101), (82, 102), (106, 104), (81, 106), (105, 108), (80, 109), (104, 111), (79, 112), (79, 113), (80, 114), (103, 114)]
[(53, 87), (50, 88), (51, 88), (52, 88), (54, 88), (47, 89), (48, 89), (49, 89), (55, 89), (43, 90), (44, 90), (45, 90), (46, 90), (56, 90), (40, 91), (41, 91), (42, 91), (57, 91), (36, 92), (37, 92), (38, 92), (39, 92), (58, 92), (59, 93), (60, 94), (35, 95), (59, 97), (34, 98), (58, 100), (33, 102), (57, 104), (32, 105), (56, 107), (31, 108), (31, 109), (32, 110), (55, 110), (33, 111), (55, 111), (34, 112), (52, 112), (53, 112), (54, 112), (35, 113), (49, 113), (50, 113), (51, 113), (36, 114), (45, 114), (46, 114), (47, 114), (48, 114)]
[(55, 111), (52, 112), (53, 112), (54, 112), (56, 112), (49, 113), (50, 113), (51, 113), (57, 113), (45, 114), (46, 114), (47, 114), (48, 114), (58, 114)]
[(79, 113), (76, 114), (77, 114), (78, 114), (80, 114)]
