[(84, 14), (85, 14), (86, 14), (80, 15), (81, 15), (82, 15), (83, 15), (87, 15), (76, 16), (77, 16), (78, 16), (79, 16), (88, 16), (72, 17), (73, 17), (74, 17), (75, 17), (89, 17), (68, 18), (69, 18), (70, 18), (71, 18), (90, 18), (67, 21), (89, 21), (66, 25), (88, 25), (65, 29), (87, 29), (64, 33), (86, 33), (64, 36), (84, 36), (85, 36), (86, 36), (65, 37), (80, 37), (81, 37), (82, 37), (83, 37), (66, 38), (76, 38), (77, 38), (78, 38), (79, 38), (67, 39), (72, 39), (73, 39), (74, 39), (75, 39), (68, 40), (69, 40), (70, 40), (71, 40)]
[(106, 14), (107, 14), (108, 14), (102, 15), (103, 15), (104, 15), (105, 15), (109, 15), (98, 16), (99, 16), (100, 16), (101, 16), (110, 16), (94, 17), (95, 17), (96, 17), (97, 17), (111, 17), (90, 18), (91, 18), (92, 18), (93, 18), (112, 18), (89, 21), (111, 21), (88, 25), (110, 25), (87, 29), (109, 29), (86, 33), (108, 33), (86, 36), (106, 36), (107, 36), (108, 36), (87, 37), (102, 37), (103, 37), (104, 37), (105, 37), (88, 38), (98, 38), (99, 38), (100, 38), (101, 38), (89, 39), (94, 39), (95, 39), (96, 39), (97, 39), (90, 40), (91, 40), (92, 40), (93, 40)]
[(106, 36), (107, 36), (108, 36), (102, 37), (103, 37), (104, 37), (105, 37), (109, 37), (98, 38), (99, 38), (100, 38), (101, 38), (110, 38), (94, 39), (95, 39), (96, 39), (97, 39), (111, 39), (90, 40), (91, 40), (92, 40), (93, 40), (112, 40), (89, 43), (111, 43), (88, 47), (110, 47), (87, 51), (109, 51), (86, 55), (108, 55), (86, 58), (106, 58), (107, 58), (108, 58), (87, 59), (102, 59), (103, 59), (104, 59), (105, 59), (88, 60), (98, 60), (99, 60), (100, 60), (101, 60), (89, 61), (94, 61), (95, 61), (96, 61), (97, 61), (90, 62), (91, 62), (92, 62), (93, 62)]
[(112, 40), (113, 40), (114, 40), (111, 43), (110, 47), (109, 51), (108, 55), (108, 58), (109, 59), (110, 60), (111, 61), (112, 62), (113, 62), (114, 62)]
[(112, 62), (113, 62), (114, 62), (111, 65), (110, 69), (109, 73), (108, 77), (108, 80), (109, 81), (110, 82), (111, 83), (112, 84), (113, 84), (114, 84)]
[(40, 14), (41, 14), (42, 14), (36, 15), (37, 15), (38, 15), (39, 15), (43, 15), (32, 16), (33, 16), (34, 16), (35, 16), (44, 16), (28, 17), (29, 17), (30, 17), (31, 17), (45, 17), (24, 18), (25, 18), (26, 18), (27, 18), (46, 18), (23, 21), (45, 21), (22, 25), (44, 25), (21, 29), (43, 29), (20, 33), (42, 33), (20, 36), (40, 36), (41, 36), (42, 36), (21, 37), (36, 37), (37, 37), (38, 37), (39, 37), (22, 38), (32, 38), (33, 38), (34, 38), (35, 38), (23, 39), (28, 39), (29, 39), (30, 39), (31, 39), (24, 40), (25, 40), (26, 40), (27, 40)]
[(62, 14), (63, 14), (64, 14), (58, 15), (59, 15), (60, 15), (61, 15), (65, 15), (54, 16), (55, 16), (56, 16), (57, 16), (66, 16), (50, 17), (51, 17), (52, 17), (53, 17), (67, 17), (46, 18), (47, 18), (48, 18), (49, 18), (68, 18), (45, 21), (67, 21), (44, 25), (66, 25), (43, 29), (65, 29), (42, 33), (64, 33), (42, 36), (62, 36), (63, 36), (64, 36), (43, 37), (58, 37), (59, 37), (60, 37), (61, 37), (44, 38), (54, 38), (55, 38), (56, 38), (57, 38), (45, 39), (50, 39), (51, 39), (52, 39), (53, 39), (46, 40), (47, 40), (48, 40), (49, 40)]
[(62, 36), (63, 36), (64, 36), (58, 37), (59, 37), (60, 37), (61, 37), (65, 37), (54, 38), (55, 38), (56, 38), (57, 38), (66, 38), (50, 39), (51, 39), (52, 39), (53, 39), (67, 39), (46, 40), (47, 40), (48, 40), (49, 40), (68, 40), (45, 43), (67, 43), (44, 47), (66, 47), (43, 51), (65, 51), (42, 55), (64, 55), (42, 58), (62, 58), (63, 58), (64, 58), (43, 59), (58, 59), (59, 59), (60, 59), (61, 59), (44, 60), (54, 60), (55, 60), (56, 60), (57, 60), (45, 61), (50, 61), (51, 61), (52, 61), (53, 61), (46, 62), (47, 62), (48, 62), (49, 62)]
[(84, 36), (85, 36), (86, 36), (80, 37), (81, 37), (82, 37), (83, 37), (87, 37), (76, 38), (77, 38), (78, 38), (79, 38), (88, 38), (72, 39), (73, 39), (74, 39), (75, 39), (89, 39), (68, 40), (69, 40), (70, 40), (71, 40), (90, 40), (67, 43), (89, 43), (66, 47), (88, 47), (65, 51), (87, 51), (64, 55), (86, 55), (64, 58), (84, 58), (85, 58), (86, 58), (65, 59), (80, 59), (81, 59), (82, 59), (83, 59), (66, 60), (76, 60), (77, 60), (78, 60), (79, 60), (67, 61), (72, 61), (73, 61), (74, 61), (75, 61), (68, 62), (69, 62), (70, 62), (71, 62)]
[(84, 58), (85, 58), (86, 58), (80, 59), (81, 59), (82, 59), (83, 59), (87, 59), (76, 60), (77, 60), (78, 60), (79, 60), (88, 60), (72, 61), (73, 61), (74, 61), (75, 61), (89, 61), (68, 62), (69, 62), (70, 62), (71, 62), (90, 62), (67, 65), (89, 65), (66, 69), (88, 69), (65, 73), (87, 73), (64, 77), (86, 77), (64, 80), (84, 80), (85, 80), (86, 80), (65, 81), (80, 81), (81, 81), (82, 81), (83, 81), (66, 82), (76, 82), (77, 82), (78, 82), (79, 82), (67, 83), (72, 83), (73, 83), (74, 83), (75, 83), (68, 84), (69, 84), (70, 84), (71, 84)]
[(106, 58), (107, 58), (108, 58), (102, 59), (103, 59), (104, 59), (105, 59), (109, 59), (98, 60), (99, 60), (100, 60), (101, 60), (110, 60), (94, 61), (95, 61), (96, 61), (97, 61), (111, 61), (90, 62), (91, 62), (92, 62), (93, 62), (112, 62), (89, 65), (111, 65), (88, 69), (110, 69), (87, 73), (109, 73), (86, 77), (108, 77), (86, 80), (106, 80), (107, 80), (108, 80), (87, 81), (102, 81), (103, 81), (104, 81), (105, 81), (88, 82), (98, 82), (99, 82), (100, 82), (101, 82), (89, 83), (94, 83), (95, 83), (96, 83), (97, 83), (90, 84), (91, 84), (92, 84), (93, 84)]
[(106, 80), (107, 80), (108, 80), (102, 81), (103, 81), (104, 81), (105, 81), (109, 81), (98, 82), (99, 82), (100, 82), (101, 82), (110, 82), (94, 83), (95, 83), (96, 83), (97, 83), (111, 83), (90, 84), (91, 84), (92, 84), (93, 84), (112, 84), (89, 87), (111, 87), (88, 91), (110, 91), (87, 95), (109, 95), (86, 99), (108, 99), (86, 102), (106, 102), (107, 102), (108, 102), (87, 103), (102, 103), (103, 103), (104, 103), (105, 103), (88, 104), (98, 104), (99, 104), (100, 104), (101, 104), (89, 105), (94, 105), (95, 105), (96, 105), (97, 105), (90, 106), (91, 106), (92, 106), (93, 106)]
[(112, 84), (113, 84), (114, 84), (111, 87), (110, 91), (109, 95), (108, 99), (108, 102), (109, 103), (110, 104), (111, 105), (112, 106), (113, 106), (114, 106)]
[(112, 106), (113, 106), (114, 106), (111, 109), (110, 113)]
[(18, 36), (19, 36), (20, 36), (14, 37), (15, 37), (16, 37), (17, 37), (21, 37), (10, 38), (11, 38), (12, 38), (13, 38), (22, 38), (6, 39), (7, 39), (8, 39), (9, 39), (23, 39), (2, 40), (3, 40), (4, 40), (5, 40), (24, 40), (1, 43), (23, 43), (0, 47), (22, 47), (21, 51), (20, 55), (18, 58), (19, 58), (20, 58), (14, 59), (15, 59), (16, 59), (17, 59), (0, 60), (10, 60), (11, 60), (12, 60), (13, 60), (1, 61), (6, 61), (7, 61), (8, 61), (9, 61), (2, 62), (3, 62), (4, 62), (5, 62)]
[(40, 36), (41, 36), (42, 36), (36, 37), (37, 37), (38, 37), (39, 37), (43, 37), (32, 38), (33, 38), (34, 38), (35, 38), (44, 38), (28, 39), (29, 39), (30, 39), (31, 39), (45, 39), (24, 40), (25, 40), (26, 40), (27, 40), (46, 40), (23, 43), (45, 43), (22, 47), (44, 47), (21, 51), (43, 51), (20, 55), (42, 55), (20, 58), (40, 58), (41, 58), (42, 58), (21, 59), (36, 59), (37, 59), (38, 59), (39, 59), (22, 60), (32, 60), (33, 60), (34, 60), (35, 60), (23, 61), (28, 61), (29, 61), (30, 61), (31, 61), (24, 62), (25, 62), (26, 62), (27, 62)]
[(40, 58), (41, 58), (42, 58), (36, 59), (37, 59), (38, 59), (39, 59), (43, 59), (32, 60), (33, 60), (34, 60), (35, 60), (44, 60), (28, 61), (29, 61), (30, 61), (31, 61), (45, 61), (24, 62), (25, 62), (26, 62), (27, 62), (46, 62), (23, 65), (45, 65), (22, 69), (44, 69), (21, 73), (43, 73), (20, 77), (42, 77), (20, 80), (40, 80), (41, 80), (42, 80), (21, 81), (36, 81), (37, 81), (38, 81), (39, 81), (22, 82), (32, 82), (33, 82), (34, 82), (35, 82), (23, 83), (28, 83), (29, 83), (30, 83), (31, 83), (24, 84), (25, 84), (26, 84), (27, 84)]
[(62, 58), (63, 58), (64, 58), (58, 59), (59, 59), (60, 59), (61, 59), (65, 59), (54, 60), (55, 60), (56, 60), (57, 60), (66, 60), (50, 61), (51, 61), (52, 61), (53, 61), (67, 61), (46, 62), (47, 62), (48, 62), (49, 62), (68, 62), (45, 65), (67, 65), (44, 69), (66, 69), (43, 73), (65, 73), (42, 77), (64, 77), (42, 80), (62, 80), (63, 80), (64, 80), (43, 81), (58, 81), (59, 81), (60, 81), (61, 81), (44, 82), (54, 82), (55, 82), (56, 82), (57, 82), (45, 83), (50, 83), (51, 83), (52, 83), (53, 83), (46, 84), (47, 84), (48, 84), (49, 84)]
[(62, 80), (63, 80), (64, 80), (58, 81), (59, 81), (60, 81), (61, 81), (65, 81), (54, 82), (55, 82), (56, 82), (57, 82), (66, 82), (50, 83), (51, 83), (52, 83), (53, 83), (67, 83), (46, 84), (47, 84), (48, 84), (49, 84), (68, 84), (45, 87), (67, 87), (44, 91), (66, 91), (43, 95), (65, 95), (42, 99), (64, 99), (42, 102), (62, 102), (63, 102), (64, 102), (43, 103), (58, 103), (59, 103), (60, 103), (61, 103), (44, 104), (54, 104), (55, 104), (56, 104), (57, 104), (45, 105), (50, 105), (51, 105), (52, 105), (53, 105), (46, 106), (47, 106), (48, 106), (49, 106)]
[(84, 80), (85, 80), (86, 80), (80, 81), (81, 81), (82, 81), (83, 81), (87, 81), (76, 82), (77, 82), (78, 82), (79, 82), (88, 82), (72, 83), (73, 83), (74, 83), (75, 83), (89, 83), (68, 84), (69, 84), (70, 84), (71, 84), (90, 84), (67, 87), (89, 87), (66, 91), (88, 91), (65, 95), (87, 95), (64, 99), (86, 99), (64, 102), (84, 102), (85, 102), (86, 102), (65, 103), (80, 103), (81, 103), (82, 103), (83, 103), (66, 104), (76, 104), (77, 104), (78, 104), (79, 104), (67, 105), (72, 105), (73, 105), (74, 105), (75, 105), (68, 106), (69, 106), (70, 106), (71, 106)]
[(84, 102), (85, 102), (86, 102), (80, 103), (81, 103), (82, 103), (83, 103), (87, 103), (76, 104), (77, 104), (78, 104), (79, 104), (88, 104), (72, 105), (73, 105), (74, 105), (75, 105), (89, 105), (68, 106), (69, 106), (70, 106), (71, 106), (90, 106), (67, 109), (89, 109), (66, 113), (88, 113)]
[(106, 102), (107, 102), (108, 102), (102, 103), (103, 103), (104, 103), (105, 103), (109, 103), (98, 104), (99, 104), (100, 104), (101, 104), (110, 104), (94, 105), (95, 105), (96, 105), (97, 105), (111, 105), (90, 106), (91, 106), (92, 106), (93, 106), (112, 106), (89, 109), (111, 109), (88, 113), (110, 113)]
[(18, 58), (19, 58), (20, 58), (14, 59), (15, 59), (16, 59), (17, 59), (21, 59), (10, 60), (11, 60), (12, 60), (13, 60), (22, 60), (6, 61), (7, 61), (8, 61), (9, 61), (23, 61), (2, 62), (3, 62), (4, 62), (5, 62), (24, 62), (1, 65), (23, 65), (0, 69), (22, 69), (21, 73), (20, 77), (18, 80), (19, 80), (20, 80), (14, 81), (15, 81), (16, 81), (17, 81), (0, 82), (10, 82), (11, 82), (12, 82), (13, 82), (1, 83), (6, 83), (7, 83), (8, 83), (9, 83), (2, 84), (3, 84), (4, 84), (5, 84)]
[(18, 80), (19, 80), (20, 80), (14, 81), (15, 81), (16, 81), (17, 81), (21, 81), (10, 82), (11, 82), (12, 82), (13, 82), (22, 82), (6, 83), (7, 83), (8, 83), (9, 83), (23, 83), (2, 84), (3, 84), (4, 84), (5, 84), (24, 84), (1, 87), (23, 87), (0, 91), (22, 91), (21, 95), (20, 99), (18, 102), (19, 102), (20, 102), (14, 103), (15, 103), (16, 103), (17, 103), (0, 104), (10, 104), (11, 104), (12, 104), (13, 104), (1, 105), (6, 105), (7, 105), (8, 105), (9, 105), (2, 106), (3, 106), (4, 106), (5, 106)]
[(40, 80), (41, 80), (42, 80), (36, 81), (37, 81), (38, 81), (39, 81), (43, 81), (32, 82), (33, 82), (34, 82), (35, 82), (44, 82), (28, 83), (29, 83), (30, 83), (31, 83), (45, 83), (24, 84), (25, 84), (26, 84), (27, 84), (46, 84), (23, 87), (45, 87), (22, 91), (44, 91), (21, 95), (43, 95), (20, 99), (42, 99), (20, 102), (40, 102), (41, 102), (42, 102), (21, 103), (36, 103), (37, 103), (38, 103), (39, 103), (22, 104), (32, 104), (33, 104), (34, 104), (35, 104), (23, 105), (28, 105), (29, 105), (30, 105), (31, 105), (24, 106), (25, 106), (26, 106), (27, 106)]
[(40, 102), (41, 102), (42, 102), (36, 103), (37, 103), (38, 103), (39, 103), (43, 103), (32, 104), (33, 104), (34, 104), (35, 104), (44, 104), (28, 105), (29, 105), (30, 105), (31, 105), (45, 105), (24, 106), (25, 106), (26, 106), (27, 106), (46, 106), (23, 109), (45, 109), (22, 113), (44, 113)]
[(62, 102), (63, 102), (64, 102), (58, 103), (59, 103), (60, 103), (61, 103), (65, 103), (54, 104), (55, 104), (56, 104), (57, 104), (66, 104), (50, 105), (51, 105), (52, 105), (53, 105), (67, 105), (46, 106), (47, 106), (48, 106), (49, 106), (68, 106), (45, 109), (67, 109), (44, 113), (66, 113)]
[(18, 102), (19, 102), (20, 102), (14, 103), (15, 103), (16, 103), (17, 103), (21, 103), (10, 104), (11, 104), (12, 104), (13, 104), (22, 104), (6, 105), (7, 105), (8, 105), (9, 105), (23, 105), (2, 106), (3, 106), (4, 106), (5, 106), (24, 106), (1, 109), (23, 109), (0, 113), (22, 113)]
