[(108, 25), (105, 26), (106, 26), (107, 26), (109, 26), (103, 27), (104, 27), (110, 27), (100, 28), (101, 28), (102, 28), (111, 28), (98, 29), (99, 29), (112, 29), (95, 30), (96, 30), (97, 30), (113, 30), (92, 31), (93, 31), (94, 31), (112, 32), (91, 33), (111, 35), (90, 36), (110, 37), (89, 38), (109, 40), (88, 41), (108, 42), (87, 43), (107, 45), (86, 46), (107, 46), (86, 47), (104, 47), (105, 47), (106, 47), (87, 48), (102, 48), (103, 48), (88, 49), (99, 49), (100, 49), (101, 49), (89, 50), (97, 50), (98, 50), (90, 51), (94, 51), (95, 51), (96, 51), (91, 52), (92, 52), (93, 52)]
[(113, 30), (114, 30), (112, 32), (111, 35), (110, 37), (109, 40), (108, 42), (107, 45), (107, 46), (108, 47), (109, 48), (110, 49), (111, 50), (112, 51), (113, 51), (114, 51)]
[(112, 51), (113, 51), (114, 51), (111, 53), (110, 56), (109, 58), (108, 61), (107, 63), (106, 66), (106, 67), (107, 68), (108, 69), (109, 70), (110, 71), (114, 71), (111, 72), (112, 72), (113, 72)]
[(66, 27), (63, 28), (64, 28), (65, 28), (67, 28), (61, 29), (62, 29), (68, 29), (58, 30), (59, 30), (60, 30), (69, 30), (56, 31), (57, 31), (70, 31), (53, 32), (54, 32), (55, 32), (71, 32), (50, 33), (51, 33), (52, 33), (70, 34), (49, 35), (69, 37), (48, 38), (68, 39), (47, 40), (67, 42), (46, 43), (66, 44), (45, 45), (65, 47), (44, 48), (65, 48), (44, 49), (62, 49), (63, 49), (64, 49), (45, 50), (60, 50), (61, 50), (46, 51), (57, 51), (58, 51), (59, 51), (47, 52), (55, 52), (56, 52), (48, 53), (52, 53), (53, 53), (54, 53), (49, 54), (50, 54), (51, 54)]
[(87, 26), (84, 27), (85, 27), (86, 27), (88, 27), (82, 28), (83, 28), (89, 28), (79, 29), (80, 29), (81, 29), (90, 29), (77, 30), (78, 30), (91, 30), (74, 31), (75, 31), (76, 31), (92, 31), (71, 32), (72, 32), (73, 32), (91, 33), (70, 34), (90, 36), (69, 37), (89, 38), (68, 39), (88, 41), (67, 42), (87, 43), (66, 44), (86, 46), (65, 47), (86, 47), (65, 48), (83, 48), (84, 48), (85, 48), (66, 49), (81, 49), (82, 49), (67, 50), (78, 50), (79, 50), (80, 50), (68, 51), (76, 51), (77, 51), (69, 52), (73, 52), (74, 52), (75, 52), (70, 53), (71, 53), (72, 53)]
[(86, 47), (83, 48), (84, 48), (85, 48), (87, 48), (81, 49), (82, 49), (88, 49), (78, 50), (79, 50), (80, 50), (89, 50), (76, 51), (77, 51), (90, 51), (73, 52), (74, 52), (75, 52), (91, 52), (70, 53), (71, 53), (72, 53), (90, 54), (69, 55), (89, 57), (68, 58), (88, 59), (67, 60), (87, 62), (66, 63), (86, 64), (65, 65), (85, 67), (64, 68), (85, 68), (64, 69), (82, 69), (83, 69), (84, 69), (65, 70), (80, 70), (81, 70), (66, 71), (77, 71), (78, 71), (79, 71), (67, 72), (75, 72), (76, 72), (68, 73), (72, 73), (73, 73), (74, 73), (69, 74), (70, 74), (71, 74)]
[(107, 46), (104, 47), (105, 47), (106, 47), (108, 47), (102, 48), (103, 48), (109, 48), (99, 49), (100, 49), (101, 49), (110, 49), (97, 50), (98, 50), (111, 50), (94, 51), (95, 51), (96, 51), (112, 51), (91, 52), (92, 52), (93, 52), (111, 53), (90, 54), (110, 56), (89, 57), (109, 58), (88, 59), (108, 61), (87, 62), (107, 63), (86, 64), (106, 66), (85, 67), (106, 67), (85, 68), (103, 68), (104, 68), (105, 68), (86, 69), (101, 69), (102, 69), (87, 70), (98, 70), (99, 70), (100, 70), (88, 71), (96, 71), (97, 71), (89, 72), (93, 72), (94, 72), (95, 72), (90, 73), (91, 73), (92, 73)]
[(106, 67), (103, 68), (104, 68), (105, 68), (107, 68), (101, 69), (102, 69), (108, 69), (98, 70), (99, 70), (100, 70), (109, 70), (96, 71), (97, 71), (110, 71), (93, 72), (94, 72), (95, 72), (111, 72), (90, 73), (91, 73), (92, 73), (110, 74), (89, 75), (109, 77), (88, 78), (108, 79), (87, 80), (107, 82), (86, 83), (106, 84), (85, 85), (105, 87), (84, 88), (105, 88), (84, 89), (102, 89), (103, 89), (104, 89), (85, 90), (100, 90), (101, 90), (86, 91), (97, 91), (98, 91), (99, 91), (87, 92), (95, 92), (96, 92), (88, 93), (92, 93), (93, 93), (94, 93), (89, 94), (90, 94), (91, 94)]
[(114, 71), (111, 72), (112, 72), (113, 72), (110, 74), (109, 77), (108, 79), (107, 82), (106, 84), (105, 87), (105, 88), (106, 89), (107, 90), (108, 91), (109, 92), (113, 92), (114, 92), (110, 93), (111, 93), (112, 93)]
[(113, 92), (114, 92), (110, 93), (111, 93), (112, 93), (109, 95), (108, 98), (107, 100), (106, 103), (105, 105), (104, 108), (104, 109), (105, 110), (106, 111), (107, 112), (108, 113), (112, 113), (113, 113), (114, 113), (109, 114), (110, 114), (111, 114)]
[(44, 49), (41, 50), (42, 50), (43, 50), (45, 50), (39, 51), (40, 51), (46, 51), (36, 52), (37, 52), (38, 52), (47, 52), (34, 53), (35, 53), (48, 53), (31, 54), (32, 54), (33, 54), (49, 54), (28, 55), (29, 55), (30, 55), (48, 56), (27, 57), (47, 59), (26, 60), (46, 61), (25, 62), (45, 64), (24, 65), (44, 66), (23, 67), (43, 69), (22, 70), (43, 70), (22, 71), (40, 71), (41, 71), (42, 71), (23, 72), (38, 72), (39, 72), (24, 73), (35, 73), (36, 73), (37, 73), (25, 74), (33, 74), (34, 74), (26, 75), (30, 75), (31, 75), (32, 75), (27, 76), (28, 76), (29, 76)]
[(65, 48), (62, 49), (63, 49), (64, 49), (66, 49), (60, 50), (61, 50), (67, 50), (57, 51), (58, 51), (59, 51), (68, 51), (55, 52), (56, 52), (69, 52), (52, 53), (53, 53), (54, 53), (70, 53), (49, 54), (50, 54), (51, 54), (69, 55), (48, 56), (68, 58), (47, 59), (67, 60), (46, 61), (66, 63), (45, 64), (65, 65), (44, 66), (64, 68), (43, 69), (64, 69), (43, 70), (61, 70), (62, 70), (63, 70), (44, 71), (59, 71), (60, 71), (45, 72), (56, 72), (57, 72), (58, 72), (46, 73), (54, 73), (55, 73), (47, 74), (51, 74), (52, 74), (53, 74), (48, 75), (49, 75), (50, 75)]
[(64, 69), (61, 70), (62, 70), (63, 70), (65, 70), (59, 71), (60, 71), (66, 71), (56, 72), (57, 72), (58, 72), (67, 72), (54, 73), (55, 73), (68, 73), (51, 74), (52, 74), (53, 74), (69, 74), (48, 75), (49, 75), (50, 75), (68, 76), (47, 77), (67, 79), (46, 80), (66, 81), (45, 82), (65, 84), (44, 85), (64, 86), (43, 87), (63, 89), (42, 90), (63, 90), (42, 91), (60, 91), (61, 91), (62, 91), (43, 92), (58, 92), (59, 92), (44, 93), (55, 93), (56, 93), (57, 93), (45, 94), (53, 94), (54, 94), (46, 95), (50, 95), (51, 95), (52, 95), (47, 96), (48, 96), (49, 96)]
[(85, 68), (82, 69), (83, 69), (84, 69), (86, 69), (80, 70), (81, 70), (87, 70), (77, 71), (78, 71), (79, 71), (88, 71), (75, 72), (76, 72), (89, 72), (72, 73), (73, 73), (74, 73), (90, 73), (69, 74), (70, 74), (71, 74), (89, 75), (68, 76), (88, 78), (67, 79), (87, 80), (66, 81), (86, 83), (65, 84), (85, 85), (64, 86), (84, 88), (63, 89), (84, 89), (63, 90), (81, 90), (82, 90), (83, 90), (64, 91), (79, 91), (80, 91), (65, 92), (76, 92), (77, 92), (78, 92), (66, 93), (74, 93), (75, 93), (67, 94), (71, 94), (72, 94), (73, 94), (68, 95), (69, 95), (70, 95)]
[(84, 89), (81, 90), (82, 90), (83, 90), (85, 90), (79, 91), (80, 91), (86, 91), (76, 92), (77, 92), (78, 92), (87, 92), (74, 93), (75, 93), (88, 93), (71, 94), (72, 94), (73, 94), (89, 94), (68, 95), (69, 95), (70, 95), (88, 96), (67, 97), (87, 99), (66, 100), (86, 101), (65, 102), (85, 104), (64, 105), (84, 106), (63, 107), (83, 109), (62, 110), (83, 110), (62, 111), (80, 111), (81, 111), (82, 111), (63, 112), (78, 112), (79, 112), (64, 113), (75, 113), (76, 113), (77, 113), (65, 114), (73, 114), (74, 114)]
[(105, 88), (102, 89), (103, 89), (104, 89), (106, 89), (100, 90), (101, 90), (107, 90), (97, 91), (98, 91), (99, 91), (108, 91), (95, 92), (96, 92), (109, 92), (92, 93), (93, 93), (94, 93), (110, 93), (89, 94), (90, 94), (91, 94), (109, 95), (88, 96), (108, 98), (87, 99), (107, 100), (86, 101), (106, 103), (85, 104), (105, 105), (84, 106), (104, 108), (83, 109), (104, 109), (83, 110), (101, 110), (102, 110), (103, 110), (84, 111), (99, 111), (100, 111), (85, 112), (96, 112), (97, 112), (98, 112), (86, 113), (94, 113), (95, 113), (87, 114), (91, 114), (92, 114), (93, 114)]
[(104, 109), (101, 110), (102, 110), (103, 110), (105, 110), (99, 111), (100, 111), (106, 111), (96, 112), (97, 112), (98, 112), (107, 112), (94, 113), (95, 113), (108, 113), (91, 114), (92, 114), (93, 114), (109, 114)]
[(112, 113), (113, 113), (114, 113), (109, 114), (110, 114), (111, 114)]
[(43, 70), (40, 71), (41, 71), (42, 71), (44, 71), (38, 72), (39, 72), (45, 72), (35, 73), (36, 73), (37, 73), (46, 73), (33, 74), (34, 74), (47, 74), (30, 75), (31, 75), (32, 75), (48, 75), (27, 76), (28, 76), (29, 76), (47, 77), (26, 78), (46, 80), (25, 81), (45, 82), (24, 83), (44, 85), (23, 86), (43, 87), (22, 88), (42, 90), (21, 91), (42, 91), (21, 92), (39, 92), (40, 92), (41, 92), (22, 93), (37, 93), (38, 93), (23, 94), (34, 94), (35, 94), (36, 94), (24, 95), (32, 95), (33, 95), (25, 96), (29, 96), (30, 96), (31, 96), (26, 97), (27, 97), (28, 97)]
[(42, 91), (39, 92), (40, 92), (41, 92), (43, 92), (37, 93), (38, 93), (44, 93), (34, 94), (35, 94), (36, 94), (45, 94), (32, 95), (33, 95), (46, 95), (29, 96), (30, 96), (31, 96), (47, 96), (26, 97), (27, 97), (28, 97), (46, 98), (25, 99), (45, 101), (24, 102), (44, 103), (23, 104), (43, 106), (22, 107), (42, 108), (21, 109), (41, 111), (20, 112), (41, 112), (20, 113), (38, 113), (39, 113), (40, 113), (21, 114), (36, 114), (37, 114)]
[(63, 90), (60, 91), (61, 91), (62, 91), (64, 91), (58, 92), (59, 92), (65, 92), (55, 93), (56, 93), (57, 93), (66, 93), (53, 94), (54, 94), (67, 94), (50, 95), (51, 95), (52, 95), (68, 95), (47, 96), (48, 96), (49, 96), (67, 97), (46, 98), (66, 100), (45, 101), (65, 102), (44, 103), (64, 105), (43, 106), (63, 107), (42, 108), (62, 110), (41, 111), (62, 111), (41, 112), (59, 112), (60, 112), (61, 112), (42, 113), (57, 113), (58, 113), (43, 114), (54, 114), (55, 114), (56, 114)]
[(62, 111), (59, 112), (60, 112), (61, 112), (63, 112), (57, 113), (58, 113), (64, 113), (54, 114), (55, 114), (56, 114), (65, 114)]
[(83, 110), (80, 111), (81, 111), (82, 111), (84, 111), (78, 112), (79, 112), (85, 112), (75, 113), (76, 113), (77, 113), (86, 113), (73, 114), (74, 114), (87, 114)]
[(41, 112), (38, 113), (39, 113), (40, 113), (42, 113), (36, 114), (37, 114), (43, 114)]
