[(91, 11), (89, 12), (90, 12), (92, 12), (86, 13), (87, 13), (88, 13), (84, 14), (85, 14), (91, 14), (81, 15), (82, 15), (83, 15), (79, 16), (80, 16), (76, 17), (77, 17), (78, 17), (90, 17), (73, 18), (74, 18), (75, 18), (89, 19), (72, 20), (88, 22), (71, 23), (87, 24), (70, 25), (86, 27), (69, 28), (85, 29), (68, 30), (85, 30), (83, 31), (84, 31), (80, 32), (81, 32), (82, 32), (67, 33), (78, 33), (79, 33), (75, 34), (76, 34), (77, 34), (66, 35), (73, 35), (74, 35), (66, 36), (70, 36), (71, 36), (72, 36), (67, 37), (68, 37), (69, 37)]
[(110, 5), (108, 6), (109, 6), (111, 6), (105, 7), (106, 7), (107, 7), (103, 8), (104, 8), (110, 8), (100, 9), (101, 9), (102, 9), (98, 10), (99, 10), (95, 11), (96, 11), (97, 11), (109, 11), (92, 12), (93, 12), (94, 12), (108, 13), (91, 14), (107, 16), (90, 17), (106, 18), (89, 19), (105, 21), (88, 22), (104, 23), (87, 24), (104, 24), (102, 25), (103, 25), (99, 26), (100, 26), (101, 26), (86, 27), (97, 27), (98, 27), (94, 28), (95, 28), (96, 28), (85, 29), (92, 29), (93, 29), (85, 30), (89, 30), (90, 30), (91, 30), (86, 31), (87, 31), (88, 31)]
[(104, 24), (102, 25), (103, 25), (105, 25), (99, 26), (100, 26), (101, 26), (97, 27), (98, 27), (104, 27), (94, 28), (95, 28), (96, 28), (92, 29), (93, 29), (89, 30), (90, 30), (91, 30), (103, 30), (86, 31), (87, 31), (88, 31), (102, 32), (85, 33), (101, 35), (84, 36), (100, 37), (83, 38), (99, 40), (82, 41), (98, 42), (81, 43), (98, 43), (96, 44), (97, 44), (93, 45), (94, 45), (95, 45), (80, 46), (91, 46), (92, 46), (88, 47), (89, 47), (90, 47), (79, 48), (86, 48), (87, 48), (79, 49), (83, 49), (84, 49), (85, 49), (80, 50), (81, 50), (82, 50)]
[(113, 22), (114, 22), (111, 23), (112, 23), (108, 24), (109, 24), (110, 24), (105, 25), (106, 25), (107, 25), (104, 27), (103, 30), (102, 32), (101, 35), (100, 37), (112, 39), (113, 39), (114, 39), (99, 40), (110, 40), (111, 40), (107, 41), (108, 41), (109, 41), (98, 42), (105, 42), (106, 42), (98, 43), (102, 43), (103, 43), (104, 43), (99, 44), (100, 44), (101, 44)]
[(112, 39), (113, 39), (114, 39), (110, 40), (111, 40), (107, 41), (108, 41), (109, 41), (105, 42), (106, 42), (102, 43), (103, 43), (104, 43), (99, 44), (100, 44), (101, 44), (98, 46), (114, 48), (97, 49), (113, 50), (96, 51), (112, 53), (95, 54), (111, 55), (94, 56), (111, 56), (109, 57), (110, 57), (106, 58), (107, 58), (108, 58), (93, 59), (104, 59), (105, 59), (101, 60), (102, 60), (103, 60), (92, 61), (99, 61), (100, 61), (92, 62), (96, 62), (97, 62), (98, 62), (93, 63), (94, 63), (95, 63)]
[(114, 48), (113, 50), (112, 53), (111, 55), (111, 56), (112, 57), (113, 57), (114, 57)]
[(112, 57), (113, 57), (114, 57), (111, 59), (110, 62), (109, 64), (108, 67), (107, 69), (106, 72), (114, 73), (105, 74), (112, 74), (113, 74), (105, 75), (109, 75), (110, 75), (111, 75), (106, 76), (107, 76), (108, 76)]
[(53, 23), (51, 24), (52, 24), (54, 24), (48, 25), (49, 25), (50, 25), (46, 26), (47, 26), (53, 26), (43, 27), (44, 27), (45, 27), (41, 28), (42, 28), (38, 29), (39, 29), (40, 29), (52, 29), (35, 30), (36, 30), (37, 30), (51, 31), (34, 32), (50, 34), (33, 35), (49, 36), (32, 37), (48, 39), (31, 40), (47, 41), (30, 42), (47, 42), (45, 43), (46, 43), (42, 44), (43, 44), (44, 44), (29, 45), (40, 45), (41, 45), (37, 46), (38, 46), (39, 46), (28, 47), (35, 47), (36, 47), (28, 48), (32, 48), (33, 48), (34, 48), (29, 49), (30, 49), (31, 49)]
[(72, 17), (70, 18), (71, 18), (73, 18), (67, 19), (68, 19), (69, 19), (65, 20), (66, 20), (72, 20), (62, 21), (63, 21), (64, 21), (60, 22), (61, 22), (57, 23), (58, 23), (59, 23), (71, 23), (54, 24), (55, 24), (56, 24), (70, 25), (53, 26), (69, 28), (52, 29), (68, 30), (51, 31), (67, 33), (50, 34), (66, 35), (49, 36), (66, 36), (64, 37), (65, 37), (61, 38), (62, 38), (63, 38), (48, 39), (59, 39), (60, 39), (56, 40), (57, 40), (58, 40), (47, 41), (54, 41), (55, 41), (47, 42), (51, 42), (52, 42), (53, 42), (48, 43), (49, 43), (50, 43)]
[(66, 36), (64, 37), (65, 37), (67, 37), (61, 38), (62, 38), (63, 38), (59, 39), (60, 39), (66, 39), (56, 40), (57, 40), (58, 40), (54, 41), (55, 41), (51, 42), (52, 42), (53, 42), (65, 42), (48, 43), (49, 43), (50, 43), (64, 44), (47, 45), (63, 47), (46, 48), (62, 49), (45, 50), (61, 52), (44, 53), (60, 54), (43, 55), (60, 55), (58, 56), (59, 56), (55, 57), (56, 57), (57, 57), (42, 58), (53, 58), (54, 58), (50, 59), (51, 59), (52, 59), (41, 60), (48, 60), (49, 60), (41, 61), (45, 61), (46, 61), (47, 61), (42, 62), (43, 62), (44, 62)]
[(85, 30), (83, 31), (84, 31), (86, 31), (80, 32), (81, 32), (82, 32), (78, 33), (79, 33), (85, 33), (75, 34), (76, 34), (77, 34), (73, 35), (74, 35), (70, 36), (71, 36), (72, 36), (84, 36), (67, 37), (68, 37), (69, 37), (83, 38), (66, 39), (82, 41), (65, 42), (81, 43), (64, 44), (80, 46), (63, 47), (79, 48), (62, 49), (79, 49), (77, 50), (78, 50), (74, 51), (75, 51), (76, 51), (61, 52), (72, 52), (73, 52), (69, 53), (70, 53), (71, 53), (60, 54), (67, 54), (68, 54), (60, 55), (64, 55), (65, 55), (66, 55), (61, 56), (62, 56), (63, 56)]
[(79, 49), (77, 50), (78, 50), (80, 50), (74, 51), (75, 51), (76, 51), (72, 52), (73, 52), (79, 52), (69, 53), (70, 53), (71, 53), (67, 54), (68, 54), (64, 55), (65, 55), (66, 55), (78, 55), (61, 56), (62, 56), (63, 56), (77, 57), (60, 58), (76, 60), (59, 61), (75, 62), (58, 63), (74, 65), (57, 66), (73, 67), (56, 68), (73, 68), (71, 69), (72, 69), (68, 70), (69, 70), (70, 70), (55, 71), (66, 71), (67, 71), (63, 72), (64, 72), (65, 72), (54, 73), (61, 73), (62, 73), (54, 74), (58, 74), (59, 74), (60, 74), (55, 75), (56, 75), (57, 75)]
[(98, 43), (96, 44), (97, 44), (99, 44), (93, 45), (94, 45), (95, 45), (91, 46), (92, 46), (98, 46), (88, 47), (89, 47), (90, 47), (86, 48), (87, 48), (83, 49), (84, 49), (85, 49), (97, 49), (80, 50), (81, 50), (82, 50), (96, 51), (79, 52), (95, 54), (78, 55), (94, 56), (77, 57), (93, 59), (76, 60), (92, 61), (75, 62), (92, 62), (90, 63), (91, 63), (87, 64), (88, 64), (89, 64), (74, 65), (85, 65), (86, 65), (82, 66), (83, 66), (84, 66), (73, 67), (80, 67), (81, 67), (73, 68), (77, 68), (78, 68), (79, 68), (74, 69), (75, 69), (76, 69)]
[(92, 62), (90, 63), (91, 63), (93, 63), (87, 64), (88, 64), (89, 64), (85, 65), (86, 65), (92, 65), (82, 66), (83, 66), (84, 66), (80, 67), (81, 67), (77, 68), (78, 68), (79, 68), (91, 68), (74, 69), (75, 69), (76, 69), (90, 70), (73, 71), (89, 73), (72, 74), (88, 75), (71, 76), (87, 78), (70, 79), (86, 80), (69, 81), (86, 81), (84, 82), (85, 82), (81, 83), (82, 83), (83, 83), (68, 84), (79, 84), (80, 84), (76, 85), (77, 85), (78, 85), (67, 86), (74, 86), (75, 86), (67, 87), (71, 87), (72, 87), (73, 87), (68, 88), (69, 88), (70, 88)]
[(111, 56), (109, 57), (110, 57), (112, 57), (106, 58), (107, 58), (108, 58), (104, 59), (105, 59), (111, 59), (101, 60), (102, 60), (103, 60), (99, 61), (100, 61), (96, 62), (97, 62), (98, 62), (110, 62), (93, 63), (94, 63), (95, 63), (109, 64), (92, 65), (108, 67), (91, 68), (107, 69), (90, 70), (106, 72), (89, 73), (105, 74), (88, 75), (105, 75), (103, 76), (104, 76), (100, 77), (101, 77), (102, 77), (87, 78), (98, 78), (99, 78), (95, 79), (96, 79), (97, 79), (86, 80), (93, 80), (94, 80), (86, 81), (90, 81), (91, 81), (92, 81), (87, 82), (88, 82), (89, 82)]
[(105, 75), (103, 76), (104, 76), (106, 76), (100, 77), (101, 77), (102, 77), (98, 78), (99, 78), (105, 78), (95, 79), (96, 79), (97, 79), (93, 80), (94, 80), (90, 81), (91, 81), (92, 81), (104, 81), (87, 82), (88, 82), (89, 82), (103, 83), (86, 84), (102, 86), (85, 87), (101, 88), (84, 89), (100, 91), (83, 92), (99, 93), (82, 94), (99, 94), (97, 95), (98, 95), (94, 96), (95, 96), (96, 96), (81, 97), (92, 97), (93, 97), (89, 98), (90, 98), (91, 98), (80, 99), (87, 99), (88, 99), (80, 100), (84, 100), (85, 100), (86, 100), (81, 101), (82, 101), (83, 101)]
[(114, 73), (112, 74), (113, 74), (109, 75), (110, 75), (111, 75), (106, 76), (107, 76), (108, 76), (105, 78), (104, 81), (103, 83), (102, 86), (101, 88), (113, 90), (114, 90), (100, 91), (111, 91), (112, 91), (108, 92), (109, 92), (110, 92), (99, 93), (106, 93), (107, 93), (99, 94), (103, 94), (104, 94), (105, 94), (100, 95), (101, 95), (102, 95)]
[(113, 90), (114, 90), (111, 91), (112, 91), (108, 92), (109, 92), (110, 92), (106, 93), (107, 93), (103, 94), (104, 94), (105, 94), (100, 95), (101, 95), (102, 95), (99, 97), (98, 100), (114, 101), (97, 102), (113, 104), (96, 105), (112, 106), (95, 107), (112, 107), (110, 108), (111, 108), (107, 109), (108, 109), (109, 109), (94, 110), (105, 110), (106, 110), (102, 111), (103, 111), (104, 111), (93, 112), (100, 112), (101, 112), (93, 113), (97, 113), (98, 113), (99, 113), (94, 114), (95, 114), (96, 114)]
[(114, 101), (113, 104), (112, 106), (112, 107), (113, 108), (114, 108)]
[(113, 108), (114, 108), (112, 110), (111, 113)]
[(28, 48), (26, 49), (27, 49), (29, 49), (23, 50), (24, 50), (25, 50), (21, 51), (22, 51), (28, 51), (18, 52), (19, 52), (20, 52), (16, 53), (17, 53), (13, 54), (14, 54), (15, 54), (27, 54), (10, 55), (11, 55), (12, 55), (26, 56), (9, 57), (25, 59), (8, 60), (24, 61), (7, 62), (23, 64), (6, 65), (22, 66), (5, 67), (22, 67), (20, 68), (21, 68), (17, 69), (18, 69), (19, 69), (4, 70), (15, 70), (16, 70), (12, 71), (13, 71), (14, 71), (3, 72), (10, 72), (11, 72), (3, 73), (7, 73), (8, 73), (9, 73), (4, 74), (5, 74), (6, 74)]
[(47, 42), (45, 43), (46, 43), (48, 43), (42, 44), (43, 44), (44, 44), (40, 45), (41, 45), (47, 45), (37, 46), (38, 46), (39, 46), (35, 47), (36, 47), (32, 48), (33, 48), (34, 48), (46, 48), (29, 49), (30, 49), (31, 49), (45, 50), (28, 51), (44, 53), (27, 54), (43, 55), (26, 56), (42, 58), (25, 59), (41, 60), (24, 61), (41, 61), (39, 62), (40, 62), (36, 63), (37, 63), (38, 63), (23, 64), (34, 64), (35, 64), (31, 65), (32, 65), (33, 65), (22, 66), (29, 66), (30, 66), (22, 67), (26, 67), (27, 67), (28, 67), (23, 68), (24, 68), (25, 68)]
[(41, 61), (39, 62), (40, 62), (42, 62), (36, 63), (37, 63), (38, 63), (34, 64), (35, 64), (41, 64), (31, 65), (32, 65), (33, 65), (29, 66), (30, 66), (26, 67), (27, 67), (28, 67), (40, 67), (23, 68), (24, 68), (25, 68), (39, 69), (22, 70), (38, 72), (21, 73), (37, 74), (20, 75), (36, 77), (19, 78), (35, 79), (18, 80), (35, 80), (33, 81), (34, 81), (30, 82), (31, 82), (32, 82), (17, 83), (28, 83), (29, 83), (25, 84), (26, 84), (27, 84), (16, 85), (23, 85), (24, 85), (16, 86), (20, 86), (21, 86), (22, 86), (17, 87), (18, 87), (19, 87)]
[(60, 55), (58, 56), (59, 56), (61, 56), (55, 57), (56, 57), (57, 57), (53, 58), (54, 58), (60, 58), (50, 59), (51, 59), (52, 59), (48, 60), (49, 60), (45, 61), (46, 61), (47, 61), (59, 61), (42, 62), (43, 62), (44, 62), (58, 63), (41, 64), (57, 66), (40, 67), (56, 68), (39, 69), (55, 71), (38, 72), (54, 73), (37, 74), (54, 74), (52, 75), (53, 75), (49, 76), (50, 76), (51, 76), (36, 77), (47, 77), (48, 77), (44, 78), (45, 78), (46, 78), (35, 79), (42, 79), (43, 79), (35, 80), (39, 80), (40, 80), (41, 80), (36, 81), (37, 81), (38, 81)]
[(54, 74), (52, 75), (53, 75), (55, 75), (49, 76), (50, 76), (51, 76), (47, 77), (48, 77), (54, 77), (44, 78), (45, 78), (46, 78), (42, 79), (43, 79), (39, 80), (40, 80), (41, 80), (53, 80), (36, 81), (37, 81), (38, 81), (52, 82), (35, 83), (51, 85), (34, 86), (50, 87), (33, 88), (49, 90), (32, 91), (48, 92), (31, 93), (48, 93), (46, 94), (47, 94), (43, 95), (44, 95), (45, 95), (30, 96), (41, 96), (42, 96), (38, 97), (39, 97), (40, 97), (29, 98), (36, 98), (37, 98), (29, 99), (33, 99), (34, 99), (35, 99), (30, 100), (31, 100), (32, 100)]
[(73, 68), (71, 69), (72, 69), (74, 69), (68, 70), (69, 70), (70, 70), (66, 71), (67, 71), (73, 71), (63, 72), (64, 72), (65, 72), (61, 73), (62, 73), (58, 74), (59, 74), (60, 74), (72, 74), (55, 75), (56, 75), (57, 75), (71, 76), (54, 77), (70, 79), (53, 80), (69, 81), (52, 82), (68, 84), (51, 85), (67, 86), (50, 87), (67, 87), (65, 88), (66, 88), (62, 89), (63, 89), (64, 89), (49, 90), (60, 90), (61, 90), (57, 91), (58, 91), (59, 91), (48, 92), (55, 92), (56, 92), (48, 93), (52, 93), (53, 93), (54, 93), (49, 94), (50, 94), (51, 94)]
[(67, 87), (65, 88), (66, 88), (68, 88), (62, 89), (63, 89), (64, 89), (60, 90), (61, 90), (67, 90), (57, 91), (58, 91), (59, 91), (55, 92), (56, 92), (52, 93), (53, 93), (54, 93), (66, 93), (49, 94), (50, 94), (51, 94), (65, 95), (48, 96), (64, 98), (47, 99), (63, 100), (46, 101), (62, 103), (45, 104), (61, 105), (44, 106), (61, 106), (59, 107), (60, 107), (56, 108), (57, 108), (58, 108), (43, 109), (54, 109), (55, 109), (51, 110), (52, 110), (53, 110), (42, 111), (49, 111), (50, 111), (42, 112), (46, 112), (47, 112), (48, 112), (43, 113), (44, 113), (45, 113)]
[(86, 81), (84, 82), (85, 82), (87, 82), (81, 83), (82, 83), (83, 83), (79, 84), (80, 84), (86, 84), (76, 85), (77, 85), (78, 85), (74, 86), (75, 86), (71, 87), (72, 87), (73, 87), (85, 87), (68, 88), (69, 88), (70, 88), (84, 89), (67, 90), (83, 92), (66, 93), (82, 94), (65, 95), (81, 97), (64, 98), (80, 99), (63, 100), (80, 100), (78, 101), (79, 101), (75, 102), (76, 102), (77, 102), (62, 103), (73, 103), (74, 103), (70, 104), (71, 104), (72, 104), (61, 105), (68, 105), (69, 105), (61, 106), (65, 106), (66, 106), (67, 106), (62, 107), (63, 107), (64, 107)]
[(80, 100), (78, 101), (79, 101), (81, 101), (75, 102), (76, 102), (77, 102), (73, 103), (74, 103), (80, 103), (70, 104), (71, 104), (72, 104), (68, 105), (69, 105), (65, 106), (66, 106), (67, 106), (79, 106), (62, 107), (63, 107), (64, 107), (78, 108), (61, 109), (77, 111), (60, 112), (76, 113), (59, 114)]
[(99, 94), (97, 95), (98, 95), (100, 95), (94, 96), (95, 96), (96, 96), (92, 97), (93, 97), (99, 97), (89, 98), (90, 98), (91, 98), (87, 99), (88, 99), (84, 100), (85, 100), (86, 100), (98, 100), (81, 101), (82, 101), (83, 101), (97, 102), (80, 103), (96, 105), (79, 106), (95, 107), (78, 108), (94, 110), (77, 111), (93, 112), (76, 113), (93, 113), (91, 114), (92, 114)]
[(93, 113), (91, 114), (92, 114), (94, 114)]
[(112, 107), (110, 108), (111, 108), (113, 108), (107, 109), (108, 109), (109, 109), (105, 110), (106, 110), (112, 110), (102, 111), (103, 111), (104, 111), (100, 112), (101, 112), (97, 113), (98, 113), (99, 113), (111, 113), (94, 114), (95, 114), (96, 114)]
[(22, 67), (20, 68), (21, 68), (23, 68), (17, 69), (18, 69), (19, 69), (15, 70), (16, 70), (22, 70), (12, 71), (13, 71), (14, 71), (10, 72), (11, 72), (7, 73), (8, 73), (9, 73), (21, 73), (4, 74), (5, 74), (6, 74), (20, 75), (3, 76), (19, 78), (2, 79), (18, 80), (1, 81), (17, 83), (0, 84), (16, 85), (16, 86), (14, 87), (15, 87), (11, 88), (12, 88), (13, 88), (9, 89), (10, 89), (6, 90), (7, 90), (8, 90), (4, 91), (5, 91), (1, 92), (2, 92), (3, 92), (0, 93)]
[(16, 86), (14, 87), (15, 87), (17, 87), (11, 88), (12, 88), (13, 88), (9, 89), (10, 89), (16, 89), (6, 90), (7, 90), (8, 90), (4, 91), (5, 91), (1, 92), (2, 92), (3, 92), (15, 92), (0, 93), (14, 94), (13, 97), (12, 99), (11, 102), (10, 104), (10, 105), (8, 106), (9, 106), (5, 107), (6, 107), (7, 107), (3, 108), (4, 108), (0, 109), (1, 109), (2, 109)]
[(35, 80), (33, 81), (34, 81), (36, 81), (30, 82), (31, 82), (32, 82), (28, 83), (29, 83), (35, 83), (25, 84), (26, 84), (27, 84), (23, 85), (24, 85), (20, 86), (21, 86), (22, 86), (34, 86), (17, 87), (18, 87), (19, 87), (33, 88), (16, 89), (32, 91), (15, 92), (31, 93), (14, 94), (30, 96), (13, 97), (29, 98), (12, 99), (29, 99), (27, 100), (28, 100), (24, 101), (25, 101), (26, 101), (11, 102), (22, 102), (23, 102), (19, 103), (20, 103), (21, 103), (10, 104), (17, 104), (18, 104), (10, 105), (14, 105), (15, 105), (16, 105), (11, 106), (12, 106), (13, 106)]
[(29, 99), (27, 100), (28, 100), (30, 100), (24, 101), (25, 101), (26, 101), (22, 102), (23, 102), (29, 102), (19, 103), (20, 103), (21, 103), (17, 104), (18, 104), (14, 105), (15, 105), (16, 105), (28, 105), (11, 106), (12, 106), (13, 106), (27, 107), (10, 108), (26, 110), (9, 111), (25, 112), (8, 113)]
[(48, 93), (46, 94), (47, 94), (49, 94), (43, 95), (44, 95), (45, 95), (41, 96), (42, 96), (48, 96), (38, 97), (39, 97), (40, 97), (36, 98), (37, 98), (33, 99), (34, 99), (35, 99), (47, 99), (30, 100), (31, 100), (32, 100), (46, 101), (29, 102), (45, 104), (28, 105), (44, 106), (27, 107), (43, 109), (26, 110), (42, 111), (25, 112), (42, 112), (40, 113), (41, 113), (37, 114), (38, 114), (39, 114)]
[(42, 112), (40, 113), (41, 113), (43, 113), (37, 114), (38, 114), (39, 114)]
[(61, 106), (59, 107), (60, 107), (62, 107), (56, 108), (57, 108), (58, 108), (54, 109), (55, 109), (61, 109), (51, 110), (52, 110), (53, 110), (49, 111), (50, 111), (46, 112), (47, 112), (48, 112), (60, 112), (43, 113), (44, 113), (45, 113), (59, 114)]
[(10, 105), (8, 106), (9, 106), (11, 106), (5, 107), (6, 107), (7, 107), (3, 108), (4, 108), (10, 108), (0, 109), (1, 109), (2, 109), (9, 111), (8, 113)]
