[(102, 12), (99, 13), (100, 13), (101, 13), (103, 13), (95, 14), (96, 14), (97, 14), (98, 14), (92, 15), (93, 15), (94, 15), (89, 16), (90, 16), (91, 16), (102, 16), (86, 17), (87, 17), (88, 17), (82, 18), (83, 18), (84, 18), (85, 18), (101, 19), (81, 21), (100, 22), (80, 24), (99, 26), (79, 27), (98, 29), (78, 31), (97, 32), (97, 33), (77, 34), (94, 34), (95, 34), (96, 34), (90, 35), (91, 35), (92, 35), (93, 35), (87, 36), (88, 36), (89, 36), (76, 37), (84, 37), (85, 37), (86, 37), (76, 38), (81, 38), (82, 38), (83, 38), (77, 39), (78, 39), (79, 39), (80, 39)]
[(113, 10), (114, 10), (110, 11), (111, 11), (112, 11), (107, 12), (108, 12), (109, 12), (103, 13), (104, 13), (105, 13), (106, 13), (102, 16), (101, 19), (100, 22), (99, 26), (98, 29), (111, 30), (112, 30), (113, 30), (114, 30), (108, 31), (109, 31), (110, 31), (97, 32), (105, 32), (106, 32), (107, 32), (97, 33), (102, 33), (103, 33), (104, 33), (98, 34), (99, 34), (100, 34), (101, 34)]
[(111, 30), (112, 30), (113, 30), (114, 30), (108, 31), (109, 31), (110, 31), (105, 32), (106, 32), (107, 32), (102, 33), (103, 33), (104, 33), (98, 34), (99, 34), (100, 34), (101, 34), (97, 37), (96, 40), (95, 43), (114, 45), (94, 47), (113, 48), (113, 49), (93, 50), (110, 50), (111, 50), (112, 50), (106, 51), (107, 51), (108, 51), (109, 51), (103, 52), (104, 52), (105, 52), (92, 53), (100, 53), (101, 53), (102, 53), (92, 54), (97, 54), (98, 54), (99, 54), (93, 55), (94, 55), (95, 55), (96, 55)]
[(114, 45), (113, 48), (113, 49), (114, 50)]
[(114, 50), (113, 53), (112, 56), (111, 59), (110, 63), (109, 66), (108, 69), (108, 70), (113, 70), (114, 70), (109, 71), (110, 71), (111, 71), (112, 71)]
[(60, 22), (57, 23), (58, 23), (59, 23), (61, 23), (53, 24), (54, 24), (55, 24), (56, 24), (50, 25), (51, 25), (52, 25), (47, 26), (48, 26), (49, 26), (60, 26), (44, 27), (45, 27), (46, 27), (40, 28), (41, 28), (42, 28), (43, 28), (59, 29), (39, 31), (58, 32), (38, 34), (57, 36), (37, 37), (56, 39), (36, 41), (55, 42), (55, 43), (35, 44), (52, 44), (53, 44), (54, 44), (48, 45), (49, 45), (50, 45), (51, 45), (45, 46), (46, 46), (47, 46), (34, 47), (42, 47), (43, 47), (44, 47), (34, 48), (39, 48), (40, 48), (41, 48), (35, 49), (36, 49), (37, 49), (38, 49)]
[(81, 17), (78, 18), (79, 18), (80, 18), (82, 18), (74, 19), (75, 19), (76, 19), (77, 19), (71, 20), (72, 20), (73, 20), (68, 21), (69, 21), (70, 21), (81, 21), (65, 22), (66, 22), (67, 22), (61, 23), (62, 23), (63, 23), (64, 23), (80, 24), (60, 26), (79, 27), (59, 29), (78, 31), (58, 32), (77, 34), (57, 36), (76, 37), (76, 38), (56, 39), (73, 39), (74, 39), (75, 39), (69, 40), (70, 40), (71, 40), (72, 40), (66, 41), (67, 41), (68, 41), (55, 42), (63, 42), (64, 42), (65, 42), (55, 43), (60, 43), (61, 43), (62, 43), (56, 44), (57, 44), (58, 44), (59, 44)]
[(76, 38), (73, 39), (74, 39), (75, 39), (77, 39), (69, 40), (70, 40), (71, 40), (72, 40), (66, 41), (67, 41), (68, 41), (63, 42), (64, 42), (65, 42), (76, 42), (60, 43), (61, 43), (62, 43), (56, 44), (57, 44), (58, 44), (59, 44), (75, 45), (55, 47), (74, 48), (54, 50), (73, 52), (53, 53), (72, 55), (52, 57), (71, 58), (71, 59), (51, 60), (68, 60), (69, 60), (70, 60), (64, 61), (65, 61), (66, 61), (67, 61), (61, 62), (62, 62), (63, 62), (50, 63), (58, 63), (59, 63), (60, 63), (50, 64), (55, 64), (56, 64), (57, 64), (51, 65), (52, 65), (53, 65), (54, 65)]
[(97, 33), (94, 34), (95, 34), (96, 34), (98, 34), (90, 35), (91, 35), (92, 35), (93, 35), (87, 36), (88, 36), (89, 36), (84, 37), (85, 37), (86, 37), (97, 37), (81, 38), (82, 38), (83, 38), (77, 39), (78, 39), (79, 39), (80, 39), (96, 40), (76, 42), (95, 43), (75, 45), (94, 47), (74, 48), (93, 50), (73, 52), (92, 53), (92, 54), (72, 55), (89, 55), (90, 55), (91, 55), (85, 56), (86, 56), (87, 56), (88, 56), (82, 57), (83, 57), (84, 57), (71, 58), (79, 58), (80, 58), (81, 58), (71, 59), (76, 59), (77, 59), (78, 59), (72, 60), (73, 60), (74, 60), (75, 60)]
[(92, 54), (89, 55), (90, 55), (91, 55), (93, 55), (85, 56), (86, 56), (87, 56), (88, 56), (82, 57), (83, 57), (84, 57), (79, 58), (80, 58), (81, 58), (92, 58), (76, 59), (77, 59), (78, 59), (72, 60), (73, 60), (74, 60), (75, 60), (91, 61), (71, 63), (90, 64), (70, 66), (89, 68), (69, 69), (88, 71), (68, 73), (87, 74), (87, 75), (67, 76), (84, 76), (85, 76), (86, 76), (80, 77), (81, 77), (82, 77), (83, 77), (77, 78), (78, 78), (79, 78), (66, 79), (74, 79), (75, 79), (76, 79), (66, 80), (71, 80), (72, 80), (73, 80), (67, 81), (68, 81), (69, 81), (70, 81)]
[(113, 49), (110, 50), (111, 50), (112, 50), (114, 50), (106, 51), (107, 51), (108, 51), (109, 51), (103, 52), (104, 52), (105, 52), (100, 53), (101, 53), (102, 53), (113, 53), (97, 54), (98, 54), (99, 54), (93, 55), (94, 55), (95, 55), (96, 55), (112, 56), (92, 58), (111, 59), (91, 61), (110, 63), (90, 64), (109, 66), (89, 68), (108, 69), (108, 70), (88, 71), (105, 71), (106, 71), (107, 71), (101, 72), (102, 72), (103, 72), (104, 72), (98, 73), (99, 73), (100, 73), (87, 74), (95, 74), (96, 74), (97, 74), (87, 75), (92, 75), (93, 75), (94, 75), (88, 76), (89, 76), (90, 76), (91, 76)]
[(108, 70), (105, 71), (106, 71), (107, 71), (109, 71), (101, 72), (102, 72), (103, 72), (104, 72), (98, 73), (99, 73), (100, 73), (95, 74), (96, 74), (97, 74), (108, 74), (92, 75), (93, 75), (94, 75), (88, 76), (89, 76), (90, 76), (91, 76), (107, 77), (87, 79), (106, 80), (86, 82), (105, 84), (85, 85), (104, 87), (84, 89), (103, 90), (103, 91), (83, 92), (100, 92), (101, 92), (102, 92), (96, 93), (97, 93), (98, 93), (99, 93), (93, 94), (94, 94), (95, 94), (82, 95), (90, 95), (91, 95), (92, 95), (82, 96), (87, 96), (88, 96), (89, 96), (83, 97), (84, 97), (85, 97), (86, 97)]
[(113, 70), (114, 70), (109, 71), (110, 71), (111, 71), (112, 71), (108, 74), (107, 77), (106, 80), (105, 84), (104, 87), (114, 89), (103, 90), (111, 90), (112, 90), (113, 90), (103, 91), (108, 91), (109, 91), (110, 91), (104, 92), (105, 92), (106, 92), (107, 92)]
[(114, 89), (111, 90), (112, 90), (113, 90), (108, 91), (109, 91), (110, 91), (104, 92), (105, 92), (106, 92), (107, 92), (103, 95), (102, 98), (101, 101), (100, 105), (99, 108), (112, 109), (113, 109), (114, 109), (109, 110), (110, 110), (111, 110), (98, 111), (106, 111), (107, 111), (108, 111), (98, 112), (103, 112), (104, 112), (105, 112), (99, 113), (100, 113), (101, 113), (102, 113)]
[(34, 48), (31, 49), (32, 49), (33, 49), (35, 49), (27, 50), (28, 50), (29, 50), (30, 50), (24, 51), (25, 51), (26, 51), (21, 52), (22, 52), (23, 52), (34, 52), (18, 53), (19, 53), (20, 53), (14, 54), (15, 54), (16, 54), (17, 54), (33, 55), (13, 57), (32, 58), (12, 60), (31, 62), (11, 63), (30, 65), (10, 67), (29, 68), (29, 69), (9, 70), (26, 70), (27, 70), (28, 70), (22, 71), (23, 71), (24, 71), (25, 71), (19, 72), (20, 72), (21, 72), (8, 73), (16, 73), (17, 73), (18, 73), (8, 74), (13, 74), (14, 74), (15, 74), (9, 75), (10, 75), (11, 75), (12, 75)]
[(55, 43), (52, 44), (53, 44), (54, 44), (56, 44), (48, 45), (49, 45), (50, 45), (51, 45), (45, 46), (46, 46), (47, 46), (42, 47), (43, 47), (44, 47), (55, 47), (39, 48), (40, 48), (41, 48), (35, 49), (36, 49), (37, 49), (38, 49), (54, 50), (34, 52), (53, 53), (33, 55), (52, 57), (32, 58), (51, 60), (31, 62), (50, 63), (50, 64), (30, 65), (47, 65), (48, 65), (49, 65), (43, 66), (44, 66), (45, 66), (46, 66), (40, 67), (41, 67), (42, 67), (29, 68), (37, 68), (38, 68), (39, 68), (29, 69), (34, 69), (35, 69), (36, 69), (30, 70), (31, 70), (32, 70), (33, 70)]
[(50, 64), (47, 65), (48, 65), (49, 65), (51, 65), (43, 66), (44, 66), (45, 66), (46, 66), (40, 67), (41, 67), (42, 67), (37, 68), (38, 68), (39, 68), (50, 68), (34, 69), (35, 69), (36, 69), (30, 70), (31, 70), (32, 70), (33, 70), (49, 71), (29, 73), (48, 74), (28, 76), (47, 78), (27, 79), (46, 81), (26, 83), (45, 84), (45, 85), (25, 86), (42, 86), (43, 86), (44, 86), (38, 87), (39, 87), (40, 87), (41, 87), (35, 88), (36, 88), (37, 88), (24, 89), (32, 89), (33, 89), (34, 89), (24, 90), (29, 90), (30, 90), (31, 90), (25, 91), (26, 91), (27, 91), (28, 91)]
[(71, 59), (68, 60), (69, 60), (70, 60), (72, 60), (64, 61), (65, 61), (66, 61), (67, 61), (61, 62), (62, 62), (63, 62), (58, 63), (59, 63), (60, 63), (71, 63), (55, 64), (56, 64), (57, 64), (51, 65), (52, 65), (53, 65), (54, 65), (70, 66), (50, 68), (69, 69), (49, 71), (68, 73), (48, 74), (67, 76), (47, 78), (66, 79), (66, 80), (46, 81), (63, 81), (64, 81), (65, 81), (59, 82), (60, 82), (61, 82), (62, 82), (56, 83), (57, 83), (58, 83), (45, 84), (53, 84), (54, 84), (55, 84), (45, 85), (50, 85), (51, 85), (52, 85), (46, 86), (47, 86), (48, 86), (49, 86)]
[(66, 80), (63, 81), (64, 81), (65, 81), (67, 81), (59, 82), (60, 82), (61, 82), (62, 82), (56, 83), (57, 83), (58, 83), (53, 84), (54, 84), (55, 84), (66, 84), (50, 85), (51, 85), (52, 85), (46, 86), (47, 86), (48, 86), (49, 86), (65, 87), (45, 89), (64, 90), (44, 92), (63, 94), (43, 95), (62, 97), (42, 99), (61, 100), (61, 101), (41, 102), (58, 102), (59, 102), (60, 102), (54, 103), (55, 103), (56, 103), (57, 103), (51, 104), (52, 104), (53, 104), (40, 105), (48, 105), (49, 105), (50, 105), (40, 106), (45, 106), (46, 106), (47, 106), (41, 107), (42, 107), (43, 107), (44, 107)]
[(87, 75), (84, 76), (85, 76), (86, 76), (88, 76), (80, 77), (81, 77), (82, 77), (83, 77), (77, 78), (78, 78), (79, 78), (74, 79), (75, 79), (76, 79), (87, 79), (71, 80), (72, 80), (73, 80), (67, 81), (68, 81), (69, 81), (70, 81), (86, 82), (66, 84), (85, 85), (65, 87), (84, 89), (64, 90), (83, 92), (63, 94), (82, 95), (82, 96), (62, 97), (79, 97), (80, 97), (81, 97), (75, 98), (76, 98), (77, 98), (78, 98), (72, 99), (73, 99), (74, 99), (61, 100), (69, 100), (70, 100), (71, 100), (61, 101), (66, 101), (67, 101), (68, 101), (62, 102), (63, 102), (64, 102), (65, 102)]
[(82, 96), (79, 97), (80, 97), (81, 97), (83, 97), (75, 98), (76, 98), (77, 98), (78, 98), (72, 99), (73, 99), (74, 99), (69, 100), (70, 100), (71, 100), (82, 100), (66, 101), (67, 101), (68, 101), (62, 102), (63, 102), (64, 102), (65, 102), (81, 103), (61, 105), (80, 106), (60, 108), (79, 110), (59, 111), (78, 113)]
[(103, 91), (100, 92), (101, 92), (102, 92), (104, 92), (96, 93), (97, 93), (98, 93), (99, 93), (93, 94), (94, 94), (95, 94), (90, 95), (91, 95), (92, 95), (103, 95), (87, 96), (88, 96), (89, 96), (83, 97), (84, 97), (85, 97), (86, 97), (102, 98), (82, 100), (101, 101), (81, 103), (100, 105), (80, 106), (99, 108), (79, 110), (98, 111), (98, 112), (78, 113), (95, 113), (96, 113), (97, 113), (91, 114), (92, 114), (93, 114), (94, 114)]
[(98, 112), (95, 113), (96, 113), (97, 113), (99, 113), (91, 114), (92, 114), (93, 114), (94, 114)]
[(112, 109), (113, 109), (114, 109), (109, 110), (110, 110), (111, 110), (106, 111), (107, 111), (108, 111), (103, 112), (104, 112), (105, 112), (99, 113), (100, 113), (101, 113), (102, 113)]
[(29, 69), (26, 70), (27, 70), (28, 70), (30, 70), (22, 71), (23, 71), (24, 71), (25, 71), (19, 72), (20, 72), (21, 72), (16, 73), (17, 73), (18, 73), (29, 73), (13, 74), (14, 74), (15, 74), (9, 75), (10, 75), (11, 75), (12, 75), (28, 76), (8, 78), (27, 79), (7, 81), (26, 83), (6, 84), (25, 86), (5, 88), (24, 89), (24, 90), (4, 91), (21, 91), (22, 91), (23, 91), (17, 92), (18, 92), (19, 92), (20, 92), (14, 93), (15, 93), (16, 93), (3, 94), (11, 94), (12, 94), (13, 94), (3, 95), (8, 95), (9, 95), (10, 95), (4, 96), (5, 96), (6, 96), (7, 96)]
[(24, 90), (21, 91), (22, 91), (23, 91), (25, 91), (17, 92), (18, 92), (19, 92), (20, 92), (14, 93), (15, 93), (16, 93), (11, 94), (12, 94), (13, 94), (24, 94), (8, 95), (9, 95), (10, 95), (4, 96), (5, 96), (6, 96), (7, 96), (23, 97), (3, 99), (22, 100), (2, 102), (21, 104), (1, 105), (20, 107), (0, 109), (19, 110), (19, 111), (16, 112), (17, 112), (18, 112), (12, 113), (13, 113), (14, 113), (15, 113), (9, 114), (10, 114), (11, 114)]
[(45, 85), (42, 86), (43, 86), (44, 86), (46, 86), (38, 87), (39, 87), (40, 87), (41, 87), (35, 88), (36, 88), (37, 88), (32, 89), (33, 89), (34, 89), (45, 89), (29, 90), (30, 90), (31, 90), (25, 91), (26, 91), (27, 91), (28, 91), (44, 92), (24, 94), (43, 95), (23, 97), (42, 99), (22, 100), (41, 102), (21, 104), (40, 105), (40, 106), (20, 107), (37, 107), (38, 107), (39, 107), (33, 108), (34, 108), (35, 108), (36, 108), (30, 109), (31, 109), (32, 109), (19, 110), (27, 110), (28, 110), (29, 110), (19, 111), (24, 111), (25, 111), (26, 111), (20, 112), (21, 112), (22, 112), (23, 112)]
[(40, 106), (37, 107), (38, 107), (39, 107), (41, 107), (33, 108), (34, 108), (35, 108), (36, 108), (30, 109), (31, 109), (32, 109), (27, 110), (28, 110), (29, 110), (40, 110), (24, 111), (25, 111), (26, 111), (20, 112), (21, 112), (22, 112), (23, 112), (39, 113)]
[(61, 101), (58, 102), (59, 102), (60, 102), (62, 102), (54, 103), (55, 103), (56, 103), (57, 103), (51, 104), (52, 104), (53, 104), (48, 105), (49, 105), (50, 105), (61, 105), (45, 106), (46, 106), (47, 106), (41, 107), (42, 107), (43, 107), (44, 107), (60, 108), (40, 110), (59, 111), (39, 113)]
[(19, 111), (16, 112), (17, 112), (18, 112), (20, 112), (12, 113), (13, 113), (14, 113), (15, 113), (9, 114), (10, 114), (11, 114)]
