[(88, 11), (86, 12), (87, 12), (89, 12), (83, 13), (84, 13), (85, 13), (81, 14), (82, 14), (88, 14), (78, 15), (79, 15), (80, 15), (76, 16), (77, 16), (73, 17), (74, 17), (75, 17), (87, 17), (70, 18), (71, 18), (72, 18), (86, 19), (69, 20), (85, 22), (68, 23), (84, 24), (67, 25), (83, 27), (66, 28), (82, 29), (65, 30), (82, 30), (80, 31), (81, 31), (77, 32), (78, 32), (79, 32), (64, 33), (75, 33), (76, 33), (72, 34), (73, 34), (74, 34), (63, 35), (70, 35), (71, 35), (63, 36), (67, 36), (68, 36), (69, 36), (64, 37), (65, 37), (66, 37)]
[(107, 5), (105, 6), (106, 6), (108, 6), (102, 7), (103, 7), (104, 7), (100, 8), (101, 8), (107, 8), (97, 9), (98, 9), (99, 9), (95, 10), (96, 10), (92, 11), (93, 11), (94, 11), (106, 11), (89, 12), (90, 12), (91, 12), (105, 13), (88, 14), (104, 16), (87, 17), (103, 18), (86, 19), (102, 21), (85, 22), (101, 23), (84, 24), (101, 24), (99, 25), (100, 25), (96, 26), (97, 26), (98, 26), (83, 27), (94, 27), (95, 27), (91, 28), (92, 28), (93, 28), (82, 29), (89, 29), (90, 29), (82, 30), (86, 30), (87, 30), (88, 30), (83, 31), (84, 31), (85, 31)]
[(101, 24), (99, 25), (100, 25), (102, 25), (96, 26), (97, 26), (98, 26), (94, 27), (95, 27), (101, 27), (91, 28), (92, 28), (93, 28), (89, 29), (90, 29), (86, 30), (87, 30), (88, 30), (100, 30), (83, 31), (84, 31), (85, 31), (99, 32), (82, 33), (98, 35), (81, 36), (97, 37), (80, 38), (96, 40), (79, 41), (95, 42), (78, 43), (95, 43), (93, 44), (94, 44), (90, 45), (91, 45), (92, 45), (77, 46), (88, 46), (89, 46), (85, 47), (86, 47), (87, 47), (76, 48), (83, 48), (84, 48), (76, 49), (80, 49), (81, 49), (82, 49), (77, 50), (78, 50), (79, 50)]
[(113, 21), (114, 21), (110, 22), (111, 22), (112, 22), (108, 23), (109, 23), (105, 24), (106, 24), (107, 24), (102, 25), (103, 25), (104, 25), (101, 27), (100, 30), (99, 32), (98, 35), (114, 36), (97, 37), (114, 37), (112, 38), (113, 38), (109, 39), (110, 39), (111, 39), (96, 40), (107, 40), (108, 40), (104, 41), (105, 41), (106, 41), (95, 42), (102, 42), (103, 42), (95, 43), (99, 43), (100, 43), (101, 43), (96, 44), (97, 44), (98, 44)]
[(114, 37), (112, 38), (113, 38), (109, 39), (110, 39), (111, 39), (107, 40), (108, 40), (114, 40), (104, 41), (105, 41), (106, 41), (102, 42), (103, 42), (99, 43), (100, 43), (101, 43), (113, 43), (96, 44), (97, 44), (98, 44), (112, 45), (95, 46), (111, 48), (94, 49), (110, 50), (93, 51), (109, 53), (92, 54), (108, 55), (91, 56), (108, 56), (106, 57), (107, 57), (103, 58), (104, 58), (105, 58), (90, 59), (101, 59), (102, 59), (98, 60), (99, 60), (100, 60), (89, 61), (96, 61), (97, 61), (89, 62), (93, 62), (94, 62), (95, 62), (90, 63), (91, 63), (92, 63)]
[(114, 40), (113, 43), (112, 45), (111, 48), (110, 50), (109, 53), (108, 55), (108, 56), (112, 56), (113, 56), (114, 56), (109, 57), (110, 57), (111, 57)]
[(112, 56), (113, 56), (114, 56), (109, 57), (110, 57), (111, 57), (108, 59), (107, 62), (106, 64), (105, 67), (104, 69), (103, 72), (114, 72), (111, 73), (112, 73), (113, 73), (102, 74), (109, 74), (110, 74), (102, 75), (106, 75), (107, 75), (108, 75), (103, 76), (104, 76), (105, 76)]
[(50, 23), (48, 24), (49, 24), (51, 24), (45, 25), (46, 25), (47, 25), (43, 26), (44, 26), (50, 26), (40, 27), (41, 27), (42, 27), (38, 28), (39, 28), (35, 29), (36, 29), (37, 29), (49, 29), (32, 30), (33, 30), (34, 30), (48, 31), (31, 32), (47, 34), (30, 35), (46, 36), (29, 37), (45, 39), (28, 40), (44, 41), (27, 42), (44, 42), (42, 43), (43, 43), (39, 44), (40, 44), (41, 44), (26, 45), (37, 45), (38, 45), (34, 46), (35, 46), (36, 46), (25, 47), (32, 47), (33, 47), (25, 48), (29, 48), (30, 48), (31, 48), (26, 49), (27, 49), (28, 49)]
[(69, 17), (67, 18), (68, 18), (70, 18), (64, 19), (65, 19), (66, 19), (62, 20), (63, 20), (69, 20), (59, 21), (60, 21), (61, 21), (57, 22), (58, 22), (54, 23), (55, 23), (56, 23), (68, 23), (51, 24), (52, 24), (53, 24), (67, 25), (50, 26), (66, 28), (49, 29), (65, 30), (48, 31), (64, 33), (47, 34), (63, 35), (46, 36), (63, 36), (61, 37), (62, 37), (58, 38), (59, 38), (60, 38), (45, 39), (56, 39), (57, 39), (53, 40), (54, 40), (55, 40), (44, 41), (51, 41), (52, 41), (44, 42), (48, 42), (49, 42), (50, 42), (45, 43), (46, 43), (47, 43)]
[(63, 36), (61, 37), (62, 37), (64, 37), (58, 38), (59, 38), (60, 38), (56, 39), (57, 39), (63, 39), (53, 40), (54, 40), (55, 40), (51, 41), (52, 41), (48, 42), (49, 42), (50, 42), (62, 42), (45, 43), (46, 43), (47, 43), (61, 44), (44, 45), (60, 47), (43, 48), (59, 49), (42, 50), (58, 52), (41, 53), (57, 54), (40, 55), (57, 55), (55, 56), (56, 56), (52, 57), (53, 57), (54, 57), (39, 58), (50, 58), (51, 58), (47, 59), (48, 59), (49, 59), (38, 60), (45, 60), (46, 60), (38, 61), (42, 61), (43, 61), (44, 61), (39, 62), (40, 62), (41, 62)]
[(82, 30), (80, 31), (81, 31), (83, 31), (77, 32), (78, 32), (79, 32), (75, 33), (76, 33), (82, 33), (72, 34), (73, 34), (74, 34), (70, 35), (71, 35), (67, 36), (68, 36), (69, 36), (81, 36), (64, 37), (65, 37), (66, 37), (80, 38), (63, 39), (79, 41), (62, 42), (78, 43), (61, 44), (77, 46), (60, 47), (76, 48), (59, 49), (76, 49), (74, 50), (75, 50), (71, 51), (72, 51), (73, 51), (58, 52), (69, 52), (70, 52), (66, 53), (67, 53), (68, 53), (57, 54), (64, 54), (65, 54), (57, 55), (61, 55), (62, 55), (63, 55), (58, 56), (59, 56), (60, 56)]
[(76, 49), (74, 50), (75, 50), (77, 50), (71, 51), (72, 51), (73, 51), (69, 52), (70, 52), (76, 52), (66, 53), (67, 53), (68, 53), (64, 54), (65, 54), (61, 55), (62, 55), (63, 55), (75, 55), (58, 56), (59, 56), (60, 56), (74, 57), (57, 58), (73, 60), (56, 61), (72, 62), (55, 63), (71, 65), (54, 66), (70, 67), (53, 68), (70, 68), (68, 69), (69, 69), (65, 70), (66, 70), (67, 70), (52, 71), (63, 71), (64, 71), (60, 72), (61, 72), (62, 72), (51, 73), (58, 73), (59, 73), (51, 74), (55, 74), (56, 74), (57, 74), (52, 75), (53, 75), (54, 75)]
[(95, 43), (93, 44), (94, 44), (96, 44), (90, 45), (91, 45), (92, 45), (88, 46), (89, 46), (95, 46), (85, 47), (86, 47), (87, 47), (83, 48), (84, 48), (80, 49), (81, 49), (82, 49), (94, 49), (77, 50), (78, 50), (79, 50), (93, 51), (76, 52), (92, 54), (75, 55), (91, 56), (74, 57), (90, 59), (73, 60), (89, 61), (72, 62), (89, 62), (87, 63), (88, 63), (84, 64), (85, 64), (86, 64), (71, 65), (82, 65), (83, 65), (79, 66), (80, 66), (81, 66), (70, 67), (77, 67), (78, 67), (70, 68), (74, 68), (75, 68), (76, 68), (71, 69), (72, 69), (73, 69)]
[(89, 62), (87, 63), (88, 63), (90, 63), (84, 64), (85, 64), (86, 64), (82, 65), (83, 65), (89, 65), (79, 66), (80, 66), (81, 66), (77, 67), (78, 67), (74, 68), (75, 68), (76, 68), (88, 68), (71, 69), (72, 69), (73, 69), (87, 70), (70, 71), (86, 73), (69, 74), (85, 75), (68, 76), (84, 78), (67, 79), (83, 80), (66, 81), (83, 81), (81, 82), (82, 82), (78, 83), (79, 83), (80, 83), (65, 84), (76, 84), (77, 84), (73, 85), (74, 85), (75, 85), (64, 86), (71, 86), (72, 86), (64, 87), (68, 87), (69, 87), (70, 87), (65, 88), (66, 88), (67, 88)]
[(108, 56), (106, 57), (107, 57), (109, 57), (103, 58), (104, 58), (105, 58), (101, 59), (102, 59), (108, 59), (98, 60), (99, 60), (100, 60), (96, 61), (97, 61), (93, 62), (94, 62), (95, 62), (107, 62), (90, 63), (91, 63), (92, 63), (106, 64), (89, 65), (105, 67), (88, 68), (104, 69), (87, 70), (103, 72), (86, 73), (102, 74), (85, 75), (102, 75), (100, 76), (101, 76), (97, 77), (98, 77), (99, 77), (84, 78), (95, 78), (96, 78), (92, 79), (93, 79), (94, 79), (83, 80), (90, 80), (91, 80), (83, 81), (87, 81), (88, 81), (89, 81), (84, 82), (85, 82), (86, 82)]
[(102, 75), (100, 76), (101, 76), (103, 76), (97, 77), (98, 77), (99, 77), (95, 78), (96, 78), (102, 78), (92, 79), (93, 79), (94, 79), (90, 80), (91, 80), (87, 81), (88, 81), (89, 81), (101, 81), (84, 82), (85, 82), (86, 82), (100, 83), (83, 84), (99, 86), (82, 87), (98, 88), (81, 89), (97, 91), (80, 92), (96, 93), (79, 94), (96, 94), (94, 95), (95, 95), (91, 96), (92, 96), (93, 96), (78, 97), (89, 97), (90, 97), (86, 98), (87, 98), (88, 98), (77, 99), (84, 99), (85, 99), (77, 100), (81, 100), (82, 100), (83, 100), (78, 101), (79, 101), (80, 101)]
[(114, 72), (111, 73), (112, 73), (113, 73), (109, 74), (110, 74), (106, 75), (107, 75), (108, 75), (103, 76), (104, 76), (105, 76), (102, 78), (101, 81), (100, 83), (99, 86), (98, 88), (113, 89), (114, 89), (110, 90), (111, 90), (112, 90), (97, 91), (108, 91), (109, 91), (105, 92), (106, 92), (107, 92), (96, 93), (103, 93), (104, 93), (96, 94), (100, 94), (101, 94), (102, 94), (97, 95), (98, 95), (99, 95)]
[(113, 89), (114, 89), (110, 90), (111, 90), (112, 90), (108, 91), (109, 91), (105, 92), (106, 92), (107, 92), (103, 93), (104, 93), (100, 94), (101, 94), (102, 94), (114, 94), (97, 95), (98, 95), (99, 95), (113, 96), (96, 97), (112, 99), (95, 100), (111, 101), (94, 102), (110, 104), (93, 105), (109, 106), (92, 107), (109, 107), (107, 108), (108, 108), (104, 109), (105, 109), (106, 109), (91, 110), (102, 110), (103, 110), (99, 111), (100, 111), (101, 111), (90, 112), (97, 112), (98, 112), (90, 113), (94, 113), (95, 113), (96, 113), (91, 114), (92, 114), (93, 114)]
[(114, 94), (113, 96), (112, 99), (111, 101), (110, 104), (109, 106), (109, 107), (113, 107), (114, 107), (110, 108), (111, 108), (112, 108)]
[(113, 107), (114, 107), (110, 108), (111, 108), (112, 108), (109, 110), (108, 113)]
[(25, 48), (23, 49), (24, 49), (26, 49), (20, 50), (21, 50), (22, 50), (18, 51), (19, 51), (25, 51), (15, 52), (16, 52), (17, 52), (13, 53), (14, 53), (10, 54), (11, 54), (12, 54), (24, 54), (7, 55), (8, 55), (9, 55), (23, 56), (6, 57), (22, 59), (5, 60), (21, 61), (4, 62), (20, 64), (3, 65), (19, 66), (2, 67), (19, 67), (17, 68), (18, 68), (14, 69), (15, 69), (16, 69), (1, 70), (12, 70), (13, 70), (9, 71), (10, 71), (11, 71), (0, 72), (7, 72), (8, 72), (0, 73), (4, 73), (5, 73), (6, 73), (1, 74), (2, 74), (3, 74)]
[(44, 42), (42, 43), (43, 43), (45, 43), (39, 44), (40, 44), (41, 44), (37, 45), (38, 45), (44, 45), (34, 46), (35, 46), (36, 46), (32, 47), (33, 47), (29, 48), (30, 48), (31, 48), (43, 48), (26, 49), (27, 49), (28, 49), (42, 50), (25, 51), (41, 53), (24, 54), (40, 55), (23, 56), (39, 58), (22, 59), (38, 60), (21, 61), (38, 61), (36, 62), (37, 62), (33, 63), (34, 63), (35, 63), (20, 64), (31, 64), (32, 64), (28, 65), (29, 65), (30, 65), (19, 66), (26, 66), (27, 66), (19, 67), (23, 67), (24, 67), (25, 67), (20, 68), (21, 68), (22, 68)]
[(38, 61), (36, 62), (37, 62), (39, 62), (33, 63), (34, 63), (35, 63), (31, 64), (32, 64), (38, 64), (28, 65), (29, 65), (30, 65), (26, 66), (27, 66), (23, 67), (24, 67), (25, 67), (37, 67), (20, 68), (21, 68), (22, 68), (36, 69), (19, 70), (35, 72), (18, 73), (34, 74), (17, 75), (33, 77), (16, 78), (32, 79), (15, 80), (32, 80), (30, 81), (31, 81), (27, 82), (28, 82), (29, 82), (14, 83), (25, 83), (26, 83), (22, 84), (23, 84), (24, 84), (13, 85), (20, 85), (21, 85), (13, 86), (17, 86), (18, 86), (19, 86), (14, 87), (15, 87), (16, 87)]
[(57, 55), (55, 56), (56, 56), (58, 56), (52, 57), (53, 57), (54, 57), (50, 58), (51, 58), (57, 58), (47, 59), (48, 59), (49, 59), (45, 60), (46, 60), (42, 61), (43, 61), (44, 61), (56, 61), (39, 62), (40, 62), (41, 62), (55, 63), (38, 64), (54, 66), (37, 67), (53, 68), (36, 69), (52, 71), (35, 72), (51, 73), (34, 74), (51, 74), (49, 75), (50, 75), (46, 76), (47, 76), (48, 76), (33, 77), (44, 77), (45, 77), (41, 78), (42, 78), (43, 78), (32, 79), (39, 79), (40, 79), (32, 80), (36, 80), (37, 80), (38, 80), (33, 81), (34, 81), (35, 81)]
[(51, 74), (49, 75), (50, 75), (52, 75), (46, 76), (47, 76), (48, 76), (44, 77), (45, 77), (51, 77), (41, 78), (42, 78), (43, 78), (39, 79), (40, 79), (36, 80), (37, 80), (38, 80), (50, 80), (33, 81), (34, 81), (35, 81), (49, 82), (32, 83), (48, 85), (31, 86), (47, 87), (30, 88), (46, 90), (29, 91), (45, 92), (28, 93), (45, 93), (43, 94), (44, 94), (40, 95), (41, 95), (42, 95), (27, 96), (38, 96), (39, 96), (35, 97), (36, 97), (37, 97), (26, 98), (33, 98), (34, 98), (26, 99), (30, 99), (31, 99), (32, 99), (27, 100), (28, 100), (29, 100)]
[(70, 68), (68, 69), (69, 69), (71, 69), (65, 70), (66, 70), (67, 70), (63, 71), (64, 71), (70, 71), (60, 72), (61, 72), (62, 72), (58, 73), (59, 73), (55, 74), (56, 74), (57, 74), (69, 74), (52, 75), (53, 75), (54, 75), (68, 76), (51, 77), (67, 79), (50, 80), (66, 81), (49, 82), (65, 84), (48, 85), (64, 86), (47, 87), (64, 87), (62, 88), (63, 88), (59, 89), (60, 89), (61, 89), (46, 90), (57, 90), (58, 90), (54, 91), (55, 91), (56, 91), (45, 92), (52, 92), (53, 92), (45, 93), (49, 93), (50, 93), (51, 93), (46, 94), (47, 94), (48, 94)]
[(64, 87), (62, 88), (63, 88), (65, 88), (59, 89), (60, 89), (61, 89), (57, 90), (58, 90), (64, 90), (54, 91), (55, 91), (56, 91), (52, 92), (53, 92), (49, 93), (50, 93), (51, 93), (63, 93), (46, 94), (47, 94), (48, 94), (62, 95), (45, 96), (61, 98), (44, 99), (60, 100), (43, 101), (59, 103), (42, 104), (58, 105), (41, 106), (58, 106), (56, 107), (57, 107), (53, 108), (54, 108), (55, 108), (40, 109), (51, 109), (52, 109), (48, 110), (49, 110), (50, 110), (39, 111), (46, 111), (47, 111), (39, 112), (43, 112), (44, 112), (45, 112), (40, 113), (41, 113), (42, 113)]
[(83, 81), (81, 82), (82, 82), (84, 82), (78, 83), (79, 83), (80, 83), (76, 84), (77, 84), (83, 84), (73, 85), (74, 85), (75, 85), (71, 86), (72, 86), (68, 87), (69, 87), (70, 87), (82, 87), (65, 88), (66, 88), (67, 88), (81, 89), (64, 90), (80, 92), (63, 93), (79, 94), (62, 95), (78, 97), (61, 98), (77, 99), (60, 100), (77, 100), (75, 101), (76, 101), (72, 102), (73, 102), (74, 102), (59, 103), (70, 103), (71, 103), (67, 104), (68, 104), (69, 104), (58, 105), (65, 105), (66, 105), (58, 106), (62, 106), (63, 106), (64, 106), (59, 107), (60, 107), (61, 107)]
[(77, 100), (75, 101), (76, 101), (78, 101), (72, 102), (73, 102), (74, 102), (70, 103), (71, 103), (77, 103), (67, 104), (68, 104), (69, 104), (65, 105), (66, 105), (62, 106), (63, 106), (64, 106), (76, 106), (59, 107), (60, 107), (61, 107), (75, 108), (58, 109), (74, 111), (57, 112), (73, 113), (56, 114)]
[(96, 94), (94, 95), (95, 95), (97, 95), (91, 96), (92, 96), (93, 96), (89, 97), (90, 97), (96, 97), (86, 98), (87, 98), (88, 98), (84, 99), (85, 99), (81, 100), (82, 100), (83, 100), (95, 100), (78, 101), (79, 101), (80, 101), (94, 102), (77, 103), (93, 105), (76, 106), (92, 107), (75, 108), (91, 110), (74, 111), (90, 112), (73, 113), (90, 113), (88, 114), (89, 114)]
[(90, 113), (88, 114), (89, 114), (91, 114)]
[(109, 107), (107, 108), (108, 108), (110, 108), (104, 109), (105, 109), (106, 109), (102, 110), (103, 110), (109, 110), (99, 111), (100, 111), (101, 111), (97, 112), (98, 112), (94, 113), (95, 113), (96, 113), (108, 113), (91, 114), (92, 114), (93, 114)]
[(19, 67), (17, 68), (18, 68), (20, 68), (14, 69), (15, 69), (16, 69), (12, 70), (13, 70), (19, 70), (9, 71), (10, 71), (11, 71), (7, 72), (8, 72), (4, 73), (5, 73), (6, 73), (18, 73), (1, 74), (2, 74), (3, 74), (17, 75), (0, 76), (16, 78), (15, 80), (14, 83), (13, 85), (13, 86), (11, 87), (12, 87), (8, 88), (9, 88), (10, 88), (6, 89), (7, 89), (3, 90), (4, 90), (5, 90), (1, 91), (2, 91), (0, 92)]
[(13, 86), (11, 87), (12, 87), (14, 87), (8, 88), (9, 88), (10, 88), (6, 89), (7, 89), (13, 89), (3, 90), (4, 90), (5, 90), (1, 91), (2, 91), (0, 92), (12, 92), (11, 94), (10, 97), (9, 99), (8, 102), (7, 104), (7, 105), (5, 106), (6, 106), (2, 107), (3, 107), (4, 107), (0, 108), (1, 108)]
[(32, 80), (30, 81), (31, 81), (33, 81), (27, 82), (28, 82), (29, 82), (25, 83), (26, 83), (32, 83), (22, 84), (23, 84), (24, 84), (20, 85), (21, 85), (17, 86), (18, 86), (19, 86), (31, 86), (14, 87), (15, 87), (16, 87), (30, 88), (13, 89), (29, 91), (12, 92), (28, 93), (11, 94), (27, 96), (10, 97), (26, 98), (9, 99), (26, 99), (24, 100), (25, 100), (21, 101), (22, 101), (23, 101), (8, 102), (19, 102), (20, 102), (16, 103), (17, 103), (18, 103), (7, 104), (14, 104), (15, 104), (7, 105), (11, 105), (12, 105), (13, 105), (8, 106), (9, 106), (10, 106)]
[(26, 99), (24, 100), (25, 100), (27, 100), (21, 101), (22, 101), (23, 101), (19, 102), (20, 102), (26, 102), (16, 103), (17, 103), (18, 103), (14, 104), (15, 104), (11, 105), (12, 105), (13, 105), (25, 105), (8, 106), (9, 106), (10, 106), (24, 107), (7, 108), (23, 110), (6, 111), (22, 112), (5, 113)]
[(45, 93), (43, 94), (44, 94), (46, 94), (40, 95), (41, 95), (42, 95), (38, 96), (39, 96), (45, 96), (35, 97), (36, 97), (37, 97), (33, 98), (34, 98), (30, 99), (31, 99), (32, 99), (44, 99), (27, 100), (28, 100), (29, 100), (43, 101), (26, 102), (42, 104), (25, 105), (41, 106), (24, 107), (40, 109), (23, 110), (39, 111), (22, 112), (39, 112), (37, 113), (38, 113), (34, 114), (35, 114), (36, 114)]
[(39, 112), (37, 113), (38, 113), (40, 113), (34, 114), (35, 114), (36, 114)]
[(58, 106), (56, 107), (57, 107), (59, 107), (53, 108), (54, 108), (55, 108), (51, 109), (52, 109), (58, 109), (48, 110), (49, 110), (50, 110), (46, 111), (47, 111), (43, 112), (44, 112), (45, 112), (57, 112), (40, 113), (41, 113), (42, 113), (56, 114)]
[(7, 105), (5, 106), (6, 106), (8, 106), (2, 107), (3, 107), (4, 107), (0, 108), (1, 108), (7, 108), (6, 111), (5, 113)]
