[(84, 40), (85, 40), (86, 40), (87, 40), (81, 41), (82, 41), (83, 41), (88, 41), (77, 42), (78, 42), (79, 42), (80, 42), (89, 42), (73, 43), (74, 43), (75, 43), (76, 43), (90, 43), (69, 44), (70, 44), (71, 44), (72, 44), (91, 44), (68, 47), (90, 47), (67, 51), (89, 51), (66, 55), (88, 55), (65, 58), (87, 58), (64, 62), (65, 62), (84, 62), (85, 62), (86, 62), (87, 62), (66, 63), (81, 63), (82, 63), (83, 63), (67, 64), (77, 64), (78, 64), (79, 64), (80, 64), (68, 65), (73, 65), (74, 65), (75, 65), (76, 65), (69, 66), (70, 66), (71, 66), (72, 66)]
[(106, 40), (107, 40), (108, 40), (109, 40), (103, 41), (104, 41), (105, 41), (110, 41), (99, 42), (100, 42), (101, 42), (102, 42), (111, 42), (95, 43), (96, 43), (97, 43), (98, 43), (112, 43), (91, 44), (92, 44), (93, 44), (94, 44), (113, 44), (90, 47), (112, 47), (89, 51), (111, 51), (88, 55), (110, 55), (87, 58), (109, 58), (86, 62), (87, 62), (106, 62), (107, 62), (108, 62), (109, 62), (88, 63), (103, 63), (104, 63), (105, 63), (89, 64), (99, 64), (100, 64), (101, 64), (102, 64), (90, 65), (95, 65), (96, 65), (97, 65), (98, 65), (91, 66), (92, 66), (93, 66), (94, 66)]
[(106, 62), (107, 62), (108, 62), (109, 62), (103, 63), (104, 63), (105, 63), (110, 63), (99, 64), (100, 64), (101, 64), (102, 64), (111, 64), (95, 65), (96, 65), (97, 65), (98, 65), (112, 65), (91, 66), (92, 66), (93, 66), (94, 66), (113, 66), (90, 69), (112, 69), (89, 73), (111, 73), (88, 77), (110, 77), (87, 80), (109, 80), (86, 84), (87, 84), (106, 84), (107, 84), (108, 84), (109, 84), (88, 85), (103, 85), (104, 85), (105, 85), (89, 86), (99, 86), (100, 86), (101, 86), (102, 86), (90, 87), (95, 87), (96, 87), (97, 87), (98, 87), (91, 88), (92, 88), (93, 88), (94, 88)]
[(113, 66), (114, 66), (112, 69), (111, 73), (110, 77), (109, 80), (108, 84), (109, 84), (110, 85), (111, 86), (112, 87), (113, 88), (114, 88)]
[(113, 88), (114, 88), (112, 91), (111, 95), (110, 99), (109, 102), (108, 106), (109, 106), (110, 107), (111, 108), (112, 109), (113, 110), (114, 110)]
[(40, 40), (41, 40), (42, 40), (43, 40), (37, 41), (38, 41), (39, 41), (44, 41), (33, 42), (34, 42), (35, 42), (36, 42), (45, 42), (29, 43), (30, 43), (31, 43), (32, 43), (46, 43), (25, 44), (26, 44), (27, 44), (28, 44), (47, 44), (24, 47), (46, 47), (23, 51), (45, 51), (22, 55), (44, 55), (21, 58), (43, 58), (20, 62), (21, 62), (40, 62), (41, 62), (42, 62), (43, 62), (22, 63), (37, 63), (38, 63), (39, 63), (23, 64), (33, 64), (34, 64), (35, 64), (36, 64), (24, 65), (29, 65), (30, 65), (31, 65), (32, 65), (25, 66), (26, 66), (27, 66), (28, 66)]
[(62, 40), (63, 40), (64, 40), (65, 40), (59, 41), (60, 41), (61, 41), (66, 41), (55, 42), (56, 42), (57, 42), (58, 42), (67, 42), (51, 43), (52, 43), (53, 43), (54, 43), (68, 43), (47, 44), (48, 44), (49, 44), (50, 44), (69, 44), (46, 47), (68, 47), (45, 51), (67, 51), (44, 55), (66, 55), (43, 58), (65, 58), (42, 62), (43, 62), (62, 62), (63, 62), (64, 62), (65, 62), (44, 63), (59, 63), (60, 63), (61, 63), (45, 64), (55, 64), (56, 64), (57, 64), (58, 64), (46, 65), (51, 65), (52, 65), (53, 65), (54, 65), (47, 66), (48, 66), (49, 66), (50, 66)]
[(62, 62), (63, 62), (64, 62), (65, 62), (59, 63), (60, 63), (61, 63), (66, 63), (55, 64), (56, 64), (57, 64), (58, 64), (67, 64), (51, 65), (52, 65), (53, 65), (54, 65), (68, 65), (47, 66), (48, 66), (49, 66), (50, 66), (69, 66), (46, 69), (68, 69), (45, 73), (67, 73), (44, 77), (66, 77), (43, 80), (65, 80), (42, 84), (43, 84), (62, 84), (63, 84), (64, 84), (65, 84), (44, 85), (59, 85), (60, 85), (61, 85), (45, 86), (55, 86), (56, 86), (57, 86), (58, 86), (46, 87), (51, 87), (52, 87), (53, 87), (54, 87), (47, 88), (48, 88), (49, 88), (50, 88)]
[(84, 62), (85, 62), (86, 62), (87, 62), (81, 63), (82, 63), (83, 63), (88, 63), (77, 64), (78, 64), (79, 64), (80, 64), (89, 64), (73, 65), (74, 65), (75, 65), (76, 65), (90, 65), (69, 66), (70, 66), (71, 66), (72, 66), (91, 66), (68, 69), (90, 69), (67, 73), (89, 73), (66, 77), (88, 77), (65, 80), (87, 80), (64, 84), (65, 84), (84, 84), (85, 84), (86, 84), (87, 84), (66, 85), (81, 85), (82, 85), (83, 85), (67, 86), (77, 86), (78, 86), (79, 86), (80, 86), (68, 87), (73, 87), (74, 87), (75, 87), (76, 87), (69, 88), (70, 88), (71, 88), (72, 88)]
[(84, 84), (85, 84), (86, 84), (87, 84), (81, 85), (82, 85), (83, 85), (88, 85), (77, 86), (78, 86), (79, 86), (80, 86), (89, 86), (73, 87), (74, 87), (75, 87), (76, 87), (90, 87), (69, 88), (70, 88), (71, 88), (72, 88), (91, 88), (68, 91), (90, 91), (67, 95), (89, 95), (66, 99), (88, 99), (65, 102), (87, 102), (64, 106), (65, 106), (84, 106), (85, 106), (86, 106), (87, 106), (66, 107), (81, 107), (82, 107), (83, 107), (67, 108), (77, 108), (78, 108), (79, 108), (80, 108), (68, 109), (73, 109), (74, 109), (75, 109), (76, 109), (69, 110), (70, 110), (71, 110), (72, 110)]
[(106, 84), (107, 84), (108, 84), (109, 84), (103, 85), (104, 85), (105, 85), (110, 85), (99, 86), (100, 86), (101, 86), (102, 86), (111, 86), (95, 87), (96, 87), (97, 87), (98, 87), (112, 87), (91, 88), (92, 88), (93, 88), (94, 88), (113, 88), (90, 91), (112, 91), (89, 95), (111, 95), (88, 99), (110, 99), (87, 102), (109, 102), (86, 106), (87, 106), (106, 106), (107, 106), (108, 106), (109, 106), (88, 107), (103, 107), (104, 107), (105, 107), (89, 108), (99, 108), (100, 108), (101, 108), (102, 108), (90, 109), (95, 109), (96, 109), (97, 109), (98, 109), (91, 110), (92, 110), (93, 110), (94, 110)]
[(106, 106), (107, 106), (108, 106), (109, 106), (103, 107), (104, 107), (105, 107), (110, 107), (99, 108), (100, 108), (101, 108), (102, 108), (111, 108), (95, 109), (96, 109), (97, 109), (98, 109), (112, 109), (91, 110), (92, 110), (93, 110), (94, 110), (113, 110), (90, 113), (112, 113)]
[(113, 110), (114, 110), (112, 113)]
[(18, 62), (19, 62), (20, 62), (21, 62), (15, 63), (16, 63), (17, 63), (22, 63), (11, 64), (12, 64), (13, 64), (14, 64), (23, 64), (7, 65), (8, 65), (9, 65), (10, 65), (24, 65), (3, 66), (4, 66), (5, 66), (6, 66), (25, 66), (2, 69), (24, 69), (1, 73), (23, 73), (0, 77), (22, 77), (21, 80), (18, 84), (19, 84), (20, 84), (21, 84), (0, 85), (15, 85), (16, 85), (17, 85), (1, 86), (11, 86), (12, 86), (13, 86), (14, 86), (2, 87), (7, 87), (8, 87), (9, 87), (10, 87), (3, 88), (4, 88), (5, 88), (6, 88)]
[(40, 62), (41, 62), (42, 62), (43, 62), (37, 63), (38, 63), (39, 63), (44, 63), (33, 64), (34, 64), (35, 64), (36, 64), (45, 64), (29, 65), (30, 65), (31, 65), (32, 65), (46, 65), (25, 66), (26, 66), (27, 66), (28, 66), (47, 66), (24, 69), (46, 69), (23, 73), (45, 73), (22, 77), (44, 77), (21, 80), (43, 80), (20, 84), (21, 84), (40, 84), (41, 84), (42, 84), (43, 84), (22, 85), (37, 85), (38, 85), (39, 85), (23, 86), (33, 86), (34, 86), (35, 86), (36, 86), (24, 87), (29, 87), (30, 87), (31, 87), (32, 87), (25, 88), (26, 88), (27, 88), (28, 88)]
[(40, 84), (41, 84), (42, 84), (43, 84), (37, 85), (38, 85), (39, 85), (44, 85), (33, 86), (34, 86), (35, 86), (36, 86), (45, 86), (29, 87), (30, 87), (31, 87), (32, 87), (46, 87), (25, 88), (26, 88), (27, 88), (28, 88), (47, 88), (24, 91), (46, 91), (23, 95), (45, 95), (22, 99), (44, 99), (21, 102), (43, 102), (20, 106), (21, 106), (40, 106), (41, 106), (42, 106), (43, 106), (22, 107), (37, 107), (38, 107), (39, 107), (23, 108), (33, 108), (34, 108), (35, 108), (36, 108), (24, 109), (29, 109), (30, 109), (31, 109), (32, 109), (25, 110), (26, 110), (27, 110), (28, 110)]
[(62, 84), (63, 84), (64, 84), (65, 84), (59, 85), (60, 85), (61, 85), (66, 85), (55, 86), (56, 86), (57, 86), (58, 86), (67, 86), (51, 87), (52, 87), (53, 87), (54, 87), (68, 87), (47, 88), (48, 88), (49, 88), (50, 88), (69, 88), (46, 91), (68, 91), (45, 95), (67, 95), (44, 99), (66, 99), (43, 102), (65, 102), (42, 106), (43, 106), (62, 106), (63, 106), (64, 106), (65, 106), (44, 107), (59, 107), (60, 107), (61, 107), (45, 108), (55, 108), (56, 108), (57, 108), (58, 108), (46, 109), (51, 109), (52, 109), (53, 109), (54, 109), (47, 110), (48, 110), (49, 110), (50, 110)]
[(62, 106), (63, 106), (64, 106), (65, 106), (59, 107), (60, 107), (61, 107), (66, 107), (55, 108), (56, 108), (57, 108), (58, 108), (67, 108), (51, 109), (52, 109), (53, 109), (54, 109), (68, 109), (47, 110), (48, 110), (49, 110), (50, 110), (69, 110), (46, 113), (68, 113)]
[(84, 106), (85, 106), (86, 106), (87, 106), (81, 107), (82, 107), (83, 107), (88, 107), (77, 108), (78, 108), (79, 108), (80, 108), (89, 108), (73, 109), (74, 109), (75, 109), (76, 109), (90, 109), (69, 110), (70, 110), (71, 110), (72, 110), (91, 110), (68, 113), (90, 113)]
[(18, 84), (19, 84), (20, 84), (21, 84), (15, 85), (16, 85), (17, 85), (22, 85), (11, 86), (12, 86), (13, 86), (14, 86), (23, 86), (7, 87), (8, 87), (9, 87), (10, 87), (24, 87), (3, 88), (4, 88), (5, 88), (6, 88), (25, 88), (2, 91), (24, 91), (1, 95), (23, 95), (0, 99), (22, 99), (21, 102), (18, 106), (19, 106), (20, 106), (21, 106), (0, 107), (15, 107), (16, 107), (17, 107), (1, 108), (11, 108), (12, 108), (13, 108), (14, 108), (2, 109), (7, 109), (8, 109), (9, 109), (10, 109), (3, 110), (4, 110), (5, 110), (6, 110)]
[(18, 106), (19, 106), (20, 106), (21, 106), (15, 107), (16, 107), (17, 107), (22, 107), (11, 108), (12, 108), (13, 108), (14, 108), (23, 108), (7, 109), (8, 109), (9, 109), (10, 109), (24, 109), (3, 110), (4, 110), (5, 110), (6, 110), (25, 110), (2, 113), (24, 113)]
[(40, 106), (41, 106), (42, 106), (43, 106), (37, 107), (38, 107), (39, 107), (44, 107), (33, 108), (34, 108), (35, 108), (36, 108), (45, 108), (29, 109), (30, 109), (31, 109), (32, 109), (46, 109), (25, 110), (26, 110), (27, 110), (28, 110), (47, 110), (24, 113), (46, 113)]
