[(105, 3), (103, 4), (104, 4), (106, 4), (101, 5), (102, 5), (107, 5), (98, 6), (99, 6), (100, 6), (108, 6), (96, 7), (97, 7), (109, 7), (94, 8), (95, 8), (110, 8), (91, 9), (92, 9), (93, 9), (111, 9), (89, 10), (90, 10), (112, 10), (87, 11), (88, 11), (84, 12), (85, 12), (86, 12), (111, 12), (83, 14), (110, 14), (82, 16), (109, 17), (81, 19), (108, 19), (80, 21), (107, 21), (79, 23), (106, 24), (78, 26), (105, 26), (77, 28), (104, 28), (76, 30), (103, 31), (101, 32), (102, 32), (75, 33), (99, 33), (100, 33), (76, 34), (96, 34), (97, 34), (98, 34), (77, 35), (94, 35), (95, 35), (78, 36), (92, 36), (93, 36), (79, 37), (89, 37), (90, 37), (91, 37), (80, 38), (87, 38), (88, 38), (81, 39), (85, 39), (86, 39), (82, 40), (83, 40), (84, 40)]
[(112, 10), (113, 10), (114, 10), (111, 12), (110, 14), (109, 17), (108, 19), (107, 21), (106, 24), (105, 26), (104, 28), (103, 31), (104, 32), (105, 33), (106, 34), (107, 35), (108, 36), (109, 37), (113, 37), (114, 37), (110, 38), (111, 38), (112, 38)]
[(113, 37), (114, 37), (110, 38), (111, 38), (112, 38), (109, 40), (108, 42), (107, 45), (106, 47), (105, 49), (104, 52), (103, 54), (102, 56), (101, 59), (102, 60), (103, 61), (104, 62), (105, 63), (106, 64), (113, 64), (114, 64), (107, 65), (111, 65), (112, 65), (108, 66), (109, 66), (110, 66)]
[(49, 7), (47, 8), (48, 8), (50, 8), (45, 9), (46, 9), (51, 9), (42, 10), (43, 10), (44, 10), (52, 10), (40, 11), (41, 11), (53, 11), (38, 12), (39, 12), (54, 12), (35, 13), (36, 13), (37, 13), (55, 13), (33, 14), (34, 14), (56, 14), (31, 15), (32, 15), (28, 16), (29, 16), (30, 16), (55, 16), (27, 18), (54, 18), (26, 20), (53, 21), (25, 23), (52, 23), (24, 25), (51, 25), (23, 27), (50, 28), (22, 30), (49, 30), (21, 32), (48, 32), (20, 34), (47, 35), (45, 36), (46, 36), (19, 37), (43, 37), (44, 37), (20, 38), (40, 38), (41, 38), (42, 38), (21, 39), (38, 39), (39, 39), (22, 40), (36, 40), (37, 40), (23, 41), (33, 41), (34, 41), (35, 41), (24, 42), (31, 42), (32, 42), (25, 43), (29, 43), (30, 43), (26, 44), (27, 44), (28, 44)]
[(77, 5), (75, 6), (76, 6), (78, 6), (73, 7), (74, 7), (79, 7), (70, 8), (71, 8), (72, 8), (80, 8), (68, 9), (69, 9), (81, 9), (66, 10), (67, 10), (82, 10), (63, 11), (64, 11), (65, 11), (83, 11), (61, 12), (62, 12), (84, 12), (59, 13), (60, 13), (56, 14), (57, 14), (58, 14), (83, 14), (55, 16), (82, 16), (54, 18), (81, 19), (53, 21), (80, 21), (52, 23), (79, 23), (51, 25), (78, 26), (50, 28), (77, 28), (49, 30), (76, 30), (48, 32), (75, 33), (73, 34), (74, 34), (47, 35), (71, 35), (72, 35), (48, 36), (68, 36), (69, 36), (70, 36), (49, 37), (66, 37), (67, 37), (50, 38), (64, 38), (65, 38), (51, 39), (61, 39), (62, 39), (63, 39), (52, 40), (59, 40), (60, 40), (53, 41), (57, 41), (58, 41), (54, 42), (55, 42), (56, 42)]
[(75, 33), (73, 34), (74, 34), (76, 34), (71, 35), (72, 35), (77, 35), (68, 36), (69, 36), (70, 36), (78, 36), (66, 37), (67, 37), (79, 37), (64, 38), (65, 38), (80, 38), (61, 39), (62, 39), (63, 39), (81, 39), (59, 40), (60, 40), (82, 40), (57, 41), (58, 41), (54, 42), (55, 42), (56, 42), (81, 42), (53, 44), (80, 44), (52, 46), (79, 47), (51, 49), (78, 49), (50, 51), (77, 51), (49, 53), (76, 54), (48, 56), (75, 56), (47, 58), (74, 58), (46, 60), (73, 61), (71, 62), (72, 62), (45, 63), (69, 63), (70, 63), (46, 64), (66, 64), (67, 64), (68, 64), (47, 65), (64, 65), (65, 65), (48, 66), (62, 66), (63, 66), (49, 67), (59, 67), (60, 67), (61, 67), (50, 68), (57, 68), (58, 68), (51, 69), (55, 69), (56, 69), (52, 70), (53, 70), (54, 70)]
[(103, 31), (101, 32), (102, 32), (104, 32), (99, 33), (100, 33), (105, 33), (96, 34), (97, 34), (98, 34), (106, 34), (94, 35), (95, 35), (107, 35), (92, 36), (93, 36), (108, 36), (89, 37), (90, 37), (91, 37), (109, 37), (87, 38), (88, 38), (110, 38), (85, 39), (86, 39), (82, 40), (83, 40), (84, 40), (109, 40), (81, 42), (108, 42), (80, 44), (107, 45), (79, 47), (106, 47), (78, 49), (105, 49), (77, 51), (104, 52), (76, 54), (103, 54), (75, 56), (102, 56), (74, 58), (101, 59), (99, 60), (100, 60), (73, 61), (97, 61), (98, 61), (74, 62), (94, 62), (95, 62), (96, 62), (75, 63), (92, 63), (93, 63), (76, 64), (90, 64), (91, 64), (77, 65), (87, 65), (88, 65), (89, 65), (78, 66), (85, 66), (86, 66), (79, 67), (83, 67), (84, 67), (80, 68), (81, 68), (82, 68)]
[(101, 59), (99, 60), (100, 60), (102, 60), (97, 61), (98, 61), (103, 61), (94, 62), (95, 62), (96, 62), (104, 62), (92, 63), (93, 63), (105, 63), (90, 64), (91, 64), (106, 64), (87, 65), (88, 65), (89, 65), (107, 65), (85, 66), (86, 66), (108, 66), (83, 67), (84, 67), (80, 68), (81, 68), (82, 68), (107, 68), (79, 70), (106, 70), (78, 72), (105, 73), (77, 75), (104, 75), (76, 77), (103, 77), (75, 79), (102, 80), (74, 82), (101, 82), (73, 84), (100, 84), (72, 86), (99, 87), (97, 88), (98, 88), (71, 89), (95, 89), (96, 89), (72, 90), (92, 90), (93, 90), (94, 90), (73, 91), (90, 91), (91, 91), (74, 92), (88, 92), (89, 92), (75, 93), (85, 93), (86, 93), (87, 93), (76, 94), (83, 94), (84, 94), (77, 95), (81, 95), (82, 95), (78, 96), (79, 96), (80, 96)]
[(113, 64), (114, 64), (111, 65), (112, 65), (108, 66), (109, 66), (110, 66), (107, 68), (106, 70), (105, 73), (104, 75), (103, 77), (102, 80), (101, 82), (100, 84), (99, 87), (100, 88), (101, 89), (102, 90), (103, 91), (113, 91), (114, 91), (104, 92), (111, 92), (112, 92), (105, 93), (109, 93), (110, 93), (106, 94), (107, 94), (108, 94)]
[(113, 91), (114, 91), (111, 92), (112, 92), (109, 93), (110, 93), (106, 94), (107, 94), (108, 94), (105, 96), (104, 98), (103, 101), (102, 103), (101, 105), (100, 108), (99, 110), (98, 112)]
[(19, 37), (17, 38), (18, 38), (20, 38), (15, 39), (16, 39), (21, 39), (12, 40), (13, 40), (14, 40), (22, 40), (10, 41), (11, 41), (23, 41), (8, 42), (9, 42), (24, 42), (5, 43), (6, 43), (7, 43), (25, 43), (3, 44), (4, 44), (26, 44), (1, 45), (2, 45), (0, 46), (25, 46), (24, 48), (23, 51), (22, 53), (21, 55), (20, 58), (19, 60), (18, 62), (17, 65), (15, 66), (16, 66), (13, 67), (14, 67), (10, 68), (11, 68), (12, 68), (8, 69), (9, 69), (6, 70), (7, 70), (3, 71), (4, 71), (5, 71), (1, 72), (2, 72), (0, 73)]
[(47, 35), (45, 36), (46, 36), (48, 36), (43, 37), (44, 37), (49, 37), (40, 38), (41, 38), (42, 38), (50, 38), (38, 39), (39, 39), (51, 39), (36, 40), (37, 40), (52, 40), (33, 41), (34, 41), (35, 41), (53, 41), (31, 42), (32, 42), (54, 42), (29, 43), (30, 43), (26, 44), (27, 44), (28, 44), (53, 44), (25, 46), (52, 46), (24, 48), (51, 49), (23, 51), (50, 51), (22, 53), (49, 53), (21, 55), (48, 56), (20, 58), (47, 58), (19, 60), (46, 60), (18, 62), (45, 63), (43, 64), (44, 64), (17, 65), (41, 65), (42, 65), (18, 66), (38, 66), (39, 66), (40, 66), (19, 67), (36, 67), (37, 67), (20, 68), (34, 68), (35, 68), (21, 69), (31, 69), (32, 69), (33, 69), (22, 70), (29, 70), (30, 70), (23, 71), (27, 71), (28, 71), (24, 72), (25, 72), (26, 72)]
[(45, 63), (43, 64), (44, 64), (46, 64), (41, 65), (42, 65), (47, 65), (38, 66), (39, 66), (40, 66), (48, 66), (36, 67), (37, 67), (49, 67), (34, 68), (35, 68), (50, 68), (31, 69), (32, 69), (33, 69), (51, 69), (29, 70), (30, 70), (52, 70), (27, 71), (28, 71), (24, 72), (25, 72), (26, 72), (51, 72), (23, 74), (50, 74), (22, 76), (49, 77), (21, 79), (48, 79), (20, 81), (47, 81), (19, 83), (46, 84), (18, 86), (45, 86), (17, 88), (44, 88), (16, 90), (43, 91), (41, 92), (42, 92), (15, 93), (39, 93), (40, 93), (16, 94), (36, 94), (37, 94), (38, 94), (17, 95), (34, 95), (35, 95), (18, 96), (32, 96), (33, 96), (19, 97), (29, 97), (30, 97), (31, 97), (20, 98), (27, 98), (28, 98), (21, 99), (25, 99), (26, 99), (22, 100), (23, 100), (24, 100)]
[(73, 61), (71, 62), (72, 62), (74, 62), (69, 63), (70, 63), (75, 63), (66, 64), (67, 64), (68, 64), (76, 64), (64, 65), (65, 65), (77, 65), (62, 66), (63, 66), (78, 66), (59, 67), (60, 67), (61, 67), (79, 67), (57, 68), (58, 68), (80, 68), (55, 69), (56, 69), (52, 70), (53, 70), (54, 70), (79, 70), (51, 72), (78, 72), (50, 74), (77, 75), (49, 77), (76, 77), (48, 79), (75, 79), (47, 81), (74, 82), (46, 84), (73, 84), (45, 86), (72, 86), (44, 88), (71, 89), (69, 90), (70, 90), (43, 91), (67, 91), (68, 91), (44, 92), (64, 92), (65, 92), (66, 92), (45, 93), (62, 93), (63, 93), (46, 94), (60, 94), (61, 94), (47, 95), (57, 95), (58, 95), (59, 95), (48, 96), (55, 96), (56, 96), (49, 97), (53, 97), (54, 97), (50, 98), (51, 98), (52, 98)]
[(71, 89), (69, 90), (70, 90), (72, 90), (67, 91), (68, 91), (73, 91), (64, 92), (65, 92), (66, 92), (74, 92), (62, 93), (63, 93), (75, 93), (60, 94), (61, 94), (76, 94), (57, 95), (58, 95), (59, 95), (77, 95), (55, 96), (56, 96), (78, 96), (53, 97), (54, 97), (50, 98), (51, 98), (52, 98), (77, 98), (49, 100), (76, 100), (48, 102), (75, 103), (47, 105), (74, 105), (46, 107), (73, 107), (45, 109), (72, 110), (44, 112), (71, 112), (43, 114), (70, 114)]
[(99, 87), (97, 88), (98, 88), (100, 88), (95, 89), (96, 89), (101, 89), (92, 90), (93, 90), (94, 90), (102, 90), (90, 91), (91, 91), (103, 91), (88, 92), (89, 92), (104, 92), (85, 93), (86, 93), (87, 93), (105, 93), (83, 94), (84, 94), (106, 94), (81, 95), (82, 95), (78, 96), (79, 96), (80, 96), (105, 96), (77, 98), (104, 98), (76, 100), (103, 101), (75, 103), (102, 103), (74, 105), (101, 105), (73, 107), (100, 108), (72, 110), (99, 110), (71, 112), (98, 112), (70, 114)]
[(17, 65), (15, 66), (16, 66), (18, 66), (13, 67), (14, 67), (19, 67), (10, 68), (11, 68), (12, 68), (20, 68), (8, 69), (9, 69), (21, 69), (6, 70), (7, 70), (22, 70), (3, 71), (4, 71), (5, 71), (23, 71), (1, 72), (2, 72), (24, 72), (0, 73), (23, 74), (22, 76), (21, 79), (20, 81), (19, 83), (18, 86), (17, 88), (16, 90), (15, 93), (13, 94), (14, 94), (11, 95), (12, 95), (8, 96), (9, 96), (10, 96), (6, 97), (7, 97), (4, 98), (5, 98), (1, 99), (2, 99), (3, 99), (0, 100)]
[(15, 93), (13, 94), (14, 94), (16, 94), (11, 95), (12, 95), (17, 95), (8, 96), (9, 96), (10, 96), (18, 96), (6, 97), (7, 97), (19, 97), (4, 98), (5, 98), (20, 98), (1, 99), (2, 99), (3, 99), (21, 99), (0, 100), (22, 100), (21, 102), (20, 104), (19, 107), (18, 109), (17, 111), (16, 114)]
[(43, 91), (41, 92), (42, 92), (44, 92), (39, 93), (40, 93), (45, 93), (36, 94), (37, 94), (38, 94), (46, 94), (34, 95), (35, 95), (47, 95), (32, 96), (33, 96), (48, 96), (29, 97), (30, 97), (31, 97), (49, 97), (27, 98), (28, 98), (50, 98), (25, 99), (26, 99), (22, 100), (23, 100), (24, 100), (49, 100), (21, 102), (48, 102), (20, 104), (47, 105), (19, 107), (46, 107), (18, 109), (45, 109), (17, 111), (44, 112), (16, 114), (43, 114)]
