[(102, 5), (103, 5), (100, 6), (101, 6), (104, 6), (98, 7), (99, 7), (105, 7), (96, 8), (97, 8), (106, 8), (94, 9), (95, 9), (92, 10), (93, 10), (105, 10), (90, 11), (91, 11), (88, 12), (89, 12), (104, 12), (86, 13), (87, 13), (84, 14), (85, 14), (103, 14), (81, 15), (82, 15), (83, 15), (102, 16), (80, 17), (101, 18), (79, 19), (100, 20), (78, 21), (99, 22), (77, 23), (98, 24), (76, 25), (97, 26), (75, 27), (96, 28), (74, 29), (95, 30), (96, 30), (73, 31), (93, 31), (94, 31), (91, 32), (92, 32), (72, 33), (89, 33), (90, 33), (87, 34), (88, 34), (71, 35), (85, 35), (86, 35), (83, 36), (84, 36), (70, 37), (71, 37), (81, 37), (82, 37), (72, 38), (79, 38), (80, 38), (73, 39), (77, 39), (78, 39), (74, 40), (75, 40), (76, 40)]
[(113, 5), (114, 5), (111, 6), (112, 6), (109, 7), (110, 7), (106, 8), (107, 8), (108, 8), (105, 10), (104, 12), (103, 14), (102, 16), (101, 18), (100, 20), (99, 22), (98, 24), (97, 26), (114, 26), (112, 27), (113, 27), (96, 28), (110, 28), (111, 28), (108, 29), (109, 29), (95, 30), (96, 30), (106, 30), (107, 30), (97, 31), (104, 31), (105, 31), (98, 32), (102, 32), (103, 32), (99, 33), (100, 33), (101, 33)]
[(114, 26), (112, 27), (113, 27), (110, 28), (111, 28), (108, 29), (109, 29), (106, 30), (107, 30), (104, 31), (105, 31), (102, 32), (103, 32), (99, 33), (100, 33), (101, 33), (98, 35), (97, 37), (96, 39), (95, 41), (94, 43), (93, 45), (114, 46), (92, 47), (113, 48), (114, 48), (91, 49), (111, 49), (112, 49), (109, 50), (110, 50), (90, 51), (107, 51), (108, 51), (105, 52), (106, 52), (89, 53), (103, 53), (104, 53), (101, 54), (102, 54), (88, 55), (89, 55), (99, 55), (100, 55), (90, 56), (97, 56), (98, 56), (91, 57), (95, 57), (96, 57), (92, 58), (93, 58), (94, 58)]
[(114, 46), (113, 48), (114, 48)]
[(114, 57), (113, 59), (112, 61), (111, 63), (110, 65), (109, 67), (108, 69), (107, 71), (106, 73), (107, 73), (108, 74), (109, 75), (113, 75), (114, 75), (110, 76), (111, 76), (112, 76)]
[(52, 19), (53, 19), (50, 20), (51, 20), (54, 20), (48, 21), (49, 21), (55, 21), (46, 22), (47, 22), (56, 22), (44, 23), (45, 23), (42, 24), (43, 24), (55, 24), (40, 25), (41, 25), (38, 26), (39, 26), (54, 26), (36, 27), (37, 27), (34, 28), (35, 28), (53, 28), (31, 29), (32, 29), (33, 29), (52, 30), (30, 31), (51, 32), (29, 33), (50, 34), (28, 35), (49, 36), (27, 37), (48, 38), (26, 39), (47, 40), (25, 41), (46, 42), (24, 43), (45, 44), (46, 44), (23, 45), (43, 45), (44, 45), (41, 46), (42, 46), (22, 47), (39, 47), (40, 47), (37, 48), (38, 48), (21, 49), (35, 49), (36, 49), (33, 50), (34, 50), (20, 51), (21, 51), (31, 51), (32, 51), (22, 52), (29, 52), (30, 52), (23, 53), (27, 53), (28, 53), (24, 54), (25, 54), (26, 54)]
[(77, 12), (78, 12), (75, 13), (76, 13), (79, 13), (73, 14), (74, 14), (80, 14), (71, 15), (72, 15), (81, 15), (69, 16), (70, 16), (67, 17), (68, 17), (80, 17), (65, 18), (66, 18), (63, 19), (64, 19), (79, 19), (61, 20), (62, 20), (59, 21), (60, 21), (78, 21), (56, 22), (57, 22), (58, 22), (77, 23), (55, 24), (76, 25), (54, 26), (75, 27), (53, 28), (74, 29), (52, 30), (73, 31), (51, 32), (72, 33), (50, 34), (71, 35), (49, 36), (70, 37), (71, 37), (48, 38), (68, 38), (69, 38), (66, 39), (67, 39), (47, 40), (64, 40), (65, 40), (62, 41), (63, 41), (46, 42), (60, 42), (61, 42), (58, 43), (59, 43), (45, 44), (46, 44), (56, 44), (57, 44), (47, 45), (54, 45), (55, 45), (48, 46), (52, 46), (53, 46), (49, 47), (50, 47), (51, 47)]
[(70, 37), (71, 37), (68, 38), (69, 38), (72, 38), (66, 39), (67, 39), (73, 39), (64, 40), (65, 40), (74, 40), (62, 41), (63, 41), (60, 42), (61, 42), (73, 42), (58, 43), (59, 43), (56, 44), (57, 44), (72, 44), (54, 45), (55, 45), (52, 46), (53, 46), (71, 46), (49, 47), (50, 47), (51, 47), (70, 48), (48, 49), (69, 50), (47, 51), (68, 52), (46, 53), (67, 54), (45, 55), (66, 56), (44, 57), (65, 58), (43, 59), (64, 60), (42, 61), (63, 62), (64, 62), (41, 63), (61, 63), (62, 63), (59, 64), (60, 64), (40, 65), (57, 65), (58, 65), (55, 66), (56, 66), (39, 67), (53, 67), (54, 67), (51, 68), (52, 68), (38, 69), (39, 69), (49, 69), (50, 69), (40, 70), (47, 70), (48, 70), (41, 71), (45, 71), (46, 71), (42, 72), (43, 72), (44, 72)]
[(95, 30), (96, 30), (93, 31), (94, 31), (97, 31), (91, 32), (92, 32), (98, 32), (89, 33), (90, 33), (99, 33), (87, 34), (88, 34), (85, 35), (86, 35), (98, 35), (83, 36), (84, 36), (81, 37), (82, 37), (97, 37), (79, 38), (80, 38), (77, 39), (78, 39), (96, 39), (74, 40), (75, 40), (76, 40), (95, 41), (73, 42), (94, 43), (72, 44), (93, 45), (71, 46), (92, 47), (70, 48), (91, 49), (69, 50), (90, 51), (68, 52), (89, 53), (67, 54), (88, 55), (89, 55), (66, 56), (86, 56), (87, 56), (84, 57), (85, 57), (65, 58), (82, 58), (83, 58), (80, 59), (81, 59), (64, 60), (78, 60), (79, 60), (76, 61), (77, 61), (63, 62), (64, 62), (74, 62), (75, 62), (65, 63), (72, 63), (73, 63), (66, 64), (70, 64), (71, 64), (67, 65), (68, 65), (69, 65)]
[(88, 55), (89, 55), (86, 56), (87, 56), (90, 56), (84, 57), (85, 57), (91, 57), (82, 58), (83, 58), (92, 58), (80, 59), (81, 59), (78, 60), (79, 60), (91, 60), (76, 61), (77, 61), (74, 62), (75, 62), (90, 62), (72, 63), (73, 63), (70, 64), (71, 64), (89, 64), (67, 65), (68, 65), (69, 65), (88, 66), (66, 67), (87, 68), (65, 69), (86, 70), (64, 71), (85, 72), (63, 73), (84, 74), (62, 75), (83, 76), (61, 77), (82, 78), (60, 79), (81, 80), (82, 80), (59, 81), (79, 81), (80, 81), (77, 82), (78, 82), (58, 83), (75, 83), (76, 83), (73, 84), (74, 84), (57, 85), (71, 85), (72, 85), (69, 86), (70, 86), (56, 87), (57, 87), (67, 87), (68, 87), (58, 88), (65, 88), (66, 88), (59, 89), (63, 89), (64, 89), (60, 90), (61, 90), (62, 90)]
[(113, 48), (114, 48), (111, 49), (112, 49), (109, 50), (110, 50), (107, 51), (108, 51), (105, 52), (106, 52), (103, 53), (104, 53), (101, 54), (102, 54), (99, 55), (100, 55), (97, 56), (98, 56), (95, 57), (96, 57), (114, 57), (92, 58), (93, 58), (94, 58), (113, 59), (91, 60), (112, 61), (90, 62), (111, 63), (89, 64), (110, 65), (88, 66), (109, 67), (87, 68), (108, 69), (86, 70), (107, 71), (85, 72), (106, 73), (107, 73), (84, 74), (104, 74), (105, 74), (102, 75), (103, 75), (83, 76), (100, 76), (101, 76), (98, 77), (99, 77), (82, 78), (96, 78), (97, 78), (94, 79), (95, 79), (81, 80), (82, 80), (92, 80), (93, 80), (83, 81), (90, 81), (91, 81), (84, 82), (88, 82), (89, 82), (85, 83), (86, 83), (87, 83)]
[(106, 73), (107, 73), (104, 74), (105, 74), (108, 74), (102, 75), (103, 75), (109, 75), (100, 76), (101, 76), (110, 76), (98, 77), (99, 77), (96, 78), (97, 78), (109, 78), (94, 79), (95, 79), (92, 80), (93, 80), (108, 80), (90, 81), (91, 81), (88, 82), (89, 82), (107, 82), (85, 83), (86, 83), (87, 83), (106, 84), (84, 85), (105, 86), (83, 87), (104, 88), (82, 89), (103, 90), (81, 91), (102, 92), (80, 93), (101, 94), (79, 95), (100, 96), (78, 97), (99, 98), (100, 98), (77, 99), (97, 99), (98, 99), (95, 100), (96, 100), (76, 101), (93, 101), (94, 101), (91, 102), (92, 102), (75, 103), (89, 103), (90, 103), (87, 104), (88, 104), (74, 105), (75, 105), (85, 105), (86, 105), (76, 106), (83, 106), (84, 106), (77, 107), (81, 107), (82, 107), (78, 108), (79, 108), (80, 108)]
[(113, 75), (114, 75), (110, 76), (111, 76), (112, 76), (109, 78), (108, 80), (107, 82), (106, 84), (105, 86), (104, 88), (103, 90), (102, 92), (101, 94), (100, 96), (114, 96), (112, 97), (113, 97), (99, 98), (100, 98), (110, 98), (111, 98), (101, 99), (108, 99), (109, 99), (102, 100), (106, 100), (107, 100), (103, 101), (104, 101), (105, 101)]
[(114, 96), (112, 97), (113, 97), (110, 98), (111, 98), (108, 99), (109, 99), (106, 100), (107, 100), (103, 101), (104, 101), (105, 101), (102, 103), (101, 105), (100, 107), (99, 109), (98, 111), (97, 113)]
[(20, 51), (21, 51), (18, 52), (19, 52), (22, 52), (16, 53), (17, 53), (23, 53), (14, 54), (15, 54), (24, 54), (12, 55), (13, 55), (10, 56), (11, 56), (23, 56), (8, 57), (9, 57), (6, 58), (7, 58), (22, 58), (4, 59), (5, 59), (2, 60), (3, 60), (21, 60), (0, 61), (1, 61), (20, 62), (19, 64), (18, 66), (17, 68), (16, 70), (15, 72), (14, 74), (13, 76), (14, 76), (11, 77), (12, 77), (9, 78), (10, 78), (7, 79), (8, 79), (5, 80), (6, 80), (3, 81), (4, 81), (1, 82), (2, 82), (0, 83)]
[(45, 44), (46, 44), (43, 45), (44, 45), (47, 45), (41, 46), (42, 46), (48, 46), (39, 47), (40, 47), (49, 47), (37, 48), (38, 48), (35, 49), (36, 49), (48, 49), (33, 50), (34, 50), (31, 51), (32, 51), (47, 51), (29, 52), (30, 52), (27, 53), (28, 53), (46, 53), (24, 54), (25, 54), (26, 54), (45, 55), (23, 56), (44, 57), (22, 58), (43, 59), (21, 60), (42, 61), (20, 62), (41, 63), (19, 64), (40, 65), (18, 66), (39, 67), (17, 68), (38, 69), (39, 69), (16, 70), (36, 70), (37, 70), (34, 71), (35, 71), (15, 72), (32, 72), (33, 72), (30, 73), (31, 73), (14, 74), (28, 74), (29, 74), (26, 75), (27, 75), (13, 76), (14, 76), (24, 76), (25, 76), (15, 77), (22, 77), (23, 77), (16, 78), (20, 78), (21, 78), (17, 79), (18, 79), (19, 79)]
[(38, 69), (39, 69), (36, 70), (37, 70), (40, 70), (34, 71), (35, 71), (41, 71), (32, 72), (33, 72), (42, 72), (30, 73), (31, 73), (28, 74), (29, 74), (41, 74), (26, 75), (27, 75), (24, 76), (25, 76), (40, 76), (22, 77), (23, 77), (20, 78), (21, 78), (39, 78), (17, 79), (18, 79), (19, 79), (38, 80), (16, 81), (37, 82), (15, 83), (36, 84), (14, 85), (35, 86), (13, 87), (34, 88), (12, 89), (33, 90), (11, 91), (32, 92), (10, 93), (31, 94), (32, 94), (9, 95), (29, 95), (30, 95), (27, 96), (28, 96), (8, 97), (25, 97), (26, 97), (23, 98), (24, 98), (7, 99), (21, 99), (22, 99), (19, 100), (20, 100), (6, 101), (7, 101), (17, 101), (18, 101), (8, 102), (15, 102), (16, 102), (9, 103), (13, 103), (14, 103), (10, 104), (11, 104), (12, 104)]
[(63, 62), (64, 62), (61, 63), (62, 63), (65, 63), (59, 64), (60, 64), (66, 64), (57, 65), (58, 65), (67, 65), (55, 66), (56, 66), (53, 67), (54, 67), (66, 67), (51, 68), (52, 68), (49, 69), (50, 69), (65, 69), (47, 70), (48, 70), (45, 71), (46, 71), (64, 71), (42, 72), (43, 72), (44, 72), (63, 73), (41, 74), (62, 75), (40, 76), (61, 77), (39, 78), (60, 79), (38, 80), (59, 81), (37, 82), (58, 83), (36, 84), (57, 85), (35, 86), (56, 87), (57, 87), (34, 88), (54, 88), (55, 88), (52, 89), (53, 89), (33, 90), (50, 90), (51, 90), (48, 91), (49, 91), (32, 92), (46, 92), (47, 92), (44, 93), (45, 93), (31, 94), (32, 94), (42, 94), (43, 94), (33, 95), (40, 95), (41, 95), (34, 96), (38, 96), (39, 96), (35, 97), (36, 97), (37, 97)]
[(56, 87), (57, 87), (54, 88), (55, 88), (58, 88), (52, 89), (53, 89), (59, 89), (50, 90), (51, 90), (60, 90), (48, 91), (49, 91), (46, 92), (47, 92), (59, 92), (44, 93), (45, 93), (42, 94), (43, 94), (58, 94), (40, 95), (41, 95), (38, 96), (39, 96), (57, 96), (35, 97), (36, 97), (37, 97), (56, 98), (34, 99), (55, 100), (33, 101), (54, 102), (32, 103), (53, 104), (31, 105), (52, 106), (30, 107), (51, 108), (29, 109), (50, 110), (28, 111), (49, 112), (50, 112), (27, 113), (47, 113), (48, 113), (45, 114), (46, 114)]
[(81, 80), (82, 80), (79, 81), (80, 81), (83, 81), (77, 82), (78, 82), (84, 82), (75, 83), (76, 83), (85, 83), (73, 84), (74, 84), (71, 85), (72, 85), (84, 85), (69, 86), (70, 86), (67, 87), (68, 87), (83, 87), (65, 88), (66, 88), (63, 89), (64, 89), (82, 89), (60, 90), (61, 90), (62, 90), (81, 91), (59, 92), (80, 93), (58, 94), (79, 95), (57, 96), (78, 97), (56, 98), (77, 99), (55, 100), (76, 101), (54, 102), (75, 103), (53, 104), (74, 105), (75, 105), (52, 106), (72, 106), (73, 106), (70, 107), (71, 107), (51, 108), (68, 108), (69, 108), (66, 109), (67, 109), (50, 110), (64, 110), (65, 110), (62, 111), (63, 111), (49, 112), (50, 112), (60, 112), (61, 112), (51, 113), (58, 113), (59, 113), (52, 114), (56, 114), (57, 114)]
[(74, 105), (75, 105), (72, 106), (73, 106), (76, 106), (70, 107), (71, 107), (77, 107), (68, 108), (69, 108), (78, 108), (66, 109), (67, 109), (64, 110), (65, 110), (77, 110), (62, 111), (63, 111), (60, 112), (61, 112), (76, 112), (58, 113), (59, 113), (56, 114), (57, 114), (75, 114)]
[(99, 98), (100, 98), (97, 99), (98, 99), (101, 99), (95, 100), (96, 100), (102, 100), (93, 101), (94, 101), (103, 101), (91, 102), (92, 102), (89, 103), (90, 103), (102, 103), (87, 104), (88, 104), (85, 105), (86, 105), (101, 105), (83, 106), (84, 106), (81, 107), (82, 107), (100, 107), (78, 108), (79, 108), (80, 108), (99, 109), (77, 110), (98, 111), (76, 112), (97, 113), (75, 114)]
[(13, 76), (14, 76), (11, 77), (12, 77), (15, 77), (9, 78), (10, 78), (16, 78), (7, 79), (8, 79), (17, 79), (5, 80), (6, 80), (3, 81), (4, 81), (16, 81), (1, 82), (2, 82), (0, 83), (15, 83), (14, 85), (13, 87), (12, 89), (11, 91), (10, 93), (9, 95), (8, 97), (7, 99), (6, 101), (7, 101), (4, 102), (5, 102), (2, 103), (3, 103), (0, 104), (1, 104)]
[(6, 101), (7, 101), (4, 102), (5, 102), (8, 102), (2, 103), (3, 103), (9, 103), (0, 104), (1, 104), (10, 104), (9, 106), (8, 108), (7, 110), (6, 112), (5, 114)]
[(31, 94), (32, 94), (29, 95), (30, 95), (33, 95), (27, 96), (28, 96), (34, 96), (25, 97), (26, 97), (35, 97), (23, 98), (24, 98), (21, 99), (22, 99), (34, 99), (19, 100), (20, 100), (17, 101), (18, 101), (33, 101), (15, 102), (16, 102), (13, 103), (14, 103), (32, 103), (10, 104), (11, 104), (12, 104), (31, 105), (9, 106), (30, 107), (8, 108), (29, 109), (7, 110), (28, 111), (6, 112), (27, 113), (5, 114)]
[(49, 112), (50, 112), (47, 113), (48, 113), (51, 113), (45, 114), (46, 114), (52, 114)]
