[(97, 0), (98, 0), (99, 0), (94, 1), (95, 1), (96, 1), (91, 2), (92, 2), (93, 2), (90, 4), (89, 7), (114, 7), (88, 10), (113, 10), (87, 13), (112, 13), (111, 15), (86, 16), (110, 18), (85, 19), (84, 21), (108, 21), (109, 21), (110, 21), (105, 22), (106, 22), (107, 22), (103, 23), (104, 23), (83, 24), (100, 24), (101, 24), (102, 24), (97, 25), (98, 25), (99, 25), (94, 26), (95, 26), (96, 26), (82, 27), (83, 27), (91, 27), (92, 27), (93, 27), (84, 28), (88, 28), (89, 28), (90, 28), (85, 29), (86, 29), (87, 29)]
[(114, 7), (113, 10), (112, 13), (111, 15), (110, 18), (109, 21), (110, 21), (111, 22), (112, 23), (113, 23), (114, 23)]
[(112, 23), (113, 23), (114, 23), (111, 25), (110, 28), (109, 31), (108, 34), (107, 37), (106, 40), (105, 42), (104, 45), (103, 48), (104, 48), (112, 48), (113, 48), (114, 48), (105, 49), (109, 49), (110, 49), (111, 49), (106, 50), (107, 50), (108, 50)]
[(60, 6), (61, 6), (62, 6), (57, 7), (58, 7), (59, 7), (63, 7), (55, 8), (56, 8), (64, 8), (52, 9), (53, 9), (54, 9), (49, 10), (50, 10), (51, 10), (63, 10), (46, 11), (47, 11), (48, 11), (43, 12), (44, 12), (45, 12), (40, 13), (41, 13), (42, 13), (62, 13), (37, 14), (38, 14), (39, 14), (36, 16), (61, 16), (35, 19), (60, 19), (34, 22), (59, 22), (33, 25), (58, 25), (57, 27), (32, 28), (56, 30), (31, 31), (30, 33), (54, 33), (55, 33), (56, 33), (51, 34), (52, 34), (53, 34), (49, 35), (50, 35), (29, 36), (46, 36), (47, 36), (48, 36), (43, 37), (44, 37), (45, 37), (40, 38), (41, 38), (42, 38), (28, 39), (29, 39), (37, 39), (38, 39), (39, 39), (30, 40), (34, 40), (35, 40), (36, 40), (31, 41), (32, 41), (33, 41)]
[(87, 0), (88, 0), (89, 0), (84, 1), (85, 1), (86, 1), (90, 1), (82, 2), (83, 2), (91, 2), (79, 3), (80, 3), (81, 3), (76, 4), (77, 4), (78, 4), (90, 4), (73, 5), (74, 5), (75, 5), (70, 6), (71, 6), (72, 6), (67, 7), (68, 7), (69, 7), (89, 7), (64, 8), (65, 8), (66, 8), (63, 10), (88, 10), (62, 13), (87, 13), (61, 16), (86, 16), (60, 19), (85, 19), (84, 21), (59, 22), (83, 24), (58, 25), (57, 27), (81, 27), (82, 27), (83, 27), (78, 28), (79, 28), (80, 28), (76, 29), (77, 29), (56, 30), (73, 30), (74, 30), (75, 30), (70, 31), (71, 31), (72, 31), (67, 32), (68, 32), (69, 32), (55, 33), (56, 33), (64, 33), (65, 33), (66, 33), (57, 34), (61, 34), (62, 34), (63, 34), (58, 35), (59, 35), (60, 35)]
[(81, 27), (82, 27), (83, 27), (78, 28), (79, 28), (80, 28), (84, 28), (76, 29), (77, 29), (85, 29), (73, 30), (74, 30), (75, 30), (70, 31), (71, 31), (72, 31), (84, 31), (67, 32), (68, 32), (69, 32), (64, 33), (65, 33), (66, 33), (61, 34), (62, 34), (63, 34), (83, 34), (58, 35), (59, 35), (60, 35), (57, 37), (82, 37), (56, 40), (81, 40), (55, 43), (80, 43), (54, 46), (79, 46), (78, 48), (53, 49), (77, 51), (52, 52), (51, 54), (75, 54), (76, 54), (77, 54), (72, 55), (73, 55), (74, 55), (70, 56), (71, 56), (50, 57), (67, 57), (68, 57), (69, 57), (64, 58), (65, 58), (66, 58), (61, 59), (62, 59), (63, 59), (49, 60), (50, 60), (58, 60), (59, 60), (60, 60), (51, 61), (55, 61), (56, 61), (57, 61), (52, 62), (53, 62), (54, 62)]
[(108, 21), (109, 21), (110, 21), (105, 22), (106, 22), (107, 22), (111, 22), (103, 23), (104, 23), (112, 23), (100, 24), (101, 24), (102, 24), (97, 25), (98, 25), (99, 25), (111, 25), (94, 26), (95, 26), (96, 26), (91, 27), (92, 27), (93, 27), (88, 28), (89, 28), (90, 28), (110, 28), (85, 29), (86, 29), (87, 29), (84, 31), (109, 31), (83, 34), (108, 34), (82, 37), (107, 37), (81, 40), (106, 40), (105, 42), (80, 43), (104, 45), (79, 46), (78, 48), (102, 48), (103, 48), (104, 48), (99, 49), (100, 49), (101, 49), (97, 50), (98, 50), (77, 51), (94, 51), (95, 51), (96, 51), (91, 52), (92, 52), (93, 52), (88, 53), (89, 53), (90, 53), (76, 54), (77, 54), (85, 54), (86, 54), (87, 54), (78, 55), (82, 55), (83, 55), (84, 55), (79, 56), (80, 56), (81, 56)]
[(102, 48), (103, 48), (104, 48), (99, 49), (100, 49), (101, 49), (105, 49), (97, 50), (98, 50), (106, 50), (94, 51), (95, 51), (96, 51), (91, 52), (92, 52), (93, 52), (105, 52), (88, 53), (89, 53), (90, 53), (85, 54), (86, 54), (87, 54), (82, 55), (83, 55), (84, 55), (104, 55), (79, 56), (80, 56), (81, 56), (78, 58), (103, 58), (77, 61), (102, 61), (76, 64), (101, 64), (75, 67), (100, 67), (99, 69), (74, 70), (98, 72), (73, 73), (72, 75), (96, 75), (97, 75), (98, 75), (93, 76), (94, 76), (95, 76), (91, 77), (92, 77), (71, 78), (88, 78), (89, 78), (90, 78), (85, 79), (86, 79), (87, 79), (82, 80), (83, 80), (84, 80), (70, 81), (71, 81), (79, 81), (80, 81), (81, 81), (72, 82), (76, 82), (77, 82), (78, 82), (73, 83), (74, 83), (75, 83)]
[(112, 48), (113, 48), (114, 48), (109, 49), (110, 49), (111, 49), (106, 50), (107, 50), (108, 50), (105, 52), (104, 55), (103, 58), (102, 61), (101, 64), (100, 67), (99, 69), (98, 72), (112, 73), (113, 73), (114, 73), (109, 74), (110, 74), (111, 74), (97, 75), (98, 75), (106, 75), (107, 75), (108, 75), (99, 76), (103, 76), (104, 76), (105, 76), (100, 77), (101, 77), (102, 77)]
[(112, 73), (113, 73), (114, 73), (109, 74), (110, 74), (111, 74), (106, 75), (107, 75), (108, 75), (103, 76), (104, 76), (105, 76), (100, 77), (101, 77), (102, 77), (99, 79), (98, 82), (97, 85), (96, 88), (95, 91), (94, 94), (93, 96), (114, 97), (112, 98), (113, 98), (92, 99), (109, 99), (110, 99), (111, 99), (106, 100), (107, 100), (108, 100), (103, 101), (104, 101), (105, 101), (91, 102), (92, 102), (100, 102), (101, 102), (102, 102), (93, 103), (97, 103), (98, 103), (99, 103), (94, 104), (95, 104), (96, 104)]
[(27, 39), (28, 39), (29, 39), (24, 40), (25, 40), (26, 40), (30, 40), (22, 41), (23, 41), (31, 41), (19, 42), (20, 42), (21, 42), (16, 43), (17, 43), (18, 43), (30, 43), (13, 44), (14, 44), (15, 44), (10, 45), (11, 45), (12, 45), (7, 46), (8, 46), (9, 46), (29, 46), (4, 47), (5, 47), (6, 47), (3, 49), (28, 49), (2, 52), (27, 52), (1, 55), (26, 55), (0, 58), (25, 58), (24, 60), (23, 63), (21, 66), (22, 66), (23, 66), (18, 67), (19, 67), (20, 67), (16, 68), (17, 68), (13, 69), (14, 69), (15, 69), (10, 70), (11, 70), (12, 70), (7, 71), (8, 71), (9, 71), (4, 72), (5, 72), (6, 72), (1, 73), (2, 73), (3, 73), (0, 74)]
[(54, 33), (55, 33), (56, 33), (51, 34), (52, 34), (53, 34), (57, 34), (49, 35), (50, 35), (58, 35), (46, 36), (47, 36), (48, 36), (43, 37), (44, 37), (45, 37), (57, 37), (40, 38), (41, 38), (42, 38), (37, 39), (38, 39), (39, 39), (34, 40), (35, 40), (36, 40), (56, 40), (31, 41), (32, 41), (33, 41), (30, 43), (55, 43), (29, 46), (54, 46), (28, 49), (53, 49), (27, 52), (52, 52), (51, 54), (26, 55), (50, 57), (25, 58), (24, 60), (48, 60), (49, 60), (50, 60), (45, 61), (46, 61), (47, 61), (43, 62), (44, 62), (23, 63), (40, 63), (41, 63), (42, 63), (37, 64), (38, 64), (39, 64), (34, 65), (35, 65), (36, 65), (22, 66), (23, 66), (31, 66), (32, 66), (33, 66), (24, 67), (28, 67), (29, 67), (30, 67), (25, 68), (26, 68), (27, 68)]
[(48, 60), (49, 60), (50, 60), (45, 61), (46, 61), (47, 61), (51, 61), (43, 62), (44, 62), (52, 62), (40, 63), (41, 63), (42, 63), (37, 64), (38, 64), (39, 64), (51, 64), (34, 65), (35, 65), (36, 65), (31, 66), (32, 66), (33, 66), (28, 67), (29, 67), (30, 67), (50, 67), (25, 68), (26, 68), (27, 68), (24, 70), (49, 70), (23, 73), (48, 73), (22, 76), (47, 76), (21, 79), (46, 79), (45, 81), (20, 82), (44, 84), (19, 85), (18, 87), (42, 87), (43, 87), (44, 87), (39, 88), (40, 88), (41, 88), (37, 89), (38, 89), (17, 90), (34, 90), (35, 90), (36, 90), (31, 91), (32, 91), (33, 91), (28, 92), (29, 92), (30, 92), (16, 93), (17, 93), (25, 93), (26, 93), (27, 93), (18, 94), (22, 94), (23, 94), (24, 94), (19, 95), (20, 95), (21, 95)]
[(75, 54), (76, 54), (77, 54), (72, 55), (73, 55), (74, 55), (78, 55), (70, 56), (71, 56), (79, 56), (67, 57), (68, 57), (69, 57), (64, 58), (65, 58), (66, 58), (78, 58), (61, 59), (62, 59), (63, 59), (58, 60), (59, 60), (60, 60), (55, 61), (56, 61), (57, 61), (77, 61), (52, 62), (53, 62), (54, 62), (51, 64), (76, 64), (50, 67), (75, 67), (49, 70), (74, 70), (48, 73), (73, 73), (72, 75), (47, 76), (71, 78), (46, 79), (45, 81), (69, 81), (70, 81), (71, 81), (66, 82), (67, 82), (68, 82), (64, 83), (65, 83), (44, 84), (61, 84), (62, 84), (63, 84), (58, 85), (59, 85), (60, 85), (55, 86), (56, 86), (57, 86), (43, 87), (44, 87), (52, 87), (53, 87), (54, 87), (45, 88), (49, 88), (50, 88), (51, 88), (46, 89), (47, 89), (48, 89)]
[(69, 81), (70, 81), (71, 81), (66, 82), (67, 82), (68, 82), (72, 82), (64, 83), (65, 83), (73, 83), (61, 84), (62, 84), (63, 84), (58, 85), (59, 85), (60, 85), (72, 85), (55, 86), (56, 86), (57, 86), (52, 87), (53, 87), (54, 87), (49, 88), (50, 88), (51, 88), (71, 88), (46, 89), (47, 89), (48, 89), (45, 91), (70, 91), (44, 94), (69, 94), (43, 97), (68, 97), (42, 100), (67, 100), (66, 102), (41, 103), (65, 105), (40, 106), (39, 108), (63, 108), (64, 108), (65, 108), (60, 109), (61, 109), (62, 109), (58, 110), (59, 110), (38, 111), (55, 111), (56, 111), (57, 111), (52, 112), (53, 112), (54, 112), (49, 113), (50, 113), (51, 113), (37, 114), (38, 114), (46, 114), (47, 114), (48, 114)]
[(96, 75), (97, 75), (98, 75), (93, 76), (94, 76), (95, 76), (99, 76), (91, 77), (92, 77), (100, 77), (88, 78), (89, 78), (90, 78), (85, 79), (86, 79), (87, 79), (99, 79), (82, 80), (83, 80), (84, 80), (79, 81), (80, 81), (81, 81), (76, 82), (77, 82), (78, 82), (98, 82), (73, 83), (74, 83), (75, 83), (72, 85), (97, 85), (71, 88), (96, 88), (70, 91), (95, 91), (69, 94), (94, 94), (93, 96), (68, 97), (92, 99), (67, 100), (66, 102), (90, 102), (91, 102), (92, 102), (87, 103), (88, 103), (89, 103), (85, 104), (86, 104), (65, 105), (82, 105), (83, 105), (84, 105), (79, 106), (80, 106), (81, 106), (76, 107), (77, 107), (78, 107), (64, 108), (65, 108), (73, 108), (74, 108), (75, 108), (66, 109), (70, 109), (71, 109), (72, 109), (67, 110), (68, 110), (69, 110)]
[(90, 102), (91, 102), (92, 102), (87, 103), (88, 103), (89, 103), (93, 103), (85, 104), (86, 104), (94, 104), (82, 105), (83, 105), (84, 105), (79, 106), (80, 106), (81, 106), (93, 106), (76, 107), (77, 107), (78, 107), (73, 108), (74, 108), (75, 108), (70, 109), (71, 109), (72, 109), (92, 109), (67, 110), (68, 110), (69, 110), (66, 112), (91, 112)]
[(114, 97), (112, 98), (113, 98), (109, 99), (110, 99), (111, 99), (106, 100), (107, 100), (108, 100), (103, 101), (104, 101), (105, 101), (100, 102), (101, 102), (102, 102), (97, 103), (98, 103), (99, 103), (94, 104), (95, 104), (96, 104), (93, 106), (92, 109), (91, 112)]
[(21, 66), (22, 66), (23, 66), (18, 67), (19, 67), (20, 67), (24, 67), (16, 68), (17, 68), (25, 68), (13, 69), (14, 69), (15, 69), (10, 70), (11, 70), (12, 70), (24, 70), (7, 71), (8, 71), (9, 71), (4, 72), (5, 72), (6, 72), (1, 73), (2, 73), (3, 73), (23, 73), (0, 74), (22, 76), (21, 79), (20, 82), (19, 85), (18, 87), (17, 90), (15, 93), (16, 93), (17, 93), (12, 94), (13, 94), (14, 94), (10, 95), (11, 95), (7, 96), (8, 96), (9, 96), (4, 97), (5, 97), (6, 97), (1, 98), (2, 98), (3, 98), (0, 99)]
[(15, 93), (16, 93), (17, 93), (12, 94), (13, 94), (14, 94), (18, 94), (10, 95), (11, 95), (19, 95), (7, 96), (8, 96), (9, 96), (4, 97), (5, 97), (6, 97), (18, 97), (1, 98), (2, 98), (3, 98), (0, 99), (17, 100), (16, 103), (15, 106), (14, 109), (13, 112), (12, 114)]
[(42, 87), (43, 87), (44, 87), (39, 88), (40, 88), (41, 88), (45, 88), (37, 89), (38, 89), (46, 89), (34, 90), (35, 90), (36, 90), (31, 91), (32, 91), (33, 91), (45, 91), (28, 92), (29, 92), (30, 92), (25, 93), (26, 93), (27, 93), (22, 94), (23, 94), (24, 94), (44, 94), (19, 95), (20, 95), (21, 95), (18, 97), (43, 97), (17, 100), (42, 100), (16, 103), (41, 103), (15, 106), (40, 106), (39, 108), (14, 109), (38, 111), (13, 112), (12, 114), (36, 114), (37, 114), (38, 114)]
[(36, 114), (37, 114), (38, 114)]
[(63, 108), (64, 108), (65, 108), (60, 109), (61, 109), (62, 109), (66, 109), (58, 110), (59, 110), (67, 110), (55, 111), (56, 111), (57, 111), (52, 112), (53, 112), (54, 112), (66, 112), (49, 113), (50, 113), (51, 113), (46, 114), (47, 114), (48, 114)]
