[(113, 9), (114, 9), (110, 10), (111, 10), (112, 10), (108, 11), (109, 11), (106, 12), (107, 12), (104, 13), (105, 13), (102, 14), (103, 14), (100, 15), (101, 15), (98, 16), (99, 16), (114, 16), (95, 17), (96, 17), (97, 17), (113, 18), (94, 19), (112, 20), (93, 21), (111, 22), (92, 23), (91, 25), (110, 25), (90, 27), (109, 27), (89, 29), (108, 29), (108, 30), (88, 31), (106, 31), (107, 31), (104, 32), (105, 32), (101, 33), (102, 33), (103, 33), (87, 34), (99, 34), (100, 34), (97, 35), (98, 35), (86, 36), (95, 36), (96, 36), (93, 37), (94, 37), (85, 38), (91, 38), (92, 38), (85, 39), (89, 39), (90, 39), (86, 40), (87, 40), (88, 40)]
[(114, 16), (113, 18), (112, 20), (111, 22), (110, 25), (109, 27), (108, 29), (114, 29), (108, 30), (112, 30), (113, 30), (109, 31), (110, 31), (111, 31)]
[(114, 29), (112, 30), (113, 30), (109, 31), (110, 31), (111, 31), (108, 33), (107, 35), (106, 37), (105, 39), (104, 41), (103, 43), (102, 45), (101, 48), (113, 48), (114, 48), (111, 49), (112, 49), (100, 50), (109, 50), (110, 50), (107, 51), (108, 51), (99, 52), (105, 52), (106, 52), (99, 53), (103, 53), (104, 53), (100, 54), (101, 54), (102, 54)]
[(114, 64), (113, 66), (113, 67), (114, 68)]
[(71, 25), (69, 26), (70, 26), (72, 26), (67, 27), (68, 27), (64, 28), (65, 28), (66, 28), (71, 28), (62, 29), (63, 29), (60, 30), (61, 30), (70, 30), (58, 31), (59, 31), (56, 32), (57, 32), (69, 32), (54, 33), (55, 33), (52, 34), (53, 34), (68, 34), (49, 35), (50, 35), (51, 35), (67, 36), (48, 37), (66, 38), (47, 39), (65, 40), (46, 41), (45, 43), (64, 43), (44, 45), (63, 45), (43, 47), (62, 47), (62, 48), (42, 49), (60, 49), (61, 49), (58, 50), (59, 50), (55, 51), (56, 51), (57, 51), (41, 52), (53, 52), (54, 52), (51, 53), (52, 53), (40, 54), (49, 54), (50, 54), (47, 55), (48, 55), (39, 56), (45, 56), (46, 56), (39, 57), (43, 57), (44, 57), (40, 58), (41, 58), (42, 58)]
[(94, 16), (92, 17), (93, 17), (95, 17), (90, 18), (91, 18), (87, 19), (88, 19), (89, 19), (94, 19), (85, 20), (86, 20), (83, 21), (84, 21), (93, 21), (81, 22), (82, 22), (79, 23), (80, 23), (92, 23), (77, 24), (78, 24), (75, 25), (76, 25), (91, 25), (72, 26), (73, 26), (74, 26), (90, 27), (71, 28), (89, 29), (70, 30), (88, 31), (69, 32), (68, 34), (87, 34), (67, 36), (86, 36), (66, 38), (85, 38), (85, 39), (65, 40), (83, 40), (84, 40), (81, 41), (82, 41), (78, 42), (79, 42), (80, 42), (64, 43), (76, 43), (77, 43), (74, 44), (75, 44), (63, 45), (72, 45), (73, 45), (70, 46), (71, 46), (62, 47), (68, 47), (69, 47), (62, 48), (66, 48), (67, 48), (63, 49), (64, 49), (65, 49)]
[(85, 39), (83, 40), (84, 40), (86, 40), (81, 41), (82, 41), (78, 42), (79, 42), (80, 42), (85, 42), (76, 43), (77, 43), (74, 44), (75, 44), (84, 44), (72, 45), (73, 45), (70, 46), (71, 46), (83, 46), (68, 47), (69, 47), (66, 48), (67, 48), (82, 48), (63, 49), (64, 49), (65, 49), (81, 50), (62, 51), (80, 52), (61, 53), (79, 54), (60, 55), (59, 57), (78, 57), (58, 59), (77, 59), (57, 61), (76, 61), (76, 62), (56, 63), (74, 63), (75, 63), (72, 64), (73, 64), (69, 65), (70, 65), (71, 65), (55, 66), (67, 66), (68, 66), (65, 67), (66, 67), (54, 68), (63, 68), (64, 68), (61, 69), (62, 69), (53, 70), (59, 70), (60, 70), (53, 71), (57, 71), (58, 71), (54, 72), (55, 72), (56, 72)]
[(108, 30), (106, 31), (107, 31), (109, 31), (104, 32), (105, 32), (101, 33), (102, 33), (103, 33), (108, 33), (99, 34), (100, 34), (97, 35), (98, 35), (107, 35), (95, 36), (96, 36), (93, 37), (94, 37), (106, 37), (91, 38), (92, 38), (89, 39), (90, 39), (105, 39), (86, 40), (87, 40), (88, 40), (104, 41), (85, 42), (103, 43), (84, 44), (102, 45), (83, 46), (82, 48), (101, 48), (81, 50), (100, 50), (80, 52), (99, 52), (99, 53), (79, 54), (97, 54), (98, 54), (95, 55), (96, 55), (92, 56), (93, 56), (94, 56), (78, 57), (90, 57), (91, 57), (88, 58), (89, 58), (77, 59), (86, 59), (87, 59), (84, 60), (85, 60), (76, 61), (82, 61), (83, 61), (76, 62), (80, 62), (81, 62), (77, 63), (78, 63), (79, 63)]
[(99, 53), (97, 54), (98, 54), (100, 54), (95, 55), (96, 55), (92, 56), (93, 56), (94, 56), (99, 56), (90, 57), (91, 57), (88, 58), (89, 58), (98, 58), (86, 59), (87, 59), (84, 60), (85, 60), (97, 60), (82, 61), (83, 61), (80, 62), (81, 62), (96, 62), (77, 63), (78, 63), (79, 63), (95, 64), (76, 65), (94, 66), (75, 67), (93, 68), (74, 69), (73, 71), (92, 71), (72, 73), (91, 73), (71, 75), (90, 75), (90, 76), (70, 77), (88, 77), (89, 77), (86, 78), (87, 78), (83, 79), (84, 79), (85, 79), (69, 80), (81, 80), (82, 80), (79, 81), (80, 81), (68, 82), (77, 82), (78, 82), (75, 83), (76, 83), (67, 84), (73, 84), (74, 84), (67, 85), (71, 85), (72, 85), (68, 86), (69, 86), (70, 86)]
[(113, 48), (114, 48), (111, 49), (112, 49), (109, 50), (110, 50), (107, 51), (108, 51), (105, 52), (106, 52), (103, 53), (104, 53), (100, 54), (101, 54), (102, 54), (99, 56), (98, 58), (97, 60), (96, 62), (95, 64), (114, 64), (94, 66), (113, 66), (113, 67), (93, 68), (111, 68), (112, 68), (109, 69), (110, 69), (106, 70), (107, 70), (108, 70), (92, 71), (104, 71), (105, 71), (102, 72), (103, 72), (91, 73), (100, 73), (101, 73), (98, 74), (99, 74), (90, 75), (96, 75), (97, 75), (90, 76), (94, 76), (95, 76), (91, 77), (92, 77), (93, 77)]
[(113, 67), (111, 68), (112, 68), (114, 68), (109, 69), (110, 69), (106, 70), (107, 70), (108, 70), (113, 70), (104, 71), (105, 71), (102, 72), (103, 72), (112, 72), (100, 73), (101, 73), (98, 74), (99, 74), (111, 74), (96, 75), (97, 75), (94, 76), (95, 76), (110, 76), (91, 77), (92, 77), (93, 77), (109, 78), (90, 79), (108, 80), (89, 81), (107, 82), (88, 83), (87, 85), (106, 85), (86, 87), (105, 87), (85, 89), (104, 89), (104, 90), (84, 91), (102, 91), (103, 91), (100, 92), (101, 92), (97, 93), (98, 93), (99, 93), (83, 94), (95, 94), (96, 94), (93, 95), (94, 95), (82, 96), (91, 96), (92, 96), (89, 97), (90, 97), (81, 98), (87, 98), (88, 98), (81, 99), (85, 99), (86, 99), (82, 100), (83, 100), (84, 100)]
[(114, 68), (113, 70), (112, 72), (111, 74), (110, 76), (109, 78), (108, 80), (107, 82), (106, 85), (105, 87), (114, 87), (112, 88), (113, 88), (104, 89), (110, 89), (111, 89), (104, 90), (108, 90), (109, 90), (105, 91), (106, 91), (107, 91)]
[(114, 87), (112, 88), (113, 88), (110, 89), (111, 89), (108, 90), (109, 90), (105, 91), (106, 91), (107, 91), (104, 93), (103, 95), (102, 97), (101, 99), (100, 101), (99, 103), (98, 105), (114, 106), (111, 107), (112, 107), (113, 107), (97, 108), (109, 108), (110, 108), (107, 109), (108, 109), (96, 110), (105, 110), (106, 110), (103, 111), (104, 111), (95, 112), (101, 112), (102, 112), (95, 113), (99, 113), (100, 113), (96, 114), (97, 114), (98, 114)]
[(39, 57), (37, 58), (38, 58), (40, 58), (35, 59), (36, 59), (32, 60), (33, 60), (34, 60), (39, 60), (30, 61), (31, 61), (28, 62), (29, 62), (38, 62), (26, 63), (27, 63), (24, 64), (25, 64), (37, 64), (22, 65), (23, 65), (20, 66), (21, 66), (36, 66), (17, 67), (18, 67), (19, 67), (35, 68), (16, 69), (34, 70), (15, 71), (33, 72), (14, 73), (13, 75), (32, 75), (12, 77), (31, 77), (11, 79), (30, 79), (30, 80), (10, 81), (28, 81), (29, 81), (26, 82), (27, 82), (23, 83), (24, 83), (25, 83), (9, 84), (21, 84), (22, 84), (19, 85), (20, 85), (8, 86), (17, 86), (18, 86), (15, 87), (16, 87), (7, 88), (13, 88), (14, 88), (7, 89), (11, 89), (12, 89), (8, 90), (9, 90), (10, 90)]
[(62, 48), (60, 49), (61, 49), (63, 49), (58, 50), (59, 50), (55, 51), (56, 51), (57, 51), (62, 51), (53, 52), (54, 52), (51, 53), (52, 53), (61, 53), (49, 54), (50, 54), (47, 55), (48, 55), (60, 55), (45, 56), (46, 56), (43, 57), (44, 57), (59, 57), (40, 58), (41, 58), (42, 58), (58, 59), (39, 60), (57, 61), (38, 62), (56, 63), (37, 64), (36, 66), (55, 66), (35, 68), (54, 68), (34, 70), (53, 70), (53, 71), (33, 72), (51, 72), (52, 72), (49, 73), (50, 73), (46, 74), (47, 74), (48, 74), (32, 75), (44, 75), (45, 75), (42, 76), (43, 76), (31, 77), (40, 77), (41, 77), (38, 78), (39, 78), (30, 79), (36, 79), (37, 79), (30, 80), (34, 80), (35, 80), (31, 81), (32, 81), (33, 81)]
[(53, 71), (51, 72), (52, 72), (54, 72), (49, 73), (50, 73), (46, 74), (47, 74), (48, 74), (53, 74), (44, 75), (45, 75), (42, 76), (43, 76), (52, 76), (40, 77), (41, 77), (38, 78), (39, 78), (51, 78), (36, 79), (37, 79), (34, 80), (35, 80), (50, 80), (31, 81), (32, 81), (33, 81), (49, 82), (30, 83), (48, 84), (29, 85), (47, 86), (28, 87), (27, 89), (46, 89), (26, 91), (45, 91), (25, 93), (44, 93), (44, 94), (24, 95), (42, 95), (43, 95), (40, 96), (41, 96), (37, 97), (38, 97), (39, 97), (23, 98), (35, 98), (36, 98), (33, 99), (34, 99), (22, 100), (31, 100), (32, 100), (29, 101), (30, 101), (21, 102), (27, 102), (28, 102), (21, 103), (25, 103), (26, 103), (22, 104), (23, 104), (24, 104)]
[(76, 62), (74, 63), (75, 63), (77, 63), (72, 64), (73, 64), (69, 65), (70, 65), (71, 65), (76, 65), (67, 66), (68, 66), (65, 67), (66, 67), (75, 67), (63, 68), (64, 68), (61, 69), (62, 69), (74, 69), (59, 70), (60, 70), (57, 71), (58, 71), (73, 71), (54, 72), (55, 72), (56, 72), (72, 73), (53, 74), (71, 75), (52, 76), (70, 77), (51, 78), (50, 80), (69, 80), (49, 82), (68, 82), (48, 84), (67, 84), (67, 85), (47, 86), (65, 86), (66, 86), (63, 87), (64, 87), (60, 88), (61, 88), (62, 88), (46, 89), (58, 89), (59, 89), (56, 90), (57, 90), (45, 91), (54, 91), (55, 91), (52, 92), (53, 92), (44, 93), (50, 93), (51, 93), (44, 94), (48, 94), (49, 94), (45, 95), (46, 95), (47, 95)]
[(67, 85), (65, 86), (66, 86), (68, 86), (63, 87), (64, 87), (60, 88), (61, 88), (62, 88), (67, 88), (58, 89), (59, 89), (56, 90), (57, 90), (66, 90), (54, 91), (55, 91), (52, 92), (53, 92), (65, 92), (50, 93), (51, 93), (48, 94), (49, 94), (64, 94), (45, 95), (46, 95), (47, 95), (63, 96), (44, 97), (62, 98), (43, 99), (61, 100), (42, 101), (41, 103), (60, 103), (40, 105), (59, 105), (39, 107), (58, 107), (58, 108), (38, 109), (56, 109), (57, 109), (54, 110), (55, 110), (51, 111), (52, 111), (53, 111), (37, 112), (49, 112), (50, 112), (47, 113), (48, 113), (36, 114), (45, 114), (46, 114)]
[(90, 76), (88, 77), (89, 77), (91, 77), (86, 78), (87, 78), (83, 79), (84, 79), (85, 79), (90, 79), (81, 80), (82, 80), (79, 81), (80, 81), (89, 81), (77, 82), (78, 82), (75, 83), (76, 83), (88, 83), (73, 84), (74, 84), (71, 85), (72, 85), (87, 85), (68, 86), (69, 86), (70, 86), (86, 87), (67, 88), (85, 89), (66, 90), (84, 91), (65, 92), (64, 94), (83, 94), (63, 96), (82, 96), (62, 98), (81, 98), (81, 99), (61, 100), (79, 100), (80, 100), (77, 101), (78, 101), (74, 102), (75, 102), (76, 102), (60, 103), (72, 103), (73, 103), (70, 104), (71, 104), (59, 105), (68, 105), (69, 105), (66, 106), (67, 106), (58, 107), (64, 107), (65, 107), (58, 108), (62, 108), (63, 108), (59, 109), (60, 109), (61, 109)]
[(81, 99), (79, 100), (80, 100), (82, 100), (77, 101), (78, 101), (74, 102), (75, 102), (76, 102), (81, 102), (72, 103), (73, 103), (70, 104), (71, 104), (80, 104), (68, 105), (69, 105), (66, 106), (67, 106), (79, 106), (64, 107), (65, 107), (62, 108), (63, 108), (78, 108), (59, 109), (60, 109), (61, 109), (77, 110), (58, 111), (76, 112), (57, 113), (75, 114)]
[(104, 90), (102, 91), (103, 91), (105, 91), (100, 92), (101, 92), (97, 93), (98, 93), (99, 93), (104, 93), (95, 94), (96, 94), (93, 95), (94, 95), (103, 95), (91, 96), (92, 96), (89, 97), (90, 97), (102, 97), (87, 98), (88, 98), (85, 99), (86, 99), (101, 99), (82, 100), (83, 100), (84, 100), (100, 101), (81, 102), (99, 103), (80, 104), (98, 105), (79, 106), (78, 108), (97, 108), (77, 110), (96, 110), (76, 112), (95, 112), (95, 113), (75, 114), (93, 114), (94, 114)]
[(95, 113), (93, 114), (94, 114), (96, 114)]
[(114, 106), (111, 107), (112, 107), (113, 107), (109, 108), (110, 108), (107, 109), (108, 109), (105, 110), (106, 110), (103, 111), (104, 111), (101, 112), (102, 112), (99, 113), (100, 113), (96, 114), (97, 114), (98, 114)]
[(30, 80), (28, 81), (29, 81), (31, 81), (26, 82), (27, 82), (23, 83), (24, 83), (25, 83), (30, 83), (21, 84), (22, 84), (19, 85), (20, 85), (29, 85), (17, 86), (18, 86), (15, 87), (16, 87), (28, 87), (13, 88), (14, 88), (11, 89), (12, 89), (27, 89), (8, 90), (9, 90), (10, 90), (26, 91), (7, 92), (25, 93), (6, 94), (24, 95), (5, 96), (4, 98), (23, 98), (3, 100), (22, 100), (2, 102), (21, 102), (21, 103), (1, 104), (19, 104), (20, 104), (17, 105), (18, 105), (14, 106), (15, 106), (16, 106), (0, 107), (12, 107), (13, 107), (10, 108), (11, 108), (8, 109), (9, 109), (6, 110), (7, 110), (4, 111), (5, 111), (2, 112), (3, 112), (0, 113), (1, 113)]
[(21, 103), (19, 104), (20, 104), (22, 104), (17, 105), (18, 105), (14, 106), (15, 106), (16, 106), (21, 106), (12, 107), (13, 107), (10, 108), (11, 108), (20, 108), (8, 109), (9, 109), (6, 110), (7, 110), (19, 110), (4, 111), (5, 111), (2, 112), (3, 112), (18, 112), (0, 113), (1, 113), (17, 114)]
[(44, 94), (42, 95), (43, 95), (45, 95), (40, 96), (41, 96), (37, 97), (38, 97), (39, 97), (44, 97), (35, 98), (36, 98), (33, 99), (34, 99), (43, 99), (31, 100), (32, 100), (29, 101), (30, 101), (42, 101), (27, 102), (28, 102), (25, 103), (26, 103), (41, 103), (22, 104), (23, 104), (24, 104), (40, 105), (21, 106), (39, 107), (20, 108), (38, 109), (19, 110), (18, 112), (37, 112), (17, 114), (36, 114)]
[(58, 108), (56, 109), (57, 109), (59, 109), (54, 110), (55, 110), (51, 111), (52, 111), (53, 111), (58, 111), (49, 112), (50, 112), (47, 113), (48, 113), (57, 113), (45, 114), (46, 114)]
