[(114, 23), (111, 24), (112, 24), (113, 24), (107, 25), (108, 25), (109, 25), (110, 25), (104, 26), (105, 26), (106, 26), (101, 27), (102, 27), (103, 27), (114, 27), (98, 28), (99, 28), (100, 28), (94, 29), (95, 29), (96, 29), (97, 29), (113, 30), (93, 32), (112, 33), (92, 35), (111, 37), (91, 38), (110, 40), (90, 42), (109, 43), (109, 44), (89, 45), (106, 45), (107, 45), (108, 45), (102, 46), (103, 46), (104, 46), (105, 46), (99, 47), (100, 47), (101, 47), (88, 48), (96, 48), (97, 48), (98, 48), (88, 49), (93, 49), (94, 49), (95, 49), (89, 50), (90, 50), (91, 50), (92, 50)]
[(114, 27), (113, 30), (112, 33), (111, 37), (110, 40), (109, 43), (109, 44), (114, 44), (110, 45), (111, 45), (112, 45), (113, 45)]
[(114, 44), (110, 45), (111, 45), (112, 45), (113, 45), (109, 48), (108, 51), (107, 54), (106, 58), (105, 61), (104, 64), (112, 64), (113, 64), (114, 64), (104, 65), (109, 65), (110, 65), (111, 65), (105, 66), (106, 66), (107, 66), (108, 66)]
[(72, 33), (69, 34), (70, 34), (71, 34), (73, 34), (65, 35), (66, 35), (67, 35), (68, 35), (62, 36), (63, 36), (64, 36), (59, 37), (60, 37), (61, 37), (72, 37), (56, 38), (57, 38), (58, 38), (52, 39), (53, 39), (54, 39), (55, 39), (71, 40), (51, 42), (70, 43), (50, 45), (69, 47), (49, 48), (68, 50), (48, 52), (67, 53), (67, 54), (47, 55), (64, 55), (65, 55), (66, 55), (60, 56), (61, 56), (62, 56), (63, 56), (57, 57), (58, 57), (59, 57), (46, 58), (54, 58), (55, 58), (56, 58), (46, 59), (51, 59), (52, 59), (53, 59), (47, 60), (48, 60), (49, 60), (50, 60)]
[(93, 28), (90, 29), (91, 29), (92, 29), (94, 29), (86, 30), (87, 30), (88, 30), (89, 30), (83, 31), (84, 31), (85, 31), (80, 32), (81, 32), (82, 32), (93, 32), (77, 33), (78, 33), (79, 33), (73, 34), (74, 34), (75, 34), (76, 34), (92, 35), (72, 37), (91, 38), (71, 40), (90, 42), (70, 43), (89, 45), (69, 47), (88, 48), (88, 49), (68, 50), (85, 50), (86, 50), (87, 50), (81, 51), (82, 51), (83, 51), (84, 51), (78, 52), (79, 52), (80, 52), (67, 53), (75, 53), (76, 53), (77, 53), (67, 54), (72, 54), (73, 54), (74, 54), (68, 55), (69, 55), (70, 55), (71, 55)]
[(88, 49), (85, 50), (86, 50), (87, 50), (89, 50), (81, 51), (82, 51), (83, 51), (84, 51), (78, 52), (79, 52), (80, 52), (75, 53), (76, 53), (77, 53), (88, 53), (72, 54), (73, 54), (74, 54), (68, 55), (69, 55), (70, 55), (71, 55), (87, 56), (67, 58), (86, 59), (66, 61), (85, 63), (65, 64), (84, 66), (64, 68), (83, 69), (83, 70), (63, 71), (80, 71), (81, 71), (82, 71), (76, 72), (77, 72), (78, 72), (79, 72), (73, 73), (74, 73), (75, 73), (62, 74), (70, 74), (71, 74), (72, 74), (62, 75), (67, 75), (68, 75), (69, 75), (63, 76), (64, 76), (65, 76), (66, 76)]
[(109, 44), (106, 45), (107, 45), (108, 45), (110, 45), (102, 46), (103, 46), (104, 46), (105, 46), (99, 47), (100, 47), (101, 47), (96, 48), (97, 48), (98, 48), (109, 48), (93, 49), (94, 49), (95, 49), (89, 50), (90, 50), (91, 50), (92, 50), (108, 51), (88, 53), (107, 54), (87, 56), (106, 58), (86, 59), (105, 61), (85, 63), (104, 64), (104, 65), (84, 66), (101, 66), (102, 66), (103, 66), (97, 67), (98, 67), (99, 67), (100, 67), (94, 68), (95, 68), (96, 68), (83, 69), (91, 69), (92, 69), (93, 69), (83, 70), (88, 70), (89, 70), (90, 70), (84, 71), (85, 71), (86, 71), (87, 71)]
[(104, 65), (101, 66), (102, 66), (103, 66), (105, 66), (97, 67), (98, 67), (99, 67), (100, 67), (94, 68), (95, 68), (96, 68), (91, 69), (92, 69), (93, 69), (104, 69), (88, 70), (89, 70), (90, 70), (84, 71), (85, 71), (86, 71), (87, 71), (103, 72), (83, 74), (102, 75), (82, 77), (101, 79), (81, 80), (100, 82), (80, 84), (99, 85), (99, 86), (79, 87), (96, 87), (97, 87), (98, 87), (92, 88), (93, 88), (94, 88), (95, 88), (89, 89), (90, 89), (91, 89), (78, 90), (86, 90), (87, 90), (88, 90), (78, 91), (83, 91), (84, 91), (85, 91), (79, 92), (80, 92), (81, 92), (82, 92)]
[(112, 64), (113, 64), (114, 64), (109, 65), (110, 65), (111, 65), (105, 66), (106, 66), (107, 66), (108, 66), (104, 69), (103, 72), (102, 75), (101, 79), (100, 82), (113, 83), (114, 83), (110, 84), (111, 84), (112, 84), (99, 85), (107, 85), (108, 85), (109, 85), (99, 86), (104, 86), (105, 86), (106, 86), (100, 87), (101, 87), (102, 87), (103, 87)]
[(113, 83), (114, 83), (110, 84), (111, 84), (112, 84), (107, 85), (108, 85), (109, 85), (104, 86), (105, 86), (106, 86), (100, 87), (101, 87), (102, 87), (103, 87), (99, 90), (98, 93), (97, 96), (96, 100), (95, 103), (112, 103), (113, 103), (114, 103), (108, 104), (109, 104), (110, 104), (111, 104), (105, 105), (106, 105), (107, 105), (94, 106), (102, 106), (103, 106), (104, 106), (94, 107), (99, 107), (100, 107), (101, 107), (95, 108), (96, 108), (97, 108), (98, 108)]
[(46, 59), (43, 60), (44, 60), (45, 60), (47, 60), (39, 61), (40, 61), (41, 61), (42, 61), (36, 62), (37, 62), (38, 62), (33, 63), (34, 63), (35, 63), (46, 63), (30, 64), (31, 64), (32, 64), (26, 65), (27, 65), (28, 65), (29, 65), (45, 66), (25, 68), (44, 69), (24, 71), (43, 73), (23, 74), (42, 76), (22, 78), (41, 79), (41, 80), (21, 81), (38, 81), (39, 81), (40, 81), (34, 82), (35, 82), (36, 82), (37, 82), (31, 83), (32, 83), (33, 83), (20, 84), (28, 84), (29, 84), (30, 84), (20, 85), (25, 85), (26, 85), (27, 85), (21, 86), (22, 86), (23, 86), (24, 86)]
[(67, 54), (64, 55), (65, 55), (66, 55), (68, 55), (60, 56), (61, 56), (62, 56), (63, 56), (57, 57), (58, 57), (59, 57), (54, 58), (55, 58), (56, 58), (67, 58), (51, 59), (52, 59), (53, 59), (47, 60), (48, 60), (49, 60), (50, 60), (66, 61), (46, 63), (65, 64), (45, 66), (64, 68), (44, 69), (63, 71), (43, 73), (62, 74), (62, 75), (42, 76), (59, 76), (60, 76), (61, 76), (55, 77), (56, 77), (57, 77), (58, 77), (52, 78), (53, 78), (54, 78), (41, 79), (49, 79), (50, 79), (51, 79), (41, 80), (46, 80), (47, 80), (48, 80), (42, 81), (43, 81), (44, 81), (45, 81)]
[(62, 75), (59, 76), (60, 76), (61, 76), (63, 76), (55, 77), (56, 77), (57, 77), (58, 77), (52, 78), (53, 78), (54, 78), (49, 79), (50, 79), (51, 79), (62, 79), (46, 80), (47, 80), (48, 80), (42, 81), (43, 81), (44, 81), (45, 81), (61, 82), (41, 84), (60, 85), (40, 87), (59, 89), (39, 90), (58, 92), (38, 94), (57, 95), (57, 96), (37, 97), (54, 97), (55, 97), (56, 97), (50, 98), (51, 98), (52, 98), (53, 98), (47, 99), (48, 99), (49, 99), (36, 100), (44, 100), (45, 100), (46, 100), (36, 101), (41, 101), (42, 101), (43, 101), (37, 102), (38, 102), (39, 102), (40, 102)]
[(83, 70), (80, 71), (81, 71), (82, 71), (84, 71), (76, 72), (77, 72), (78, 72), (79, 72), (73, 73), (74, 73), (75, 73), (70, 74), (71, 74), (72, 74), (83, 74), (67, 75), (68, 75), (69, 75), (63, 76), (64, 76), (65, 76), (66, 76), (82, 77), (62, 79), (81, 80), (61, 82), (80, 84), (60, 85), (79, 87), (59, 89), (78, 90), (78, 91), (58, 92), (75, 92), (76, 92), (77, 92), (71, 93), (72, 93), (73, 93), (74, 93), (68, 94), (69, 94), (70, 94), (57, 95), (65, 95), (66, 95), (67, 95), (57, 96), (62, 96), (63, 96), (64, 96), (58, 97), (59, 97), (60, 97), (61, 97)]
[(78, 91), (75, 92), (76, 92), (77, 92), (79, 92), (71, 93), (72, 93), (73, 93), (74, 93), (68, 94), (69, 94), (70, 94), (65, 95), (66, 95), (67, 95), (78, 95), (62, 96), (63, 96), (64, 96), (58, 97), (59, 97), (60, 97), (61, 97), (77, 98), (57, 100), (76, 101), (56, 103), (75, 105), (55, 106), (74, 108), (54, 110), (73, 111), (73, 112), (53, 113), (70, 113), (71, 113), (72, 113), (66, 114), (67, 114), (68, 114), (69, 114)]
[(99, 86), (96, 87), (97, 87), (98, 87), (100, 87), (92, 88), (93, 88), (94, 88), (95, 88), (89, 89), (90, 89), (91, 89), (86, 90), (87, 90), (88, 90), (99, 90), (83, 91), (84, 91), (85, 91), (79, 92), (80, 92), (81, 92), (82, 92), (98, 93), (78, 95), (97, 96), (77, 98), (96, 100), (76, 101), (95, 103), (75, 105), (94, 106), (94, 107), (74, 108), (91, 108), (92, 108), (93, 108), (87, 109), (88, 109), (89, 109), (90, 109), (84, 110), (85, 110), (86, 110), (73, 111), (81, 111), (82, 111), (83, 111), (73, 112), (78, 112), (79, 112), (80, 112), (74, 113), (75, 113), (76, 113), (77, 113)]
[(94, 107), (91, 108), (92, 108), (93, 108), (95, 108), (87, 109), (88, 109), (89, 109), (90, 109), (84, 110), (85, 110), (86, 110), (81, 111), (82, 111), (83, 111), (94, 111), (78, 112), (79, 112), (80, 112), (74, 113), (75, 113), (76, 113), (77, 113), (93, 114)]
[(112, 103), (113, 103), (114, 103), (108, 104), (109, 104), (110, 104), (111, 104), (105, 105), (106, 105), (107, 105), (102, 106), (103, 106), (104, 106), (99, 107), (100, 107), (101, 107), (95, 108), (96, 108), (97, 108), (98, 108), (114, 109), (94, 111), (113, 112), (93, 114)]
[(41, 80), (38, 81), (39, 81), (40, 81), (42, 81), (34, 82), (35, 82), (36, 82), (37, 82), (31, 83), (32, 83), (33, 83), (28, 84), (29, 84), (30, 84), (41, 84), (25, 85), (26, 85), (27, 85), (21, 86), (22, 86), (23, 86), (24, 86), (40, 87), (20, 89), (39, 90), (19, 92), (38, 94), (18, 95), (37, 97), (17, 99), (36, 100), (36, 101), (16, 102), (33, 102), (34, 102), (35, 102), (29, 103), (30, 103), (31, 103), (32, 103), (26, 104), (27, 104), (28, 104), (15, 105), (23, 105), (24, 105), (25, 105), (15, 106), (20, 106), (21, 106), (22, 106), (16, 107), (17, 107), (18, 107), (19, 107)]
[(36, 101), (33, 102), (34, 102), (35, 102), (37, 102), (29, 103), (30, 103), (31, 103), (32, 103), (26, 104), (27, 104), (28, 104), (23, 105), (24, 105), (25, 105), (36, 105), (20, 106), (21, 106), (22, 106), (16, 107), (17, 107), (18, 107), (19, 107), (35, 108), (15, 110), (34, 111), (14, 113)]
[(57, 96), (54, 97), (55, 97), (56, 97), (58, 97), (50, 98), (51, 98), (52, 98), (53, 98), (47, 99), (48, 99), (49, 99), (44, 100), (45, 100), (46, 100), (57, 100), (41, 101), (42, 101), (43, 101), (37, 102), (38, 102), (39, 102), (40, 102), (56, 103), (36, 105), (55, 106), (35, 108), (54, 110), (34, 111), (53, 113)]
[(73, 112), (70, 113), (71, 113), (72, 113), (74, 113), (66, 114), (67, 114), (68, 114), (69, 114)]
