[(77, 31), (78, 31), (79, 31), (75, 32), (76, 32), (80, 32), (72, 33), (73, 33), (74, 33), (69, 34), (70, 34), (71, 34), (79, 34), (67, 35), (68, 35), (64, 36), (65, 36), (66, 36), (61, 37), (62, 37), (63, 37), (78, 37), (60, 39), (77, 39), (59, 42), (76, 42), (58, 44), (75, 45), (57, 47), (74, 47), (56, 50), (72, 50), (73, 50), (74, 50), (70, 51), (71, 51), (55, 52), (67, 52), (68, 52), (69, 52), (64, 53), (65, 53), (66, 53), (62, 54), (63, 54), (54, 55), (55, 55), (59, 55), (60, 55), (61, 55), (56, 56), (57, 56), (58, 56)]
[(96, 26), (97, 26), (98, 26), (94, 27), (95, 27), (99, 27), (91, 28), (92, 28), (93, 28), (88, 29), (89, 29), (90, 29), (98, 29), (86, 30), (87, 30), (83, 31), (84, 31), (85, 31), (80, 32), (81, 32), (82, 32), (97, 32), (79, 34), (96, 34), (78, 37), (95, 37), (77, 39), (94, 40), (76, 42), (93, 42), (75, 45), (91, 45), (92, 45), (93, 45), (89, 46), (90, 46), (74, 47), (86, 47), (87, 47), (88, 47), (83, 48), (84, 48), (85, 48), (81, 49), (82, 49), (73, 50), (74, 50), (78, 50), (79, 50), (80, 50), (75, 51), (76, 51), (77, 51)]
[(91, 45), (92, 45), (93, 45), (89, 46), (90, 46), (94, 46), (86, 47), (87, 47), (88, 47), (83, 48), (84, 48), (85, 48), (93, 48), (81, 49), (82, 49), (78, 50), (79, 50), (80, 50), (75, 51), (76, 51), (77, 51), (92, 51), (74, 53), (91, 53), (73, 56), (90, 56), (72, 58), (89, 59), (71, 61), (88, 61), (70, 64), (86, 64), (87, 64), (88, 64), (84, 65), (85, 65), (69, 66), (81, 66), (82, 66), (83, 66), (78, 67), (79, 67), (80, 67), (76, 68), (77, 68), (68, 69), (69, 69), (73, 69), (74, 69), (75, 69), (70, 70), (71, 70), (72, 70)]
[(110, 40), (111, 40), (112, 40), (108, 41), (109, 41), (113, 41), (105, 42), (106, 42), (107, 42), (102, 43), (103, 43), (104, 43), (112, 43), (100, 44), (101, 44), (97, 45), (98, 45), (99, 45), (94, 46), (95, 46), (96, 46), (111, 46), (93, 48), (110, 48), (92, 51), (109, 51), (91, 53), (108, 54), (90, 56), (107, 56), (89, 59), (105, 59), (106, 59), (107, 59), (103, 60), (104, 60), (88, 61), (100, 61), (101, 61), (102, 61), (97, 62), (98, 62), (99, 62), (95, 63), (96, 63), (87, 64), (88, 64), (92, 64), (93, 64), (94, 64), (89, 65), (90, 65), (91, 65)]
[(105, 59), (106, 59), (107, 59), (103, 60), (104, 60), (108, 60), (100, 61), (101, 61), (102, 61), (97, 62), (98, 62), (99, 62), (107, 62), (95, 63), (96, 63), (92, 64), (93, 64), (94, 64), (89, 65), (90, 65), (91, 65), (106, 65), (88, 67), (105, 67), (87, 70), (104, 70), (86, 72), (103, 73), (85, 75), (102, 75), (84, 78), (100, 78), (101, 78), (102, 78), (98, 79), (99, 79), (83, 80), (95, 80), (96, 80), (97, 80), (92, 81), (93, 81), (94, 81), (90, 82), (91, 82), (82, 83), (83, 83), (87, 83), (88, 83), (89, 83), (84, 84), (85, 84), (86, 84)]
[(114, 58), (111, 59), (112, 59), (113, 59), (108, 60), (109, 60), (110, 60), (107, 62), (106, 65), (105, 67), (104, 70), (103, 73), (102, 75), (114, 75), (111, 76), (112, 76), (113, 76), (109, 77), (110, 77), (101, 78), (102, 78), (106, 78), (107, 78), (108, 78), (103, 79), (104, 79), (105, 79)]
[(114, 75), (111, 76), (112, 76), (113, 76), (109, 77), (110, 77), (106, 78), (107, 78), (108, 78), (103, 79), (104, 79), (105, 79), (102, 81), (101, 84), (100, 86), (99, 89), (98, 92), (114, 92), (112, 93), (113, 93), (97, 94), (109, 94), (110, 94), (111, 94), (106, 95), (107, 95), (108, 95), (104, 96), (105, 96), (96, 97), (97, 97), (101, 97), (102, 97), (103, 97), (98, 98), (99, 98), (100, 98)]
[(39, 41), (40, 41), (41, 41), (37, 42), (38, 42), (42, 42), (34, 43), (35, 43), (36, 43), (31, 44), (32, 44), (33, 44), (41, 44), (29, 45), (30, 45), (26, 46), (27, 46), (28, 46), (23, 47), (24, 47), (25, 47), (40, 47), (22, 49), (39, 49), (21, 52), (38, 52), (20, 54), (37, 55), (19, 57), (36, 57), (18, 60), (34, 60), (35, 60), (36, 60), (32, 61), (33, 61), (17, 62), (29, 62), (30, 62), (31, 62), (26, 63), (27, 63), (28, 63), (24, 64), (25, 64), (16, 65), (17, 65), (21, 65), (22, 65), (23, 65), (18, 66), (19, 66), (20, 66)]
[(58, 36), (59, 36), (60, 36), (56, 37), (57, 37), (61, 37), (53, 38), (54, 38), (55, 38), (50, 39), (51, 39), (52, 39), (60, 39), (48, 40), (49, 40), (45, 41), (46, 41), (47, 41), (42, 42), (43, 42), (44, 42), (59, 42), (41, 44), (58, 44), (40, 47), (57, 47), (39, 49), (56, 50), (38, 52), (55, 52), (37, 55), (53, 55), (54, 55), (55, 55), (51, 56), (52, 56), (36, 57), (48, 57), (49, 57), (50, 57), (45, 58), (46, 58), (47, 58), (43, 59), (44, 59), (35, 60), (36, 60), (40, 60), (41, 60), (42, 60), (37, 61), (38, 61), (39, 61)]
[(53, 55), (54, 55), (55, 55), (51, 56), (52, 56), (56, 56), (48, 57), (49, 57), (50, 57), (45, 58), (46, 58), (47, 58), (55, 58), (43, 59), (44, 59), (40, 60), (41, 60), (42, 60), (37, 61), (38, 61), (39, 61), (54, 61), (36, 63), (53, 63), (35, 66), (52, 66), (34, 68), (51, 69), (33, 71), (50, 71), (32, 74), (48, 74), (49, 74), (50, 74), (46, 75), (47, 75), (31, 76), (43, 76), (44, 76), (45, 76), (40, 77), (41, 77), (42, 77), (38, 78), (39, 78), (30, 79), (31, 79), (35, 79), (36, 79), (37, 79), (32, 80), (33, 80), (34, 80)]
[(72, 50), (73, 50), (74, 50), (70, 51), (71, 51), (75, 51), (67, 52), (68, 52), (69, 52), (64, 53), (65, 53), (66, 53), (74, 53), (62, 54), (63, 54), (59, 55), (60, 55), (61, 55), (56, 56), (57, 56), (58, 56), (73, 56), (55, 58), (72, 58), (54, 61), (71, 61), (53, 63), (70, 64), (52, 66), (69, 66), (51, 69), (67, 69), (68, 69), (69, 69), (65, 70), (66, 70), (50, 71), (62, 71), (63, 71), (64, 71), (59, 72), (60, 72), (61, 72), (57, 73), (58, 73), (49, 74), (50, 74), (54, 74), (55, 74), (56, 74), (51, 75), (52, 75), (53, 75)]
[(67, 69), (68, 69), (69, 69), (65, 70), (66, 70), (70, 70), (62, 71), (63, 71), (64, 71), (59, 72), (60, 72), (61, 72), (69, 72), (57, 73), (58, 73), (54, 74), (55, 74), (56, 74), (51, 75), (52, 75), (53, 75), (68, 75), (50, 77), (67, 77), (49, 80), (66, 80), (48, 82), (65, 83), (47, 85), (64, 85), (46, 88), (62, 88), (63, 88), (64, 88), (60, 89), (61, 89), (45, 90), (57, 90), (58, 90), (59, 90), (54, 91), (55, 91), (56, 91), (52, 92), (53, 92), (44, 93), (45, 93), (49, 93), (50, 93), (51, 93), (46, 94), (47, 94), (48, 94)]
[(86, 64), (87, 64), (88, 64), (84, 65), (85, 65), (89, 65), (81, 66), (82, 66), (83, 66), (78, 67), (79, 67), (80, 67), (88, 67), (76, 68), (77, 68), (73, 69), (74, 69), (75, 69), (70, 70), (71, 70), (72, 70), (87, 70), (69, 72), (86, 72), (68, 75), (85, 75), (67, 77), (84, 78), (66, 80), (83, 80), (65, 83), (81, 83), (82, 83), (83, 83), (79, 84), (80, 84), (64, 85), (76, 85), (77, 85), (78, 85), (73, 86), (74, 86), (75, 86), (71, 87), (72, 87), (63, 88), (64, 88), (68, 88), (69, 88), (70, 88), (65, 89), (66, 89), (67, 89)]
[(81, 83), (82, 83), (83, 83), (79, 84), (80, 84), (84, 84), (76, 85), (77, 85), (78, 85), (73, 86), (74, 86), (75, 86), (83, 86), (71, 87), (72, 87), (68, 88), (69, 88), (70, 88), (65, 89), (66, 89), (67, 89), (82, 89), (64, 91), (81, 91), (63, 94), (80, 94), (62, 96), (79, 97), (61, 99), (78, 99), (60, 102), (76, 102), (77, 102), (78, 102), (74, 103), (75, 103), (59, 104), (71, 104), (72, 104), (73, 104), (68, 105), (69, 105), (70, 105), (66, 106), (67, 106), (58, 107), (59, 107), (63, 107), (64, 107), (65, 107), (60, 108), (61, 108), (62, 108)]
[(100, 78), (101, 78), (102, 78), (98, 79), (99, 79), (103, 79), (95, 80), (96, 80), (97, 80), (92, 81), (93, 81), (94, 81), (102, 81), (90, 82), (91, 82), (87, 83), (88, 83), (89, 83), (84, 84), (85, 84), (86, 84), (101, 84), (83, 86), (100, 86), (82, 89), (99, 89), (81, 91), (98, 92), (80, 94), (97, 94), (79, 97), (95, 97), (96, 97), (97, 97), (93, 98), (94, 98), (78, 99), (90, 99), (91, 99), (92, 99), (87, 100), (88, 100), (89, 100), (85, 101), (86, 101), (77, 102), (78, 102), (82, 102), (83, 102), (84, 102), (79, 103), (80, 103), (81, 103)]
[(95, 97), (96, 97), (97, 97), (93, 98), (94, 98), (98, 98), (90, 99), (91, 99), (92, 99), (87, 100), (88, 100), (89, 100), (97, 100), (85, 101), (86, 101), (82, 102), (83, 102), (84, 102), (79, 103), (80, 103), (81, 103), (96, 103), (78, 105), (95, 105), (77, 108), (94, 108), (76, 110), (93, 111), (75, 113), (92, 113)]
[(114, 92), (112, 93), (113, 93), (109, 94), (110, 94), (111, 94), (106, 95), (107, 95), (108, 95), (104, 96), (105, 96), (101, 97), (102, 97), (103, 97), (98, 98), (99, 98), (100, 98), (97, 100), (114, 100), (96, 103), (113, 103), (95, 105), (112, 106), (94, 108), (111, 108), (93, 111), (109, 111), (110, 111), (111, 111), (107, 112), (108, 112), (92, 113), (104, 113), (105, 113), (106, 113), (101, 114), (102, 114), (103, 114)]
[(15, 65), (16, 65), (17, 65), (13, 66), (14, 66), (18, 66), (10, 67), (11, 67), (12, 67), (7, 68), (8, 68), (9, 68), (17, 68), (5, 69), (6, 69), (2, 70), (3, 70), (4, 70), (0, 71), (1, 71), (16, 71), (15, 73), (14, 76), (13, 79), (12, 81), (10, 84), (11, 84), (12, 84), (8, 85), (9, 85), (5, 86), (6, 86), (7, 86), (2, 87), (3, 87), (4, 87), (0, 88), (1, 88)]
[(34, 60), (35, 60), (36, 60), (32, 61), (33, 61), (37, 61), (29, 62), (30, 62), (31, 62), (26, 63), (27, 63), (28, 63), (36, 63), (24, 64), (25, 64), (21, 65), (22, 65), (23, 65), (18, 66), (19, 66), (20, 66), (35, 66), (17, 68), (34, 68), (16, 71), (33, 71), (15, 73), (32, 74), (14, 76), (31, 76), (13, 79), (29, 79), (30, 79), (31, 79), (27, 80), (28, 80), (12, 81), (24, 81), (25, 81), (26, 81), (21, 82), (22, 82), (23, 82), (19, 83), (20, 83), (11, 84), (12, 84), (16, 84), (17, 84), (18, 84), (13, 85), (14, 85), (15, 85)]
[(29, 79), (30, 79), (31, 79), (27, 80), (28, 80), (32, 80), (24, 81), (25, 81), (26, 81), (21, 82), (22, 82), (23, 82), (31, 82), (19, 83), (20, 83), (16, 84), (17, 84), (18, 84), (13, 85), (14, 85), (15, 85), (30, 85), (12, 87), (29, 87), (11, 90), (28, 90), (10, 92), (27, 93), (9, 95), (26, 95), (8, 98), (24, 98), (25, 98), (26, 98), (22, 99), (23, 99), (7, 100), (19, 100), (20, 100), (21, 100), (16, 101), (17, 101), (18, 101), (14, 102), (15, 102), (6, 103), (7, 103), (11, 103), (12, 103), (13, 103), (8, 104), (9, 104), (10, 104)]
[(48, 74), (49, 74), (50, 74), (46, 75), (47, 75), (51, 75), (43, 76), (44, 76), (45, 76), (40, 77), (41, 77), (42, 77), (50, 77), (38, 78), (39, 78), (35, 79), (36, 79), (37, 79), (32, 80), (33, 80), (34, 80), (49, 80), (31, 82), (48, 82), (30, 85), (47, 85), (29, 87), (46, 88), (28, 90), (45, 90), (27, 93), (43, 93), (44, 93), (45, 93), (41, 94), (42, 94), (26, 95), (38, 95), (39, 95), (40, 95), (35, 96), (36, 96), (37, 96), (33, 97), (34, 97), (25, 98), (26, 98), (30, 98), (31, 98), (32, 98), (27, 99), (28, 99), (29, 99)]
[(43, 93), (44, 93), (45, 93), (41, 94), (42, 94), (46, 94), (38, 95), (39, 95), (40, 95), (35, 96), (36, 96), (37, 96), (45, 96), (33, 97), (34, 97), (30, 98), (31, 98), (32, 98), (27, 99), (28, 99), (29, 99), (44, 99), (26, 101), (43, 101), (25, 104), (42, 104), (24, 106), (41, 107), (23, 109), (40, 109), (22, 112), (38, 112), (39, 112), (40, 112), (36, 113), (37, 113), (21, 114), (33, 114), (34, 114), (35, 114)]
[(62, 88), (63, 88), (64, 88), (60, 89), (61, 89), (65, 89), (57, 90), (58, 90), (59, 90), (54, 91), (55, 91), (56, 91), (64, 91), (52, 92), (53, 92), (49, 93), (50, 93), (51, 93), (46, 94), (47, 94), (48, 94), (63, 94), (45, 96), (62, 96), (44, 99), (61, 99), (43, 101), (60, 102), (42, 104), (59, 104), (41, 107), (57, 107), (58, 107), (59, 107), (55, 108), (56, 108), (40, 109), (52, 109), (53, 109), (54, 109), (49, 110), (50, 110), (51, 110), (47, 111), (48, 111), (39, 112), (40, 112), (44, 112), (45, 112), (46, 112), (41, 113), (42, 113), (43, 113)]
[(57, 107), (58, 107), (59, 107), (55, 108), (56, 108), (60, 108), (52, 109), (53, 109), (54, 109), (49, 110), (50, 110), (51, 110), (59, 110), (47, 111), (48, 111), (44, 112), (45, 112), (46, 112), (41, 113), (42, 113), (43, 113), (58, 113)]
[(76, 102), (77, 102), (78, 102), (74, 103), (75, 103), (79, 103), (71, 104), (72, 104), (73, 104), (68, 105), (69, 105), (70, 105), (78, 105), (66, 106), (67, 106), (63, 107), (64, 107), (65, 107), (60, 108), (61, 108), (62, 108), (77, 108), (59, 110), (76, 110), (58, 113), (75, 113)]
[(10, 84), (11, 84), (12, 84), (8, 85), (9, 85), (13, 85), (5, 86), (6, 86), (7, 86), (2, 87), (3, 87), (4, 87), (12, 87), (0, 88), (1, 88), (11, 90), (10, 92), (9, 95), (8, 98), (7, 100), (5, 103), (6, 103), (7, 103), (3, 104), (4, 104), (0, 105), (1, 105), (2, 105)]
[(5, 103), (6, 103), (7, 103), (3, 104), (4, 104), (8, 104), (0, 105), (1, 105), (2, 105), (7, 106), (6, 109), (5, 111), (4, 114)]
[(24, 98), (25, 98), (26, 98), (22, 99), (23, 99), (27, 99), (19, 100), (20, 100), (21, 100), (16, 101), (17, 101), (18, 101), (26, 101), (14, 102), (15, 102), (11, 103), (12, 103), (13, 103), (8, 104), (9, 104), (10, 104), (25, 104), (7, 106), (24, 106), (6, 109), (23, 109), (5, 111), (22, 112), (4, 114), (21, 114)]
[(38, 112), (39, 112), (40, 112), (36, 113), (37, 113), (41, 113), (33, 114), (34, 114), (35, 114)]
