[(83, 26), (84, 26), (78, 27), (79, 27), (80, 27), (81, 27), (82, 27), (85, 27), (74, 28), (75, 28), (76, 28), (77, 28), (69, 29), (70, 29), (71, 29), (72, 29), (73, 29), (84, 31), (68, 33), (83, 35), (67, 37), (82, 40), (66, 42), (81, 42), (82, 42), (76, 43), (77, 43), (78, 43), (79, 43), (80, 43), (66, 44), (72, 44), (73, 44), (74, 44), (75, 44), (67, 45), (68, 45), (69, 45), (70, 45), (71, 45)]
[(99, 24), (100, 24), (94, 25), (95, 25), (96, 25), (97, 25), (98, 25), (101, 25), (90, 26), (91, 26), (92, 26), (93, 26), (85, 27), (86, 27), (87, 27), (88, 27), (89, 27), (100, 29), (84, 31), (99, 33), (83, 35), (98, 38), (82, 40), (97, 40), (98, 40), (92, 41), (93, 41), (94, 41), (95, 41), (96, 41), (82, 42), (88, 42), (89, 42), (90, 42), (91, 42), (83, 43), (84, 43), (85, 43), (86, 43), (87, 43)]
[(97, 40), (98, 40), (92, 41), (93, 41), (94, 41), (95, 41), (96, 41), (99, 41), (88, 42), (89, 42), (90, 42), (91, 42), (83, 43), (84, 43), (85, 43), (86, 43), (87, 43), (98, 45), (82, 47), (97, 49), (81, 51), (96, 54), (80, 56), (95, 56), (96, 56), (90, 57), (91, 57), (92, 57), (93, 57), (94, 57), (80, 58), (86, 58), (87, 58), (88, 58), (89, 58), (81, 59), (82, 59), (83, 59), (84, 59), (85, 59)]
[(113, 38), (114, 38), (108, 39), (109, 39), (110, 39), (111, 39), (112, 39), (104, 40), (105, 40), (106, 40), (107, 40), (99, 41), (100, 41), (101, 41), (102, 41), (103, 41), (114, 43), (98, 45), (113, 47), (97, 49), (112, 52), (96, 54), (111, 54), (112, 54), (106, 55), (107, 55), (108, 55), (109, 55), (110, 55), (96, 56), (102, 56), (103, 56), (104, 56), (105, 56), (97, 57), (98, 57), (99, 57), (100, 57), (101, 57)]
[(111, 54), (112, 54), (106, 55), (107, 55), (108, 55), (109, 55), (110, 55), (113, 55), (102, 56), (103, 56), (104, 56), (105, 56), (97, 57), (98, 57), (99, 57), (100, 57), (101, 57), (112, 59), (96, 61), (111, 63), (95, 65), (110, 68), (94, 70), (109, 70), (110, 70), (104, 71), (105, 71), (106, 71), (107, 71), (108, 71), (94, 72), (100, 72), (101, 72), (102, 72), (103, 72), (95, 73), (96, 73), (97, 73), (98, 73), (99, 73)]
[(113, 55), (114, 55), (112, 59), (111, 63), (110, 68), (110, 70), (111, 71), (112, 71), (113, 71), (114, 71)]
[(111, 71), (112, 71), (113, 71), (114, 71), (110, 75), (109, 79), (108, 84), (108, 86), (114, 86), (109, 87), (110, 87), (111, 87), (112, 87), (113, 87)]
[(51, 30), (52, 30), (46, 31), (47, 31), (48, 31), (49, 31), (50, 31), (53, 31), (42, 32), (43, 32), (44, 32), (45, 32), (37, 33), (38, 33), (39, 33), (40, 33), (41, 33), (52, 35), (36, 37), (51, 39), (35, 41), (50, 44), (34, 46), (49, 46), (50, 46), (44, 47), (45, 47), (46, 47), (47, 47), (48, 47), (34, 48), (40, 48), (41, 48), (42, 48), (43, 48), (35, 49), (36, 49), (37, 49), (38, 49), (39, 49)]
[(67, 28), (68, 28), (62, 29), (63, 29), (64, 29), (65, 29), (66, 29), (69, 29), (58, 30), (59, 30), (60, 30), (61, 30), (53, 31), (54, 31), (55, 31), (56, 31), (57, 31), (68, 33), (52, 35), (67, 37), (51, 39), (66, 42), (50, 44), (65, 44), (66, 44), (60, 45), (61, 45), (62, 45), (63, 45), (64, 45), (50, 46), (56, 46), (57, 46), (58, 46), (59, 46), (51, 47), (52, 47), (53, 47), (54, 47), (55, 47)]
[(65, 44), (66, 44), (60, 45), (61, 45), (62, 45), (63, 45), (64, 45), (67, 45), (56, 46), (57, 46), (58, 46), (59, 46), (51, 47), (52, 47), (53, 47), (54, 47), (55, 47), (66, 49), (50, 51), (65, 53), (49, 55), (64, 58), (48, 60), (63, 60), (64, 60), (58, 61), (59, 61), (60, 61), (61, 61), (62, 61), (48, 62), (54, 62), (55, 62), (56, 62), (57, 62), (49, 63), (50, 63), (51, 63), (52, 63), (53, 63)]
[(81, 42), (82, 42), (76, 43), (77, 43), (78, 43), (79, 43), (80, 43), (83, 43), (72, 44), (73, 44), (74, 44), (75, 44), (67, 45), (68, 45), (69, 45), (70, 45), (71, 45), (82, 47), (66, 49), (81, 51), (65, 53), (80, 56), (64, 58), (79, 58), (80, 58), (74, 59), (75, 59), (76, 59), (77, 59), (78, 59), (64, 60), (70, 60), (71, 60), (72, 60), (73, 60), (65, 61), (66, 61), (67, 61), (68, 61), (69, 61)]
[(79, 58), (80, 58), (74, 59), (75, 59), (76, 59), (77, 59), (78, 59), (81, 59), (70, 60), (71, 60), (72, 60), (73, 60), (65, 61), (66, 61), (67, 61), (68, 61), (69, 61), (80, 63), (64, 65), (79, 67), (63, 69), (78, 72), (62, 74), (77, 74), (78, 74), (72, 75), (73, 75), (74, 75), (75, 75), (76, 75), (62, 76), (68, 76), (69, 76), (70, 76), (71, 76), (63, 77), (64, 77), (65, 77), (66, 77), (67, 77)]
[(95, 56), (96, 56), (90, 57), (91, 57), (92, 57), (93, 57), (94, 57), (97, 57), (86, 58), (87, 58), (88, 58), (89, 58), (81, 59), (82, 59), (83, 59), (84, 59), (85, 59), (96, 61), (80, 63), (95, 65), (79, 67), (94, 70), (78, 72), (93, 72), (94, 72), (88, 73), (89, 73), (90, 73), (91, 73), (92, 73), (78, 74), (84, 74), (85, 74), (86, 74), (87, 74), (79, 75), (80, 75), (81, 75), (82, 75), (83, 75)]
[(93, 72), (94, 72), (88, 73), (89, 73), (90, 73), (91, 73), (92, 73), (95, 73), (84, 74), (85, 74), (86, 74), (87, 74), (79, 75), (80, 75), (81, 75), (82, 75), (83, 75), (94, 77), (78, 79), (93, 81), (77, 83), (92, 86), (76, 88), (91, 88), (92, 88), (86, 89), (87, 89), (88, 89), (89, 89), (90, 89), (76, 90), (82, 90), (83, 90), (84, 90), (85, 90), (77, 91), (78, 91), (79, 91), (80, 91), (81, 91)]
[(109, 70), (110, 70), (104, 71), (105, 71), (106, 71), (107, 71), (108, 71), (111, 71), (100, 72), (101, 72), (102, 72), (103, 72), (95, 73), (96, 73), (97, 73), (98, 73), (99, 73), (110, 75), (94, 77), (109, 79), (93, 81), (108, 84), (92, 86), (107, 86), (108, 86), (102, 87), (103, 87), (104, 87), (105, 87), (106, 87), (92, 88), (98, 88), (99, 88), (100, 88), (101, 88), (93, 89), (94, 89), (95, 89), (96, 89), (97, 89)]
[(107, 86), (108, 86), (102, 87), (103, 87), (104, 87), (105, 87), (106, 87), (109, 87), (98, 88), (99, 88), (100, 88), (101, 88), (93, 89), (94, 89), (95, 89), (96, 89), (97, 89), (108, 91), (92, 93), (107, 95), (91, 97), (106, 100), (90, 102), (105, 102), (106, 102), (100, 103), (101, 103), (102, 103), (103, 103), (104, 103), (90, 104), (96, 104), (97, 104), (98, 104), (99, 104), (91, 105), (92, 105), (93, 105), (94, 105), (95, 105)]
[(114, 86), (109, 87), (110, 87), (111, 87), (112, 87), (113, 87), (108, 91), (107, 95), (106, 100), (106, 102), (112, 102), (113, 102), (114, 102), (107, 103), (108, 103), (109, 103), (110, 103), (111, 103)]
[(112, 102), (113, 102), (114, 102), (107, 103), (108, 103), (109, 103), (110, 103), (111, 103), (106, 107), (105, 111)]
[(33, 48), (34, 48), (28, 49), (29, 49), (30, 49), (31, 49), (32, 49), (35, 49), (24, 50), (25, 50), (26, 50), (27, 50), (19, 51), (20, 51), (21, 51), (22, 51), (23, 51), (34, 53), (18, 55), (33, 57), (17, 59), (32, 62), (16, 64), (31, 64), (32, 64), (26, 65), (27, 65), (28, 65), (29, 65), (30, 65), (16, 66), (22, 66), (23, 66), (24, 66), (25, 66), (17, 67), (18, 67), (19, 67), (20, 67), (21, 67)]
[(49, 46), (50, 46), (44, 47), (45, 47), (46, 47), (47, 47), (48, 47), (51, 47), (40, 48), (41, 48), (42, 48), (43, 48), (35, 49), (36, 49), (37, 49), (38, 49), (39, 49), (50, 51), (34, 53), (49, 55), (33, 57), (48, 60), (32, 62), (47, 62), (48, 62), (42, 63), (43, 63), (44, 63), (45, 63), (46, 63), (32, 64), (38, 64), (39, 64), (40, 64), (41, 64), (33, 65), (34, 65), (35, 65), (36, 65), (37, 65)]
[(47, 62), (48, 62), (42, 63), (43, 63), (44, 63), (45, 63), (46, 63), (49, 63), (38, 64), (39, 64), (40, 64), (41, 64), (33, 65), (34, 65), (35, 65), (36, 65), (37, 65), (48, 67), (32, 69), (47, 71), (31, 73), (46, 76), (30, 78), (45, 78), (46, 78), (40, 79), (41, 79), (42, 79), (43, 79), (44, 79), (30, 80), (36, 80), (37, 80), (38, 80), (39, 80), (31, 81), (32, 81), (33, 81), (34, 81), (35, 81)]
[(63, 60), (64, 60), (58, 61), (59, 61), (60, 61), (61, 61), (62, 61), (65, 61), (54, 62), (55, 62), (56, 62), (57, 62), (49, 63), (50, 63), (51, 63), (52, 63), (53, 63), (64, 65), (48, 67), (63, 69), (47, 71), (62, 74), (46, 76), (61, 76), (62, 76), (56, 77), (57, 77), (58, 77), (59, 77), (60, 77), (46, 78), (52, 78), (53, 78), (54, 78), (55, 78), (47, 79), (48, 79), (49, 79), (50, 79), (51, 79)]
[(61, 76), (62, 76), (56, 77), (57, 77), (58, 77), (59, 77), (60, 77), (63, 77), (52, 78), (53, 78), (54, 78), (55, 78), (47, 79), (48, 79), (49, 79), (50, 79), (51, 79), (62, 81), (46, 83), (61, 85), (45, 87), (60, 90), (44, 92), (59, 92), (60, 92), (54, 93), (55, 93), (56, 93), (57, 93), (58, 93), (44, 94), (50, 94), (51, 94), (52, 94), (53, 94), (45, 95), (46, 95), (47, 95), (48, 95), (49, 95)]
[(77, 74), (78, 74), (72, 75), (73, 75), (74, 75), (75, 75), (76, 75), (79, 75), (68, 76), (69, 76), (70, 76), (71, 76), (63, 77), (64, 77), (65, 77), (66, 77), (67, 77), (78, 79), (62, 81), (77, 83), (61, 85), (76, 88), (60, 90), (75, 90), (76, 90), (70, 91), (71, 91), (72, 91), (73, 91), (74, 91), (60, 92), (66, 92), (67, 92), (68, 92), (69, 92), (61, 93), (62, 93), (63, 93), (64, 93), (65, 93)]
[(75, 90), (76, 90), (70, 91), (71, 91), (72, 91), (73, 91), (74, 91), (77, 91), (66, 92), (67, 92), (68, 92), (69, 92), (61, 93), (62, 93), (63, 93), (64, 93), (65, 93), (76, 95), (60, 97), (75, 99), (59, 101), (74, 104), (58, 106), (73, 106), (74, 106), (68, 107), (69, 107), (70, 107), (71, 107), (72, 107), (58, 108), (64, 108), (65, 108), (66, 108), (67, 108), (59, 109), (60, 109), (61, 109), (62, 109), (63, 109)]
[(91, 88), (92, 88), (86, 89), (87, 89), (88, 89), (89, 89), (90, 89), (93, 89), (82, 90), (83, 90), (84, 90), (85, 90), (77, 91), (78, 91), (79, 91), (80, 91), (81, 91), (92, 93), (76, 95), (91, 97), (75, 99), (90, 102), (74, 104), (89, 104), (90, 104), (84, 105), (85, 105), (86, 105), (87, 105), (88, 105), (74, 106), (80, 106), (81, 106), (82, 106), (83, 106), (75, 107), (76, 107), (77, 107), (78, 107), (79, 107)]
[(89, 104), (90, 104), (84, 105), (85, 105), (86, 105), (87, 105), (88, 105), (91, 105), (80, 106), (81, 106), (82, 106), (83, 106), (75, 107), (76, 107), (77, 107), (78, 107), (79, 107), (90, 109), (74, 111), (89, 113)]
[(105, 102), (106, 102), (100, 103), (101, 103), (102, 103), (103, 103), (104, 103), (107, 103), (96, 104), (97, 104), (98, 104), (99, 104), (91, 105), (92, 105), (93, 105), (94, 105), (95, 105), (106, 107), (90, 109), (105, 111), (89, 113)]
[(31, 64), (32, 64), (26, 65), (27, 65), (28, 65), (29, 65), (30, 65), (33, 65), (22, 66), (23, 66), (24, 66), (25, 66), (17, 67), (18, 67), (19, 67), (20, 67), (21, 67), (32, 69), (16, 71), (31, 73), (15, 75), (30, 78), (14, 80), (29, 80), (30, 80), (24, 81), (25, 81), (26, 81), (27, 81), (28, 81), (14, 82), (20, 82), (21, 82), (22, 82), (23, 82), (15, 83), (16, 83), (17, 83), (18, 83), (19, 83)]
[(29, 80), (30, 80), (24, 81), (25, 81), (26, 81), (27, 81), (28, 81), (31, 81), (20, 82), (21, 82), (22, 82), (23, 82), (15, 83), (16, 83), (17, 83), (18, 83), (19, 83), (30, 85), (14, 87), (29, 89), (13, 91), (28, 94), (12, 96), (27, 96), (28, 96), (22, 97), (23, 97), (24, 97), (25, 97), (26, 97), (12, 98), (18, 98), (19, 98), (20, 98), (21, 98), (13, 99), (14, 99), (15, 99), (16, 99), (17, 99)]
[(45, 78), (46, 78), (40, 79), (41, 79), (42, 79), (43, 79), (44, 79), (47, 79), (36, 80), (37, 80), (38, 80), (39, 80), (31, 81), (32, 81), (33, 81), (34, 81), (35, 81), (46, 83), (30, 85), (45, 87), (29, 89), (44, 92), (28, 94), (43, 94), (44, 94), (38, 95), (39, 95), (40, 95), (41, 95), (42, 95), (28, 96), (34, 96), (35, 96), (36, 96), (37, 96), (29, 97), (30, 97), (31, 97), (32, 97), (33, 97)]
[(43, 94), (44, 94), (38, 95), (39, 95), (40, 95), (41, 95), (42, 95), (45, 95), (34, 96), (35, 96), (36, 96), (37, 96), (29, 97), (30, 97), (31, 97), (32, 97), (33, 97), (44, 99), (28, 101), (43, 103), (27, 105), (42, 108), (26, 110), (41, 110), (42, 110), (36, 111), (37, 111), (38, 111), (39, 111), (40, 111), (26, 112), (32, 112), (33, 112), (34, 112), (35, 112), (27, 113), (28, 113), (29, 113), (30, 113), (31, 113)]
[(59, 92), (60, 92), (54, 93), (55, 93), (56, 93), (57, 93), (58, 93), (61, 93), (50, 94), (51, 94), (52, 94), (53, 94), (45, 95), (46, 95), (47, 95), (48, 95), (49, 95), (60, 97), (44, 99), (59, 101), (43, 103), (58, 106), (42, 108), (57, 108), (58, 108), (52, 109), (53, 109), (54, 109), (55, 109), (56, 109), (42, 110), (48, 110), (49, 110), (50, 110), (51, 110), (43, 111), (44, 111), (45, 111), (46, 111), (47, 111)]
[(57, 108), (58, 108), (52, 109), (53, 109), (54, 109), (55, 109), (56, 109), (59, 109), (48, 110), (49, 110), (50, 110), (51, 110), (43, 111), (44, 111), (45, 111), (46, 111), (47, 111), (58, 113)]
[(73, 106), (74, 106), (68, 107), (69, 107), (70, 107), (71, 107), (72, 107), (75, 107), (64, 108), (65, 108), (66, 108), (67, 108), (59, 109), (60, 109), (61, 109), (62, 109), (63, 109), (74, 111), (58, 113)]
[(27, 96), (28, 96), (22, 97), (23, 97), (24, 97), (25, 97), (26, 97), (29, 97), (18, 98), (19, 98), (20, 98), (21, 98), (13, 99), (14, 99), (15, 99), (16, 99), (17, 99), (28, 101), (12, 103), (27, 105), (11, 107), (26, 110), (10, 112), (25, 112), (26, 112), (20, 113), (21, 113), (22, 113), (23, 113), (24, 113), (10, 114), (16, 114), (17, 114), (18, 114), (19, 114)]
[(25, 112), (26, 112), (20, 113), (21, 113), (22, 113), (23, 113), (24, 113), (27, 113), (16, 114), (17, 114), (18, 114), (19, 114)]
[(41, 110), (42, 110), (36, 111), (37, 111), (38, 111), (39, 111), (40, 111), (43, 111), (32, 112), (33, 112), (34, 112), (35, 112), (27, 113), (28, 113), (29, 113), (30, 113), (31, 113)]
