[(114, 45), (113, 47), (112, 49), (111, 51), (110, 53), (110, 55), (111, 56), (112, 57), (113, 58), (114, 59)]
[(83, 29), (84, 29), (81, 30), (82, 30), (85, 30), (79, 31), (80, 31), (86, 31), (77, 32), (78, 32), (87, 32), (75, 33), (76, 33), (88, 33), (73, 34), (74, 34), (89, 34), (71, 35), (72, 35), (90, 35), (69, 36), (70, 36), (67, 37), (68, 37), (89, 37), (65, 38), (66, 38), (63, 39), (64, 39), (88, 39), (61, 40), (62, 40), (58, 41), (59, 41), (60, 41), (87, 41), (57, 43), (86, 43), (56, 45), (85, 45), (55, 47), (84, 47), (54, 49), (83, 49), (53, 51), (82, 51), (52, 53), (81, 53), (51, 55), (80, 55), (50, 57), (79, 57), (49, 59), (78, 59), (48, 61), (77, 61), (78, 61), (75, 62), (76, 62), (47, 63), (73, 63), (74, 63), (71, 64), (72, 64), (46, 65), (69, 65), (70, 65), (67, 66), (68, 66), (46, 67), (65, 67), (66, 67), (47, 68), (63, 68), (64, 68), (48, 69), (61, 69), (62, 69), (49, 70), (59, 70), (60, 70), (50, 71), (57, 71), (58, 71), (51, 72), (55, 72), (56, 72), (52, 73), (53, 73), (54, 73)]
[(113, 24), (114, 24), (111, 25), (112, 25), (109, 26), (110, 26), (107, 27), (108, 27), (105, 28), (106, 28), (103, 29), (104, 29), (101, 30), (102, 30), (99, 31), (100, 31), (97, 32), (98, 32), (95, 33), (96, 33), (93, 34), (94, 34), (90, 35), (91, 35), (92, 35), (89, 37), (88, 39), (87, 41), (86, 43), (85, 45), (114, 45), (84, 47), (113, 47), (83, 49), (112, 49), (82, 51), (111, 51), (81, 53), (110, 53), (80, 55), (109, 55), (110, 55), (107, 56), (108, 56), (79, 57), (105, 57), (106, 57), (103, 58), (104, 58), (78, 59), (101, 59), (102, 59), (99, 60), (100, 60), (78, 61), (97, 61), (98, 61), (79, 62), (95, 62), (96, 62), (80, 63), (93, 63), (94, 63), (81, 64), (91, 64), (92, 64), (82, 65), (89, 65), (90, 65), (83, 66), (87, 66), (88, 66), (84, 67), (85, 67), (86, 67)]
[(109, 55), (110, 55), (107, 56), (108, 56), (111, 56), (105, 57), (106, 57), (112, 57), (103, 58), (104, 58), (113, 58), (101, 59), (102, 59), (114, 59), (99, 60), (100, 60), (97, 61), (98, 61), (95, 62), (96, 62), (93, 63), (94, 63), (91, 64), (92, 64), (89, 65), (90, 65), (114, 65), (87, 66), (88, 66), (84, 67), (85, 67), (86, 67), (113, 67), (83, 69), (112, 69), (82, 71), (111, 71), (81, 73), (110, 73), (80, 75), (109, 75), (79, 77), (108, 77), (78, 79), (107, 79), (77, 81), (106, 81), (76, 83), (105, 83), (75, 85), (104, 85), (74, 87), (103, 87), (104, 87), (101, 88), (102, 88), (73, 89), (99, 89), (100, 89), (97, 90), (98, 90), (72, 91), (95, 91), (96, 91), (93, 92), (94, 92), (72, 93), (91, 93), (92, 93), (73, 94), (89, 94), (90, 94), (74, 95), (87, 95), (88, 95), (75, 96), (85, 96), (86, 96), (76, 97), (83, 97), (84, 97), (77, 98), (81, 98), (82, 98), (78, 99), (79, 99), (80, 99)]
[(114, 65), (113, 67), (112, 69), (111, 71), (110, 73), (109, 75), (108, 77), (107, 79), (106, 81), (105, 83), (104, 85), (104, 87), (105, 88), (106, 89), (107, 90), (108, 91), (109, 92), (113, 92), (114, 92), (110, 93), (111, 93), (112, 93)]
[(113, 92), (114, 92), (110, 93), (111, 93), (112, 93), (109, 95), (108, 97), (107, 99), (106, 101), (105, 103), (104, 105), (103, 107), (102, 109), (101, 111), (100, 113)]
[(45, 67), (46, 67), (43, 68), (44, 68), (47, 68), (41, 69), (42, 69), (48, 69), (39, 70), (40, 70), (49, 70), (37, 71), (38, 71), (50, 71), (35, 72), (36, 72), (51, 72), (33, 73), (34, 73), (52, 73), (31, 74), (32, 74), (29, 75), (30, 75), (51, 75), (27, 76), (28, 76), (25, 77), (26, 77), (50, 77), (23, 78), (24, 78), (20, 79), (21, 79), (22, 79), (49, 79), (19, 81), (48, 81), (18, 83), (47, 83), (17, 85), (46, 85), (16, 87), (45, 87), (15, 89), (44, 89), (14, 91), (43, 91), (13, 93), (42, 93), (12, 95), (41, 95), (11, 97), (40, 97), (10, 99), (39, 99), (40, 99), (37, 100), (38, 100), (9, 101), (35, 101), (36, 101), (33, 102), (34, 102), (8, 103), (31, 103), (32, 103), (29, 104), (30, 104), (8, 105), (27, 105), (28, 105), (9, 106), (25, 106), (26, 106), (10, 107), (23, 107), (24, 107), (11, 108), (21, 108), (22, 108), (12, 109), (19, 109), (20, 109), (13, 110), (17, 110), (18, 110), (14, 111), (15, 111), (16, 111)]
[(77, 61), (78, 61), (75, 62), (76, 62), (79, 62), (73, 63), (74, 63), (80, 63), (71, 64), (72, 64), (81, 64), (69, 65), (70, 65), (82, 65), (67, 66), (68, 66), (83, 66), (65, 67), (66, 67), (84, 67), (63, 68), (64, 68), (61, 69), (62, 69), (83, 69), (59, 70), (60, 70), (57, 71), (58, 71), (82, 71), (55, 72), (56, 72), (52, 73), (53, 73), (54, 73), (81, 73), (51, 75), (80, 75), (50, 77), (79, 77), (49, 79), (78, 79), (48, 81), (77, 81), (47, 83), (76, 83), (46, 85), (75, 85), (45, 87), (74, 87), (44, 89), (73, 89), (43, 91), (72, 91), (42, 93), (71, 93), (72, 93), (69, 94), (70, 94), (41, 95), (67, 95), (68, 95), (65, 96), (66, 96), (40, 97), (63, 97), (64, 97), (61, 98), (62, 98), (40, 99), (59, 99), (60, 99), (41, 100), (57, 100), (58, 100), (42, 101), (55, 101), (56, 101), (43, 102), (53, 102), (54, 102), (44, 103), (51, 103), (52, 103), (45, 104), (49, 104), (50, 104), (46, 105), (47, 105), (48, 105)]
[(71, 93), (72, 93), (69, 94), (70, 94), (73, 94), (67, 95), (68, 95), (74, 95), (65, 96), (66, 96), (75, 96), (63, 97), (64, 97), (76, 97), (61, 98), (62, 98), (77, 98), (59, 99), (60, 99), (78, 99), (57, 100), (58, 100), (55, 101), (56, 101), (77, 101), (53, 102), (54, 102), (51, 103), (52, 103), (76, 103), (49, 104), (50, 104), (46, 105), (47, 105), (48, 105), (75, 105), (45, 107), (74, 107), (44, 109), (73, 109), (43, 111), (72, 111), (42, 113), (71, 113)]
[(103, 87), (104, 87), (101, 88), (102, 88), (105, 88), (99, 89), (100, 89), (106, 89), (97, 90), (98, 90), (107, 90), (95, 91), (96, 91), (108, 91), (93, 92), (94, 92), (109, 92), (91, 93), (92, 93), (110, 93), (89, 94), (90, 94), (87, 95), (88, 95), (109, 95), (85, 96), (86, 96), (83, 97), (84, 97), (108, 97), (81, 98), (82, 98), (78, 99), (79, 99), (80, 99), (107, 99), (77, 101), (106, 101), (76, 103), (105, 103), (75, 105), (104, 105), (74, 107), (103, 107), (73, 109), (102, 109), (72, 111), (101, 111), (71, 113), (100, 113)]
[(39, 99), (40, 99), (37, 100), (38, 100), (41, 100), (35, 101), (36, 101), (42, 101), (33, 102), (34, 102), (43, 102), (31, 103), (32, 103), (44, 103), (29, 104), (30, 104), (45, 104), (27, 105), (28, 105), (46, 105), (25, 106), (26, 106), (23, 107), (24, 107), (45, 107), (21, 108), (22, 108), (19, 109), (20, 109), (44, 109), (17, 110), (18, 110), (14, 111), (15, 111), (16, 111), (43, 111), (13, 113), (42, 113)]
