[(108, 43), (104, 44), (105, 44), (106, 44), (107, 44), (109, 44), (100, 45), (101, 45), (102, 45), (103, 45), (110, 45), (96, 46), (97, 46), (98, 46), (99, 46), (111, 46), (92, 47), (93, 47), (94, 47), (95, 47), (112, 47), (91, 50), (111, 50), (90, 54), (110, 54), (89, 58), (109, 58), (88, 62), (108, 62), (88, 63), (108, 63), (89, 64), (104, 64), (105, 64), (106, 64), (107, 64), (90, 65), (100, 65), (101, 65), (102, 65), (103, 65), (91, 66), (96, 66), (97, 66), (98, 66), (99, 66), (92, 67), (93, 67), (94, 67), (95, 67)]
[(112, 47), (113, 47), (114, 47), (111, 50), (110, 54), (109, 58), (108, 62), (108, 63), (109, 64), (110, 65), (111, 66), (112, 67), (113, 67), (114, 67)]
[(112, 67), (113, 67), (114, 67), (111, 70), (110, 74), (109, 78), (108, 82), (108, 83), (109, 84), (110, 85), (111, 86), (112, 87), (113, 87), (114, 87)]
[(68, 43), (64, 44), (65, 44), (66, 44), (67, 44), (69, 44), (60, 45), (61, 45), (62, 45), (63, 45), (70, 45), (56, 46), (57, 46), (58, 46), (59, 46), (71, 46), (52, 47), (53, 47), (54, 47), (55, 47), (72, 47), (51, 50), (71, 50), (50, 54), (70, 54), (49, 58), (69, 58), (48, 62), (68, 62), (48, 63), (68, 63), (49, 64), (64, 64), (65, 64), (66, 64), (67, 64), (50, 65), (60, 65), (61, 65), (62, 65), (63, 65), (51, 66), (56, 66), (57, 66), (58, 66), (59, 66), (52, 67), (53, 67), (54, 67), (55, 67)]
[(88, 43), (84, 44), (85, 44), (86, 44), (87, 44), (89, 44), (80, 45), (81, 45), (82, 45), (83, 45), (90, 45), (76, 46), (77, 46), (78, 46), (79, 46), (91, 46), (72, 47), (73, 47), (74, 47), (75, 47), (92, 47), (71, 50), (91, 50), (70, 54), (90, 54), (69, 58), (89, 58), (68, 62), (88, 62), (68, 63), (88, 63), (69, 64), (84, 64), (85, 64), (86, 64), (87, 64), (70, 65), (80, 65), (81, 65), (82, 65), (83, 65), (71, 66), (76, 66), (77, 66), (78, 66), (79, 66), (72, 67), (73, 67), (74, 67), (75, 67)]
[(88, 63), (84, 64), (85, 64), (86, 64), (87, 64), (89, 64), (80, 65), (81, 65), (82, 65), (83, 65), (90, 65), (76, 66), (77, 66), (78, 66), (79, 66), (91, 66), (72, 67), (73, 67), (74, 67), (75, 67), (92, 67), (71, 70), (91, 70), (70, 74), (90, 74), (69, 78), (89, 78), (68, 82), (88, 82), (68, 83), (88, 83), (69, 84), (84, 84), (85, 84), (86, 84), (87, 84), (70, 85), (80, 85), (81, 85), (82, 85), (83, 85), (71, 86), (76, 86), (77, 86), (78, 86), (79, 86), (72, 87), (73, 87), (74, 87), (75, 87)]
[(108, 63), (104, 64), (105, 64), (106, 64), (107, 64), (109, 64), (100, 65), (101, 65), (102, 65), (103, 65), (110, 65), (96, 66), (97, 66), (98, 66), (99, 66), (111, 66), (92, 67), (93, 67), (94, 67), (95, 67), (112, 67), (91, 70), (111, 70), (90, 74), (110, 74), (89, 78), (109, 78), (88, 82), (108, 82), (88, 83), (108, 83), (89, 84), (104, 84), (105, 84), (106, 84), (107, 84), (90, 85), (100, 85), (101, 85), (102, 85), (103, 85), (91, 86), (96, 86), (97, 86), (98, 86), (99, 86), (92, 87), (93, 87), (94, 87), (95, 87)]
[(108, 83), (104, 84), (105, 84), (106, 84), (107, 84), (109, 84), (100, 85), (101, 85), (102, 85), (103, 85), (110, 85), (96, 86), (97, 86), (98, 86), (99, 86), (111, 86), (92, 87), (93, 87), (94, 87), (95, 87), (112, 87), (91, 90), (111, 90), (90, 94), (110, 94), (89, 98), (109, 98), (88, 102), (108, 102), (88, 103), (108, 103), (89, 104), (104, 104), (105, 104), (106, 104), (107, 104), (90, 105), (100, 105), (101, 105), (102, 105), (103, 105), (91, 106), (96, 106), (97, 106), (98, 106), (99, 106), (92, 107), (93, 107), (94, 107), (95, 107)]
[(112, 87), (113, 87), (114, 87), (111, 90), (110, 94), (109, 98), (108, 102), (108, 103), (109, 104), (110, 105), (111, 106), (112, 107), (113, 107), (114, 107)]
[(112, 107), (113, 107), (114, 107), (111, 110), (110, 114)]
[(48, 63), (44, 64), (45, 64), (46, 64), (47, 64), (49, 64), (40, 65), (41, 65), (42, 65), (43, 65), (50, 65), (36, 66), (37, 66), (38, 66), (39, 66), (51, 66), (32, 67), (33, 67), (34, 67), (35, 67), (52, 67), (31, 70), (51, 70), (30, 74), (50, 74), (29, 78), (49, 78), (28, 82), (48, 82), (28, 83), (48, 83), (29, 84), (44, 84), (45, 84), (46, 84), (47, 84), (30, 85), (40, 85), (41, 85), (42, 85), (43, 85), (31, 86), (36, 86), (37, 86), (38, 86), (39, 86), (32, 87), (33, 87), (34, 87), (35, 87)]
[(68, 63), (64, 64), (65, 64), (66, 64), (67, 64), (69, 64), (60, 65), (61, 65), (62, 65), (63, 65), (70, 65), (56, 66), (57, 66), (58, 66), (59, 66), (71, 66), (52, 67), (53, 67), (54, 67), (55, 67), (72, 67), (51, 70), (71, 70), (50, 74), (70, 74), (49, 78), (69, 78), (48, 82), (68, 82), (48, 83), (68, 83), (49, 84), (64, 84), (65, 84), (66, 84), (67, 84), (50, 85), (60, 85), (61, 85), (62, 85), (63, 85), (51, 86), (56, 86), (57, 86), (58, 86), (59, 86), (52, 87), (53, 87), (54, 87), (55, 87)]
[(68, 83), (64, 84), (65, 84), (66, 84), (67, 84), (69, 84), (60, 85), (61, 85), (62, 85), (63, 85), (70, 85), (56, 86), (57, 86), (58, 86), (59, 86), (71, 86), (52, 87), (53, 87), (54, 87), (55, 87), (72, 87), (51, 90), (71, 90), (50, 94), (70, 94), (49, 98), (69, 98), (48, 102), (68, 102), (48, 103), (68, 103), (49, 104), (64, 104), (65, 104), (66, 104), (67, 104), (50, 105), (60, 105), (61, 105), (62, 105), (63, 105), (51, 106), (56, 106), (57, 106), (58, 106), (59, 106), (52, 107), (53, 107), (54, 107), (55, 107)]
[(88, 83), (84, 84), (85, 84), (86, 84), (87, 84), (89, 84), (80, 85), (81, 85), (82, 85), (83, 85), (90, 85), (76, 86), (77, 86), (78, 86), (79, 86), (91, 86), (72, 87), (73, 87), (74, 87), (75, 87), (92, 87), (71, 90), (91, 90), (70, 94), (90, 94), (69, 98), (89, 98), (68, 102), (88, 102), (68, 103), (88, 103), (69, 104), (84, 104), (85, 104), (86, 104), (87, 104), (70, 105), (80, 105), (81, 105), (82, 105), (83, 105), (71, 106), (76, 106), (77, 106), (78, 106), (79, 106), (72, 107), (73, 107), (74, 107), (75, 107)]
[(88, 103), (84, 104), (85, 104), (86, 104), (87, 104), (89, 104), (80, 105), (81, 105), (82, 105), (83, 105), (90, 105), (76, 106), (77, 106), (78, 106), (79, 106), (91, 106), (72, 107), (73, 107), (74, 107), (75, 107), (92, 107), (71, 110), (91, 110), (70, 114), (90, 114)]
[(108, 103), (104, 104), (105, 104), (106, 104), (107, 104), (109, 104), (100, 105), (101, 105), (102, 105), (103, 105), (110, 105), (96, 106), (97, 106), (98, 106), (99, 106), (111, 106), (92, 107), (93, 107), (94, 107), (95, 107), (112, 107), (91, 110), (111, 110), (90, 114), (110, 114)]
[(48, 83), (44, 84), (45, 84), (46, 84), (47, 84), (49, 84), (40, 85), (41, 85), (42, 85), (43, 85), (50, 85), (36, 86), (37, 86), (38, 86), (39, 86), (51, 86), (32, 87), (33, 87), (34, 87), (35, 87), (52, 87), (31, 90), (51, 90), (30, 94), (50, 94), (29, 98), (49, 98), (28, 102), (48, 102), (28, 103), (48, 103), (29, 104), (44, 104), (45, 104), (46, 104), (47, 104), (30, 105), (40, 105), (41, 105), (42, 105), (43, 105), (31, 106), (36, 106), (37, 106), (38, 106), (39, 106), (32, 107), (33, 107), (34, 107), (35, 107)]
[(48, 103), (44, 104), (45, 104), (46, 104), (47, 104), (49, 104), (40, 105), (41, 105), (42, 105), (43, 105), (50, 105), (36, 106), (37, 106), (38, 106), (39, 106), (51, 106), (32, 107), (33, 107), (34, 107), (35, 107), (52, 107), (31, 110), (51, 110), (30, 114), (50, 114)]
[(68, 103), (64, 104), (65, 104), (66, 104), (67, 104), (69, 104), (60, 105), (61, 105), (62, 105), (63, 105), (70, 105), (56, 106), (57, 106), (58, 106), (59, 106), (71, 106), (52, 107), (53, 107), (54, 107), (55, 107), (72, 107), (51, 110), (71, 110), (50, 114), (70, 114)]
