[(85, 0), (86, 0), (87, 0), (82, 1), (83, 1), (84, 1), (100, 1), (78, 2), (79, 2), (80, 2), (81, 2), (99, 4), (77, 5), (98, 7), (76, 8), (97, 10), (75, 11), (96, 13), (74, 14), (95, 16), (73, 17), (93, 19), (94, 19), (95, 19), (72, 20), (90, 20), (91, 20), (92, 20), (87, 21), (88, 21), (89, 21), (84, 22), (85, 22), (86, 22), (72, 23), (81, 23), (82, 23), (83, 23), (73, 24), (78, 24), (79, 24), (80, 24), (74, 25), (75, 25), (76, 25), (77, 25)]
[(100, 1), (99, 4), (98, 7), (97, 10), (96, 13), (95, 16), (113, 16), (114, 16), (110, 17), (111, 17), (112, 17), (107, 18), (108, 18), (109, 18), (95, 19), (104, 19), (105, 19), (106, 19), (96, 20), (101, 20), (102, 20), (103, 20), (97, 21), (98, 21), (99, 21), (100, 21)]
[(113, 16), (114, 16), (110, 17), (111, 17), (112, 17), (107, 18), (108, 18), (109, 18), (104, 19), (105, 19), (106, 19), (101, 20), (102, 20), (103, 20), (97, 21), (98, 21), (99, 21), (100, 21), (96, 24), (95, 27), (94, 30), (93, 33), (114, 35), (92, 36), (112, 38), (113, 38), (114, 38), (91, 39), (109, 39), (110, 39), (111, 39), (106, 40), (107, 40), (108, 40), (103, 41), (104, 41), (105, 41), (91, 42), (100, 42), (101, 42), (102, 42), (92, 43), (97, 43), (98, 43), (99, 43), (93, 44), (94, 44), (95, 44), (96, 44)]
[(114, 35), (114, 38)]
[(114, 46), (113, 49), (112, 52), (111, 55), (110, 58), (110, 61), (111, 62), (112, 63), (113, 63), (114, 63)]
[(51, 4), (52, 4), (53, 4), (48, 5), (49, 5), (50, 5), (54, 5), (45, 6), (46, 6), (47, 6), (55, 6), (42, 7), (43, 7), (44, 7), (39, 8), (40, 8), (41, 8), (36, 9), (37, 9), (38, 9), (54, 9), (32, 10), (33, 10), (34, 10), (35, 10), (53, 12), (31, 13), (52, 15), (30, 16), (51, 18), (29, 19), (50, 21), (28, 22), (49, 24), (27, 25), (47, 27), (48, 27), (49, 27), (26, 28), (44, 28), (45, 28), (46, 28), (41, 29), (42, 29), (43, 29), (38, 30), (39, 30), (40, 30), (26, 31), (35, 31), (36, 31), (37, 31), (27, 32), (32, 32), (33, 32), (34, 32), (28, 33), (29, 33), (30, 33), (31, 33)]
[(74, 0), (75, 0), (76, 0), (71, 1), (72, 1), (73, 1), (77, 1), (68, 2), (69, 2), (70, 2), (78, 2), (65, 3), (66, 3), (67, 3), (62, 4), (63, 4), (64, 4), (59, 5), (60, 5), (61, 5), (77, 5), (55, 6), (56, 6), (57, 6), (58, 6), (76, 8), (54, 9), (75, 11), (53, 12), (74, 14), (52, 15), (73, 17), (51, 18), (72, 20), (50, 21), (70, 23), (71, 23), (72, 23), (49, 24), (67, 24), (68, 24), (69, 24), (64, 25), (65, 25), (66, 25), (61, 26), (62, 26), (63, 26), (49, 27), (58, 27), (59, 27), (60, 27), (50, 28), (55, 28), (56, 28), (57, 28), (51, 29), (52, 29), (53, 29), (54, 29)]
[(70, 23), (71, 23), (72, 23), (67, 24), (68, 24), (69, 24), (73, 24), (64, 25), (65, 25), (66, 25), (74, 25), (61, 26), (62, 26), (63, 26), (58, 27), (59, 27), (60, 27), (55, 28), (56, 28), (57, 28), (73, 28), (51, 29), (52, 29), (53, 29), (54, 29), (72, 31), (50, 32), (71, 34), (49, 35), (70, 37), (48, 38), (69, 40), (47, 41), (68, 43), (46, 44), (66, 46), (67, 46), (68, 46), (45, 47), (63, 47), (64, 47), (65, 47), (60, 48), (61, 48), (62, 48), (57, 49), (58, 49), (59, 49), (45, 50), (54, 50), (55, 50), (56, 50), (46, 51), (51, 51), (52, 51), (53, 51), (47, 52), (48, 52), (49, 52), (50, 52)]
[(93, 19), (94, 19), (95, 19), (90, 20), (91, 20), (92, 20), (96, 20), (87, 21), (88, 21), (89, 21), (97, 21), (84, 22), (85, 22), (86, 22), (81, 23), (82, 23), (83, 23), (78, 24), (79, 24), (80, 24), (96, 24), (74, 25), (75, 25), (76, 25), (77, 25), (95, 27), (73, 28), (94, 30), (72, 31), (93, 33), (71, 34), (92, 36), (70, 37), (91, 39), (69, 40), (89, 42), (90, 42), (91, 42), (68, 43), (86, 43), (87, 43), (88, 43), (83, 44), (84, 44), (85, 44), (80, 45), (81, 45), (82, 45), (68, 46), (77, 46), (78, 46), (79, 46), (69, 47), (74, 47), (75, 47), (76, 47), (70, 48), (71, 48), (72, 48), (73, 48)]
[(89, 42), (90, 42), (91, 42), (86, 43), (87, 43), (88, 43), (92, 43), (83, 44), (84, 44), (85, 44), (93, 44), (80, 45), (81, 45), (82, 45), (77, 46), (78, 46), (79, 46), (74, 47), (75, 47), (76, 47), (92, 47), (70, 48), (71, 48), (72, 48), (73, 48), (91, 50), (69, 51), (90, 53), (68, 54), (89, 56), (67, 57), (88, 59), (66, 60), (87, 62), (65, 63), (85, 65), (86, 65), (87, 65), (64, 66), (82, 66), (83, 66), (84, 66), (79, 67), (80, 67), (81, 67), (76, 68), (77, 68), (78, 68), (64, 69), (73, 69), (74, 69), (75, 69), (65, 70), (70, 70), (71, 70), (72, 70), (66, 71), (67, 71), (68, 71), (69, 71)]
[(112, 38), (113, 38), (114, 38), (109, 39), (110, 39), (111, 39), (106, 40), (107, 40), (108, 40), (103, 41), (104, 41), (105, 41), (100, 42), (101, 42), (102, 42), (97, 43), (98, 43), (99, 43), (93, 44), (94, 44), (95, 44), (96, 44), (114, 46), (92, 47), (113, 49), (91, 50), (112, 52), (90, 53), (111, 55), (89, 56), (110, 58), (88, 59), (108, 61), (109, 61), (110, 61), (87, 62), (105, 62), (106, 62), (107, 62), (102, 63), (103, 63), (104, 63), (99, 64), (100, 64), (101, 64), (87, 65), (96, 65), (97, 65), (98, 65), (88, 66), (93, 66), (94, 66), (95, 66), (89, 67), (90, 67), (91, 67), (92, 67)]
[(108, 61), (109, 61), (110, 61), (105, 62), (106, 62), (107, 62), (111, 62), (102, 63), (103, 63), (104, 63), (112, 63), (99, 64), (100, 64), (101, 64), (96, 65), (97, 65), (98, 65), (93, 66), (94, 66), (95, 66), (111, 66), (89, 67), (90, 67), (91, 67), (92, 67), (110, 69), (88, 70), (109, 72), (87, 73), (108, 75), (86, 76), (107, 78), (85, 79), (106, 81), (84, 82), (104, 84), (105, 84), (106, 84), (83, 85), (101, 85), (102, 85), (103, 85), (98, 86), (99, 86), (100, 86), (95, 87), (96, 87), (97, 87), (83, 88), (92, 88), (93, 88), (94, 88), (84, 89), (89, 89), (90, 89), (91, 89), (85, 90), (86, 90), (87, 90), (88, 90)]
[(112, 63), (113, 63), (114, 63), (111, 66), (110, 69), (109, 72), (108, 75), (107, 78), (106, 81), (106, 84), (107, 85), (112, 85), (113, 85), (114, 85), (108, 86), (109, 86), (110, 86), (111, 86)]
[(112, 85), (113, 85), (114, 85), (108, 86), (109, 86), (110, 86), (111, 86), (107, 89), (106, 92), (105, 95), (104, 98), (103, 101), (102, 104), (114, 106), (102, 107), (111, 107), (112, 107), (113, 107), (103, 108), (108, 108), (109, 108), (110, 108), (104, 109), (105, 109), (106, 109), (107, 109)]
[(24, 31), (25, 31), (26, 31), (21, 32), (22, 32), (23, 32), (27, 32), (18, 33), (19, 33), (20, 33), (28, 33), (15, 34), (16, 34), (17, 34), (12, 35), (13, 35), (14, 35), (9, 36), (10, 36), (11, 36), (27, 36), (5, 37), (6, 37), (7, 37), (8, 37), (26, 39), (4, 40), (25, 42), (3, 43), (24, 45), (2, 46), (23, 48), (1, 49), (22, 51), (0, 52), (20, 54), (21, 54), (22, 54), (17, 55), (18, 55), (19, 55), (14, 56), (15, 56), (16, 56), (11, 57), (12, 57), (13, 57), (8, 58), (9, 58), (10, 58), (0, 59), (5, 59), (6, 59), (7, 59), (1, 60), (2, 60), (3, 60), (4, 60)]
[(47, 27), (48, 27), (49, 27), (44, 28), (45, 28), (46, 28), (50, 28), (41, 29), (42, 29), (43, 29), (51, 29), (38, 30), (39, 30), (40, 30), (35, 31), (36, 31), (37, 31), (32, 32), (33, 32), (34, 32), (50, 32), (28, 33), (29, 33), (30, 33), (31, 33), (49, 35), (27, 36), (48, 38), (26, 39), (47, 41), (25, 42), (46, 44), (24, 45), (45, 47), (23, 48), (43, 50), (44, 50), (45, 50), (22, 51), (40, 51), (41, 51), (42, 51), (37, 52), (38, 52), (39, 52), (34, 53), (35, 53), (36, 53), (22, 54), (31, 54), (32, 54), (33, 54), (23, 55), (28, 55), (29, 55), (30, 55), (24, 56), (25, 56), (26, 56), (27, 56)]
[(43, 50), (44, 50), (45, 50), (40, 51), (41, 51), (42, 51), (46, 51), (37, 52), (38, 52), (39, 52), (47, 52), (34, 53), (35, 53), (36, 53), (31, 54), (32, 54), (33, 54), (28, 55), (29, 55), (30, 55), (46, 55), (24, 56), (25, 56), (26, 56), (27, 56), (45, 58), (23, 59), (44, 61), (22, 62), (43, 64), (21, 65), (42, 67), (20, 68), (41, 70), (19, 71), (39, 73), (40, 73), (41, 73), (18, 74), (36, 74), (37, 74), (38, 74), (33, 75), (34, 75), (35, 75), (30, 76), (31, 76), (32, 76), (18, 77), (27, 77), (28, 77), (29, 77), (19, 78), (24, 78), (25, 78), (26, 78), (20, 79), (21, 79), (22, 79), (23, 79)]
[(66, 46), (67, 46), (68, 46), (63, 47), (64, 47), (65, 47), (69, 47), (60, 48), (61, 48), (62, 48), (70, 48), (57, 49), (58, 49), (59, 49), (54, 50), (55, 50), (56, 50), (51, 51), (52, 51), (53, 51), (69, 51), (47, 52), (48, 52), (49, 52), (50, 52), (68, 54), (46, 55), (67, 57), (45, 58), (66, 60), (44, 61), (65, 63), (43, 64), (64, 66), (42, 67), (62, 69), (63, 69), (64, 69), (41, 70), (59, 70), (60, 70), (61, 70), (56, 71), (57, 71), (58, 71), (53, 72), (54, 72), (55, 72), (41, 73), (50, 73), (51, 73), (52, 73), (42, 74), (47, 74), (48, 74), (49, 74), (43, 75), (44, 75), (45, 75), (46, 75)]
[(62, 69), (63, 69), (64, 69), (59, 70), (60, 70), (61, 70), (65, 70), (56, 71), (57, 71), (58, 71), (66, 71), (53, 72), (54, 72), (55, 72), (50, 73), (51, 73), (52, 73), (47, 74), (48, 74), (49, 74), (65, 74), (43, 75), (44, 75), (45, 75), (46, 75), (64, 77), (42, 78), (63, 80), (41, 81), (62, 83), (40, 84), (61, 86), (39, 87), (60, 89), (38, 90), (58, 92), (59, 92), (60, 92), (37, 93), (55, 93), (56, 93), (57, 93), (52, 94), (53, 94), (54, 94), (49, 95), (50, 95), (51, 95), (37, 96), (46, 96), (47, 96), (48, 96), (38, 97), (43, 97), (44, 97), (45, 97), (39, 98), (40, 98), (41, 98), (42, 98)]
[(85, 65), (86, 65), (87, 65), (82, 66), (83, 66), (84, 66), (88, 66), (79, 67), (80, 67), (81, 67), (89, 67), (76, 68), (77, 68), (78, 68), (73, 69), (74, 69), (75, 69), (70, 70), (71, 70), (72, 70), (88, 70), (66, 71), (67, 71), (68, 71), (69, 71), (87, 73), (65, 74), (86, 76), (64, 77), (85, 79), (63, 80), (84, 82), (62, 83), (83, 85), (61, 86), (81, 88), (82, 88), (83, 88), (60, 89), (78, 89), (79, 89), (80, 89), (75, 90), (76, 90), (77, 90), (72, 91), (73, 91), (74, 91), (60, 92), (69, 92), (70, 92), (71, 92), (61, 93), (66, 93), (67, 93), (68, 93), (62, 94), (63, 94), (64, 94), (65, 94)]
[(81, 88), (82, 88), (83, 88), (78, 89), (79, 89), (80, 89), (84, 89), (75, 90), (76, 90), (77, 90), (85, 90), (72, 91), (73, 91), (74, 91), (69, 92), (70, 92), (71, 92), (66, 93), (67, 93), (68, 93), (84, 93), (62, 94), (63, 94), (64, 94), (65, 94), (83, 96), (61, 97), (82, 99), (60, 100), (81, 102), (59, 103), (80, 105), (58, 106), (79, 108), (57, 109), (77, 111), (78, 111), (79, 111), (56, 112), (74, 112), (75, 112), (76, 112), (71, 113), (72, 113), (73, 113), (68, 114), (69, 114), (70, 114)]
[(104, 84), (105, 84), (106, 84), (101, 85), (102, 85), (103, 85), (107, 85), (98, 86), (99, 86), (100, 86), (108, 86), (95, 87), (96, 87), (97, 87), (92, 88), (93, 88), (94, 88), (89, 89), (90, 89), (91, 89), (107, 89), (85, 90), (86, 90), (87, 90), (88, 90), (106, 92), (84, 93), (105, 95), (83, 96), (104, 98), (82, 99), (103, 101), (81, 102), (102, 104), (80, 105), (100, 107), (101, 107), (102, 107), (79, 108), (97, 108), (98, 108), (99, 108), (94, 109), (95, 109), (96, 109), (91, 110), (92, 110), (93, 110), (79, 111), (88, 111), (89, 111), (90, 111), (80, 112), (85, 112), (86, 112), (87, 112), (81, 113), (82, 113), (83, 113), (84, 113)]
[(100, 107), (101, 107), (102, 107), (97, 108), (98, 108), (99, 108), (103, 108), (94, 109), (95, 109), (96, 109), (104, 109), (91, 110), (92, 110), (93, 110), (88, 111), (89, 111), (90, 111), (85, 112), (86, 112), (87, 112), (103, 112), (81, 113), (82, 113), (83, 113), (84, 113)]
[(114, 106), (111, 107), (112, 107), (113, 107), (108, 108), (109, 108), (110, 108), (104, 109), (105, 109), (106, 109), (107, 109), (103, 112)]
[(20, 54), (21, 54), (22, 54), (17, 55), (18, 55), (19, 55), (23, 55), (14, 56), (15, 56), (16, 56), (24, 56), (11, 57), (12, 57), (13, 57), (8, 58), (9, 58), (10, 58), (5, 59), (6, 59), (7, 59), (23, 59), (1, 60), (2, 60), (3, 60), (4, 60), (22, 62), (0, 63), (21, 65), (20, 68), (19, 71), (18, 74), (16, 77), (17, 77), (18, 77), (13, 78), (14, 78), (15, 78), (10, 79), (11, 79), (12, 79), (7, 80), (8, 80), (9, 80), (4, 81), (5, 81), (6, 81), (1, 82), (2, 82), (3, 82), (0, 83)]
[(16, 77), (17, 77), (18, 77), (13, 78), (14, 78), (15, 78), (19, 78), (10, 79), (11, 79), (12, 79), (20, 79), (7, 80), (8, 80), (9, 80), (4, 81), (5, 81), (6, 81), (1, 82), (2, 82), (3, 82), (19, 82), (0, 83), (18, 85), (17, 88), (16, 91), (15, 94), (14, 97), (12, 100), (13, 100), (14, 100), (9, 101), (10, 101), (11, 101), (6, 102), (7, 102), (8, 102), (3, 103), (4, 103), (5, 103), (0, 104), (1, 104), (2, 104)]
[(39, 73), (40, 73), (41, 73), (36, 74), (37, 74), (38, 74), (42, 74), (33, 75), (34, 75), (35, 75), (43, 75), (30, 76), (31, 76), (32, 76), (27, 77), (28, 77), (29, 77), (24, 78), (25, 78), (26, 78), (42, 78), (20, 79), (21, 79), (22, 79), (23, 79), (41, 81), (19, 82), (40, 84), (18, 85), (39, 87), (17, 88), (38, 90), (16, 91), (37, 93), (15, 94), (35, 96), (36, 96), (37, 96), (14, 97), (32, 97), (33, 97), (34, 97), (29, 98), (30, 98), (31, 98), (26, 99), (27, 99), (28, 99), (14, 100), (23, 100), (24, 100), (25, 100), (15, 101), (20, 101), (21, 101), (22, 101), (16, 102), (17, 102), (18, 102), (19, 102)]
[(35, 96), (36, 96), (37, 96), (32, 97), (33, 97), (34, 97), (38, 97), (29, 98), (30, 98), (31, 98), (39, 98), (26, 99), (27, 99), (28, 99), (23, 100), (24, 100), (25, 100), (20, 101), (21, 101), (22, 101), (38, 101), (16, 102), (17, 102), (18, 102), (19, 102), (37, 104), (15, 105), (36, 107), (14, 108), (35, 110), (13, 111), (34, 113), (12, 114)]
[(58, 92), (59, 92), (60, 92), (55, 93), (56, 93), (57, 93), (61, 93), (52, 94), (53, 94), (54, 94), (62, 94), (49, 95), (50, 95), (51, 95), (46, 96), (47, 96), (48, 96), (43, 97), (44, 97), (45, 97), (61, 97), (39, 98), (40, 98), (41, 98), (42, 98), (60, 100), (38, 101), (59, 103), (37, 104), (58, 106), (36, 107), (57, 109), (35, 110), (56, 112), (34, 113)]
[(77, 111), (78, 111), (79, 111), (74, 112), (75, 112), (76, 112), (80, 112), (71, 113), (72, 113), (73, 113), (81, 113), (68, 114), (69, 114), (70, 114)]
[(12, 100), (13, 100), (14, 100), (9, 101), (10, 101), (11, 101), (15, 101), (6, 102), (7, 102), (8, 102), (16, 102), (3, 103), (4, 103), (5, 103), (0, 104), (1, 104), (2, 104), (15, 105), (14, 108), (13, 111), (12, 114)]
