[(95, 12), (93, 13), (94, 13), (96, 13), (91, 14), (92, 14), (97, 14), (89, 15), (90, 15), (86, 16), (87, 16), (88, 16), (96, 16), (84, 17), (85, 17), (82, 18), (83, 18), (95, 18), (80, 19), (81, 19), (77, 20), (78, 20), (79, 20), (94, 20), (76, 22), (93, 22), (75, 24), (92, 25), (74, 26), (91, 27), (73, 28), (90, 29), (72, 31), (89, 31), (89, 32), (71, 33), (87, 33), (88, 33), (85, 34), (86, 34), (70, 35), (83, 35), (84, 35), (80, 36), (81, 36), (82, 36), (69, 37), (78, 37), (79, 37), (69, 38), (76, 38), (77, 38), (70, 39), (74, 39), (75, 39), (71, 40), (72, 40), (73, 40)]
[(113, 7), (114, 7), (111, 8), (112, 8), (109, 9), (110, 9), (106, 10), (107, 10), (108, 10), (104, 11), (105, 11), (102, 12), (103, 12), (100, 13), (101, 13), (97, 14), (98, 14), (99, 14), (114, 14), (96, 16), (113, 16), (95, 18), (112, 19), (94, 20), (111, 21), (93, 22), (110, 23), (92, 25), (109, 25), (109, 26), (91, 27), (107, 27), (108, 27), (105, 28), (106, 28), (90, 29), (103, 29), (104, 29), (100, 30), (101, 30), (102, 30), (89, 31), (98, 31), (99, 31), (89, 32), (96, 32), (97, 32), (90, 33), (94, 33), (95, 33), (91, 34), (92, 34), (93, 34)]
[(109, 26), (107, 27), (108, 27), (110, 27), (105, 28), (106, 28), (111, 28), (103, 29), (104, 29), (100, 30), (101, 30), (102, 30), (110, 30), (98, 31), (99, 31), (96, 32), (97, 32), (109, 32), (94, 33), (95, 33), (91, 34), (92, 34), (93, 34), (108, 34), (90, 36), (107, 36), (89, 38), (106, 39), (88, 40), (105, 41), (87, 42), (104, 43), (86, 45), (103, 45), (103, 46), (85, 47), (101, 47), (102, 47), (99, 48), (100, 48), (84, 49), (97, 49), (98, 49), (94, 50), (95, 50), (96, 50), (83, 51), (92, 51), (93, 51), (83, 52), (90, 52), (91, 52), (84, 53), (88, 53), (89, 53), (85, 54), (86, 54), (87, 54)]
[(114, 27), (111, 28), (112, 28), (113, 28), (110, 30), (109, 32), (108, 34), (107, 36), (106, 39), (105, 41), (104, 43), (114, 44), (103, 45), (112, 45), (113, 45), (103, 46), (110, 46), (111, 46), (104, 47), (108, 47), (109, 47), (105, 48), (106, 48), (107, 48)]
[(114, 44), (112, 45), (113, 45), (110, 46), (111, 46), (108, 47), (109, 47), (105, 48), (106, 48), (107, 48), (104, 50), (103, 52), (102, 54), (101, 56), (100, 59), (99, 61), (113, 62), (114, 62), (98, 63), (111, 63), (112, 63), (108, 64), (109, 64), (110, 64), (97, 65), (106, 65), (107, 65), (97, 66), (104, 66), (105, 66), (98, 67), (102, 67), (103, 67), (99, 68), (100, 68), (101, 68)]
[(114, 73), (113, 75), (112, 77), (111, 79), (111, 80), (112, 81), (113, 82), (114, 82)]
[(55, 24), (53, 25), (54, 25), (56, 25), (51, 26), (52, 26), (57, 26), (49, 27), (50, 27), (46, 28), (47, 28), (48, 28), (56, 28), (44, 29), (45, 29), (42, 30), (43, 30), (55, 30), (40, 31), (41, 31), (37, 32), (38, 32), (39, 32), (54, 32), (36, 34), (53, 34), (35, 36), (52, 37), (34, 38), (51, 39), (33, 40), (50, 41), (32, 43), (49, 43), (49, 44), (31, 45), (47, 45), (48, 45), (45, 46), (46, 46), (30, 47), (43, 47), (44, 47), (40, 48), (41, 48), (42, 48), (29, 49), (38, 49), (39, 49), (29, 50), (36, 50), (37, 50), (30, 51), (34, 51), (35, 51), (31, 52), (32, 52), (33, 52)]
[(75, 18), (73, 19), (74, 19), (76, 19), (71, 20), (72, 20), (77, 20), (69, 21), (70, 21), (66, 22), (67, 22), (68, 22), (76, 22), (64, 23), (65, 23), (62, 24), (63, 24), (75, 24), (60, 25), (61, 25), (57, 26), (58, 26), (59, 26), (74, 26), (56, 28), (73, 28), (55, 30), (72, 31), (54, 32), (71, 33), (53, 34), (70, 35), (52, 37), (69, 37), (69, 38), (51, 39), (67, 39), (68, 39), (65, 40), (66, 40), (50, 41), (63, 41), (64, 41), (60, 42), (61, 42), (62, 42), (49, 43), (58, 43), (59, 43), (49, 44), (56, 44), (57, 44), (50, 45), (54, 45), (55, 45), (51, 46), (52, 46), (53, 46)]
[(69, 38), (67, 39), (68, 39), (70, 39), (65, 40), (66, 40), (71, 40), (63, 41), (64, 41), (60, 42), (61, 42), (62, 42), (70, 42), (58, 43), (59, 43), (56, 44), (57, 44), (69, 44), (54, 45), (55, 45), (51, 46), (52, 46), (53, 46), (68, 46), (50, 48), (67, 48), (49, 50), (66, 51), (48, 52), (65, 53), (47, 54), (64, 55), (46, 57), (63, 57), (63, 58), (45, 59), (61, 59), (62, 59), (59, 60), (60, 60), (44, 61), (57, 61), (58, 61), (54, 62), (55, 62), (56, 62), (43, 63), (52, 63), (53, 63), (43, 64), (50, 64), (51, 64), (44, 65), (48, 65), (49, 65), (45, 66), (46, 66), (47, 66)]
[(89, 32), (87, 33), (88, 33), (90, 33), (85, 34), (86, 34), (91, 34), (83, 35), (84, 35), (80, 36), (81, 36), (82, 36), (90, 36), (78, 37), (79, 37), (76, 38), (77, 38), (89, 38), (74, 39), (75, 39), (71, 40), (72, 40), (73, 40), (88, 40), (70, 42), (87, 42), (69, 44), (86, 45), (68, 46), (85, 47), (67, 48), (84, 49), (66, 51), (83, 51), (83, 52), (65, 53), (81, 53), (82, 53), (79, 54), (80, 54), (64, 55), (77, 55), (78, 55), (74, 56), (75, 56), (76, 56), (63, 57), (72, 57), (73, 57), (63, 58), (70, 58), (71, 58), (64, 59), (68, 59), (69, 59), (65, 60), (66, 60), (67, 60)]
[(83, 52), (81, 53), (82, 53), (84, 53), (79, 54), (80, 54), (85, 54), (77, 55), (78, 55), (74, 56), (75, 56), (76, 56), (84, 56), (72, 57), (73, 57), (70, 58), (71, 58), (83, 58), (68, 59), (69, 59), (65, 60), (66, 60), (67, 60), (82, 60), (64, 62), (81, 62), (63, 64), (80, 65), (62, 66), (79, 67), (61, 68), (78, 69), (60, 71), (77, 71), (77, 72), (59, 73), (75, 73), (76, 73), (73, 74), (74, 74), (58, 75), (71, 75), (72, 75), (68, 76), (69, 76), (70, 76), (57, 77), (66, 77), (67, 77), (57, 78), (64, 78), (65, 78), (58, 79), (62, 79), (63, 79), (59, 80), (60, 80), (61, 80)]
[(103, 46), (101, 47), (102, 47), (104, 47), (99, 48), (100, 48), (105, 48), (97, 49), (98, 49), (94, 50), (95, 50), (96, 50), (104, 50), (92, 51), (93, 51), (90, 52), (91, 52), (103, 52), (88, 53), (89, 53), (85, 54), (86, 54), (87, 54), (102, 54), (84, 56), (101, 56), (83, 58), (100, 59), (82, 60), (99, 61), (81, 62), (98, 63), (80, 65), (97, 65), (97, 66), (79, 67), (95, 67), (96, 67), (93, 68), (94, 68), (78, 69), (91, 69), (92, 69), (88, 70), (89, 70), (90, 70), (77, 71), (86, 71), (87, 71), (77, 72), (84, 72), (85, 72), (78, 73), (82, 73), (83, 73), (79, 74), (80, 74), (81, 74)]
[(97, 66), (95, 67), (96, 67), (98, 67), (93, 68), (94, 68), (99, 68), (91, 69), (92, 69), (88, 70), (89, 70), (90, 70), (98, 70), (86, 71), (87, 71), (84, 72), (85, 72), (97, 72), (82, 73), (83, 73), (79, 74), (80, 74), (81, 74), (96, 74), (78, 76), (95, 76), (77, 78), (94, 79), (76, 80), (93, 81), (75, 82), (92, 83), (74, 85), (91, 85), (91, 86), (73, 87), (89, 87), (90, 87), (87, 88), (88, 88), (72, 89), (85, 89), (86, 89), (82, 90), (83, 90), (84, 90), (71, 91), (80, 91), (81, 91), (71, 92), (78, 92), (79, 92), (72, 93), (76, 93), (77, 93), (73, 94), (74, 94), (75, 94)]
[(113, 62), (114, 62), (111, 63), (112, 63), (108, 64), (109, 64), (110, 64), (106, 65), (107, 65), (104, 66), (105, 66), (102, 67), (103, 67), (99, 68), (100, 68), (101, 68), (98, 70), (97, 72), (114, 73), (96, 74), (113, 75), (95, 76), (112, 77), (94, 79), (111, 79), (111, 80), (93, 81), (109, 81), (110, 81), (107, 82), (108, 82), (92, 83), (105, 83), (106, 83), (102, 84), (103, 84), (104, 84), (91, 85), (100, 85), (101, 85), (91, 86), (98, 86), (99, 86), (92, 87), (96, 87), (97, 87), (93, 88), (94, 88), (95, 88)]
[(111, 80), (109, 81), (110, 81), (112, 81), (107, 82), (108, 82), (113, 82), (105, 83), (106, 83), (102, 84), (103, 84), (104, 84), (112, 84), (100, 85), (101, 85), (98, 86), (99, 86), (111, 86), (96, 87), (97, 87), (93, 88), (94, 88), (95, 88), (110, 88), (92, 90), (109, 90), (91, 92), (108, 93), (90, 94), (107, 95), (89, 96), (106, 97), (88, 99), (105, 99), (105, 100), (87, 101), (103, 101), (104, 101), (101, 102), (102, 102), (86, 103), (99, 103), (100, 103), (96, 104), (97, 104), (98, 104), (85, 105), (94, 105), (95, 105), (85, 106), (92, 106), (93, 106), (86, 107), (90, 107), (91, 107), (87, 108), (88, 108), (89, 108)]
[(113, 82), (114, 82), (112, 84), (111, 86), (110, 88), (109, 90), (108, 93), (107, 95), (106, 97), (105, 99), (114, 99), (105, 100), (112, 100), (113, 100), (106, 101), (110, 101), (111, 101), (107, 102), (108, 102), (109, 102)]
[(114, 99), (112, 100), (113, 100), (110, 101), (111, 101), (107, 102), (108, 102), (109, 102), (106, 104), (105, 106), (104, 108), (103, 110), (102, 113)]
[(29, 50), (27, 51), (28, 51), (30, 51), (25, 52), (26, 52), (31, 52), (23, 53), (24, 53), (20, 54), (21, 54), (22, 54), (30, 54), (18, 55), (19, 55), (16, 56), (17, 56), (29, 56), (14, 57), (15, 57), (11, 58), (12, 58), (13, 58), (28, 58), (10, 60), (27, 60), (9, 62), (26, 63), (8, 64), (25, 65), (7, 66), (24, 67), (6, 69), (23, 69), (23, 70), (5, 71), (21, 71), (22, 71), (19, 72), (20, 72), (4, 73), (17, 73), (18, 73), (14, 74), (15, 74), (16, 74), (3, 75), (12, 75), (13, 75), (3, 76), (10, 76), (11, 76), (4, 77), (8, 77), (9, 77), (5, 78), (6, 78), (7, 78)]
[(49, 44), (47, 45), (48, 45), (50, 45), (45, 46), (46, 46), (51, 46), (43, 47), (44, 47), (40, 48), (41, 48), (42, 48), (50, 48), (38, 49), (39, 49), (36, 50), (37, 50), (49, 50), (34, 51), (35, 51), (31, 52), (32, 52), (33, 52), (48, 52), (30, 54), (47, 54), (29, 56), (46, 57), (28, 58), (45, 59), (27, 60), (44, 61), (26, 63), (43, 63), (43, 64), (25, 65), (41, 65), (42, 65), (39, 66), (40, 66), (24, 67), (37, 67), (38, 67), (34, 68), (35, 68), (36, 68), (23, 69), (32, 69), (33, 69), (23, 70), (30, 70), (31, 70), (24, 71), (28, 71), (29, 71), (25, 72), (26, 72), (27, 72)]
[(43, 64), (41, 65), (42, 65), (44, 65), (39, 66), (40, 66), (45, 66), (37, 67), (38, 67), (34, 68), (35, 68), (36, 68), (44, 68), (32, 69), (33, 69), (30, 70), (31, 70), (43, 70), (28, 71), (29, 71), (25, 72), (26, 72), (27, 72), (42, 72), (24, 74), (41, 74), (23, 76), (40, 77), (22, 78), (39, 79), (21, 80), (38, 81), (20, 83), (37, 83), (37, 84), (19, 85), (35, 85), (36, 85), (33, 86), (34, 86), (18, 87), (31, 87), (32, 87), (28, 88), (29, 88), (30, 88), (17, 89), (26, 89), (27, 89), (17, 90), (24, 90), (25, 90), (18, 91), (22, 91), (23, 91), (19, 92), (20, 92), (21, 92)]
[(63, 58), (61, 59), (62, 59), (64, 59), (59, 60), (60, 60), (65, 60), (57, 61), (58, 61), (54, 62), (55, 62), (56, 62), (64, 62), (52, 63), (53, 63), (50, 64), (51, 64), (63, 64), (48, 65), (49, 65), (45, 66), (46, 66), (47, 66), (62, 66), (44, 68), (61, 68), (43, 70), (60, 71), (42, 72), (59, 73), (41, 74), (58, 75), (40, 77), (57, 77), (57, 78), (39, 79), (55, 79), (56, 79), (53, 80), (54, 80), (38, 81), (51, 81), (52, 81), (48, 82), (49, 82), (50, 82), (37, 83), (46, 83), (47, 83), (37, 84), (44, 84), (45, 84), (38, 85), (42, 85), (43, 85), (39, 86), (40, 86), (41, 86)]
[(57, 78), (55, 79), (56, 79), (58, 79), (53, 80), (54, 80), (59, 80), (51, 81), (52, 81), (48, 82), (49, 82), (50, 82), (58, 82), (46, 83), (47, 83), (44, 84), (45, 84), (57, 84), (42, 85), (43, 85), (39, 86), (40, 86), (41, 86), (56, 86), (38, 88), (55, 88), (37, 90), (54, 91), (36, 92), (53, 93), (35, 94), (52, 95), (34, 97), (51, 97), (51, 98), (33, 99), (49, 99), (50, 99), (47, 100), (48, 100), (32, 101), (45, 101), (46, 101), (42, 102), (43, 102), (44, 102), (31, 103), (40, 103), (41, 103), (31, 104), (38, 104), (39, 104), (32, 105), (36, 105), (37, 105), (33, 106), (34, 106), (35, 106)]
[(77, 72), (75, 73), (76, 73), (78, 73), (73, 74), (74, 74), (79, 74), (71, 75), (72, 75), (68, 76), (69, 76), (70, 76), (78, 76), (66, 77), (67, 77), (64, 78), (65, 78), (77, 78), (62, 79), (63, 79), (59, 80), (60, 80), (61, 80), (76, 80), (58, 82), (75, 82), (57, 84), (74, 85), (56, 86), (73, 87), (55, 88), (72, 89), (54, 91), (71, 91), (71, 92), (53, 93), (69, 93), (70, 93), (67, 94), (68, 94), (52, 95), (65, 95), (66, 95), (62, 96), (63, 96), (64, 96), (51, 97), (60, 97), (61, 97), (51, 98), (58, 98), (59, 98), (52, 99), (56, 99), (57, 99), (53, 100), (54, 100), (55, 100)]
[(71, 92), (69, 93), (70, 93), (72, 93), (67, 94), (68, 94), (73, 94), (65, 95), (66, 95), (62, 96), (63, 96), (64, 96), (72, 96), (60, 97), (61, 97), (58, 98), (59, 98), (71, 98), (56, 99), (57, 99), (53, 100), (54, 100), (55, 100), (70, 100), (52, 102), (69, 102), (51, 104), (68, 105), (50, 106), (67, 107), (49, 108), (66, 109), (48, 111), (65, 111), (65, 112), (47, 113), (63, 113), (64, 113), (61, 114), (62, 114)]
[(91, 86), (89, 87), (90, 87), (92, 87), (87, 88), (88, 88), (93, 88), (85, 89), (86, 89), (82, 90), (83, 90), (84, 90), (92, 90), (80, 91), (81, 91), (78, 92), (79, 92), (91, 92), (76, 93), (77, 93), (73, 94), (74, 94), (75, 94), (90, 94), (72, 96), (89, 96), (71, 98), (88, 99), (70, 100), (87, 101), (69, 102), (86, 103), (68, 105), (85, 105), (85, 106), (67, 107), (83, 107), (84, 107), (81, 108), (82, 108), (66, 109), (79, 109), (80, 109), (76, 110), (77, 110), (78, 110), (65, 111), (74, 111), (75, 111), (65, 112), (72, 112), (73, 112), (66, 113), (70, 113), (71, 113), (67, 114), (68, 114), (69, 114)]
[(85, 106), (83, 107), (84, 107), (86, 107), (81, 108), (82, 108), (87, 108), (79, 109), (80, 109), (76, 110), (77, 110), (78, 110), (86, 110), (74, 111), (75, 111), (72, 112), (73, 112), (85, 112), (70, 113), (71, 113), (67, 114), (68, 114), (69, 114), (84, 114)]
[(105, 100), (103, 101), (104, 101), (106, 101), (101, 102), (102, 102), (107, 102), (99, 103), (100, 103), (96, 104), (97, 104), (98, 104), (106, 104), (94, 105), (95, 105), (92, 106), (93, 106), (105, 106), (90, 107), (91, 107), (87, 108), (88, 108), (89, 108), (104, 108), (86, 110), (103, 110), (85, 112), (102, 113), (84, 114)]
[(23, 70), (21, 71), (22, 71), (24, 71), (19, 72), (20, 72), (25, 72), (17, 73), (18, 73), (14, 74), (15, 74), (16, 74), (24, 74), (12, 75), (13, 75), (10, 76), (11, 76), (23, 76), (8, 77), (9, 77), (5, 78), (6, 78), (7, 78), (22, 78), (4, 80), (21, 80), (3, 82), (20, 83), (2, 84), (19, 85), (1, 86), (18, 87), (0, 89), (17, 89), (17, 90), (15, 91), (16, 91), (13, 92), (14, 92), (11, 93), (12, 93), (8, 94), (9, 94), (10, 94), (6, 95), (7, 95), (4, 96), (5, 96), (2, 97), (3, 97), (0, 98), (1, 98)]
[(17, 90), (15, 91), (16, 91), (18, 91), (13, 92), (14, 92), (19, 92), (11, 93), (12, 93), (8, 94), (9, 94), (10, 94), (18, 94), (6, 95), (7, 95), (4, 96), (5, 96), (17, 96), (2, 97), (3, 97), (0, 98), (1, 98), (16, 98), (15, 100), (14, 103), (13, 105), (12, 107), (11, 109), (11, 110), (9, 111), (10, 111), (7, 112), (8, 112), (5, 113), (6, 113), (2, 114), (3, 114), (4, 114)]
[(37, 84), (35, 85), (36, 85), (38, 85), (33, 86), (34, 86), (39, 86), (31, 87), (32, 87), (28, 88), (29, 88), (30, 88), (38, 88), (26, 89), (27, 89), (24, 90), (25, 90), (37, 90), (22, 91), (23, 91), (19, 92), (20, 92), (21, 92), (36, 92), (18, 94), (35, 94), (17, 96), (34, 97), (16, 98), (33, 99), (15, 100), (32, 101), (14, 103), (31, 103), (31, 104), (13, 105), (29, 105), (30, 105), (27, 106), (28, 106), (12, 107), (25, 107), (26, 107), (22, 108), (23, 108), (24, 108), (11, 109), (20, 109), (21, 109), (11, 110), (18, 110), (19, 110), (12, 111), (16, 111), (17, 111), (13, 112), (14, 112), (15, 112)]
[(31, 104), (29, 105), (30, 105), (32, 105), (27, 106), (28, 106), (33, 106), (25, 107), (26, 107), (22, 108), (23, 108), (24, 108), (32, 108), (20, 109), (21, 109), (18, 110), (19, 110), (31, 110), (16, 111), (17, 111), (13, 112), (14, 112), (15, 112), (30, 112), (12, 114), (29, 114)]
[(51, 98), (49, 99), (50, 99), (52, 99), (47, 100), (48, 100), (53, 100), (45, 101), (46, 101), (42, 102), (43, 102), (44, 102), (52, 102), (40, 103), (41, 103), (38, 104), (39, 104), (51, 104), (36, 105), (37, 105), (33, 106), (34, 106), (35, 106), (50, 106), (32, 108), (49, 108), (31, 110), (48, 111), (30, 112), (47, 113), (29, 114)]
[(65, 112), (63, 113), (64, 113), (66, 113), (61, 114), (62, 114), (67, 114)]
[(11, 110), (9, 111), (10, 111), (12, 111), (7, 112), (8, 112), (13, 112), (5, 113), (6, 113), (2, 114), (3, 114), (4, 114), (12, 114)]
