[(99, 26), (97, 27), (98, 27), (100, 27), (95, 28), (96, 28), (101, 28), (93, 29), (94, 29), (90, 30), (91, 30), (92, 30), (100, 30), (88, 31), (89, 31), (86, 32), (87, 32), (99, 32), (84, 33), (85, 33), (81, 34), (82, 34), (83, 34), (98, 34), (80, 36), (97, 36), (79, 38), (96, 39), (78, 40), (95, 41), (77, 42), (94, 43), (76, 45), (93, 45), (93, 46), (75, 47), (91, 47), (92, 47), (89, 48), (90, 48), (74, 49), (87, 49), (88, 49), (84, 50), (85, 50), (86, 50), (73, 51), (82, 51), (83, 51), (73, 52), (80, 52), (81, 52), (74, 53), (78, 53), (79, 53), (75, 54), (76, 54), (77, 54)]
[(113, 23), (114, 23), (110, 24), (111, 24), (112, 24), (108, 25), (109, 25), (106, 26), (107, 26), (104, 27), (105, 27), (101, 28), (102, 28), (103, 28), (100, 30), (99, 32), (98, 34), (97, 36), (114, 37), (96, 39), (113, 39), (113, 40), (95, 41), (111, 41), (112, 41), (109, 42), (110, 42), (94, 43), (107, 43), (108, 43), (104, 44), (105, 44), (106, 44), (93, 45), (102, 45), (103, 45), (93, 46), (100, 46), (101, 46), (94, 47), (98, 47), (99, 47), (95, 48), (96, 48), (97, 48)]
[(113, 40), (111, 41), (112, 41), (114, 41), (109, 42), (110, 42), (107, 43), (108, 43), (104, 44), (105, 44), (106, 44), (114, 44), (102, 45), (103, 45), (100, 46), (101, 46), (113, 46), (98, 47), (99, 47), (95, 48), (96, 48), (97, 48), (112, 48), (94, 50), (111, 50), (93, 52), (110, 53), (92, 54), (109, 55), (91, 56), (108, 57), (90, 59), (107, 59), (107, 60), (89, 61), (105, 61), (106, 61), (103, 62), (104, 62), (88, 63), (101, 63), (102, 63), (98, 64), (99, 64), (100, 64), (87, 65), (96, 65), (97, 65), (87, 66), (94, 66), (95, 66), (88, 67), (92, 67), (93, 67), (89, 68), (90, 68), (91, 68)]
[(114, 44), (113, 46), (112, 48), (111, 50), (110, 53), (109, 55), (108, 57), (107, 59), (107, 60), (114, 60), (108, 61), (112, 61), (113, 61), (109, 62), (110, 62), (111, 62)]
[(114, 60), (112, 61), (113, 61), (109, 62), (110, 62), (111, 62), (108, 64), (107, 66), (106, 68), (105, 70), (104, 73), (103, 75), (102, 77), (112, 78), (113, 78), (114, 78), (101, 79), (110, 79), (111, 79), (101, 80), (108, 80), (109, 80), (102, 81), (106, 81), (107, 81), (103, 82), (104, 82), (105, 82)]
[(59, 38), (57, 39), (58, 39), (60, 39), (55, 40), (56, 40), (61, 40), (53, 41), (54, 41), (50, 42), (51, 42), (52, 42), (60, 42), (48, 43), (49, 43), (46, 44), (47, 44), (59, 44), (44, 45), (45, 45), (41, 46), (42, 46), (43, 46), (58, 46), (40, 48), (57, 48), (39, 50), (56, 51), (38, 52), (55, 53), (37, 54), (54, 55), (36, 57), (53, 57), (53, 58), (35, 59), (51, 59), (52, 59), (49, 60), (50, 60), (34, 61), (47, 61), (48, 61), (44, 62), (45, 62), (46, 62), (33, 63), (42, 63), (43, 63), (33, 64), (40, 64), (41, 64), (34, 65), (38, 65), (39, 65), (35, 66), (36, 66), (37, 66)]
[(79, 32), (77, 33), (78, 33), (80, 33), (75, 34), (76, 34), (81, 34), (73, 35), (74, 35), (70, 36), (71, 36), (72, 36), (80, 36), (68, 37), (69, 37), (66, 38), (67, 38), (79, 38), (64, 39), (65, 39), (61, 40), (62, 40), (63, 40), (78, 40), (60, 42), (77, 42), (59, 44), (76, 45), (58, 46), (75, 47), (57, 48), (74, 49), (56, 51), (73, 51), (73, 52), (55, 53), (71, 53), (72, 53), (69, 54), (70, 54), (54, 55), (67, 55), (68, 55), (64, 56), (65, 56), (66, 56), (53, 57), (62, 57), (63, 57), (53, 58), (60, 58), (61, 58), (54, 59), (58, 59), (59, 59), (55, 60), (56, 60), (57, 60)]
[(73, 52), (71, 53), (72, 53), (74, 53), (69, 54), (70, 54), (75, 54), (67, 55), (68, 55), (64, 56), (65, 56), (66, 56), (74, 56), (62, 57), (63, 57), (60, 58), (61, 58), (73, 58), (58, 59), (59, 59), (55, 60), (56, 60), (57, 60), (72, 60), (54, 62), (71, 62), (53, 64), (70, 65), (52, 66), (69, 67), (51, 68), (68, 69), (50, 71), (67, 71), (67, 72), (49, 73), (65, 73), (66, 73), (63, 74), (64, 74), (48, 75), (61, 75), (62, 75), (58, 76), (59, 76), (60, 76), (47, 77), (56, 77), (57, 77), (47, 78), (54, 78), (55, 78), (48, 79), (52, 79), (53, 79), (49, 80), (50, 80), (51, 80)]
[(93, 46), (91, 47), (92, 47), (94, 47), (89, 48), (90, 48), (95, 48), (87, 49), (88, 49), (84, 50), (85, 50), (86, 50), (94, 50), (82, 51), (83, 51), (80, 52), (81, 52), (93, 52), (78, 53), (79, 53), (75, 54), (76, 54), (77, 54), (92, 54), (74, 56), (91, 56), (73, 58), (90, 59), (72, 60), (89, 61), (71, 62), (88, 63), (70, 65), (87, 65), (87, 66), (69, 67), (85, 67), (86, 67), (83, 68), (84, 68), (68, 69), (81, 69), (82, 69), (78, 70), (79, 70), (80, 70), (67, 71), (76, 71), (77, 71), (67, 72), (74, 72), (75, 72), (68, 73), (72, 73), (73, 73), (69, 74), (70, 74), (71, 74)]
[(87, 66), (85, 67), (86, 67), (88, 67), (83, 68), (84, 68), (89, 68), (81, 69), (82, 69), (78, 70), (79, 70), (80, 70), (88, 70), (76, 71), (77, 71), (74, 72), (75, 72), (87, 72), (72, 73), (73, 73), (69, 74), (70, 74), (71, 74), (86, 74), (68, 76), (85, 76), (67, 78), (84, 79), (66, 80), (83, 81), (65, 82), (82, 83), (64, 85), (81, 85), (81, 86), (63, 87), (79, 87), (80, 87), (77, 88), (78, 88), (62, 89), (75, 89), (76, 89), (72, 90), (73, 90), (74, 90), (61, 91), (70, 91), (71, 91), (61, 92), (68, 92), (69, 92), (62, 93), (66, 93), (67, 93), (63, 94), (64, 94), (65, 94)]
[(107, 60), (105, 61), (106, 61), (108, 61), (103, 62), (104, 62), (109, 62), (101, 63), (102, 63), (98, 64), (99, 64), (100, 64), (108, 64), (96, 65), (97, 65), (94, 66), (95, 66), (107, 66), (92, 67), (93, 67), (89, 68), (90, 68), (91, 68), (106, 68), (88, 70), (105, 70), (87, 72), (104, 73), (86, 74), (103, 75), (85, 76), (102, 77), (84, 79), (101, 79), (101, 80), (83, 81), (99, 81), (100, 81), (97, 82), (98, 82), (82, 83), (95, 83), (96, 83), (92, 84), (93, 84), (94, 84), (81, 85), (90, 85), (91, 85), (81, 86), (88, 86), (89, 86), (82, 87), (86, 87), (87, 87), (83, 88), (84, 88), (85, 88)]
[(101, 80), (99, 81), (100, 81), (102, 81), (97, 82), (98, 82), (103, 82), (95, 83), (96, 83), (92, 84), (93, 84), (94, 84), (102, 84), (90, 85), (91, 85), (88, 86), (89, 86), (101, 86), (86, 87), (87, 87), (83, 88), (84, 88), (85, 88), (100, 88), (82, 90), (99, 90), (81, 92), (98, 93), (80, 94), (97, 95), (79, 96), (96, 97), (78, 99), (95, 99), (95, 100), (77, 101), (93, 101), (94, 101), (91, 102), (92, 102), (76, 103), (89, 103), (90, 103), (86, 104), (87, 104), (88, 104), (75, 105), (84, 105), (85, 105), (75, 106), (82, 106), (83, 106), (76, 107), (80, 107), (81, 107), (77, 108), (78, 108), (79, 108)]
[(112, 78), (113, 78), (114, 78), (110, 79), (111, 79), (108, 80), (109, 80), (106, 81), (107, 81), (103, 82), (104, 82), (105, 82), (102, 84), (101, 86), (100, 88), (99, 90), (98, 93), (97, 95), (113, 95), (114, 95), (111, 96), (112, 96), (96, 97), (109, 97), (110, 97), (106, 98), (107, 98), (108, 98), (95, 99), (104, 99), (105, 99), (95, 100), (102, 100), (103, 100), (96, 101), (100, 101), (101, 101), (97, 102), (98, 102), (99, 102)]
[(113, 95), (114, 95), (111, 96), (112, 96), (109, 97), (110, 97), (106, 98), (107, 98), (108, 98), (104, 99), (105, 99), (102, 100), (103, 100), (100, 101), (101, 101), (97, 102), (98, 102), (99, 102), (114, 102), (96, 104), (113, 104), (95, 106), (112, 107), (94, 108), (111, 109), (93, 110), (110, 111), (92, 113), (109, 113), (109, 114)]
[(114, 102), (113, 104), (112, 107), (111, 109), (110, 111), (109, 113), (109, 114)]
[(33, 64), (31, 65), (32, 65), (34, 65), (29, 66), (30, 66), (35, 66), (27, 67), (28, 67), (24, 68), (25, 68), (26, 68), (34, 68), (22, 69), (23, 69), (20, 70), (21, 70), (33, 70), (18, 71), (19, 71), (15, 72), (16, 72), (17, 72), (32, 72), (14, 74), (31, 74), (13, 76), (30, 77), (12, 78), (29, 79), (11, 80), (28, 81), (10, 83), (27, 83), (27, 84), (9, 85), (25, 85), (26, 85), (23, 86), (24, 86), (8, 87), (21, 87), (22, 87), (18, 88), (19, 88), (20, 88), (7, 89), (16, 89), (17, 89), (7, 90), (14, 90), (15, 90), (8, 91), (12, 91), (13, 91), (9, 92), (10, 92), (11, 92)]
[(53, 58), (51, 59), (52, 59), (54, 59), (49, 60), (50, 60), (55, 60), (47, 61), (48, 61), (44, 62), (45, 62), (46, 62), (54, 62), (42, 63), (43, 63), (40, 64), (41, 64), (53, 64), (38, 65), (39, 65), (35, 66), (36, 66), (37, 66), (52, 66), (34, 68), (51, 68), (33, 70), (50, 71), (32, 72), (49, 73), (31, 74), (48, 75), (30, 77), (47, 77), (47, 78), (29, 79), (45, 79), (46, 79), (43, 80), (44, 80), (28, 81), (41, 81), (42, 81), (38, 82), (39, 82), (40, 82), (27, 83), (36, 83), (37, 83), (27, 84), (34, 84), (35, 84), (28, 85), (32, 85), (33, 85), (29, 86), (30, 86), (31, 86)]
[(47, 78), (45, 79), (46, 79), (48, 79), (43, 80), (44, 80), (49, 80), (41, 81), (42, 81), (38, 82), (39, 82), (40, 82), (48, 82), (36, 83), (37, 83), (34, 84), (35, 84), (47, 84), (32, 85), (33, 85), (29, 86), (30, 86), (31, 86), (46, 86), (28, 88), (45, 88), (27, 90), (44, 91), (26, 92), (43, 93), (25, 94), (42, 95), (24, 97), (41, 97), (41, 98), (23, 99), (39, 99), (40, 99), (37, 100), (38, 100), (22, 101), (35, 101), (36, 101), (32, 102), (33, 102), (34, 102), (21, 103), (30, 103), (31, 103), (21, 104), (28, 104), (29, 104), (22, 105), (26, 105), (27, 105), (23, 106), (24, 106), (25, 106)]
[(67, 72), (65, 73), (66, 73), (68, 73), (63, 74), (64, 74), (69, 74), (61, 75), (62, 75), (58, 76), (59, 76), (60, 76), (68, 76), (56, 77), (57, 77), (54, 78), (55, 78), (67, 78), (52, 79), (53, 79), (49, 80), (50, 80), (51, 80), (66, 80), (48, 82), (65, 82), (47, 84), (64, 85), (46, 86), (63, 87), (45, 88), (62, 89), (44, 91), (61, 91), (61, 92), (43, 93), (59, 93), (60, 93), (57, 94), (58, 94), (42, 95), (55, 95), (56, 95), (52, 96), (53, 96), (54, 96), (41, 97), (50, 97), (51, 97), (41, 98), (48, 98), (49, 98), (42, 99), (46, 99), (47, 99), (43, 100), (44, 100), (45, 100)]
[(61, 92), (59, 93), (60, 93), (62, 93), (57, 94), (58, 94), (63, 94), (55, 95), (56, 95), (52, 96), (53, 96), (54, 96), (62, 96), (50, 97), (51, 97), (48, 98), (49, 98), (61, 98), (46, 99), (47, 99), (43, 100), (44, 100), (45, 100), (60, 100), (42, 102), (59, 102), (41, 104), (58, 105), (40, 106), (57, 107), (39, 108), (56, 109), (38, 111), (55, 111), (55, 112), (37, 113), (53, 113), (54, 113), (51, 114), (52, 114)]
[(81, 86), (79, 87), (80, 87), (82, 87), (77, 88), (78, 88), (83, 88), (75, 89), (76, 89), (72, 90), (73, 90), (74, 90), (82, 90), (70, 91), (71, 91), (68, 92), (69, 92), (81, 92), (66, 93), (67, 93), (63, 94), (64, 94), (65, 94), (80, 94), (62, 96), (79, 96), (61, 98), (78, 99), (60, 100), (77, 101), (59, 102), (76, 103), (58, 105), (75, 105), (75, 106), (57, 107), (73, 107), (74, 107), (71, 108), (72, 108), (56, 109), (69, 109), (70, 109), (66, 110), (67, 110), (68, 110), (55, 111), (64, 111), (65, 111), (55, 112), (62, 112), (63, 112), (56, 113), (60, 113), (61, 113), (57, 114), (58, 114), (59, 114)]
[(75, 106), (73, 107), (74, 107), (76, 107), (71, 108), (72, 108), (77, 108), (69, 109), (70, 109), (66, 110), (67, 110), (68, 110), (76, 110), (64, 111), (65, 111), (62, 112), (63, 112), (75, 112), (60, 113), (61, 113), (57, 114), (58, 114), (59, 114), (74, 114)]
[(95, 100), (93, 101), (94, 101), (96, 101), (91, 102), (92, 102), (97, 102), (89, 103), (90, 103), (86, 104), (87, 104), (88, 104), (96, 104), (84, 105), (85, 105), (82, 106), (83, 106), (95, 106), (80, 107), (81, 107), (77, 108), (78, 108), (79, 108), (94, 108), (76, 110), (93, 110), (75, 112), (92, 113), (74, 114)]
[(109, 114)]
[(27, 84), (25, 85), (26, 85), (28, 85), (23, 86), (24, 86), (29, 86), (21, 87), (22, 87), (18, 88), (19, 88), (20, 88), (28, 88), (16, 89), (17, 89), (14, 90), (15, 90), (27, 90), (12, 91), (13, 91), (9, 92), (10, 92), (11, 92), (26, 92), (8, 94), (25, 94), (7, 96), (24, 97), (6, 98), (23, 99), (5, 100), (22, 101), (4, 103), (21, 103), (21, 104), (3, 105), (19, 105), (20, 105), (17, 106), (18, 106), (2, 107), (15, 107), (16, 107), (12, 108), (13, 108), (14, 108), (1, 109), (10, 109), (11, 109), (1, 110), (8, 110), (9, 110), (2, 111), (6, 111), (7, 111), (3, 112), (4, 112), (5, 112)]
[(21, 104), (19, 105), (20, 105), (22, 105), (17, 106), (18, 106), (23, 106), (15, 107), (16, 107), (12, 108), (13, 108), (14, 108), (22, 108), (10, 109), (11, 109), (8, 110), (9, 110), (21, 110), (6, 111), (7, 111), (3, 112), (4, 112), (5, 112), (20, 112), (2, 114), (19, 114)]
[(41, 98), (39, 99), (40, 99), (42, 99), (37, 100), (38, 100), (43, 100), (35, 101), (36, 101), (32, 102), (33, 102), (34, 102), (42, 102), (30, 103), (31, 103), (28, 104), (29, 104), (41, 104), (26, 105), (27, 105), (23, 106), (24, 106), (25, 106), (40, 106), (22, 108), (39, 108), (21, 110), (38, 111), (20, 112), (37, 113), (19, 114)]
[(55, 112), (53, 113), (54, 113), (56, 113), (51, 114), (52, 114), (57, 114)]
