[(113, 1), (114, 1), (111, 2), (112, 2), (109, 3), (110, 3), (107, 4), (108, 4), (104, 5), (105, 5), (106, 5), (102, 6), (103, 6), (100, 7), (101, 7), (98, 8), (99, 8), (95, 9), (96, 9), (97, 9), (94, 11), (93, 13), (92, 15), (91, 17), (90, 20), (114, 21), (89, 22), (113, 23), (88, 24), (112, 25), (87, 26), (112, 26), (110, 27), (111, 27), (108, 28), (109, 28), (86, 29), (105, 29), (106, 29), (107, 29), (103, 30), (104, 30), (85, 31), (101, 31), (102, 31), (99, 32), (100, 32), (84, 33), (96, 33), (97, 33), (98, 33), (84, 34), (94, 34), (95, 34), (85, 35), (92, 35), (93, 35), (86, 36), (90, 36), (91, 36), (87, 37), (88, 37), (89, 37)]
[(114, 21), (113, 23), (112, 25), (112, 26), (113, 27), (114, 28)]
[(114, 31), (113, 33), (112, 35), (111, 37), (110, 40), (109, 42), (108, 44), (107, 46), (106, 49), (105, 51), (104, 53), (104, 54), (114, 54), (105, 55), (112, 55), (113, 55), (106, 56), (110, 56), (111, 56), (107, 57), (108, 57), (109, 57)]
[(64, 14), (62, 15), (63, 15), (65, 15), (60, 16), (61, 16), (66, 16), (57, 17), (58, 17), (59, 17), (67, 17), (55, 18), (56, 18), (53, 19), (54, 19), (66, 19), (51, 20), (52, 20), (48, 21), (49, 21), (50, 21), (65, 21), (46, 22), (47, 22), (44, 23), (45, 23), (64, 23), (42, 24), (43, 24), (39, 25), (40, 25), (41, 25), (63, 25), (38, 27), (62, 28), (37, 29), (61, 30), (36, 31), (60, 32), (35, 33), (59, 34), (34, 36), (58, 37), (33, 38), (57, 39), (32, 40), (56, 41), (31, 42), (56, 42), (54, 43), (55, 43), (52, 44), (53, 44), (30, 45), (49, 45), (50, 45), (51, 45), (47, 46), (48, 46), (29, 47), (45, 47), (46, 47), (43, 48), (44, 48), (28, 49), (40, 49), (41, 49), (42, 49), (28, 50), (38, 50), (39, 50), (29, 51), (36, 51), (37, 51), (30, 52), (34, 52), (35, 52), (31, 53), (32, 53), (33, 53)]
[(92, 6), (90, 7), (91, 7), (93, 7), (88, 8), (89, 8), (94, 8), (85, 9), (86, 9), (87, 9), (95, 9), (83, 10), (84, 10), (81, 11), (82, 11), (94, 11), (79, 12), (80, 12), (76, 13), (77, 13), (78, 13), (93, 13), (74, 14), (75, 14), (72, 15), (73, 15), (92, 15), (70, 16), (71, 16), (67, 17), (68, 17), (69, 17), (91, 17), (66, 19), (90, 20), (65, 21), (89, 22), (64, 23), (88, 24), (63, 25), (87, 26), (62, 28), (86, 29), (61, 30), (85, 31), (60, 32), (84, 33), (59, 34), (84, 34), (82, 35), (83, 35), (80, 36), (81, 36), (58, 37), (77, 37), (78, 37), (79, 37), (75, 38), (76, 38), (57, 39), (73, 39), (74, 39), (71, 40), (72, 40), (56, 41), (68, 41), (69, 41), (70, 41), (56, 42), (66, 42), (67, 42), (57, 43), (64, 43), (65, 43), (58, 44), (62, 44), (63, 44), (59, 45), (60, 45), (61, 45)]
[(84, 34), (82, 35), (83, 35), (85, 35), (80, 36), (81, 36), (86, 36), (77, 37), (78, 37), (79, 37), (87, 37), (75, 38), (76, 38), (73, 39), (74, 39), (86, 39), (71, 40), (72, 40), (68, 41), (69, 41), (70, 41), (85, 41), (66, 42), (67, 42), (64, 43), (65, 43), (84, 43), (62, 44), (63, 44), (59, 45), (60, 45), (61, 45), (83, 45), (58, 47), (82, 48), (57, 49), (81, 50), (56, 51), (80, 52), (55, 53), (79, 54), (54, 56), (78, 57), (53, 58), (77, 59), (52, 60), (76, 61), (51, 62), (76, 62), (74, 63), (75, 63), (72, 64), (73, 64), (50, 65), (69, 65), (70, 65), (71, 65), (67, 66), (68, 66), (49, 67), (65, 67), (66, 67), (63, 68), (64, 68), (48, 69), (60, 69), (61, 69), (62, 69), (48, 70), (58, 70), (59, 70), (49, 71), (56, 71), (57, 71), (50, 72), (54, 72), (55, 72), (51, 73), (52, 73), (53, 73)]
[(112, 26), (110, 27), (111, 27), (113, 27), (108, 28), (109, 28), (114, 28), (105, 29), (106, 29), (107, 29), (103, 30), (104, 30), (101, 31), (102, 31), (114, 31), (99, 32), (100, 32), (96, 33), (97, 33), (98, 33), (113, 33), (94, 34), (95, 34), (92, 35), (93, 35), (112, 35), (90, 36), (91, 36), (87, 37), (88, 37), (89, 37), (111, 37), (86, 39), (110, 40), (85, 41), (109, 42), (84, 43), (108, 44), (83, 45), (107, 46), (82, 48), (106, 49), (81, 50), (105, 51), (80, 52), (104, 53), (79, 54), (104, 54), (102, 55), (103, 55), (100, 56), (101, 56), (78, 57), (97, 57), (98, 57), (99, 57), (95, 58), (96, 58), (77, 59), (93, 59), (94, 59), (91, 60), (92, 60), (76, 61), (88, 61), (89, 61), (90, 61), (76, 62), (86, 62), (87, 62), (77, 63), (84, 63), (85, 63), (78, 64), (82, 64), (83, 64), (79, 65), (80, 65), (81, 65)]
[(104, 54), (102, 55), (103, 55), (105, 55), (100, 56), (101, 56), (106, 56), (97, 57), (98, 57), (99, 57), (107, 57), (95, 58), (96, 58), (93, 59), (94, 59), (106, 59), (91, 60), (92, 60), (88, 61), (89, 61), (90, 61), (105, 61), (86, 62), (87, 62), (84, 63), (85, 63), (104, 63), (82, 64), (83, 64), (79, 65), (80, 65), (81, 65), (103, 65), (78, 67), (102, 68), (77, 69), (101, 70), (76, 71), (100, 72), (75, 73), (99, 74), (74, 76), (98, 77), (73, 78), (97, 79), (72, 80), (96, 81), (71, 82), (96, 82), (94, 83), (95, 83), (92, 84), (93, 84), (70, 85), (89, 85), (90, 85), (91, 85), (87, 86), (88, 86), (69, 87), (85, 87), (86, 87), (83, 88), (84, 88), (68, 89), (80, 89), (81, 89), (82, 89), (68, 90), (78, 90), (79, 90), (69, 91), (76, 91), (77, 91), (70, 92), (74, 92), (75, 92), (71, 93), (72, 93), (73, 93)]
[(114, 54), (112, 55), (113, 55), (110, 56), (111, 56), (107, 57), (108, 57), (109, 57), (106, 59), (105, 61), (104, 63), (103, 65), (102, 68), (101, 70), (100, 72), (99, 74), (98, 77), (97, 79), (113, 79), (114, 79), (111, 80), (112, 80), (96, 81), (108, 81), (109, 81), (110, 81), (96, 82), (106, 82), (107, 82), (97, 83), (104, 83), (105, 83), (98, 84), (102, 84), (103, 84), (99, 85), (100, 85), (101, 85)]
[(113, 79), (114, 79), (111, 80), (112, 80), (108, 81), (109, 81), (110, 81), (106, 82), (107, 82), (104, 83), (105, 83), (102, 84), (103, 84), (99, 85), (100, 85), (101, 85), (98, 87), (97, 89), (96, 91), (95, 93), (94, 96), (93, 98), (92, 100), (91, 102), (114, 103), (112, 104), (113, 104), (90, 105), (109, 105), (110, 105), (111, 105), (107, 106), (108, 106), (89, 107), (105, 107), (106, 107), (103, 108), (104, 108), (88, 109), (100, 109), (101, 109), (102, 109), (88, 110), (98, 110), (99, 110), (89, 111), (96, 111), (97, 111), (90, 112), (94, 112), (95, 112), (91, 113), (92, 113), (93, 113)]
[(28, 50), (26, 51), (27, 51), (29, 51), (24, 52), (25, 52), (30, 52), (21, 53), (22, 53), (23, 53), (31, 53), (19, 54), (20, 54), (17, 55), (18, 55), (30, 55), (15, 56), (16, 56), (12, 57), (13, 57), (14, 57), (29, 57), (10, 58), (11, 58), (8, 59), (9, 59), (28, 59), (6, 60), (7, 60), (3, 61), (4, 61), (5, 61), (27, 61), (2, 63), (26, 64), (1, 65), (25, 66), (0, 67), (24, 68), (23, 70), (22, 73), (21, 75), (20, 77), (20, 78), (18, 79), (19, 79), (16, 80), (17, 80), (13, 81), (14, 81), (15, 81), (11, 82), (12, 82), (9, 83), (10, 83), (7, 84), (8, 84), (4, 85), (5, 85), (6, 85), (2, 86), (3, 86), (0, 87), (1, 87)]
[(56, 42), (54, 43), (55, 43), (57, 43), (52, 44), (53, 44), (58, 44), (49, 45), (50, 45), (51, 45), (59, 45), (47, 46), (48, 46), (45, 47), (46, 47), (58, 47), (43, 48), (44, 48), (40, 49), (41, 49), (42, 49), (57, 49), (38, 50), (39, 50), (36, 51), (37, 51), (56, 51), (34, 52), (35, 52), (31, 53), (32, 53), (33, 53), (55, 53), (30, 55), (54, 56), (29, 57), (53, 58), (28, 59), (52, 60), (27, 61), (51, 62), (26, 64), (50, 65), (25, 66), (49, 67), (24, 68), (48, 69), (23, 70), (48, 70), (46, 71), (47, 71), (44, 72), (45, 72), (22, 73), (41, 73), (42, 73), (43, 73), (39, 74), (40, 74), (21, 75), (37, 75), (38, 75), (35, 76), (36, 76), (20, 77), (32, 77), (33, 77), (34, 77), (20, 78), (30, 78), (31, 78), (21, 79), (28, 79), (29, 79), (22, 80), (26, 80), (27, 80), (23, 81), (24, 81), (25, 81)]
[(48, 70), (46, 71), (47, 71), (49, 71), (44, 72), (45, 72), (50, 72), (41, 73), (42, 73), (43, 73), (51, 73), (39, 74), (40, 74), (37, 75), (38, 75), (50, 75), (35, 76), (36, 76), (32, 77), (33, 77), (34, 77), (49, 77), (30, 78), (31, 78), (28, 79), (29, 79), (48, 79), (26, 80), (27, 80), (23, 81), (24, 81), (25, 81), (47, 81), (22, 83), (46, 84), (21, 85), (45, 86), (20, 87), (44, 88), (19, 89), (43, 90), (18, 92), (42, 93), (17, 94), (41, 95), (16, 96), (40, 97), (15, 98), (40, 98), (38, 99), (39, 99), (36, 100), (37, 100), (14, 101), (33, 101), (34, 101), (35, 101), (31, 102), (32, 102), (13, 103), (29, 103), (30, 103), (27, 104), (28, 104), (12, 105), (24, 105), (25, 105), (26, 105), (12, 106), (22, 106), (23, 106), (13, 107), (20, 107), (21, 107), (14, 108), (18, 108), (19, 108), (15, 109), (16, 109), (17, 109)]
[(76, 62), (74, 63), (75, 63), (77, 63), (72, 64), (73, 64), (78, 64), (69, 65), (70, 65), (71, 65), (79, 65), (67, 66), (68, 66), (65, 67), (66, 67), (78, 67), (63, 68), (64, 68), (60, 69), (61, 69), (62, 69), (77, 69), (58, 70), (59, 70), (56, 71), (57, 71), (76, 71), (54, 72), (55, 72), (51, 73), (52, 73), (53, 73), (75, 73), (50, 75), (74, 76), (49, 77), (73, 78), (48, 79), (72, 80), (47, 81), (71, 82), (46, 84), (70, 85), (45, 86), (69, 87), (44, 88), (68, 89), (43, 90), (68, 90), (66, 91), (67, 91), (64, 92), (65, 92), (42, 93), (61, 93), (62, 93), (63, 93), (59, 94), (60, 94), (41, 95), (57, 95), (58, 95), (55, 96), (56, 96), (40, 97), (52, 97), (53, 97), (54, 97), (40, 98), (50, 98), (51, 98), (41, 99), (48, 99), (49, 99), (42, 100), (46, 100), (47, 100), (43, 101), (44, 101), (45, 101)]
[(68, 90), (66, 91), (67, 91), (69, 91), (64, 92), (65, 92), (70, 92), (61, 93), (62, 93), (63, 93), (71, 93), (59, 94), (60, 94), (57, 95), (58, 95), (70, 95), (55, 96), (56, 96), (52, 97), (53, 97), (54, 97), (69, 97), (50, 98), (51, 98), (48, 99), (49, 99), (68, 99), (46, 100), (47, 100), (43, 101), (44, 101), (45, 101), (67, 101), (42, 103), (66, 104), (41, 105), (65, 106), (40, 107), (64, 108), (39, 109), (63, 110), (38, 112), (62, 113), (37, 114)]
[(96, 82), (94, 83), (95, 83), (97, 83), (92, 84), (93, 84), (98, 84), (89, 85), (90, 85), (91, 85), (99, 85), (87, 86), (88, 86), (85, 87), (86, 87), (98, 87), (83, 88), (84, 88), (80, 89), (81, 89), (82, 89), (97, 89), (78, 90), (79, 90), (76, 91), (77, 91), (96, 91), (74, 92), (75, 92), (71, 93), (72, 93), (73, 93), (95, 93), (70, 95), (94, 96), (69, 97), (93, 98), (68, 99), (92, 100), (67, 101), (91, 102), (66, 104), (90, 105), (65, 106), (89, 107), (64, 108), (88, 109), (63, 110), (88, 110), (86, 111), (87, 111), (84, 112), (85, 112), (62, 113), (81, 113), (82, 113), (83, 113), (79, 114), (80, 114)]
[(88, 110), (86, 111), (87, 111), (89, 111), (84, 112), (85, 112), (90, 112), (81, 113), (82, 113), (83, 113), (91, 113), (79, 114), (80, 114)]
[(114, 103), (112, 104), (113, 104), (109, 105), (110, 105), (111, 105), (107, 106), (108, 106), (105, 107), (106, 107), (103, 108), (104, 108), (100, 109), (101, 109), (102, 109), (98, 110), (99, 110), (96, 111), (97, 111), (94, 112), (95, 112), (91, 113), (92, 113), (93, 113)]
[(20, 78), (18, 79), (19, 79), (21, 79), (16, 80), (17, 80), (22, 80), (13, 81), (14, 81), (15, 81), (23, 81), (11, 82), (12, 82), (9, 83), (10, 83), (22, 83), (7, 84), (8, 84), (4, 85), (5, 85), (6, 85), (21, 85), (2, 86), (3, 86), (0, 87), (1, 87), (20, 87), (19, 89), (18, 92), (17, 94), (16, 96), (15, 98), (14, 101), (13, 103), (12, 105), (12, 106), (10, 107), (11, 107), (8, 108), (9, 108), (5, 109), (6, 109), (7, 109), (3, 110), (4, 110), (1, 111), (2, 111), (0, 112)]
[(12, 106), (10, 107), (11, 107), (13, 107), (8, 108), (9, 108), (14, 108), (5, 109), (6, 109), (7, 109), (15, 109), (3, 110), (4, 110), (1, 111), (2, 111), (14, 111), (0, 112), (13, 113)]
[(40, 98), (38, 99), (39, 99), (41, 99), (36, 100), (37, 100), (42, 100), (33, 101), (34, 101), (35, 101), (43, 101), (31, 102), (32, 102), (29, 103), (30, 103), (42, 103), (27, 104), (28, 104), (24, 105), (25, 105), (26, 105), (41, 105), (22, 106), (23, 106), (20, 107), (21, 107), (40, 107), (18, 108), (19, 108), (15, 109), (16, 109), (17, 109), (39, 109), (14, 111), (38, 112), (13, 113), (37, 114)]
