[(114, 3), (111, 4), (112, 4), (113, 4), (108, 5), (109, 5), (110, 5), (105, 6), (106, 6), (107, 6), (102, 7), (103, 7), (104, 7), (99, 8), (100, 8), (101, 8), (95, 9), (96, 9), (97, 9), (98, 9), (114, 10), (94, 12), (113, 13), (93, 15), (112, 16), (92, 18), (111, 19), (91, 21), (110, 22), (90, 24), (109, 24), (110, 24), (106, 25), (107, 25), (108, 25), (103, 26), (104, 26), (105, 26), (89, 27), (100, 27), (101, 27), (102, 27), (97, 28), (98, 28), (99, 28), (89, 29), (94, 29), (95, 29), (96, 29), (90, 30), (91, 30), (92, 30), (93, 30)]
[(114, 10), (113, 13), (112, 16), (111, 19), (110, 22), (110, 24), (111, 25), (112, 25), (113, 25), (114, 25)]
[(111, 25), (112, 25), (113, 25), (114, 25), (110, 28), (109, 31), (108, 34), (107, 37), (106, 40), (105, 43), (113, 44), (114, 44), (105, 45), (110, 45), (111, 45), (112, 45), (106, 46), (107, 46), (108, 46), (109, 46)]
[(72, 13), (73, 13), (69, 14), (70, 14), (71, 14), (74, 14), (66, 15), (67, 15), (68, 15), (63, 16), (64, 16), (65, 16), (60, 17), (61, 17), (62, 17), (73, 17), (57, 18), (58, 18), (59, 18), (53, 19), (54, 19), (55, 19), (56, 19), (72, 20), (52, 22), (71, 23), (51, 25), (70, 26), (50, 28), (69, 29), (49, 31), (68, 32), (48, 34), (67, 34), (68, 34), (64, 35), (65, 35), (66, 35), (61, 36), (62, 36), (63, 36), (47, 37), (58, 37), (59, 37), (60, 37), (55, 38), (56, 38), (57, 38), (47, 39), (52, 39), (53, 39), (54, 39), (48, 40), (49, 40), (50, 40), (51, 40)]
[(93, 8), (94, 8), (90, 9), (91, 9), (92, 9), (95, 9), (87, 10), (88, 10), (89, 10), (84, 11), (85, 11), (86, 11), (81, 12), (82, 12), (83, 12), (94, 12), (78, 13), (79, 13), (80, 13), (74, 14), (75, 14), (76, 14), (77, 14), (93, 15), (73, 17), (92, 18), (72, 20), (91, 21), (71, 23), (90, 24), (70, 26), (89, 27), (69, 29), (88, 29), (89, 29), (85, 30), (86, 30), (87, 30), (82, 31), (83, 31), (84, 31), (68, 32), (79, 32), (80, 32), (81, 32), (76, 33), (77, 33), (78, 33), (68, 34), (73, 34), (74, 34), (75, 34), (69, 35), (70, 35), (71, 35), (72, 35)]
[(88, 29), (89, 29), (85, 30), (86, 30), (87, 30), (90, 30), (82, 31), (83, 31), (84, 31), (79, 32), (80, 32), (81, 32), (76, 33), (77, 33), (78, 33), (89, 33), (73, 34), (74, 34), (75, 34), (69, 35), (70, 35), (71, 35), (72, 35), (88, 36), (68, 38), (87, 39), (67, 41), (86, 42), (66, 44), (85, 45), (65, 47), (84, 48), (64, 50), (83, 50), (84, 50), (80, 51), (81, 51), (82, 51), (77, 52), (78, 52), (79, 52), (63, 53), (74, 53), (75, 53), (76, 53), (71, 54), (72, 54), (73, 54), (63, 55), (68, 55), (69, 55), (70, 55), (64, 56), (65, 56), (66, 56), (67, 56)]
[(109, 24), (110, 24), (106, 25), (107, 25), (108, 25), (111, 25), (103, 26), (104, 26), (105, 26), (100, 27), (101, 27), (102, 27), (97, 28), (98, 28), (99, 28), (110, 28), (94, 29), (95, 29), (96, 29), (90, 30), (91, 30), (92, 30), (93, 30), (109, 31), (89, 33), (108, 34), (88, 36), (107, 37), (87, 39), (106, 40), (86, 42), (105, 43), (85, 45), (104, 45), (105, 45), (101, 46), (102, 46), (103, 46), (98, 47), (99, 47), (100, 47), (84, 48), (95, 48), (96, 48), (97, 48), (92, 49), (93, 49), (94, 49), (84, 50), (89, 50), (90, 50), (91, 50), (85, 51), (86, 51), (87, 51), (88, 51)]
[(104, 45), (105, 45), (101, 46), (102, 46), (103, 46), (106, 46), (98, 47), (99, 47), (100, 47), (95, 48), (96, 48), (97, 48), (92, 49), (93, 49), (94, 49), (105, 49), (89, 50), (90, 50), (91, 50), (85, 51), (86, 51), (87, 51), (88, 51), (104, 52), (84, 54), (103, 55), (83, 57), (102, 58), (82, 60), (101, 61), (81, 63), (100, 64), (80, 66), (99, 66), (100, 66), (96, 67), (97, 67), (98, 67), (93, 68), (94, 68), (95, 68), (79, 69), (90, 69), (91, 69), (92, 69), (87, 70), (88, 70), (89, 70), (79, 71), (84, 71), (85, 71), (86, 71), (80, 72), (81, 72), (82, 72), (83, 72)]
[(113, 44), (114, 44), (110, 45), (111, 45), (112, 45), (106, 46), (107, 46), (108, 46), (109, 46), (105, 49), (104, 52), (103, 55), (102, 58), (101, 61), (114, 63), (100, 64), (111, 64), (112, 64), (113, 64), (108, 65), (109, 65), (110, 65), (100, 66), (105, 66), (106, 66), (107, 66), (101, 67), (102, 67), (103, 67), (104, 67)]
[(114, 63), (111, 64), (112, 64), (113, 64), (108, 65), (109, 65), (110, 65), (105, 66), (106, 66), (107, 66), (101, 67), (102, 67), (103, 67), (104, 67), (100, 70), (99, 73), (98, 76), (97, 79), (96, 82), (112, 83), (113, 83), (114, 83), (109, 84), (110, 84), (111, 84), (95, 85), (106, 85), (107, 85), (108, 85), (103, 86), (104, 86), (105, 86), (95, 87), (100, 87), (101, 87), (102, 87), (96, 88), (97, 88), (98, 88), (99, 88)]
[(46, 39), (47, 39), (43, 40), (44, 40), (45, 40), (48, 40), (40, 41), (41, 41), (42, 41), (37, 42), (38, 42), (39, 42), (34, 43), (35, 43), (36, 43), (47, 43), (31, 44), (32, 44), (33, 44), (27, 45), (28, 45), (29, 45), (30, 45), (46, 46), (26, 48), (45, 49), (25, 51), (44, 52), (24, 54), (43, 55), (23, 57), (42, 58), (22, 60), (41, 60), (42, 60), (38, 61), (39, 61), (40, 61), (35, 62), (36, 62), (37, 62), (21, 63), (32, 63), (33, 63), (34, 63), (29, 64), (30, 64), (31, 64), (21, 65), (26, 65), (27, 65), (28, 65), (22, 66), (23, 66), (24, 66), (25, 66)]
[(67, 34), (68, 34), (64, 35), (65, 35), (66, 35), (69, 35), (61, 36), (62, 36), (63, 36), (58, 37), (59, 37), (60, 37), (55, 38), (56, 38), (57, 38), (68, 38), (52, 39), (53, 39), (54, 39), (48, 40), (49, 40), (50, 40), (51, 40), (67, 41), (47, 43), (66, 44), (46, 46), (65, 47), (45, 49), (64, 50), (44, 52), (63, 53), (43, 55), (62, 55), (63, 55), (59, 56), (60, 56), (61, 56), (56, 57), (57, 57), (58, 57), (42, 58), (53, 58), (54, 58), (55, 58), (50, 59), (51, 59), (52, 59), (42, 60), (47, 60), (48, 60), (49, 60), (43, 61), (44, 61), (45, 61), (46, 61)]
[(62, 55), (63, 55), (59, 56), (60, 56), (61, 56), (64, 56), (56, 57), (57, 57), (58, 57), (53, 58), (54, 58), (55, 58), (50, 59), (51, 59), (52, 59), (63, 59), (47, 60), (48, 60), (49, 60), (43, 61), (44, 61), (45, 61), (46, 61), (62, 62), (42, 64), (61, 65), (41, 67), (60, 68), (40, 70), (59, 71), (39, 73), (58, 74), (38, 76), (57, 76), (58, 76), (54, 77), (55, 77), (56, 77), (51, 78), (52, 78), (53, 78), (37, 79), (48, 79), (49, 79), (50, 79), (45, 80), (46, 80), (47, 80), (37, 81), (42, 81), (43, 81), (44, 81), (38, 82), (39, 82), (40, 82), (41, 82)]
[(83, 50), (84, 50), (80, 51), (81, 51), (82, 51), (85, 51), (77, 52), (78, 52), (79, 52), (74, 53), (75, 53), (76, 53), (71, 54), (72, 54), (73, 54), (84, 54), (68, 55), (69, 55), (70, 55), (64, 56), (65, 56), (66, 56), (67, 56), (83, 57), (63, 59), (82, 60), (62, 62), (81, 63), (61, 65), (80, 66), (60, 68), (79, 69), (59, 71), (78, 71), (79, 71), (75, 72), (76, 72), (77, 72), (72, 73), (73, 73), (74, 73), (58, 74), (69, 74), (70, 74), (71, 74), (66, 75), (67, 75), (68, 75), (58, 76), (63, 76), (64, 76), (65, 76), (59, 77), (60, 77), (61, 77), (62, 77)]
[(78, 71), (79, 71), (75, 72), (76, 72), (77, 72), (80, 72), (72, 73), (73, 73), (74, 73), (69, 74), (70, 74), (71, 74), (66, 75), (67, 75), (68, 75), (79, 75), (63, 76), (64, 76), (65, 76), (59, 77), (60, 77), (61, 77), (62, 77), (78, 78), (58, 80), (77, 81), (57, 83), (76, 84), (56, 86), (75, 87), (55, 89), (74, 90), (54, 92), (73, 92), (74, 92), (70, 93), (71, 93), (72, 93), (67, 94), (68, 94), (69, 94), (53, 95), (64, 95), (65, 95), (66, 95), (61, 96), (62, 96), (63, 96), (53, 97), (58, 97), (59, 97), (60, 97), (54, 98), (55, 98), (56, 98), (57, 98)]
[(99, 66), (100, 66), (96, 67), (97, 67), (98, 67), (101, 67), (93, 68), (94, 68), (95, 68), (90, 69), (91, 69), (92, 69), (87, 70), (88, 70), (89, 70), (100, 70), (84, 71), (85, 71), (86, 71), (80, 72), (81, 72), (82, 72), (83, 72), (99, 73), (79, 75), (98, 76), (78, 78), (97, 79), (77, 81), (96, 82), (76, 84), (95, 85), (75, 87), (94, 87), (95, 87), (91, 88), (92, 88), (93, 88), (88, 89), (89, 89), (90, 89), (74, 90), (85, 90), (86, 90), (87, 90), (82, 91), (83, 91), (84, 91), (74, 92), (79, 92), (80, 92), (81, 92), (75, 93), (76, 93), (77, 93), (78, 93)]
[(94, 87), (95, 87), (91, 88), (92, 88), (93, 88), (96, 88), (88, 89), (89, 89), (90, 89), (85, 90), (86, 90), (87, 90), (82, 91), (83, 91), (84, 91), (95, 91), (79, 92), (80, 92), (81, 92), (75, 93), (76, 93), (77, 93), (78, 93), (94, 94), (74, 96), (93, 97), (73, 99), (92, 100), (72, 102), (91, 103), (71, 105), (90, 106), (70, 108), (89, 108), (90, 108), (86, 109), (87, 109), (88, 109), (83, 110), (84, 110), (85, 110), (69, 111), (80, 111), (81, 111), (82, 111), (77, 112), (78, 112), (79, 112), (69, 113), (74, 113), (75, 113), (76, 113), (70, 114), (71, 114), (72, 114), (73, 114)]
[(112, 83), (113, 83), (114, 83), (109, 84), (110, 84), (111, 84), (106, 85), (107, 85), (108, 85), (103, 86), (104, 86), (105, 86), (100, 87), (101, 87), (102, 87), (96, 88), (97, 88), (98, 88), (99, 88), (95, 91), (114, 92), (94, 94), (113, 95), (93, 97), (112, 98), (92, 100), (111, 101), (91, 103), (110, 103), (111, 103), (107, 104), (108, 104), (109, 104), (104, 105), (105, 105), (106, 105), (90, 106), (101, 106), (102, 106), (103, 106), (98, 107), (99, 107), (100, 107), (90, 108), (95, 108), (96, 108), (97, 108), (91, 109), (92, 109), (93, 109), (94, 109)]
[(41, 60), (42, 60), (38, 61), (39, 61), (40, 61), (43, 61), (35, 62), (36, 62), (37, 62), (32, 63), (33, 63), (34, 63), (29, 64), (30, 64), (31, 64), (42, 64), (26, 65), (27, 65), (28, 65), (22, 66), (23, 66), (24, 66), (25, 66), (41, 67), (21, 69), (40, 70), (20, 72), (39, 73), (19, 75), (38, 76), (18, 78), (37, 79), (17, 81), (36, 81), (37, 81), (33, 82), (34, 82), (35, 82), (30, 83), (31, 83), (32, 83), (16, 84), (27, 84), (28, 84), (29, 84), (24, 85), (25, 85), (26, 85), (16, 86), (21, 86), (22, 86), (23, 86), (17, 87), (18, 87), (19, 87), (20, 87)]
[(36, 81), (37, 81), (33, 82), (34, 82), (35, 82), (38, 82), (30, 83), (31, 83), (32, 83), (27, 84), (28, 84), (29, 84), (24, 85), (25, 85), (26, 85), (37, 85), (21, 86), (22, 86), (23, 86), (17, 87), (18, 87), (19, 87), (20, 87), (36, 88), (16, 90), (35, 91), (15, 93), (34, 94), (14, 96), (33, 97), (13, 99), (32, 100), (12, 102), (31, 102), (32, 102), (28, 103), (29, 103), (30, 103), (25, 104), (26, 104), (27, 104), (11, 105), (22, 105), (23, 105), (24, 105), (19, 106), (20, 106), (21, 106), (11, 107), (16, 107), (17, 107), (18, 107), (12, 108), (13, 108), (14, 108), (15, 108)]
[(57, 76), (58, 76), (54, 77), (55, 77), (56, 77), (59, 77), (51, 78), (52, 78), (53, 78), (48, 79), (49, 79), (50, 79), (45, 80), (46, 80), (47, 80), (58, 80), (42, 81), (43, 81), (44, 81), (38, 82), (39, 82), (40, 82), (41, 82), (57, 83), (37, 85), (56, 86), (36, 88), (55, 89), (35, 91), (54, 92), (34, 94), (53, 95), (33, 97), (52, 97), (53, 97), (49, 98), (50, 98), (51, 98), (46, 99), (47, 99), (48, 99), (32, 100), (43, 100), (44, 100), (45, 100), (40, 101), (41, 101), (42, 101), (32, 102), (37, 102), (38, 102), (39, 102), (33, 103), (34, 103), (35, 103), (36, 103)]
[(52, 97), (53, 97), (49, 98), (50, 98), (51, 98), (54, 98), (46, 99), (47, 99), (48, 99), (43, 100), (44, 100), (45, 100), (40, 101), (41, 101), (42, 101), (53, 101), (37, 102), (38, 102), (39, 102), (33, 103), (34, 103), (35, 103), (36, 103), (52, 104), (32, 106), (51, 107), (31, 109), (50, 110), (30, 112), (49, 113)]
[(73, 92), (74, 92), (70, 93), (71, 93), (72, 93), (75, 93), (67, 94), (68, 94), (69, 94), (64, 95), (65, 95), (66, 95), (61, 96), (62, 96), (63, 96), (74, 96), (58, 97), (59, 97), (60, 97), (54, 98), (55, 98), (56, 98), (57, 98), (73, 99), (53, 101), (72, 102), (52, 104), (71, 105), (51, 107), (70, 108), (50, 110), (69, 111), (49, 113), (68, 113), (69, 113), (65, 114), (66, 114), (67, 114)]
[(68, 113), (69, 113), (65, 114), (66, 114), (67, 114), (70, 114)]
[(89, 108), (90, 108), (86, 109), (87, 109), (88, 109), (91, 109), (83, 110), (84, 110), (85, 110), (80, 111), (81, 111), (82, 111), (77, 112), (78, 112), (79, 112), (90, 112), (74, 113), (75, 113), (76, 113), (70, 114), (71, 114), (72, 114), (73, 114)]
[(31, 102), (32, 102), (28, 103), (29, 103), (30, 103), (33, 103), (25, 104), (26, 104), (27, 104), (22, 105), (23, 105), (24, 105), (19, 106), (20, 106), (21, 106), (32, 106), (16, 107), (17, 107), (18, 107), (12, 108), (13, 108), (14, 108), (15, 108), (31, 109), (11, 111), (30, 112), (10, 114)]
