[(108, 38), (109, 38), (110, 38), (111, 38), (105, 39), (106, 39), (107, 39), (112, 39), (101, 40), (102, 40), (103, 40), (104, 40), (113, 40), (97, 41), (98, 41), (99, 41), (100, 41), (114, 41), (93, 42), (94, 42), (95, 42), (96, 42), (92, 45), (114, 45), (91, 49), (113, 49), (90, 53), (112, 53), (89, 56), (111, 56), (88, 60), (89, 60), (108, 60), (109, 60), (110, 60), (111, 60), (90, 61), (105, 61), (106, 61), (107, 61), (91, 62), (101, 62), (102, 62), (103, 62), (104, 62), (92, 63), (97, 63), (98, 63), (99, 63), (100, 63), (93, 64), (94, 64), (95, 64), (96, 64)]
[(114, 45), (113, 49), (112, 53), (111, 56), (110, 60), (111, 60), (112, 61), (113, 62), (114, 63)]
[(114, 67), (113, 71), (112, 75), (111, 78), (110, 82), (111, 82), (112, 83), (113, 84), (114, 85)]
[(64, 38), (65, 38), (66, 38), (67, 38), (61, 39), (62, 39), (63, 39), (68, 39), (57, 40), (58, 40), (59, 40), (60, 40), (69, 40), (53, 41), (54, 41), (55, 41), (56, 41), (70, 41), (49, 42), (50, 42), (51, 42), (52, 42), (71, 42), (48, 45), (70, 45), (47, 49), (69, 49), (46, 53), (68, 53), (45, 56), (67, 56), (44, 60), (45, 60), (64, 60), (65, 60), (66, 60), (67, 60), (46, 61), (61, 61), (62, 61), (63, 61), (47, 62), (57, 62), (58, 62), (59, 62), (60, 62), (48, 63), (53, 63), (54, 63), (55, 63), (56, 63), (49, 64), (50, 64), (51, 64), (52, 64)]
[(86, 38), (87, 38), (88, 38), (89, 38), (83, 39), (84, 39), (85, 39), (90, 39), (79, 40), (80, 40), (81, 40), (82, 40), (91, 40), (75, 41), (76, 41), (77, 41), (78, 41), (92, 41), (71, 42), (72, 42), (73, 42), (74, 42), (93, 42), (70, 45), (92, 45), (69, 49), (91, 49), (68, 53), (90, 53), (67, 56), (89, 56), (66, 60), (67, 60), (86, 60), (87, 60), (88, 60), (89, 60), (68, 61), (83, 61), (84, 61), (85, 61), (69, 62), (79, 62), (80, 62), (81, 62), (82, 62), (70, 63), (75, 63), (76, 63), (77, 63), (78, 63), (71, 64), (72, 64), (73, 64), (74, 64)]
[(86, 60), (87, 60), (88, 60), (89, 60), (83, 61), (84, 61), (85, 61), (90, 61), (79, 62), (80, 62), (81, 62), (82, 62), (91, 62), (75, 63), (76, 63), (77, 63), (78, 63), (92, 63), (71, 64), (72, 64), (73, 64), (74, 64), (93, 64), (70, 67), (92, 67), (69, 71), (91, 71), (68, 75), (90, 75), (67, 78), (89, 78), (66, 82), (67, 82), (86, 82), (87, 82), (88, 82), (89, 82), (68, 83), (83, 83), (84, 83), (85, 83), (69, 84), (79, 84), (80, 84), (81, 84), (82, 84), (70, 85), (75, 85), (76, 85), (77, 85), (78, 85), (71, 86), (72, 86), (73, 86), (74, 86)]
[(108, 60), (109, 60), (110, 60), (111, 60), (105, 61), (106, 61), (107, 61), (112, 61), (101, 62), (102, 62), (103, 62), (104, 62), (113, 62), (97, 63), (98, 63), (99, 63), (100, 63), (114, 63), (93, 64), (94, 64), (95, 64), (96, 64), (92, 67), (114, 67), (91, 71), (113, 71), (90, 75), (112, 75), (89, 78), (111, 78), (88, 82), (89, 82), (108, 82), (109, 82), (110, 82), (111, 82), (90, 83), (105, 83), (106, 83), (107, 83), (91, 84), (101, 84), (102, 84), (103, 84), (104, 84), (92, 85), (97, 85), (98, 85), (99, 85), (100, 85), (93, 86), (94, 86), (95, 86), (96, 86)]
[(108, 82), (109, 82), (110, 82), (111, 82), (105, 83), (106, 83), (107, 83), (112, 83), (101, 84), (102, 84), (103, 84), (104, 84), (113, 84), (97, 85), (98, 85), (99, 85), (100, 85), (114, 85), (93, 86), (94, 86), (95, 86), (96, 86), (92, 89), (114, 89), (91, 93), (113, 93), (90, 97), (112, 97), (89, 100), (111, 100), (88, 104), (89, 104), (108, 104), (109, 104), (110, 104), (111, 104), (90, 105), (105, 105), (106, 105), (107, 105), (91, 106), (101, 106), (102, 106), (103, 106), (104, 106), (92, 107), (97, 107), (98, 107), (99, 107), (100, 107), (93, 108), (94, 108), (95, 108), (96, 108)]
[(114, 89), (113, 93), (112, 97), (111, 100), (110, 104), (111, 104), (112, 105), (113, 106), (114, 107)]
[(42, 60), (43, 60), (44, 60), (45, 60), (39, 61), (40, 61), (41, 61), (46, 61), (35, 62), (36, 62), (37, 62), (38, 62), (47, 62), (31, 63), (32, 63), (33, 63), (34, 63), (48, 63), (27, 64), (28, 64), (29, 64), (30, 64), (49, 64), (26, 67), (48, 67), (25, 71), (47, 71), (24, 75), (46, 75), (23, 78), (45, 78), (22, 82), (23, 82), (42, 82), (43, 82), (44, 82), (45, 82), (24, 83), (39, 83), (40, 83), (41, 83), (25, 84), (35, 84), (36, 84), (37, 84), (38, 84), (26, 85), (31, 85), (32, 85), (33, 85), (34, 85), (27, 86), (28, 86), (29, 86), (30, 86)]
[(64, 60), (65, 60), (66, 60), (67, 60), (61, 61), (62, 61), (63, 61), (68, 61), (57, 62), (58, 62), (59, 62), (60, 62), (69, 62), (53, 63), (54, 63), (55, 63), (56, 63), (70, 63), (49, 64), (50, 64), (51, 64), (52, 64), (71, 64), (48, 67), (70, 67), (47, 71), (69, 71), (46, 75), (68, 75), (45, 78), (67, 78), (44, 82), (45, 82), (64, 82), (65, 82), (66, 82), (67, 82), (46, 83), (61, 83), (62, 83), (63, 83), (47, 84), (57, 84), (58, 84), (59, 84), (60, 84), (48, 85), (53, 85), (54, 85), (55, 85), (56, 85), (49, 86), (50, 86), (51, 86), (52, 86)]
[(64, 82), (65, 82), (66, 82), (67, 82), (61, 83), (62, 83), (63, 83), (68, 83), (57, 84), (58, 84), (59, 84), (60, 84), (69, 84), (53, 85), (54, 85), (55, 85), (56, 85), (70, 85), (49, 86), (50, 86), (51, 86), (52, 86), (71, 86), (48, 89), (70, 89), (47, 93), (69, 93), (46, 97), (68, 97), (45, 100), (67, 100), (44, 104), (45, 104), (64, 104), (65, 104), (66, 104), (67, 104), (46, 105), (61, 105), (62, 105), (63, 105), (47, 106), (57, 106), (58, 106), (59, 106), (60, 106), (48, 107), (53, 107), (54, 107), (55, 107), (56, 107), (49, 108), (50, 108), (51, 108), (52, 108)]
[(86, 82), (87, 82), (88, 82), (89, 82), (83, 83), (84, 83), (85, 83), (90, 83), (79, 84), (80, 84), (81, 84), (82, 84), (91, 84), (75, 85), (76, 85), (77, 85), (78, 85), (92, 85), (71, 86), (72, 86), (73, 86), (74, 86), (93, 86), (70, 89), (92, 89), (69, 93), (91, 93), (68, 97), (90, 97), (67, 100), (89, 100), (66, 104), (67, 104), (86, 104), (87, 104), (88, 104), (89, 104), (68, 105), (83, 105), (84, 105), (85, 105), (69, 106), (79, 106), (80, 106), (81, 106), (82, 106), (70, 107), (75, 107), (76, 107), (77, 107), (78, 107), (71, 108), (72, 108), (73, 108), (74, 108)]
[(86, 104), (87, 104), (88, 104), (89, 104), (83, 105), (84, 105), (85, 105), (90, 105), (79, 106), (80, 106), (81, 106), (82, 106), (91, 106), (75, 107), (76, 107), (77, 107), (78, 107), (92, 107), (71, 108), (72, 108), (73, 108), (74, 108), (93, 108), (70, 111), (92, 111)]
[(108, 104), (109, 104), (110, 104), (111, 104), (105, 105), (106, 105), (107, 105), (112, 105), (101, 106), (102, 106), (103, 106), (104, 106), (113, 106), (97, 107), (98, 107), (99, 107), (100, 107), (114, 107), (93, 108), (94, 108), (95, 108), (96, 108), (92, 111), (114, 111)]
[(42, 82), (43, 82), (44, 82), (45, 82), (39, 83), (40, 83), (41, 83), (46, 83), (35, 84), (36, 84), (37, 84), (38, 84), (47, 84), (31, 85), (32, 85), (33, 85), (34, 85), (48, 85), (27, 86), (28, 86), (29, 86), (30, 86), (49, 86), (26, 89), (48, 89), (25, 93), (47, 93), (24, 97), (46, 97), (23, 100), (45, 100), (22, 104), (23, 104), (42, 104), (43, 104), (44, 104), (45, 104), (24, 105), (39, 105), (40, 105), (41, 105), (25, 106), (35, 106), (36, 106), (37, 106), (38, 106), (26, 107), (31, 107), (32, 107), (33, 107), (34, 107), (27, 108), (28, 108), (29, 108), (30, 108)]
[(42, 104), (43, 104), (44, 104), (45, 104), (39, 105), (40, 105), (41, 105), (46, 105), (35, 106), (36, 106), (37, 106), (38, 106), (47, 106), (31, 107), (32, 107), (33, 107), (34, 107), (48, 107), (27, 108), (28, 108), (29, 108), (30, 108), (49, 108), (26, 111), (48, 111)]
[(64, 104), (65, 104), (66, 104), (67, 104), (61, 105), (62, 105), (63, 105), (68, 105), (57, 106), (58, 106), (59, 106), (60, 106), (69, 106), (53, 107), (54, 107), (55, 107), (56, 107), (70, 107), (49, 108), (50, 108), (51, 108), (52, 108), (71, 108), (48, 111), (70, 111)]
