[(83, 33), (84, 33), (85, 33), (86, 33), (80, 34), (81, 34), (82, 34), (87, 34), (76, 35), (77, 35), (78, 35), (79, 35), (88, 35), (73, 36), (74, 36), (75, 36), (89, 36), (69, 37), (70, 37), (71, 37), (72, 37), (90, 37), (91, 38), (92, 39), (68, 40), (91, 42), (67, 43), (90, 45), (66, 47), (89, 49), (65, 50), (88, 52), (64, 54), (65, 54), (66, 55), (67, 56), (85, 56), (86, 56), (87, 56), (88, 56), (68, 57), (82, 57), (83, 57), (84, 57), (69, 58), (78, 58), (79, 58), (80, 58), (81, 58), (70, 59), (75, 59), (76, 59), (77, 59), (71, 60), (72, 60), (73, 60), (74, 60)]
[(106, 35), (107, 35), (108, 35), (109, 35), (103, 36), (104, 36), (105, 36), (110, 36), (99, 37), (100, 37), (101, 37), (102, 37), (111, 37), (96, 38), (97, 38), (98, 38), (112, 38), (92, 39), (93, 39), (94, 39), (95, 39), (113, 39), (114, 40), (91, 42), (114, 44), (90, 45), (113, 47), (89, 49), (112, 51), (88, 52), (111, 54), (87, 56), (88, 56), (89, 57), (90, 58), (108, 58), (109, 58), (110, 58), (111, 58), (91, 59), (105, 59), (106, 59), (107, 59), (92, 60), (101, 60), (102, 60), (103, 60), (104, 60), (93, 61), (98, 61), (99, 61), (100, 61), (94, 62), (95, 62), (96, 62), (97, 62)]
[(108, 58), (109, 58), (110, 58), (111, 58), (105, 59), (106, 59), (107, 59), (112, 59), (101, 60), (102, 60), (103, 60), (104, 60), (113, 60), (98, 61), (99, 61), (100, 61), (114, 61), (94, 62), (95, 62), (96, 62), (97, 62), (93, 65), (92, 68), (91, 72), (114, 74), (90, 75), (113, 77), (89, 79), (90, 79), (91, 80), (92, 81), (110, 81), (111, 81), (112, 81), (113, 81), (93, 82), (107, 82), (108, 82), (109, 82), (94, 83), (103, 83), (104, 83), (105, 83), (106, 83), (95, 84), (100, 84), (101, 84), (102, 84), (96, 85), (97, 85), (98, 85), (99, 85)]
[(114, 74), (113, 77), (112, 81), (113, 81), (114, 82)]
[(114, 104)]
[(37, 29), (38, 29), (39, 29), (40, 29), (34, 30), (35, 30), (36, 30), (41, 30), (30, 31), (31, 31), (32, 31), (33, 31), (42, 31), (27, 32), (28, 32), (29, 32), (43, 32), (23, 33), (24, 33), (25, 33), (26, 33), (44, 33), (45, 34), (46, 35), (22, 36), (45, 38), (21, 39), (44, 41), (20, 43), (43, 45), (19, 46), (42, 48), (18, 50), (19, 50), (20, 51), (21, 52), (39, 52), (40, 52), (41, 52), (42, 52), (22, 53), (36, 53), (37, 53), (38, 53), (23, 54), (32, 54), (33, 54), (34, 54), (35, 54), (24, 55), (29, 55), (30, 55), (31, 55), (25, 56), (26, 56), (27, 56), (28, 56)]
[(60, 31), (61, 31), (62, 31), (63, 31), (57, 32), (58, 32), (59, 32), (64, 32), (53, 33), (54, 33), (55, 33), (56, 33), (65, 33), (50, 34), (51, 34), (52, 34), (66, 34), (46, 35), (47, 35), (48, 35), (49, 35), (67, 35), (68, 36), (69, 37), (45, 38), (68, 40), (44, 41), (67, 43), (43, 45), (66, 47), (42, 48), (65, 50), (41, 52), (42, 52), (43, 53), (44, 54), (62, 54), (63, 54), (64, 54), (65, 54), (45, 55), (59, 55), (60, 55), (61, 55), (46, 56), (55, 56), (56, 56), (57, 56), (58, 56), (47, 57), (52, 57), (53, 57), (54, 57), (48, 58), (49, 58), (50, 58), (51, 58)]
[(62, 54), (63, 54), (64, 54), (65, 54), (59, 55), (60, 55), (61, 55), (66, 55), (55, 56), (56, 56), (57, 56), (58, 56), (67, 56), (52, 57), (53, 57), (54, 57), (68, 57), (48, 58), (49, 58), (50, 58), (51, 58), (69, 58), (70, 59), (71, 60), (47, 61), (70, 63), (46, 64), (69, 66), (45, 68), (68, 70), (44, 71), (67, 73), (43, 75), (44, 75), (45, 76), (46, 77), (64, 77), (65, 77), (66, 77), (67, 77), (47, 78), (61, 78), (62, 78), (63, 78), (48, 79), (57, 79), (58, 79), (59, 79), (60, 79), (49, 80), (54, 80), (55, 80), (56, 80), (50, 81), (51, 81), (52, 81), (53, 81)]
[(85, 56), (86, 56), (87, 56), (88, 56), (82, 57), (83, 57), (84, 57), (89, 57), (78, 58), (79, 58), (80, 58), (81, 58), (90, 58), (75, 59), (76, 59), (77, 59), (91, 59), (71, 60), (72, 60), (73, 60), (74, 60), (92, 60), (93, 61), (94, 62), (70, 63), (93, 65), (69, 66), (92, 68), (68, 70), (91, 72), (67, 73), (90, 75), (66, 77), (67, 77), (68, 78), (69, 79), (87, 79), (88, 79), (89, 79), (90, 79), (70, 80), (84, 80), (85, 80), (86, 80), (71, 81), (80, 81), (81, 81), (82, 81), (83, 81), (72, 82), (77, 82), (78, 82), (79, 82), (73, 83), (74, 83), (75, 83), (76, 83)]
[(87, 79), (88, 79), (89, 79), (90, 79), (84, 80), (85, 80), (86, 80), (91, 80), (80, 81), (81, 81), (82, 81), (83, 81), (92, 81), (77, 82), (78, 82), (79, 82), (93, 82), (73, 83), (74, 83), (75, 83), (76, 83), (94, 83), (95, 84), (96, 85), (72, 86), (95, 88), (71, 89), (94, 91), (70, 93), (93, 95), (69, 96), (92, 98), (68, 100), (69, 100), (70, 101), (71, 102), (89, 102), (90, 102), (91, 102), (92, 102), (72, 103), (86, 103), (87, 103), (88, 103), (73, 104), (82, 104), (83, 104), (84, 104), (85, 104), (74, 105), (79, 105), (80, 105), (81, 105), (75, 106), (76, 106), (77, 106), (78, 106)]
[(110, 81), (111, 81), (112, 81), (113, 81), (107, 82), (108, 82), (109, 82), (114, 82), (103, 83), (104, 83), (105, 83), (106, 83), (100, 84), (101, 84), (102, 84), (96, 85), (97, 85), (98, 85), (99, 85), (95, 88), (94, 91), (93, 95), (92, 98), (91, 102), (92, 102), (93, 103), (94, 104), (112, 104), (113, 104), (114, 104), (95, 105), (109, 105), (110, 105), (111, 105), (96, 106), (105, 106), (106, 106), (107, 106), (108, 106), (97, 107), (102, 107), (103, 107), (104, 107), (98, 108), (99, 108), (100, 108), (101, 108)]
[(112, 104), (113, 104), (114, 104), (109, 105), (110, 105), (111, 105), (105, 106), (106, 106), (107, 106), (108, 106), (102, 107), (103, 107), (104, 107), (98, 108), (99, 108), (100, 108), (101, 108), (97, 111), (96, 114)]
[(16, 50), (17, 50), (18, 50), (19, 50), (13, 51), (14, 51), (15, 51), (20, 51), (9, 52), (10, 52), (11, 52), (12, 52), (21, 52), (6, 53), (7, 53), (8, 53), (22, 53), (2, 54), (3, 54), (4, 54), (5, 54), (23, 54), (24, 55), (25, 56), (1, 57), (24, 59), (0, 60), (23, 62), (22, 66), (21, 69), (0, 73), (18, 73), (19, 73), (20, 73), (21, 73), (1, 74), (15, 74), (16, 74), (17, 74), (2, 75), (11, 75), (12, 75), (13, 75), (14, 75), (3, 76), (8, 76), (9, 76), (10, 76), (4, 77), (5, 77), (6, 77), (7, 77)]
[(39, 52), (40, 52), (41, 52), (42, 52), (36, 53), (37, 53), (38, 53), (43, 53), (32, 54), (33, 54), (34, 54), (35, 54), (44, 54), (29, 55), (30, 55), (31, 55), (45, 55), (25, 56), (26, 56), (27, 56), (28, 56), (46, 56), (47, 57), (48, 58), (24, 59), (47, 61), (23, 62), (46, 64), (22, 66), (45, 68), (21, 69), (44, 71), (20, 73), (21, 73), (22, 74), (23, 75), (41, 75), (42, 75), (43, 75), (44, 75), (24, 76), (38, 76), (39, 76), (40, 76), (25, 77), (34, 77), (35, 77), (36, 77), (37, 77), (26, 78), (31, 78), (32, 78), (33, 78), (27, 79), (28, 79), (29, 79), (30, 79)]
[(41, 75), (42, 75), (43, 75), (44, 75), (38, 76), (39, 76), (40, 76), (45, 76), (34, 77), (35, 77), (36, 77), (37, 77), (46, 77), (31, 78), (32, 78), (33, 78), (47, 78), (27, 79), (28, 79), (29, 79), (30, 79), (48, 79), (49, 80), (50, 81), (26, 82), (49, 84), (25, 85), (48, 87), (24, 89), (47, 91), (23, 92), (46, 94), (22, 96), (23, 96), (24, 97), (25, 98), (43, 98), (44, 98), (45, 98), (46, 98), (26, 99), (40, 99), (41, 99), (42, 99), (27, 100), (36, 100), (37, 100), (38, 100), (39, 100), (28, 101), (33, 101), (34, 101), (35, 101), (29, 102), (30, 102), (31, 102), (32, 102)]
[(64, 77), (65, 77), (66, 77), (67, 77), (61, 78), (62, 78), (63, 78), (68, 78), (57, 79), (58, 79), (59, 79), (60, 79), (69, 79), (54, 80), (55, 80), (56, 80), (70, 80), (50, 81), (51, 81), (52, 81), (53, 81), (71, 81), (72, 82), (73, 83), (49, 84), (72, 86), (48, 87), (71, 89), (47, 91), (70, 93), (46, 94), (69, 96), (45, 98), (46, 98), (47, 99), (48, 100), (66, 100), (67, 100), (68, 100), (69, 100), (49, 101), (63, 101), (64, 101), (65, 101), (50, 102), (59, 102), (60, 102), (61, 102), (62, 102), (51, 103), (56, 103), (57, 103), (58, 103), (52, 104), (53, 104), (54, 104), (55, 104)]
[(66, 100), (67, 100), (68, 100), (69, 100), (63, 101), (64, 101), (65, 101), (70, 101), (59, 102), (60, 102), (61, 102), (62, 102), (71, 102), (56, 103), (57, 103), (58, 103), (72, 103), (52, 104), (53, 104), (54, 104), (55, 104), (73, 104), (74, 105), (75, 106), (51, 107), (74, 109), (50, 110), (73, 112), (49, 114)]
[(89, 102), (90, 102), (91, 102), (92, 102), (86, 103), (87, 103), (88, 103), (93, 103), (82, 104), (83, 104), (84, 104), (85, 104), (94, 104), (79, 105), (80, 105), (81, 105), (95, 105), (75, 106), (76, 106), (77, 106), (78, 106), (96, 106), (97, 107), (98, 108), (74, 109), (97, 111), (73, 112), (96, 114)]
[(18, 73), (19, 73), (20, 73), (21, 73), (15, 74), (16, 74), (17, 74), (22, 74), (11, 75), (12, 75), (13, 75), (14, 75), (23, 75), (8, 76), (9, 76), (10, 76), (24, 76), (4, 77), (5, 77), (6, 77), (7, 77), (25, 77), (26, 78), (27, 79), (3, 80), (26, 82), (2, 83), (25, 85), (1, 87), (24, 89), (0, 90), (23, 92), (0, 94), (1, 95), (2, 96), (20, 96), (21, 96), (22, 96), (23, 96), (3, 97), (17, 97), (18, 97), (19, 97), (4, 98), (13, 98), (14, 98), (15, 98), (16, 98), (5, 99), (10, 99), (11, 99), (12, 99), (6, 100), (7, 100), (8, 100), (9, 100)]
[(20, 96), (21, 96), (22, 96), (23, 96), (17, 97), (18, 97), (19, 97), (24, 97), (13, 98), (14, 98), (15, 98), (16, 98), (25, 98), (10, 99), (11, 99), (12, 99), (26, 99), (6, 100), (7, 100), (8, 100), (9, 100), (27, 100), (28, 101), (29, 102), (5, 103), (28, 105), (4, 106), (27, 108), (3, 110), (26, 112), (2, 113)]
[(43, 98), (44, 98), (45, 98), (46, 98), (40, 99), (41, 99), (42, 99), (47, 99), (36, 100), (37, 100), (38, 100), (39, 100), (48, 100), (33, 101), (34, 101), (35, 101), (49, 101), (29, 102), (30, 102), (31, 102), (32, 102), (50, 102), (51, 103), (52, 104), (28, 105), (51, 107), (27, 108), (50, 110), (26, 112), (49, 114)]
