[(76, 26), (77, 26), (73, 27), (74, 27), (75, 27), (78, 27), (71, 28), (72, 28), (79, 28), (68, 29), (69, 29), (70, 29), (80, 29), (66, 30), (67, 30), (63, 31), (64, 31), (65, 31), (79, 31), (60, 32), (61, 32), (62, 32), (59, 34), (78, 34), (77, 36), (58, 37), (57, 39), (76, 39), (75, 41), (56, 42), (55, 44), (74, 44), (73, 46), (74, 46), (54, 47), (70, 47), (71, 47), (72, 47), (68, 48), (69, 48), (54, 49), (65, 49), (66, 49), (67, 49), (55, 50), (63, 50), (64, 50), (56, 51), (60, 51), (61, 51), (62, 51), (57, 52), (58, 52), (59, 52)]
[(96, 23), (97, 23), (93, 24), (94, 24), (95, 24), (98, 24), (91, 25), (92, 25), (99, 25), (88, 26), (89, 26), (90, 26), (100, 26), (86, 27), (87, 27), (83, 28), (84, 28), (85, 28), (99, 28), (80, 29), (81, 29), (82, 29), (79, 31), (98, 31), (97, 33), (78, 34), (77, 36), (96, 36), (95, 38), (76, 39), (75, 41), (94, 41), (93, 43), (94, 43), (74, 44), (90, 44), (91, 44), (92, 44), (88, 45), (89, 45), (74, 46), (85, 46), (86, 46), (87, 46), (75, 47), (83, 47), (84, 47), (76, 48), (80, 48), (81, 48), (82, 48), (77, 49), (78, 49), (79, 49)]
[(93, 43), (94, 43), (90, 44), (91, 44), (92, 44), (95, 44), (88, 45), (89, 45), (96, 45), (85, 46), (86, 46), (87, 46), (97, 46), (83, 47), (84, 47), (80, 48), (81, 48), (82, 48), (96, 48), (77, 49), (78, 49), (79, 49), (76, 51), (95, 51), (94, 53), (75, 54), (74, 56), (93, 56), (92, 58), (73, 59), (72, 61), (91, 61), (90, 63), (91, 63), (71, 64), (87, 64), (88, 64), (89, 64), (85, 65), (86, 65), (71, 66), (82, 66), (83, 66), (84, 66), (72, 67), (80, 67), (81, 67), (73, 68), (77, 68), (78, 68), (79, 68), (74, 69), (75, 69), (76, 69)]
[(113, 40), (114, 40), (110, 41), (111, 41), (112, 41), (108, 42), (109, 42), (105, 43), (106, 43), (107, 43), (103, 44), (104, 44), (100, 45), (101, 45), (102, 45), (97, 46), (98, 46), (99, 46), (96, 48), (114, 50), (95, 51), (94, 53), (113, 53), (112, 55), (93, 56), (92, 58), (111, 58), (110, 60), (111, 60), (91, 61), (107, 61), (108, 61), (109, 61), (105, 62), (106, 62), (91, 63), (102, 63), (103, 63), (104, 63), (92, 64), (100, 64), (101, 64), (93, 65), (97, 65), (98, 65), (99, 65), (94, 66), (95, 66), (96, 66)]
[(110, 60), (111, 60), (107, 61), (108, 61), (109, 61), (112, 61), (105, 62), (106, 62), (113, 62), (102, 63), (103, 63), (104, 63), (114, 63), (100, 64), (101, 64), (97, 65), (98, 65), (99, 65), (113, 65), (94, 66), (95, 66), (96, 66), (93, 68), (112, 68), (111, 70), (92, 71), (91, 73), (110, 73), (109, 75), (90, 76), (89, 78), (108, 78), (107, 80), (108, 80), (88, 81), (104, 81), (105, 81), (106, 81), (102, 82), (103, 82), (88, 83), (99, 83), (100, 83), (101, 83), (89, 84), (97, 84), (98, 84), (90, 85), (94, 85), (95, 85), (96, 85), (91, 86), (92, 86), (93, 86)]
[(114, 63), (113, 65), (112, 68), (111, 70), (110, 73), (109, 75), (108, 78), (108, 80), (109, 81), (110, 82), (114, 82), (111, 83), (112, 83), (113, 83)]
[(114, 82), (111, 83), (112, 83), (113, 83), (110, 85), (109, 88), (108, 90), (107, 93), (106, 95), (105, 98), (105, 100), (106, 101), (114, 101), (107, 102), (111, 102), (112, 102), (113, 102), (108, 103), (109, 103), (110, 103)]
[(36, 32), (37, 32), (33, 33), (34, 33), (35, 33), (38, 33), (31, 34), (32, 34), (39, 34), (28, 35), (29, 35), (30, 35), (40, 35), (26, 36), (27, 36), (23, 37), (24, 37), (25, 37), (39, 37), (20, 38), (21, 38), (22, 38), (19, 40), (38, 40), (37, 42), (18, 43), (17, 45), (36, 45), (35, 47), (16, 48), (15, 50), (34, 50), (33, 52), (34, 52), (14, 53), (30, 53), (31, 53), (32, 53), (28, 54), (29, 54), (14, 55), (25, 55), (26, 55), (27, 55), (15, 56), (23, 56), (24, 56), (16, 57), (20, 57), (21, 57), (22, 57), (17, 58), (18, 58), (19, 58)]
[(56, 29), (57, 29), (53, 30), (54, 30), (55, 30), (58, 30), (51, 31), (52, 31), (59, 31), (48, 32), (49, 32), (50, 32), (60, 32), (46, 33), (47, 33), (43, 34), (44, 34), (45, 34), (59, 34), (40, 35), (41, 35), (42, 35), (39, 37), (58, 37), (57, 39), (38, 40), (37, 42), (56, 42), (55, 44), (36, 45), (35, 47), (54, 47), (53, 49), (54, 49), (34, 50), (50, 50), (51, 50), (52, 50), (48, 51), (49, 51), (34, 52), (45, 52), (46, 52), (47, 52), (35, 53), (43, 53), (44, 53), (36, 54), (40, 54), (41, 54), (42, 54), (37, 55), (38, 55), (39, 55)]
[(53, 49), (54, 49), (50, 50), (51, 50), (52, 50), (55, 50), (48, 51), (49, 51), (56, 51), (45, 52), (46, 52), (47, 52), (57, 52), (43, 53), (44, 53), (40, 54), (41, 54), (42, 54), (56, 54), (37, 55), (38, 55), (39, 55), (36, 57), (55, 57), (54, 59), (35, 60), (34, 62), (53, 62), (52, 64), (33, 65), (32, 67), (51, 67), (50, 69), (51, 69), (31, 70), (47, 70), (48, 70), (49, 70), (45, 71), (46, 71), (31, 72), (42, 72), (43, 72), (44, 72), (32, 73), (40, 73), (41, 73), (33, 74), (37, 74), (38, 74), (39, 74), (34, 75), (35, 75), (36, 75)]
[(73, 46), (74, 46), (70, 47), (71, 47), (72, 47), (75, 47), (68, 48), (69, 48), (76, 48), (65, 49), (66, 49), (67, 49), (77, 49), (63, 50), (64, 50), (60, 51), (61, 51), (62, 51), (76, 51), (57, 52), (58, 52), (59, 52), (56, 54), (75, 54), (74, 56), (55, 57), (54, 59), (73, 59), (72, 61), (53, 62), (52, 64), (71, 64), (70, 66), (71, 66), (51, 67), (67, 67), (68, 67), (69, 67), (65, 68), (66, 68), (51, 69), (62, 69), (63, 69), (64, 69), (52, 70), (60, 70), (61, 70), (53, 71), (57, 71), (58, 71), (59, 71), (54, 72), (55, 72), (56, 72)]
[(70, 66), (71, 66), (67, 67), (68, 67), (69, 67), (72, 67), (65, 68), (66, 68), (73, 68), (62, 69), (63, 69), (64, 69), (74, 69), (60, 70), (61, 70), (57, 71), (58, 71), (59, 71), (73, 71), (54, 72), (55, 72), (56, 72), (53, 74), (72, 74), (71, 76), (52, 77), (51, 79), (70, 79), (69, 81), (50, 82), (49, 84), (68, 84), (67, 86), (68, 86), (48, 87), (64, 87), (65, 87), (66, 87), (62, 88), (63, 88), (48, 89), (59, 89), (60, 89), (61, 89), (49, 90), (57, 90), (58, 90), (50, 91), (54, 91), (55, 91), (56, 91), (51, 92), (52, 92), (53, 92)]
[(90, 63), (91, 63), (87, 64), (88, 64), (89, 64), (92, 64), (85, 65), (86, 65), (93, 65), (82, 66), (83, 66), (84, 66), (94, 66), (80, 67), (81, 67), (77, 68), (78, 68), (79, 68), (93, 68), (74, 69), (75, 69), (76, 69), (73, 71), (92, 71), (91, 73), (72, 74), (71, 76), (90, 76), (89, 78), (70, 79), (69, 81), (88, 81), (87, 83), (88, 83), (68, 84), (84, 84), (85, 84), (86, 84), (82, 85), (83, 85), (68, 86), (79, 86), (80, 86), (81, 86), (69, 87), (77, 87), (78, 87), (70, 88), (74, 88), (75, 88), (76, 88), (71, 89), (72, 89), (73, 89)]
[(87, 83), (88, 83), (84, 84), (85, 84), (86, 84), (89, 84), (82, 85), (83, 85), (90, 85), (79, 86), (80, 86), (81, 86), (91, 86), (77, 87), (78, 87), (74, 88), (75, 88), (76, 88), (90, 88), (71, 89), (72, 89), (73, 89), (70, 91), (89, 91), (88, 93), (69, 94), (68, 96), (87, 96), (86, 98), (67, 99), (66, 101), (85, 101), (84, 103), (85, 103), (65, 104), (81, 104), (82, 104), (83, 104), (79, 105), (80, 105), (65, 106), (76, 106), (77, 106), (78, 106), (66, 107), (74, 107), (75, 107), (67, 108), (71, 108), (72, 108), (73, 108), (68, 109), (69, 109), (70, 109)]
[(107, 80), (108, 80), (104, 81), (105, 81), (106, 81), (109, 81), (102, 82), (103, 82), (110, 82), (99, 83), (100, 83), (101, 83), (111, 83), (97, 84), (98, 84), (94, 85), (95, 85), (96, 85), (110, 85), (91, 86), (92, 86), (93, 86), (90, 88), (109, 88), (108, 90), (89, 91), (88, 93), (107, 93), (106, 95), (87, 96), (86, 98), (105, 98), (104, 100), (105, 100), (85, 101), (101, 101), (102, 101), (103, 101), (99, 102), (100, 102), (85, 103), (96, 103), (97, 103), (98, 103), (86, 104), (94, 104), (95, 104), (87, 105), (91, 105), (92, 105), (93, 105), (88, 106), (89, 106), (90, 106)]
[(104, 100), (105, 100), (101, 101), (102, 101), (103, 101), (106, 101), (99, 102), (100, 102), (107, 102), (96, 103), (97, 103), (98, 103), (108, 103), (94, 104), (95, 104), (91, 105), (92, 105), (93, 105), (107, 105), (88, 106), (89, 106), (90, 106), (87, 108), (106, 108), (105, 110), (86, 111), (85, 113), (104, 113)]
[(114, 101), (111, 102), (112, 102), (113, 102), (108, 103), (109, 103), (110, 103), (107, 105), (106, 108), (105, 110), (104, 113)]
[(13, 55), (14, 55), (10, 56), (11, 56), (12, 56), (15, 56), (8, 57), (9, 57), (16, 57), (5, 58), (6, 58), (7, 58), (17, 58), (3, 59), (4, 59), (0, 60), (1, 60), (2, 60), (16, 60), (15, 63), (14, 65), (13, 68), (12, 70), (11, 73), (10, 75), (11, 75), (7, 76), (8, 76), (9, 76), (5, 77), (6, 77), (2, 78), (3, 78), (4, 78), (0, 79), (1, 79)]
[(33, 52), (34, 52), (30, 53), (31, 53), (32, 53), (35, 53), (28, 54), (29, 54), (36, 54), (25, 55), (26, 55), (27, 55), (37, 55), (23, 56), (24, 56), (20, 57), (21, 57), (22, 57), (36, 57), (17, 58), (18, 58), (19, 58), (16, 60), (35, 60), (34, 62), (15, 63), (14, 65), (33, 65), (32, 67), (13, 68), (12, 70), (31, 70), (30, 72), (31, 72), (11, 73), (27, 73), (28, 73), (29, 73), (25, 74), (26, 74), (11, 75), (22, 75), (23, 75), (24, 75), (12, 76), (20, 76), (21, 76), (13, 77), (17, 77), (18, 77), (19, 77), (14, 78), (15, 78), (16, 78)]
[(30, 72), (31, 72), (27, 73), (28, 73), (29, 73), (32, 73), (25, 74), (26, 74), (33, 74), (22, 75), (23, 75), (24, 75), (34, 75), (20, 76), (21, 76), (17, 77), (18, 77), (19, 77), (33, 77), (14, 78), (15, 78), (16, 78), (13, 80), (32, 80), (31, 82), (12, 83), (11, 85), (30, 85), (29, 87), (10, 88), (9, 90), (28, 90), (27, 92), (28, 92), (8, 93), (24, 93), (25, 93), (26, 93), (22, 94), (23, 94), (8, 95), (19, 95), (20, 95), (21, 95), (9, 96), (17, 96), (18, 96), (10, 97), (14, 97), (15, 97), (16, 97), (11, 98), (12, 98), (13, 98)]
[(50, 69), (51, 69), (47, 70), (48, 70), (49, 70), (52, 70), (45, 71), (46, 71), (53, 71), (42, 72), (43, 72), (44, 72), (54, 72), (40, 73), (41, 73), (37, 74), (38, 74), (39, 74), (53, 74), (34, 75), (35, 75), (36, 75), (33, 77), (52, 77), (51, 79), (32, 80), (31, 82), (50, 82), (49, 84), (30, 85), (29, 87), (48, 87), (47, 89), (48, 89), (28, 90), (44, 90), (45, 90), (46, 90), (42, 91), (43, 91), (28, 92), (39, 92), (40, 92), (41, 92), (29, 93), (37, 93), (38, 93), (30, 94), (34, 94), (35, 94), (36, 94), (31, 95), (32, 95), (33, 95)]
[(47, 89), (48, 89), (44, 90), (45, 90), (46, 90), (49, 90), (42, 91), (43, 91), (50, 91), (39, 92), (40, 92), (41, 92), (51, 92), (37, 93), (38, 93), (34, 94), (35, 94), (36, 94), (50, 94), (31, 95), (32, 95), (33, 95), (30, 97), (49, 97), (48, 99), (29, 100), (28, 102), (47, 102), (46, 104), (27, 105), (26, 107), (45, 107), (44, 109), (45, 109), (25, 110), (41, 110), (42, 110), (43, 110), (39, 111), (40, 111), (25, 112), (36, 112), (37, 112), (38, 112), (26, 113), (34, 113), (35, 113), (27, 114), (31, 114), (32, 114), (33, 114)]
[(67, 86), (68, 86), (64, 87), (65, 87), (66, 87), (69, 87), (62, 88), (63, 88), (70, 88), (59, 89), (60, 89), (61, 89), (71, 89), (57, 90), (58, 90), (54, 91), (55, 91), (56, 91), (70, 91), (51, 92), (52, 92), (53, 92), (50, 94), (69, 94), (68, 96), (49, 97), (48, 99), (67, 99), (66, 101), (47, 102), (46, 104), (65, 104), (64, 106), (65, 106), (45, 107), (61, 107), (62, 107), (63, 107), (59, 108), (60, 108), (45, 109), (56, 109), (57, 109), (58, 109), (46, 110), (54, 110), (55, 110), (47, 111), (51, 111), (52, 111), (53, 111), (48, 112), (49, 112), (50, 112)]
[(64, 106), (65, 106), (61, 107), (62, 107), (63, 107), (66, 107), (59, 108), (60, 108), (67, 108), (56, 109), (57, 109), (58, 109), (68, 109), (54, 110), (55, 110), (51, 111), (52, 111), (53, 111), (67, 111), (48, 112), (49, 112), (50, 112), (47, 114), (66, 114)]
[(84, 103), (85, 103), (81, 104), (82, 104), (83, 104), (86, 104), (79, 105), (80, 105), (87, 105), (76, 106), (77, 106), (78, 106), (88, 106), (74, 107), (75, 107), (71, 108), (72, 108), (73, 108), (87, 108), (68, 109), (69, 109), (70, 109), (67, 111), (86, 111), (85, 113), (66, 114)]
[(10, 75), (11, 75), (7, 76), (8, 76), (9, 76), (12, 76), (5, 77), (6, 77), (13, 77), (2, 78), (3, 78), (4, 78), (14, 78), (0, 79), (1, 79), (13, 80), (12, 83), (11, 85), (10, 88), (9, 90), (8, 93), (7, 95), (8, 95), (4, 96), (5, 96), (6, 96), (2, 97), (3, 97), (0, 98), (1, 98)]
[(7, 95), (8, 95), (4, 96), (5, 96), (6, 96), (9, 96), (2, 97), (3, 97), (10, 97), (0, 98), (1, 98), (11, 98), (10, 100), (9, 103), (8, 105), (7, 108), (6, 110), (5, 113)]
[(27, 92), (28, 92), (24, 93), (25, 93), (26, 93), (29, 93), (22, 94), (23, 94), (30, 94), (19, 95), (20, 95), (21, 95), (31, 95), (17, 96), (18, 96), (14, 97), (15, 97), (16, 97), (30, 97), (11, 98), (12, 98), (13, 98), (10, 100), (29, 100), (28, 102), (9, 103), (8, 105), (27, 105), (26, 107), (7, 108), (6, 110), (25, 110), (24, 112), (25, 112), (5, 113), (21, 113), (22, 113), (23, 113), (19, 114), (20, 114)]
[(24, 112), (25, 112), (21, 113), (22, 113), (23, 113), (26, 113), (19, 114), (20, 114), (27, 114)]
[(44, 109), (45, 109), (41, 110), (42, 110), (43, 110), (46, 110), (39, 111), (40, 111), (47, 111), (36, 112), (37, 112), (38, 112), (48, 112), (34, 113), (35, 113), (31, 114), (32, 114), (33, 114), (47, 114)]
