[(113, 30), (114, 30), (110, 31), (111, 31), (112, 31), (108, 32), (109, 32), (106, 33), (107, 33), (103, 34), (104, 34), (105, 34), (101, 35), (102, 35), (99, 36), (100, 36), (96, 37), (97, 37), (98, 37), (95, 39), (94, 41), (93, 44), (92, 46), (91, 48), (90, 51), (89, 53), (88, 55), (113, 57), (114, 57), (87, 58), (111, 58), (112, 58), (88, 59), (108, 59), (109, 59), (110, 59), (89, 60), (106, 60), (107, 60), (90, 61), (104, 61), (105, 61), (91, 62), (101, 62), (102, 62), (103, 62), (92, 63), (99, 63), (100, 63), (93, 64), (97, 64), (98, 64), (94, 65), (95, 65), (96, 65)]
[(114, 81), (113, 84), (114, 85)]
[(61, 32), (59, 33), (60, 33), (62, 33), (57, 34), (58, 34), (63, 34), (54, 35), (55, 35), (56, 35), (64, 35), (52, 36), (53, 36), (65, 36), (50, 37), (51, 37), (66, 37), (47, 38), (48, 38), (49, 38), (67, 38), (45, 39), (46, 39), (68, 39), (43, 40), (44, 40), (40, 41), (41, 41), (42, 41), (67, 41), (39, 43), (66, 43), (38, 45), (65, 46), (37, 48), (64, 48), (36, 50), (63, 50), (35, 52), (62, 53), (34, 55), (61, 55), (33, 57), (60, 57), (32, 59), (59, 60), (57, 61), (58, 61), (31, 62), (55, 62), (56, 62), (32, 63), (52, 63), (53, 63), (54, 63), (33, 64), (50, 64), (51, 64), (34, 65), (48, 65), (49, 65), (35, 66), (45, 66), (46, 66), (47, 66), (36, 67), (43, 67), (44, 67), (37, 68), (41, 68), (42, 68), (38, 69), (39, 69), (40, 69)]
[(89, 30), (87, 31), (88, 31), (90, 31), (85, 32), (86, 32), (91, 32), (82, 33), (83, 33), (84, 33), (92, 33), (80, 34), (81, 34), (93, 34), (78, 35), (79, 35), (94, 35), (75, 36), (76, 36), (77, 36), (95, 36), (73, 37), (74, 37), (96, 37), (71, 38), (72, 38), (68, 39), (69, 39), (70, 39), (95, 39), (67, 41), (94, 41), (66, 43), (93, 44), (65, 46), (92, 46), (64, 48), (91, 48), (63, 50), (90, 51), (62, 53), (89, 53), (61, 55), (88, 55), (60, 57), (87, 58), (85, 59), (86, 59), (59, 60), (83, 60), (84, 60), (60, 61), (80, 61), (81, 61), (82, 61), (61, 62), (78, 62), (79, 62), (62, 63), (76, 63), (77, 63), (63, 64), (73, 64), (74, 64), (75, 64), (64, 65), (71, 65), (72, 65), (65, 66), (69, 66), (70, 66), (66, 67), (67, 67), (68, 67)]
[(87, 58), (85, 59), (86, 59), (88, 59), (83, 60), (84, 60), (89, 60), (80, 61), (81, 61), (82, 61), (90, 61), (78, 62), (79, 62), (91, 62), (76, 63), (77, 63), (92, 63), (73, 64), (74, 64), (75, 64), (93, 64), (71, 65), (72, 65), (94, 65), (69, 66), (70, 66), (66, 67), (67, 67), (68, 67), (93, 67), (65, 69), (92, 69), (64, 71), (91, 72), (63, 74), (90, 74), (62, 76), (89, 76), (61, 78), (88, 79), (60, 81), (87, 81), (59, 83), (86, 83), (58, 85), (85, 86), (83, 87), (84, 87), (57, 88), (81, 88), (82, 88), (58, 89), (78, 89), (79, 89), (80, 89), (59, 90), (76, 90), (77, 90), (60, 91), (74, 91), (75, 91), (61, 92), (71, 92), (72, 92), (73, 92), (62, 93), (69, 93), (70, 93), (63, 94), (67, 94), (68, 94), (64, 95), (65, 95), (66, 95)]
[(113, 57), (114, 57), (111, 58), (112, 58), (108, 59), (109, 59), (110, 59), (106, 60), (107, 60), (104, 61), (105, 61), (101, 62), (102, 62), (103, 62), (99, 63), (100, 63), (97, 64), (98, 64), (94, 65), (95, 65), (96, 65), (93, 67), (92, 69), (91, 72), (90, 74), (89, 76), (88, 79), (87, 81), (114, 81), (86, 83), (113, 84), (111, 85), (112, 85), (85, 86), (109, 86), (110, 86), (86, 87), (106, 87), (107, 87), (108, 87), (87, 88), (104, 88), (105, 88), (88, 89), (102, 89), (103, 89), (89, 90), (99, 90), (100, 90), (101, 90), (90, 91), (97, 91), (98, 91), (91, 92), (95, 92), (96, 92), (92, 93), (93, 93), (94, 93)]
[(113, 84), (111, 85), (112, 85), (114, 85), (109, 86), (110, 86), (106, 87), (107, 87), (108, 87), (104, 88), (105, 88), (102, 89), (103, 89), (99, 90), (100, 90), (101, 90), (97, 91), (98, 91), (95, 92), (96, 92), (92, 93), (93, 93), (94, 93), (91, 95), (90, 97), (89, 100), (88, 102), (87, 104), (114, 105), (86, 107), (113, 107), (85, 109), (112, 109), (84, 111), (111, 112), (109, 113), (110, 113), (83, 114), (107, 114), (108, 114)]
[(114, 105), (113, 107), (112, 109), (111, 112), (112, 113), (113, 114)]
[(31, 62), (29, 63), (30, 63), (32, 63), (27, 64), (28, 64), (33, 64), (24, 65), (25, 65), (26, 65), (34, 65), (22, 66), (23, 66), (35, 66), (20, 67), (21, 67), (36, 67), (17, 68), (18, 68), (19, 68), (37, 68), (15, 69), (16, 69), (38, 69), (13, 70), (14, 70), (10, 71), (11, 71), (12, 71), (37, 71), (9, 73), (36, 73), (8, 75), (35, 76), (7, 78), (34, 78), (6, 80), (33, 80), (5, 82), (32, 83), (4, 85), (31, 85), (3, 87), (30, 87), (2, 89), (29, 90), (27, 91), (28, 91), (1, 92), (25, 92), (26, 92), (2, 93), (22, 93), (23, 93), (24, 93), (3, 94), (20, 94), (21, 94), (4, 95), (18, 95), (19, 95), (5, 96), (15, 96), (16, 96), (17, 96), (6, 97), (13, 97), (14, 97), (7, 98), (11, 98), (12, 98), (8, 99), (9, 99), (10, 99)]
[(59, 60), (57, 61), (58, 61), (60, 61), (55, 62), (56, 62), (61, 62), (52, 63), (53, 63), (54, 63), (62, 63), (50, 64), (51, 64), (63, 64), (48, 65), (49, 65), (64, 65), (45, 66), (46, 66), (47, 66), (65, 66), (43, 67), (44, 67), (66, 67), (41, 68), (42, 68), (38, 69), (39, 69), (40, 69), (65, 69), (37, 71), (64, 71), (36, 73), (63, 74), (35, 76), (62, 76), (34, 78), (61, 78), (33, 80), (60, 81), (32, 83), (59, 83), (31, 85), (58, 85), (30, 87), (57, 88), (55, 89), (56, 89), (29, 90), (53, 90), (54, 90), (30, 91), (50, 91), (51, 91), (52, 91), (31, 92), (48, 92), (49, 92), (32, 93), (46, 93), (47, 93), (33, 94), (43, 94), (44, 94), (45, 94), (34, 95), (41, 95), (42, 95), (35, 96), (39, 96), (40, 96), (36, 97), (37, 97), (38, 97)]
[(57, 88), (55, 89), (56, 89), (58, 89), (53, 90), (54, 90), (59, 90), (50, 91), (51, 91), (52, 91), (60, 91), (48, 92), (49, 92), (61, 92), (46, 93), (47, 93), (62, 93), (43, 94), (44, 94), (45, 94), (63, 94), (41, 95), (42, 95), (64, 95), (39, 96), (40, 96), (36, 97), (37, 97), (38, 97), (63, 97), (35, 99), (62, 99), (34, 101), (61, 102), (33, 104), (60, 104), (32, 106), (59, 106), (31, 108), (58, 109), (30, 111), (57, 111), (29, 113), (56, 113)]
[(85, 86), (83, 87), (84, 87), (86, 87), (81, 88), (82, 88), (87, 88), (78, 89), (79, 89), (80, 89), (88, 89), (76, 90), (77, 90), (89, 90), (74, 91), (75, 91), (90, 91), (71, 92), (72, 92), (73, 92), (91, 92), (69, 93), (70, 93), (92, 93), (67, 94), (68, 94), (64, 95), (65, 95), (66, 95), (91, 95), (63, 97), (90, 97), (62, 99), (89, 100), (61, 102), (88, 102), (60, 104), (87, 104), (59, 106), (86, 107), (58, 109), (85, 109), (57, 111), (84, 111), (56, 113), (83, 114)]
[(83, 114)]
[(111, 112), (109, 113), (110, 113), (112, 113), (107, 114), (108, 114), (113, 114)]
[(29, 90), (27, 91), (28, 91), (30, 91), (25, 92), (26, 92), (31, 92), (22, 93), (23, 93), (24, 93), (32, 93), (20, 94), (21, 94), (33, 94), (18, 95), (19, 95), (34, 95), (15, 96), (16, 96), (17, 96), (35, 96), (13, 97), (14, 97), (36, 97), (11, 98), (12, 98), (8, 99), (9, 99), (10, 99), (35, 99), (7, 101), (34, 101), (6, 103), (33, 104), (5, 106), (32, 106), (4, 108), (31, 108), (3, 110), (30, 111), (2, 113), (29, 113)]
