[(81, 33), (82, 33), (78, 34), (79, 34), (80, 34), (83, 34), (75, 35), (76, 35), (77, 35), (72, 36), (73, 36), (74, 36), (69, 37), (70, 37), (71, 37), (82, 37), (66, 38), (67, 38), (68, 38), (62, 39), (63, 39), (64, 39), (65, 39), (81, 40), (61, 42), (80, 43), (60, 45), (79, 46), (59, 48), (78, 49), (58, 51), (77, 52), (57, 54), (76, 54), (77, 54), (73, 55), (74, 55), (75, 55), (70, 56), (71, 56), (72, 56), (56, 57), (67, 57), (68, 57), (69, 57), (64, 58), (65, 58), (66, 58), (56, 59), (61, 59), (62, 59), (63, 59), (57, 60), (58, 60), (59, 60), (60, 60)]
[(102, 28), (103, 28), (99, 29), (100, 29), (101, 29), (104, 29), (96, 30), (97, 30), (98, 30), (93, 31), (94, 31), (95, 31), (90, 32), (91, 32), (92, 32), (103, 32), (87, 33), (88, 33), (89, 33), (83, 34), (84, 34), (85, 34), (86, 34), (102, 35), (82, 37), (101, 38), (81, 40), (100, 41), (80, 43), (99, 44), (79, 46), (98, 47), (78, 49), (97, 49), (98, 49), (94, 50), (95, 50), (96, 50), (91, 51), (92, 51), (93, 51), (77, 52), (88, 52), (89, 52), (90, 52), (85, 53), (86, 53), (87, 53), (77, 54), (82, 54), (83, 54), (84, 54), (78, 55), (79, 55), (80, 55), (81, 55)]
[(97, 49), (98, 49), (94, 50), (95, 50), (96, 50), (99, 50), (91, 51), (92, 51), (93, 51), (88, 52), (89, 52), (90, 52), (85, 53), (86, 53), (87, 53), (98, 53), (82, 54), (83, 54), (84, 54), (78, 55), (79, 55), (80, 55), (81, 55), (97, 56), (77, 58), (96, 59), (76, 61), (95, 62), (75, 64), (94, 65), (74, 67), (93, 68), (73, 70), (92, 70), (93, 70), (89, 71), (90, 71), (91, 71), (86, 72), (87, 72), (88, 72), (72, 73), (83, 73), (84, 73), (85, 73), (80, 74), (81, 74), (82, 74), (72, 75), (77, 75), (78, 75), (79, 75), (73, 76), (74, 76), (75, 76), (76, 76)]
[(112, 46), (113, 46), (114, 46), (109, 47), (110, 47), (111, 47), (106, 48), (107, 48), (108, 48), (103, 49), (104, 49), (105, 49), (99, 50), (100, 50), (101, 50), (102, 50), (98, 53), (97, 56), (96, 59), (95, 62), (114, 63), (94, 65), (113, 65), (114, 65), (110, 66), (111, 66), (112, 66), (107, 67), (108, 67), (109, 67), (93, 68), (104, 68), (105, 68), (106, 68), (101, 69), (102, 69), (103, 69), (93, 70), (98, 70), (99, 70), (100, 70), (94, 71), (95, 71), (96, 71), (97, 71)]
[(113, 65), (114, 65), (110, 66), (111, 66), (112, 66), (107, 67), (108, 67), (109, 67), (104, 68), (105, 68), (106, 68), (101, 69), (102, 69), (103, 69), (114, 69), (98, 70), (99, 70), (100, 70), (94, 71), (95, 71), (96, 71), (97, 71), (113, 72), (93, 74), (112, 75), (92, 77), (111, 78), (91, 80), (110, 81), (90, 83), (109, 84), (89, 86), (108, 86), (109, 86), (105, 87), (106, 87), (107, 87), (102, 88), (103, 88), (104, 88), (88, 89), (99, 89), (100, 89), (101, 89), (96, 90), (97, 90), (98, 90), (88, 91), (93, 91), (94, 91), (95, 91), (89, 92), (90, 92), (91, 92), (92, 92)]
[(114, 69), (113, 72), (112, 75), (111, 78), (110, 81), (109, 84), (109, 86), (114, 86), (110, 87), (111, 87), (112, 87), (113, 87)]
[(114, 86), (110, 87), (111, 87), (112, 87), (113, 87), (109, 90), (108, 93), (107, 96), (106, 99), (105, 102), (104, 105), (112, 106), (113, 106), (114, 106), (104, 107), (109, 107), (110, 107), (111, 107), (105, 108), (106, 108), (107, 108), (108, 108)]
[(39, 43), (40, 43), (36, 44), (37, 44), (38, 44), (41, 44), (33, 45), (34, 45), (35, 45), (30, 46), (31, 46), (32, 46), (27, 47), (28, 47), (29, 47), (40, 47), (24, 48), (25, 48), (26, 48), (20, 49), (21, 49), (22, 49), (23, 49), (39, 50), (19, 52), (38, 53), (18, 55), (37, 56), (17, 58), (36, 59), (16, 61), (35, 62), (15, 64), (34, 64), (35, 64), (31, 65), (32, 65), (33, 65), (28, 66), (29, 66), (30, 66), (14, 67), (25, 67), (26, 67), (27, 67), (22, 68), (23, 68), (24, 68), (14, 69), (19, 69), (20, 69), (21, 69), (15, 70), (16, 70), (17, 70), (18, 70)]
[(60, 38), (61, 38), (57, 39), (58, 39), (59, 39), (62, 39), (54, 40), (55, 40), (56, 40), (51, 41), (52, 41), (53, 41), (48, 42), (49, 42), (50, 42), (61, 42), (45, 43), (46, 43), (47, 43), (41, 44), (42, 44), (43, 44), (44, 44), (60, 45), (40, 47), (59, 48), (39, 50), (58, 51), (38, 53), (57, 54), (37, 56), (56, 57), (36, 59), (55, 59), (56, 59), (52, 60), (53, 60), (54, 60), (49, 61), (50, 61), (51, 61), (35, 62), (46, 62), (47, 62), (48, 62), (43, 63), (44, 63), (45, 63), (35, 64), (40, 64), (41, 64), (42, 64), (36, 65), (37, 65), (38, 65), (39, 65)]
[(55, 59), (56, 59), (52, 60), (53, 60), (54, 60), (57, 60), (49, 61), (50, 61), (51, 61), (46, 62), (47, 62), (48, 62), (43, 63), (44, 63), (45, 63), (56, 63), (40, 64), (41, 64), (42, 64), (36, 65), (37, 65), (38, 65), (39, 65), (55, 66), (35, 68), (54, 69), (34, 71), (53, 72), (33, 74), (52, 75), (32, 77), (51, 78), (31, 80), (50, 80), (51, 80), (47, 81), (48, 81), (49, 81), (44, 82), (45, 82), (46, 82), (30, 83), (41, 83), (42, 83), (43, 83), (38, 84), (39, 84), (40, 84), (30, 85), (35, 85), (36, 85), (37, 85), (31, 86), (32, 86), (33, 86), (34, 86)]
[(76, 54), (77, 54), (73, 55), (74, 55), (75, 55), (78, 55), (70, 56), (71, 56), (72, 56), (67, 57), (68, 57), (69, 57), (64, 58), (65, 58), (66, 58), (77, 58), (61, 59), (62, 59), (63, 59), (57, 60), (58, 60), (59, 60), (60, 60), (76, 61), (56, 63), (75, 64), (55, 66), (74, 67), (54, 69), (73, 70), (53, 72), (72, 73), (52, 75), (71, 75), (72, 75), (68, 76), (69, 76), (70, 76), (65, 77), (66, 77), (67, 77), (51, 78), (62, 78), (63, 78), (64, 78), (59, 79), (60, 79), (61, 79), (51, 80), (56, 80), (57, 80), (58, 80), (52, 81), (53, 81), (54, 81), (55, 81)]
[(71, 75), (72, 75), (68, 76), (69, 76), (70, 76), (73, 76), (65, 77), (66, 77), (67, 77), (62, 78), (63, 78), (64, 78), (59, 79), (60, 79), (61, 79), (72, 79), (56, 80), (57, 80), (58, 80), (52, 81), (53, 81), (54, 81), (55, 81), (71, 82), (51, 84), (70, 85), (50, 87), (69, 88), (49, 90), (68, 91), (48, 93), (67, 94), (47, 96), (66, 96), (67, 96), (63, 97), (64, 97), (65, 97), (60, 98), (61, 98), (62, 98), (46, 99), (57, 99), (58, 99), (59, 99), (54, 100), (55, 100), (56, 100), (46, 101), (51, 101), (52, 101), (53, 101), (47, 102), (48, 102), (49, 102), (50, 102)]
[(92, 70), (93, 70), (89, 71), (90, 71), (91, 71), (94, 71), (86, 72), (87, 72), (88, 72), (83, 73), (84, 73), (85, 73), (80, 74), (81, 74), (82, 74), (93, 74), (77, 75), (78, 75), (79, 75), (73, 76), (74, 76), (75, 76), (76, 76), (92, 77), (72, 79), (91, 80), (71, 82), (90, 83), (70, 85), (89, 86), (69, 88), (88, 89), (68, 91), (87, 91), (88, 91), (84, 92), (85, 92), (86, 92), (81, 93), (82, 93), (83, 93), (67, 94), (78, 94), (79, 94), (80, 94), (75, 95), (76, 95), (77, 95), (67, 96), (72, 96), (73, 96), (74, 96), (68, 97), (69, 97), (70, 97), (71, 97)]
[(87, 91), (88, 91), (84, 92), (85, 92), (86, 92), (89, 92), (81, 93), (82, 93), (83, 93), (78, 94), (79, 94), (80, 94), (75, 95), (76, 95), (77, 95), (88, 95), (72, 96), (73, 96), (74, 96), (68, 97), (69, 97), (70, 97), (71, 97), (87, 98), (67, 100), (86, 101), (66, 103), (85, 104), (65, 106), (84, 107), (64, 109), (83, 110), (63, 112), (82, 112), (83, 112), (79, 113), (80, 113), (81, 113), (76, 114), (77, 114), (78, 114)]
[(108, 86), (109, 86), (105, 87), (106, 87), (107, 87), (110, 87), (102, 88), (103, 88), (104, 88), (99, 89), (100, 89), (101, 89), (96, 90), (97, 90), (98, 90), (109, 90), (93, 91), (94, 91), (95, 91), (89, 92), (90, 92), (91, 92), (92, 92), (108, 93), (88, 95), (107, 96), (87, 98), (106, 99), (86, 101), (105, 102), (85, 104), (104, 105), (84, 107), (103, 107), (104, 107), (100, 108), (101, 108), (102, 108), (97, 109), (98, 109), (99, 109), (83, 110), (94, 110), (95, 110), (96, 110), (91, 111), (92, 111), (93, 111), (83, 112), (88, 112), (89, 112), (90, 112), (84, 113), (85, 113), (86, 113), (87, 113)]
[(103, 107), (104, 107), (100, 108), (101, 108), (102, 108), (105, 108), (97, 109), (98, 109), (99, 109), (94, 110), (95, 110), (96, 110), (91, 111), (92, 111), (93, 111), (104, 111), (88, 112), (89, 112), (90, 112), (84, 113), (85, 113), (86, 113), (87, 113), (103, 114)]
[(112, 106), (113, 106), (114, 106), (109, 107), (110, 107), (111, 107), (105, 108), (106, 108), (107, 108), (108, 108), (104, 111), (103, 114)]
[(13, 69), (14, 69), (10, 70), (11, 70), (12, 70), (15, 70), (7, 71), (8, 71), (9, 71), (4, 72), (5, 72), (6, 72), (1, 73), (2, 73), (3, 73), (14, 73), (0, 74), (13, 76), (12, 79), (11, 82), (10, 85), (9, 88), (8, 90), (9, 90), (5, 91), (6, 91), (7, 91), (2, 92), (3, 92), (4, 92), (0, 93), (1, 93)]
[(34, 64), (35, 64), (31, 65), (32, 65), (33, 65), (36, 65), (28, 66), (29, 66), (30, 66), (25, 67), (26, 67), (27, 67), (22, 68), (23, 68), (24, 68), (35, 68), (19, 69), (20, 69), (21, 69), (15, 70), (16, 70), (17, 70), (18, 70), (34, 71), (14, 73), (33, 74), (13, 76), (32, 77), (12, 79), (31, 80), (11, 82), (30, 83), (10, 85), (29, 85), (30, 85), (26, 86), (27, 86), (28, 86), (23, 87), (24, 87), (25, 87), (9, 88), (20, 88), (21, 88), (22, 88), (17, 89), (18, 89), (19, 89), (9, 90), (14, 90), (15, 90), (16, 90), (10, 91), (11, 91), (12, 91), (13, 91)]
[(29, 85), (30, 85), (26, 86), (27, 86), (28, 86), (31, 86), (23, 87), (24, 87), (25, 87), (20, 88), (21, 88), (22, 88), (17, 89), (18, 89), (19, 89), (30, 89), (14, 90), (15, 90), (16, 90), (10, 91), (11, 91), (12, 91), (13, 91), (29, 92), (9, 94), (28, 95), (8, 97), (27, 98), (7, 100), (26, 101), (6, 103), (25, 104), (5, 106), (24, 106), (25, 106), (21, 107), (22, 107), (23, 107), (18, 108), (19, 108), (20, 108), (4, 109), (15, 109), (16, 109), (17, 109), (12, 110), (13, 110), (14, 110), (4, 111), (9, 111), (10, 111), (11, 111), (5, 112), (6, 112), (7, 112), (8, 112)]
[(50, 80), (51, 80), (47, 81), (48, 81), (49, 81), (52, 81), (44, 82), (45, 82), (46, 82), (41, 83), (42, 83), (43, 83), (38, 84), (39, 84), (40, 84), (51, 84), (35, 85), (36, 85), (37, 85), (31, 86), (32, 86), (33, 86), (34, 86), (50, 87), (30, 89), (49, 90), (29, 92), (48, 93), (28, 95), (47, 96), (27, 98), (46, 99), (26, 101), (45, 101), (46, 101), (42, 102), (43, 102), (44, 102), (39, 103), (40, 103), (41, 103), (25, 104), (36, 104), (37, 104), (38, 104), (33, 105), (34, 105), (35, 105), (25, 106), (30, 106), (31, 106), (32, 106), (26, 107), (27, 107), (28, 107), (29, 107)]
[(45, 101), (46, 101), (42, 102), (43, 102), (44, 102), (47, 102), (39, 103), (40, 103), (41, 103), (36, 104), (37, 104), (38, 104), (33, 105), (34, 105), (35, 105), (46, 105), (30, 106), (31, 106), (32, 106), (26, 107), (27, 107), (28, 107), (29, 107), (45, 108), (25, 110), (44, 111), (24, 113), (43, 114)]
[(66, 96), (67, 96), (63, 97), (64, 97), (65, 97), (68, 97), (60, 98), (61, 98), (62, 98), (57, 99), (58, 99), (59, 99), (54, 100), (55, 100), (56, 100), (67, 100), (51, 101), (52, 101), (53, 101), (47, 102), (48, 102), (49, 102), (50, 102), (66, 103), (46, 105), (65, 106), (45, 108), (64, 109), (44, 111), (63, 112), (43, 114)]
[(82, 112), (83, 112), (79, 113), (80, 113), (81, 113), (84, 113), (76, 114), (77, 114), (78, 114)]
[(8, 90), (9, 90), (5, 91), (6, 91), (7, 91), (10, 91), (2, 92), (3, 92), (4, 92), (0, 93), (1, 93), (9, 94), (8, 97), (7, 100), (6, 103), (5, 106), (4, 109), (3, 111), (4, 111), (0, 112), (1, 112), (2, 112)]
[(3, 111), (4, 111), (0, 112), (1, 112), (2, 112), (5, 112)]
[(24, 106), (25, 106), (21, 107), (22, 107), (23, 107), (26, 107), (18, 108), (19, 108), (20, 108), (15, 109), (16, 109), (17, 109), (12, 110), (13, 110), (14, 110), (25, 110), (9, 111), (10, 111), (11, 111), (5, 112), (6, 112), (7, 112), (8, 112), (24, 113)]
