[(102, 38), (103, 38), (100, 39), (101, 39), (104, 39), (97, 40), (98, 40), (99, 40), (105, 40), (95, 41), (96, 41), (106, 41), (92, 42), (93, 42), (94, 42), (107, 42), (90, 43), (91, 43), (108, 43), (87, 44), (88, 44), (89, 44), (109, 44), (84, 45), (85, 45), (86, 45), (108, 46), (83, 47), (107, 49), (82, 50), (106, 51), (81, 52), (105, 54), (80, 55), (104, 56), (79, 57), (103, 59), (78, 60), (102, 61), (77, 62), (101, 63), (102, 63), (77, 64), (99, 64), (100, 64), (78, 65), (96, 65), (97, 65), (98, 65), (79, 66), (94, 66), (95, 66), (80, 67), (91, 67), (92, 67), (93, 67), (81, 68), (89, 68), (90, 68), (82, 69), (86, 69), (87, 69), (88, 69), (83, 70), (84, 70), (85, 70)]
[(112, 43), (113, 43), (114, 43), (109, 44), (110, 44), (111, 44), (108, 46), (107, 49), (106, 51), (105, 54), (104, 56), (103, 59), (102, 61), (102, 63), (103, 64), (104, 65), (105, 66), (106, 67), (114, 67), (107, 68), (111, 68), (112, 68), (113, 68), (108, 69), (109, 69), (110, 69)]
[(114, 67), (111, 68), (112, 68), (113, 68), (108, 69), (109, 69), (110, 69), (107, 71), (106, 74), (105, 76), (104, 79), (103, 81), (102, 84), (101, 86), (101, 88), (102, 89), (103, 90), (104, 91), (105, 92), (113, 92), (114, 92), (106, 93), (110, 93), (111, 93), (112, 93), (107, 94), (108, 94), (109, 94)]
[(52, 40), (53, 40), (50, 41), (51, 41), (54, 41), (47, 42), (48, 42), (49, 42), (55, 42), (45, 43), (46, 43), (56, 43), (42, 44), (43, 44), (44, 44), (57, 44), (40, 45), (41, 45), (58, 45), (37, 46), (38, 46), (39, 46), (59, 46), (34, 47), (35, 47), (36, 47), (58, 48), (33, 49), (57, 51), (32, 52), (56, 53), (31, 54), (55, 56), (30, 57), (54, 58), (29, 59), (53, 61), (28, 62), (52, 63), (27, 64), (51, 65), (52, 65), (27, 66), (49, 66), (50, 66), (28, 67), (46, 67), (47, 67), (48, 67), (29, 68), (44, 68), (45, 68), (30, 69), (41, 69), (42, 69), (43, 69), (31, 70), (39, 70), (40, 70), (32, 71), (36, 71), (37, 71), (38, 71), (33, 72), (34, 72), (35, 72)]
[(77, 39), (78, 39), (75, 40), (76, 40), (79, 40), (72, 41), (73, 41), (74, 41), (80, 41), (70, 42), (71, 42), (81, 42), (67, 43), (68, 43), (69, 43), (82, 43), (65, 44), (66, 44), (83, 44), (62, 45), (63, 45), (64, 45), (84, 45), (59, 46), (60, 46), (61, 46), (83, 47), (58, 48), (82, 50), (57, 51), (81, 52), (56, 53), (80, 55), (55, 56), (79, 57), (54, 58), (78, 60), (53, 61), (77, 62), (52, 63), (76, 64), (77, 64), (52, 65), (74, 65), (75, 65), (53, 66), (71, 66), (72, 66), (73, 66), (54, 67), (69, 67), (70, 67), (55, 68), (66, 68), (67, 68), (68, 68), (56, 69), (64, 69), (65, 69), (57, 70), (61, 70), (62, 70), (63, 70), (58, 71), (59, 71), (60, 71)]
[(76, 64), (77, 64), (74, 65), (75, 65), (78, 65), (71, 66), (72, 66), (73, 66), (79, 66), (69, 67), (70, 67), (80, 67), (66, 68), (67, 68), (68, 68), (81, 68), (64, 69), (65, 69), (82, 69), (61, 70), (62, 70), (63, 70), (83, 70), (58, 71), (59, 71), (60, 71), (82, 72), (57, 73), (81, 75), (56, 76), (80, 77), (55, 78), (79, 80), (54, 81), (78, 82), (53, 83), (77, 85), (52, 86), (76, 87), (51, 88), (75, 89), (76, 89), (51, 90), (73, 90), (74, 90), (52, 91), (70, 91), (71, 91), (72, 91), (53, 92), (68, 92), (69, 92), (54, 93), (65, 93), (66, 93), (67, 93), (55, 94), (63, 94), (64, 94), (56, 95), (60, 95), (61, 95), (62, 95), (57, 96), (58, 96), (59, 96)]
[(101, 63), (102, 63), (99, 64), (100, 64), (103, 64), (96, 65), (97, 65), (98, 65), (104, 65), (94, 66), (95, 66), (105, 66), (91, 67), (92, 67), (93, 67), (106, 67), (89, 68), (90, 68), (107, 68), (86, 69), (87, 69), (88, 69), (108, 69), (83, 70), (84, 70), (85, 70), (107, 71), (82, 72), (106, 74), (81, 75), (105, 76), (80, 77), (104, 79), (79, 80), (103, 81), (78, 82), (102, 84), (77, 85), (101, 86), (76, 87), (100, 88), (101, 88), (76, 89), (98, 89), (99, 89), (77, 90), (95, 90), (96, 90), (97, 90), (78, 91), (93, 91), (94, 91), (79, 92), (90, 92), (91, 92), (92, 92), (80, 93), (88, 93), (89, 93), (81, 94), (85, 94), (86, 94), (87, 94), (82, 95), (83, 95), (84, 95)]
[(100, 88), (101, 88), (98, 89), (99, 89), (102, 89), (95, 90), (96, 90), (97, 90), (103, 90), (93, 91), (94, 91), (104, 91), (90, 92), (91, 92), (92, 92), (105, 92), (88, 93), (89, 93), (106, 93), (85, 94), (86, 94), (87, 94), (107, 94), (82, 95), (83, 95), (84, 95), (106, 96), (81, 97), (105, 99), (80, 100), (104, 101), (79, 102), (103, 104), (78, 105), (102, 106), (77, 107), (101, 109), (76, 110), (100, 111), (75, 112), (99, 113), (100, 113), (75, 114), (97, 114), (98, 114)]
[(113, 92), (114, 92), (110, 93), (111, 93), (112, 93), (107, 94), (108, 94), (109, 94), (106, 96), (105, 99), (104, 101), (103, 104), (102, 106), (101, 109), (100, 111), (100, 113), (101, 114)]
[(26, 66), (27, 66), (24, 67), (25, 67), (28, 67), (21, 68), (22, 68), (23, 68), (29, 68), (19, 69), (20, 69), (30, 69), (16, 70), (17, 70), (18, 70), (31, 70), (14, 71), (15, 71), (32, 71), (11, 72), (12, 72), (13, 72), (33, 72), (8, 73), (9, 73), (10, 73), (32, 74), (7, 75), (31, 77), (6, 78), (30, 79), (5, 80), (29, 82), (4, 83), (28, 84), (3, 85), (27, 87), (2, 88), (26, 89), (1, 90), (25, 91), (26, 91), (1, 92), (23, 92), (24, 92), (2, 93), (20, 93), (21, 93), (22, 93), (3, 94), (18, 94), (19, 94), (4, 95), (15, 95), (16, 95), (17, 95), (5, 96), (13, 96), (14, 96), (6, 97), (10, 97), (11, 97), (12, 97), (7, 98), (8, 98), (9, 98)]
[(51, 65), (52, 65), (49, 66), (50, 66), (53, 66), (46, 67), (47, 67), (48, 67), (54, 67), (44, 68), (45, 68), (55, 68), (41, 69), (42, 69), (43, 69), (56, 69), (39, 70), (40, 70), (57, 70), (36, 71), (37, 71), (38, 71), (58, 71), (33, 72), (34, 72), (35, 72), (57, 73), (32, 74), (56, 76), (31, 77), (55, 78), (30, 79), (54, 81), (29, 82), (53, 83), (28, 84), (52, 86), (27, 87), (51, 88), (26, 89), (50, 90), (51, 90), (26, 91), (48, 91), (49, 91), (27, 92), (45, 92), (46, 92), (47, 92), (28, 93), (43, 93), (44, 93), (29, 94), (40, 94), (41, 94), (42, 94), (30, 95), (38, 95), (39, 95), (31, 96), (35, 96), (36, 96), (37, 96), (32, 97), (33, 97), (34, 97)]
[(50, 90), (51, 90), (48, 91), (49, 91), (52, 91), (45, 92), (46, 92), (47, 92), (53, 92), (43, 93), (44, 93), (54, 93), (40, 94), (41, 94), (42, 94), (55, 94), (38, 95), (39, 95), (56, 95), (35, 96), (36, 96), (37, 96), (57, 96), (32, 97), (33, 97), (34, 97), (56, 98), (31, 99), (55, 101), (30, 102), (54, 103), (29, 104), (53, 106), (28, 107), (52, 108), (27, 109), (51, 111), (26, 112), (50, 113), (25, 114)]
[(75, 89), (76, 89), (73, 90), (74, 90), (77, 90), (70, 91), (71, 91), (72, 91), (78, 91), (68, 92), (69, 92), (79, 92), (65, 93), (66, 93), (67, 93), (80, 93), (63, 94), (64, 94), (81, 94), (60, 95), (61, 95), (62, 95), (82, 95), (57, 96), (58, 96), (59, 96), (81, 97), (56, 98), (80, 100), (55, 101), (79, 102), (54, 103), (78, 105), (53, 106), (77, 107), (52, 108), (76, 110), (51, 111), (75, 112), (50, 113), (74, 114), (75, 114)]
[(74, 114), (75, 114)]
[(99, 113), (100, 113), (97, 114), (98, 114), (101, 114)]
[(25, 91), (26, 91), (23, 92), (24, 92), (27, 92), (20, 93), (21, 93), (22, 93), (28, 93), (18, 94), (19, 94), (29, 94), (15, 95), (16, 95), (17, 95), (30, 95), (13, 96), (14, 96), (31, 96), (10, 97), (11, 97), (12, 97), (32, 97), (7, 98), (8, 98), (9, 98), (31, 99), (6, 100), (30, 102), (5, 103), (29, 104), (4, 105), (28, 107), (3, 108), (27, 109), (2, 110), (26, 112), (1, 113), (25, 114)]
