[(109, 31), (106, 32), (107, 32), (108, 32), (110, 32), (104, 33), (105, 33), (111, 33), (102, 34), (103, 34), (112, 34), (100, 35), (101, 35), (113, 35), (97, 36), (98, 36), (99, 36), (114, 36), (95, 37), (96, 37), (93, 38), (94, 38), (91, 39), (92, 39), (88, 40), (89, 40), (90, 40), (87, 42), (86, 44), (114, 45), (85, 46), (113, 47), (84, 48), (112, 50), (83, 51), (111, 52), (82, 53), (110, 54), (81, 55), (109, 56), (80, 57), (108, 59), (79, 60), (108, 60), (79, 61), (105, 61), (106, 61), (107, 61), (80, 62), (103, 62), (104, 62), (81, 63), (101, 63), (102, 63), (82, 64), (99, 64), (100, 64), (83, 65), (96, 65), (97, 65), (98, 65), (84, 66), (94, 66), (95, 66), (85, 67), (92, 67), (93, 67), (86, 68), (90, 68), (91, 68), (87, 69), (88, 69), (89, 69)]
[(114, 45), (113, 47), (112, 50), (111, 52), (110, 54), (109, 56), (108, 59), (108, 60), (109, 61), (110, 62), (111, 63), (112, 64), (113, 65), (114, 66)]
[(114, 72), (113, 74), (112, 76), (111, 79), (110, 81), (109, 83), (108, 85), (107, 88), (107, 89), (108, 90), (109, 91), (110, 92), (111, 93), (112, 94), (113, 95), (114, 96)]
[(51, 33), (48, 34), (49, 34), (50, 34), (52, 34), (46, 35), (47, 35), (53, 35), (44, 36), (45, 36), (54, 36), (42, 37), (43, 37), (55, 37), (39, 38), (40, 38), (41, 38), (56, 38), (37, 39), (38, 39), (57, 39), (35, 40), (36, 40), (58, 40), (33, 41), (34, 41), (59, 41), (30, 42), (31, 42), (32, 42), (58, 43), (29, 44), (57, 45), (28, 46), (56, 47), (27, 48), (55, 49), (26, 50), (54, 52), (25, 53), (53, 54), (24, 55), (52, 56), (23, 57), (51, 58), (22, 59), (50, 61), (21, 62), (50, 62), (21, 63), (47, 63), (48, 63), (49, 63), (22, 64), (45, 64), (46, 64), (23, 65), (43, 65), (44, 65), (24, 66), (41, 66), (42, 66), (25, 67), (38, 67), (39, 67), (40, 67), (26, 68), (36, 68), (37, 68), (27, 69), (34, 69), (35, 69), (28, 70), (32, 70), (33, 70), (29, 71), (30, 71), (31, 71)]
[(80, 32), (77, 33), (78, 33), (79, 33), (81, 33), (75, 34), (76, 34), (82, 34), (73, 35), (74, 35), (83, 35), (71, 36), (72, 36), (84, 36), (68, 37), (69, 37), (70, 37), (85, 37), (66, 38), (67, 38), (86, 38), (64, 39), (65, 39), (87, 39), (62, 40), (63, 40), (88, 40), (59, 41), (60, 41), (61, 41), (87, 42), (58, 43), (86, 44), (57, 45), (85, 46), (56, 47), (84, 48), (55, 49), (83, 51), (54, 52), (82, 53), (53, 54), (81, 55), (52, 56), (80, 57), (51, 58), (79, 60), (50, 61), (79, 61), (50, 62), (76, 62), (77, 62), (78, 62), (51, 63), (74, 63), (75, 63), (52, 64), (72, 64), (73, 64), (53, 65), (70, 65), (71, 65), (54, 66), (67, 66), (68, 66), (69, 66), (55, 67), (65, 67), (66, 67), (56, 68), (63, 68), (64, 68), (57, 69), (61, 69), (62, 69), (58, 70), (59, 70), (60, 70)]
[(79, 61), (76, 62), (77, 62), (78, 62), (80, 62), (74, 63), (75, 63), (81, 63), (72, 64), (73, 64), (82, 64), (70, 65), (71, 65), (83, 65), (67, 66), (68, 66), (69, 66), (84, 66), (65, 67), (66, 67), (85, 67), (63, 68), (64, 68), (86, 68), (61, 69), (62, 69), (87, 69), (58, 70), (59, 70), (60, 70), (86, 71), (57, 72), (85, 73), (56, 74), (84, 75), (55, 76), (83, 77), (54, 78), (82, 80), (53, 81), (81, 82), (52, 83), (80, 84), (51, 85), (79, 86), (50, 87), (78, 89), (49, 90), (78, 90), (49, 91), (75, 91), (76, 91), (77, 91), (50, 92), (73, 92), (74, 92), (51, 93), (71, 93), (72, 93), (52, 94), (69, 94), (70, 94), (53, 95), (66, 95), (67, 95), (68, 95), (54, 96), (64, 96), (65, 96), (55, 97), (62, 97), (63, 97), (56, 98), (60, 98), (61, 98), (57, 99), (58, 99), (59, 99)]
[(108, 60), (105, 61), (106, 61), (107, 61), (109, 61), (103, 62), (104, 62), (110, 62), (101, 63), (102, 63), (111, 63), (99, 64), (100, 64), (112, 64), (96, 65), (97, 65), (98, 65), (113, 65), (94, 66), (95, 66), (114, 66), (92, 67), (93, 67), (90, 68), (91, 68), (87, 69), (88, 69), (89, 69), (86, 71), (114, 72), (85, 73), (113, 74), (84, 75), (112, 76), (83, 77), (111, 79), (82, 80), (110, 81), (81, 82), (109, 83), (80, 84), (108, 85), (79, 86), (107, 88), (78, 89), (107, 89), (78, 90), (104, 90), (105, 90), (106, 90), (79, 91), (102, 91), (103, 91), (80, 92), (100, 92), (101, 92), (81, 93), (98, 93), (99, 93), (82, 94), (95, 94), (96, 94), (97, 94), (83, 95), (93, 95), (94, 95), (84, 96), (91, 96), (92, 96), (85, 97), (89, 97), (90, 97), (86, 98), (87, 98), (88, 98)]
[(107, 89), (104, 90), (105, 90), (106, 90), (108, 90), (102, 91), (103, 91), (109, 91), (100, 92), (101, 92), (110, 92), (98, 93), (99, 93), (111, 93), (95, 94), (96, 94), (97, 94), (112, 94), (93, 95), (94, 95), (113, 95), (91, 96), (92, 96), (114, 96), (89, 97), (90, 97), (86, 98), (87, 98), (88, 98), (114, 99), (85, 100), (113, 101), (84, 102), (112, 103), (83, 104), (111, 105), (82, 106), (110, 108), (81, 109), (109, 110), (80, 111), (108, 112), (79, 113), (107, 114)]
[(114, 99), (113, 101), (112, 103), (111, 105), (110, 108), (109, 110), (108, 112), (107, 114)]
[(21, 63), (18, 64), (19, 64), (20, 64), (22, 64), (16, 65), (17, 65), (23, 65), (14, 66), (15, 66), (24, 66), (12, 67), (13, 67), (25, 67), (9, 68), (10, 68), (11, 68), (26, 68), (7, 69), (8, 69), (27, 69), (5, 70), (6, 70), (28, 70), (3, 71), (4, 71), (29, 71), (0, 72), (1, 72), (2, 72), (28, 73), (27, 75), (26, 77), (25, 79), (24, 82), (23, 84), (22, 86), (21, 88), (20, 91), (20, 92), (17, 93), (18, 93), (19, 93), (15, 94), (16, 94), (13, 95), (14, 95), (11, 96), (12, 96), (8, 97), (9, 97), (10, 97), (6, 98), (7, 98), (4, 99), (5, 99), (2, 100), (3, 100), (0, 101), (1, 101)]
[(50, 62), (47, 63), (48, 63), (49, 63), (51, 63), (45, 64), (46, 64), (52, 64), (43, 65), (44, 65), (53, 65), (41, 66), (42, 66), (54, 66), (38, 67), (39, 67), (40, 67), (55, 67), (36, 68), (37, 68), (56, 68), (34, 69), (35, 69), (57, 69), (32, 70), (33, 70), (58, 70), (29, 71), (30, 71), (31, 71), (57, 72), (28, 73), (56, 74), (27, 75), (55, 76), (26, 77), (54, 78), (25, 79), (53, 81), (24, 82), (52, 83), (23, 84), (51, 85), (22, 86), (50, 87), (21, 88), (49, 90), (20, 91), (49, 91), (20, 92), (46, 92), (47, 92), (48, 92), (21, 93), (44, 93), (45, 93), (22, 94), (42, 94), (43, 94), (23, 95), (40, 95), (41, 95), (24, 96), (37, 96), (38, 96), (39, 96), (25, 97), (35, 97), (36, 97), (26, 98), (33, 98), (34, 98), (27, 99), (31, 99), (32, 99), (28, 100), (29, 100), (30, 100)]
[(49, 91), (46, 92), (47, 92), (48, 92), (50, 92), (44, 93), (45, 93), (51, 93), (42, 94), (43, 94), (52, 94), (40, 95), (41, 95), (53, 95), (37, 96), (38, 96), (39, 96), (54, 96), (35, 97), (36, 97), (55, 97), (33, 98), (34, 98), (56, 98), (31, 99), (32, 99), (57, 99), (28, 100), (29, 100), (30, 100), (56, 101), (27, 102), (55, 103), (26, 104), (54, 105), (25, 106), (53, 107), (24, 108), (52, 110), (23, 111), (51, 112), (22, 113), (50, 114)]
[(78, 90), (75, 91), (76, 91), (77, 91), (79, 91), (73, 92), (74, 92), (80, 92), (71, 93), (72, 93), (81, 93), (69, 94), (70, 94), (82, 94), (66, 95), (67, 95), (68, 95), (83, 95), (64, 96), (65, 96), (84, 96), (62, 97), (63, 97), (85, 97), (60, 98), (61, 98), (86, 98), (57, 99), (58, 99), (59, 99), (85, 100), (56, 101), (84, 102), (55, 103), (83, 104), (54, 105), (82, 106), (53, 107), (81, 109), (52, 110), (80, 111), (51, 112), (79, 113), (50, 114)]
[(20, 92), (17, 93), (18, 93), (19, 93), (21, 93), (15, 94), (16, 94), (22, 94), (13, 95), (14, 95), (23, 95), (11, 96), (12, 96), (24, 96), (8, 97), (9, 97), (10, 97), (25, 97), (6, 98), (7, 98), (26, 98), (4, 99), (5, 99), (27, 99), (2, 100), (3, 100), (28, 100), (0, 101), (1, 101), (27, 102), (26, 104), (25, 106), (24, 108), (23, 111), (22, 113)]
