[(113, 4), (114, 4), (111, 5), (112, 5), (109, 6), (110, 6), (107, 7), (108, 7), (105, 8), (106, 8), (102, 9), (103, 9), (104, 9), (101, 11), (100, 13), (99, 15), (98, 17), (97, 19), (96, 21), (95, 23), (113, 23), (114, 23), (111, 24), (112, 24), (108, 25), (109, 25), (110, 25), (94, 26), (106, 26), (107, 26), (104, 27), (105, 27), (93, 28), (102, 28), (103, 28), (100, 29), (101, 29), (92, 30), (98, 30), (99, 30), (92, 31), (96, 31), (97, 31), (93, 32), (94, 32), (95, 32)]
[(114, 27), (113, 29), (112, 31), (111, 33), (110, 35), (109, 37), (108, 40), (107, 42), (114, 43), (106, 44), (112, 44), (113, 44), (106, 45), (110, 45), (111, 45), (107, 46), (108, 46), (109, 46)]
[(78, 17), (76, 18), (77, 18), (79, 18), (74, 19), (75, 19), (71, 20), (72, 20), (73, 20), (78, 20), (69, 21), (70, 21), (67, 22), (68, 22), (77, 22), (65, 23), (66, 23), (63, 24), (64, 24), (76, 24), (61, 25), (62, 25), (59, 26), (60, 26), (75, 26), (56, 27), (57, 27), (58, 27), (74, 28), (55, 29), (73, 30), (54, 31), (72, 32), (53, 33), (52, 35), (71, 35), (51, 37), (70, 37), (50, 39), (69, 39), (69, 40), (49, 41), (67, 41), (68, 41), (65, 42), (66, 42), (62, 43), (63, 43), (64, 43), (48, 44), (60, 44), (61, 44), (58, 45), (59, 45), (47, 46), (56, 46), (57, 46), (54, 47), (55, 47), (46, 48), (52, 48), (53, 48), (46, 49), (50, 49), (51, 49), (47, 50), (48, 50), (49, 50)]
[(101, 8), (99, 9), (100, 9), (102, 9), (97, 10), (98, 10), (94, 11), (95, 11), (96, 11), (101, 11), (92, 12), (93, 12), (90, 13), (91, 13), (100, 13), (88, 14), (89, 14), (86, 15), (87, 15), (99, 15), (84, 16), (85, 16), (82, 17), (83, 17), (98, 17), (79, 18), (80, 18), (81, 18), (97, 19), (78, 20), (96, 21), (77, 22), (95, 23), (76, 24), (75, 26), (94, 26), (74, 28), (93, 28), (73, 30), (92, 30), (92, 31), (72, 32), (90, 32), (91, 32), (88, 33), (89, 33), (85, 34), (86, 34), (87, 34), (71, 35), (83, 35), (84, 35), (81, 36), (82, 36), (70, 37), (79, 37), (80, 37), (77, 38), (78, 38), (69, 39), (75, 39), (76, 39), (69, 40), (73, 40), (74, 40), (70, 41), (71, 41), (72, 41)]
[(92, 31), (90, 32), (91, 32), (93, 32), (88, 33), (89, 33), (85, 34), (86, 34), (87, 34), (92, 34), (83, 35), (84, 35), (81, 36), (82, 36), (91, 36), (79, 37), (80, 37), (77, 38), (78, 38), (90, 38), (75, 39), (76, 39), (73, 40), (74, 40), (89, 40), (70, 41), (71, 41), (72, 41), (88, 42), (69, 43), (87, 44), (68, 45), (86, 46), (67, 47), (66, 49), (85, 49), (65, 51), (84, 51), (64, 53), (83, 53), (83, 54), (63, 55), (81, 55), (82, 55), (79, 56), (80, 56), (76, 57), (77, 57), (78, 57), (62, 58), (74, 58), (75, 58), (72, 59), (73, 59), (61, 60), (70, 60), (71, 60), (68, 61), (69, 61), (60, 62), (66, 62), (67, 62), (60, 63), (64, 63), (65, 63), (61, 64), (62, 64), (63, 64)]
[(113, 23), (114, 23), (111, 24), (112, 24), (108, 25), (109, 25), (110, 25), (106, 26), (107, 26), (104, 27), (105, 27), (114, 27), (102, 28), (103, 28), (100, 29), (101, 29), (113, 29), (98, 30), (99, 30), (96, 31), (97, 31), (112, 31), (93, 32), (94, 32), (95, 32), (111, 33), (92, 34), (110, 35), (91, 36), (109, 37), (90, 38), (89, 40), (108, 40), (88, 42), (107, 42), (87, 44), (106, 44), (106, 45), (86, 46), (104, 46), (105, 46), (102, 47), (103, 47), (99, 48), (100, 48), (101, 48), (85, 49), (97, 49), (98, 49), (95, 50), (96, 50), (84, 51), (93, 51), (94, 51), (91, 52), (92, 52), (83, 53), (89, 53), (90, 53), (83, 54), (87, 54), (88, 54), (84, 55), (85, 55), (86, 55)]
[(106, 45), (104, 46), (105, 46), (107, 46), (102, 47), (103, 47), (99, 48), (100, 48), (101, 48), (106, 48), (97, 49), (98, 49), (95, 50), (96, 50), (105, 50), (93, 51), (94, 51), (91, 52), (92, 52), (104, 52), (89, 53), (90, 53), (87, 54), (88, 54), (103, 54), (84, 55), (85, 55), (86, 55), (102, 56), (83, 57), (101, 58), (82, 59), (100, 60), (81, 61), (80, 63), (99, 63), (79, 65), (98, 65), (78, 67), (97, 67), (97, 68), (77, 69), (95, 69), (96, 69), (93, 70), (94, 70), (90, 71), (91, 71), (92, 71), (76, 72), (88, 72), (89, 72), (86, 73), (87, 73), (75, 74), (84, 74), (85, 74), (82, 75), (83, 75), (74, 76), (80, 76), (81, 76), (74, 77), (78, 77), (79, 77), (75, 78), (76, 78), (77, 78)]
[(114, 43), (112, 44), (113, 44), (110, 45), (111, 45), (107, 46), (108, 46), (109, 46), (106, 48), (105, 50), (104, 52), (103, 54), (102, 56), (101, 58), (100, 60), (113, 62), (114, 62), (99, 63), (111, 63), (112, 63), (109, 64), (110, 64), (98, 65), (107, 65), (108, 65), (105, 66), (106, 66), (97, 67), (103, 67), (104, 67), (97, 68), (101, 68), (102, 68), (98, 69), (99, 69), (100, 69)]
[(113, 62), (114, 62), (111, 63), (112, 63), (109, 64), (110, 64), (107, 65), (108, 65), (105, 66), (106, 66), (103, 67), (104, 67), (101, 68), (102, 68), (98, 69), (99, 69), (100, 69), (97, 71), (96, 73), (114, 74), (95, 75), (94, 77), (113, 77), (93, 79), (112, 79), (92, 81), (111, 81), (111, 82), (91, 83), (109, 83), (110, 83), (107, 84), (108, 84), (104, 85), (105, 85), (106, 85), (90, 86), (102, 86), (103, 86), (100, 87), (101, 87), (89, 88), (98, 88), (99, 88), (96, 89), (97, 89), (88, 90), (94, 90), (95, 90), (88, 91), (92, 91), (93, 91), (89, 92), (90, 92), (91, 92)]
[(114, 74), (113, 77), (112, 79), (111, 81), (111, 82), (112, 83), (113, 83), (114, 83)]
[(112, 83), (113, 83), (114, 83), (111, 85), (110, 87), (109, 89), (108, 91), (107, 93), (106, 95), (105, 97), (104, 100), (114, 101), (103, 102), (112, 102), (113, 102), (110, 103), (111, 103), (102, 104), (108, 104), (109, 104), (102, 105), (106, 105), (107, 105), (103, 106), (104, 106), (105, 106)]
[(46, 49), (44, 50), (45, 50), (47, 50), (42, 51), (43, 51), (39, 52), (40, 52), (41, 52), (46, 52), (37, 53), (38, 53), (35, 54), (36, 54), (45, 54), (33, 55), (34, 55), (31, 56), (32, 56), (44, 56), (29, 57), (30, 57), (27, 58), (28, 58), (43, 58), (24, 59), (25, 59), (26, 59), (42, 60), (23, 61), (41, 62), (22, 63), (40, 64), (21, 65), (20, 67), (39, 67), (19, 69), (38, 69), (18, 71), (37, 71), (37, 72), (17, 73), (35, 73), (36, 73), (33, 74), (34, 74), (30, 75), (31, 75), (32, 75), (16, 76), (28, 76), (29, 76), (26, 77), (27, 77), (15, 78), (24, 78), (25, 78), (22, 79), (23, 79), (14, 80), (20, 80), (21, 80), (14, 81), (18, 81), (19, 81), (15, 82), (16, 82), (17, 82)]
[(69, 40), (67, 41), (68, 41), (70, 41), (65, 42), (66, 42), (62, 43), (63, 43), (64, 43), (69, 43), (60, 44), (61, 44), (58, 45), (59, 45), (68, 45), (56, 46), (57, 46), (54, 47), (55, 47), (67, 47), (52, 48), (53, 48), (50, 49), (51, 49), (66, 49), (47, 50), (48, 50), (49, 50), (65, 51), (46, 52), (64, 53), (45, 54), (63, 55), (44, 56), (43, 58), (62, 58), (42, 60), (61, 60), (41, 62), (60, 62), (60, 63), (40, 64), (58, 64), (59, 64), (56, 65), (57, 65), (53, 66), (54, 66), (55, 66), (39, 67), (51, 67), (52, 67), (49, 68), (50, 68), (38, 69), (47, 69), (48, 69), (45, 70), (46, 70), (37, 71), (43, 71), (44, 71), (37, 72), (41, 72), (42, 72), (38, 73), (39, 73), (40, 73)]
[(60, 63), (58, 64), (59, 64), (61, 64), (56, 65), (57, 65), (53, 66), (54, 66), (55, 66), (60, 66), (51, 67), (52, 67), (49, 68), (50, 68), (59, 68), (47, 69), (48, 69), (45, 70), (46, 70), (58, 70), (43, 71), (44, 71), (41, 72), (42, 72), (57, 72), (38, 73), (39, 73), (40, 73), (56, 74), (37, 75), (55, 76), (36, 77), (54, 78), (35, 79), (34, 81), (53, 81), (33, 83), (52, 83), (32, 85), (51, 85), (51, 86), (31, 87), (49, 87), (50, 87), (47, 88), (48, 88), (44, 89), (45, 89), (46, 89), (30, 90), (42, 90), (43, 90), (40, 91), (41, 91), (29, 92), (38, 92), (39, 92), (36, 93), (37, 93), (28, 94), (34, 94), (35, 94), (28, 95), (32, 95), (33, 95), (29, 96), (30, 96), (31, 96)]
[(83, 54), (81, 55), (82, 55), (84, 55), (79, 56), (80, 56), (76, 57), (77, 57), (78, 57), (83, 57), (74, 58), (75, 58), (72, 59), (73, 59), (82, 59), (70, 60), (71, 60), (68, 61), (69, 61), (81, 61), (66, 62), (67, 62), (64, 63), (65, 63), (80, 63), (61, 64), (62, 64), (63, 64), (79, 65), (60, 66), (78, 67), (59, 68), (77, 69), (58, 70), (57, 72), (76, 72), (56, 74), (75, 74), (55, 76), (74, 76), (74, 77), (54, 78), (72, 78), (73, 78), (70, 79), (71, 79), (67, 80), (68, 80), (69, 80), (53, 81), (65, 81), (66, 81), (63, 82), (64, 82), (52, 83), (61, 83), (62, 83), (59, 84), (60, 84), (51, 85), (57, 85), (58, 85), (51, 86), (55, 86), (56, 86), (52, 87), (53, 87), (54, 87)]
[(74, 77), (72, 78), (73, 78), (75, 78), (70, 79), (71, 79), (67, 80), (68, 80), (69, 80), (74, 80), (65, 81), (66, 81), (63, 82), (64, 82), (73, 82), (61, 83), (62, 83), (59, 84), (60, 84), (72, 84), (57, 85), (58, 85), (55, 86), (56, 86), (71, 86), (52, 87), (53, 87), (54, 87), (70, 88), (51, 89), (69, 90), (50, 91), (68, 92), (49, 93), (48, 95), (67, 95), (47, 97), (66, 97), (46, 99), (65, 99), (65, 100), (45, 101), (63, 101), (64, 101), (61, 102), (62, 102), (58, 103), (59, 103), (60, 103), (44, 104), (56, 104), (57, 104), (54, 105), (55, 105), (43, 106), (52, 106), (53, 106), (50, 107), (51, 107), (42, 108), (48, 108), (49, 108), (42, 109), (46, 109), (47, 109), (43, 110), (44, 110), (45, 110)]
[(97, 68), (95, 69), (96, 69), (98, 69), (93, 70), (94, 70), (90, 71), (91, 71), (92, 71), (97, 71), (88, 72), (89, 72), (86, 73), (87, 73), (96, 73), (84, 74), (85, 74), (82, 75), (83, 75), (95, 75), (80, 76), (81, 76), (78, 77), (79, 77), (94, 77), (75, 78), (76, 78), (77, 78), (93, 79), (74, 80), (92, 81), (73, 82), (91, 83), (72, 84), (71, 86), (90, 86), (70, 88), (89, 88), (69, 90), (88, 90), (88, 91), (68, 92), (86, 92), (87, 92), (84, 93), (85, 93), (81, 94), (82, 94), (83, 94), (67, 95), (79, 95), (80, 95), (77, 96), (78, 96), (66, 97), (75, 97), (76, 97), (73, 98), (74, 98), (65, 99), (71, 99), (72, 99), (65, 100), (69, 100), (70, 100), (66, 101), (67, 101), (68, 101)]
[(88, 91), (86, 92), (87, 92), (89, 92), (84, 93), (85, 93), (81, 94), (82, 94), (83, 94), (88, 94), (79, 95), (80, 95), (77, 96), (78, 96), (87, 96), (75, 97), (76, 97), (73, 98), (74, 98), (86, 98), (71, 99), (72, 99), (69, 100), (70, 100), (85, 100), (66, 101), (67, 101), (68, 101), (84, 102), (65, 103), (83, 104), (64, 105), (82, 106), (63, 107), (62, 109), (81, 109), (61, 111), (80, 111), (60, 113), (79, 113), (79, 114)]
[(111, 82), (109, 83), (110, 83), (112, 83), (107, 84), (108, 84), (104, 85), (105, 85), (106, 85), (111, 85), (102, 86), (103, 86), (100, 87), (101, 87), (110, 87), (98, 88), (99, 88), (96, 89), (97, 89), (109, 89), (94, 90), (95, 90), (92, 91), (93, 91), (108, 91), (89, 92), (90, 92), (91, 92), (107, 93), (88, 94), (106, 95), (87, 96), (105, 97), (86, 98), (85, 100), (104, 100), (84, 102), (103, 102), (83, 104), (102, 104), (102, 105), (82, 106), (100, 106), (101, 106), (98, 107), (99, 107), (95, 108), (96, 108), (97, 108), (81, 109), (93, 109), (94, 109), (91, 110), (92, 110), (80, 111), (89, 111), (90, 111), (87, 112), (88, 112), (79, 113), (85, 113), (86, 113), (79, 114), (83, 114), (84, 114)]
[(102, 105), (100, 106), (101, 106), (103, 106), (98, 107), (99, 107), (95, 108), (96, 108), (97, 108), (102, 108), (93, 109), (94, 109), (91, 110), (92, 110), (101, 110), (89, 111), (90, 111), (87, 112), (88, 112), (100, 112), (85, 113), (86, 113), (83, 114), (84, 114), (99, 114)]
[(114, 101), (112, 102), (113, 102), (110, 103), (111, 103), (108, 104), (109, 104), (106, 105), (107, 105), (103, 106), (104, 106), (105, 106), (102, 108), (101, 110), (100, 112), (99, 114)]
[(37, 72), (35, 73), (36, 73), (38, 73), (33, 74), (34, 74), (30, 75), (31, 75), (32, 75), (37, 75), (28, 76), (29, 76), (26, 77), (27, 77), (36, 77), (24, 78), (25, 78), (22, 79), (23, 79), (35, 79), (20, 80), (21, 80), (18, 81), (19, 81), (34, 81), (15, 82), (16, 82), (17, 82), (33, 83), (14, 84), (32, 85), (13, 86), (31, 87), (12, 88), (11, 90), (30, 90), (10, 92), (29, 92), (9, 94), (28, 94), (28, 95), (8, 96), (26, 96), (27, 96), (24, 97), (25, 97), (21, 98), (22, 98), (23, 98), (7, 99), (19, 99), (20, 99), (17, 100), (18, 100), (6, 101), (15, 101), (16, 101), (13, 102), (14, 102), (5, 103), (11, 103), (12, 103), (5, 104), (9, 104), (10, 104), (6, 105), (7, 105), (8, 105)]
[(28, 95), (26, 96), (27, 96), (29, 96), (24, 97), (25, 97), (21, 98), (22, 98), (23, 98), (28, 98), (19, 99), (20, 99), (17, 100), (18, 100), (27, 100), (15, 101), (16, 101), (13, 102), (14, 102), (26, 102), (11, 103), (12, 103), (9, 104), (10, 104), (25, 104), (6, 105), (7, 105), (8, 105), (24, 106), (5, 107), (23, 108), (4, 109), (22, 110), (3, 111), (2, 113), (21, 113)]
[(51, 86), (49, 87), (50, 87), (52, 87), (47, 88), (48, 88), (44, 89), (45, 89), (46, 89), (51, 89), (42, 90), (43, 90), (40, 91), (41, 91), (50, 91), (38, 92), (39, 92), (36, 93), (37, 93), (49, 93), (34, 94), (35, 94), (32, 95), (33, 95), (48, 95), (29, 96), (30, 96), (31, 96), (47, 97), (28, 98), (46, 99), (27, 100), (45, 101), (26, 102), (25, 104), (44, 104), (24, 106), (43, 106), (23, 108), (42, 108), (42, 109), (22, 110), (40, 110), (41, 110), (38, 111), (39, 111), (35, 112), (36, 112), (37, 112), (21, 113), (33, 113), (34, 113), (31, 114), (32, 114)]
[(42, 109), (40, 110), (41, 110), (43, 110), (38, 111), (39, 111), (35, 112), (36, 112), (37, 112), (42, 112), (33, 113), (34, 113), (31, 114), (32, 114), (41, 114)]
[(65, 100), (63, 101), (64, 101), (66, 101), (61, 102), (62, 102), (58, 103), (59, 103), (60, 103), (65, 103), (56, 104), (57, 104), (54, 105), (55, 105), (64, 105), (52, 106), (53, 106), (50, 107), (51, 107), (63, 107), (48, 108), (49, 108), (46, 109), (47, 109), (62, 109), (43, 110), (44, 110), (45, 110), (61, 111), (42, 112), (60, 113), (41, 114)]
[(79, 114)]
