[(114, 24), (111, 25), (112, 25), (113, 25), (108, 26), (109, 26), (110, 26), (105, 27), (106, 27), (107, 27), (102, 28), (103, 28), (104, 28), (98, 29), (99, 29), (100, 29), (101, 29), (97, 32), (96, 35), (95, 38), (94, 41), (93, 44), (113, 46), (114, 46), (92, 47), (110, 47), (111, 47), (112, 47), (107, 48), (108, 48), (109, 48), (104, 49), (105, 49), (106, 49), (92, 50), (101, 50), (102, 50), (103, 50), (93, 51), (98, 51), (99, 51), (100, 51), (94, 52), (95, 52), (96, 52), (97, 52)]
[(114, 57), (113, 60), (112, 63), (111, 66), (111, 69), (112, 70), (113, 71), (114, 71)]
[(71, 31), (72, 31), (73, 31), (68, 32), (69, 32), (70, 32), (74, 32), (65, 33), (66, 33), (67, 33), (75, 33), (62, 34), (63, 34), (64, 34), (59, 35), (60, 35), (61, 35), (56, 36), (57, 36), (58, 36), (74, 36), (52, 37), (53, 37), (54, 37), (55, 37), (73, 39), (51, 40), (72, 42), (50, 43), (71, 45), (49, 46), (70, 48), (48, 49), (69, 51), (47, 52), (67, 54), (68, 54), (69, 54), (46, 55), (64, 55), (65, 55), (66, 55), (61, 56), (62, 56), (63, 56), (58, 57), (59, 57), (60, 57), (46, 58), (55, 58), (56, 58), (57, 58), (47, 59), (52, 59), (53, 59), (54, 59), (48, 60), (49, 60), (50, 60), (51, 60)]
[(94, 27), (95, 27), (96, 27), (91, 28), (92, 28), (93, 28), (97, 28), (88, 29), (89, 29), (90, 29), (98, 29), (85, 30), (86, 30), (87, 30), (82, 31), (83, 31), (84, 31), (79, 32), (80, 32), (81, 32), (97, 32), (75, 33), (76, 33), (77, 33), (78, 33), (96, 35), (74, 36), (95, 38), (73, 39), (94, 41), (72, 42), (93, 44), (71, 45), (92, 47), (70, 48), (90, 50), (91, 50), (92, 50), (69, 51), (87, 51), (88, 51), (89, 51), (84, 52), (85, 52), (86, 52), (81, 53), (82, 53), (83, 53), (69, 54), (78, 54), (79, 54), (80, 54), (70, 55), (75, 55), (76, 55), (77, 55), (71, 56), (72, 56), (73, 56), (74, 56)]
[(90, 50), (91, 50), (92, 50), (87, 51), (88, 51), (89, 51), (93, 51), (84, 52), (85, 52), (86, 52), (94, 52), (81, 53), (82, 53), (83, 53), (78, 54), (79, 54), (80, 54), (75, 55), (76, 55), (77, 55), (93, 55), (71, 56), (72, 56), (73, 56), (74, 56), (92, 58), (70, 59), (91, 61), (69, 62), (90, 64), (68, 65), (89, 67), (67, 68), (88, 70), (66, 71), (86, 73), (87, 73), (88, 73), (65, 74), (83, 74), (84, 74), (85, 74), (80, 75), (81, 75), (82, 75), (77, 76), (78, 76), (79, 76), (65, 77), (74, 77), (75, 77), (76, 77), (66, 78), (71, 78), (72, 78), (73, 78), (67, 79), (68, 79), (69, 79), (70, 79)]
[(113, 46), (114, 46), (110, 47), (111, 47), (112, 47), (107, 48), (108, 48), (109, 48), (104, 49), (105, 49), (106, 49), (101, 50), (102, 50), (103, 50), (98, 51), (99, 51), (100, 51), (94, 52), (95, 52), (96, 52), (97, 52), (93, 55), (114, 57), (92, 58), (113, 60), (91, 61), (112, 63), (90, 64), (111, 66), (89, 67), (109, 69), (110, 69), (111, 69), (88, 70), (106, 70), (107, 70), (108, 70), (103, 71), (104, 71), (105, 71), (100, 72), (101, 72), (102, 72), (88, 73), (97, 73), (98, 73), (99, 73), (89, 74), (94, 74), (95, 74), (96, 74), (90, 75), (91, 75), (92, 75), (93, 75)]
[(109, 69), (110, 69), (111, 69), (106, 70), (107, 70), (108, 70), (112, 70), (103, 71), (104, 71), (105, 71), (113, 71), (100, 72), (101, 72), (102, 72), (97, 73), (98, 73), (99, 73), (94, 74), (95, 74), (96, 74), (112, 74), (90, 75), (91, 75), (92, 75), (93, 75), (111, 77), (89, 78), (110, 80), (88, 81), (109, 83), (87, 84), (108, 86), (86, 87), (107, 89), (85, 90), (105, 92), (106, 92), (107, 92), (84, 93), (102, 93), (103, 93), (104, 93), (99, 94), (100, 94), (101, 94), (96, 95), (97, 95), (98, 95), (84, 96), (93, 96), (94, 96), (95, 96), (85, 97), (90, 97), (91, 97), (92, 97), (86, 98), (87, 98), (88, 98), (89, 98)]
[(113, 71), (114, 71), (112, 74), (111, 77), (110, 80), (109, 83), (108, 86), (107, 89), (107, 92), (108, 93), (113, 93), (114, 93), (109, 94), (110, 94), (111, 94), (112, 94)]
[(113, 93), (114, 93), (109, 94), (110, 94), (111, 94), (112, 94), (108, 97), (107, 100), (106, 103), (105, 106), (104, 109), (103, 112)]
[(44, 58), (45, 58), (46, 58), (41, 59), (42, 59), (43, 59), (47, 59), (38, 60), (39, 60), (40, 60), (48, 60), (35, 61), (36, 61), (37, 61), (32, 62), (33, 62), (34, 62), (29, 63), (30, 63), (31, 63), (47, 63), (25, 64), (26, 64), (27, 64), (28, 64), (46, 66), (24, 67), (45, 69), (23, 70), (44, 72), (22, 73), (43, 75), (21, 76), (42, 78), (20, 79), (40, 81), (41, 81), (42, 81), (19, 82), (37, 82), (38, 82), (39, 82), (34, 83), (35, 83), (36, 83), (31, 84), (32, 84), (33, 84), (19, 85), (28, 85), (29, 85), (30, 85), (20, 86), (25, 86), (26, 86), (27, 86), (21, 87), (22, 87), (23, 87), (24, 87)]
[(67, 54), (68, 54), (69, 54), (64, 55), (65, 55), (66, 55), (70, 55), (61, 56), (62, 56), (63, 56), (71, 56), (58, 57), (59, 57), (60, 57), (55, 58), (56, 58), (57, 58), (52, 59), (53, 59), (54, 59), (70, 59), (48, 60), (49, 60), (50, 60), (51, 60), (69, 62), (47, 63), (68, 65), (46, 66), (67, 68), (45, 69), (66, 71), (44, 72), (65, 74), (43, 75), (63, 77), (64, 77), (65, 77), (42, 78), (60, 78), (61, 78), (62, 78), (57, 79), (58, 79), (59, 79), (54, 80), (55, 80), (56, 80), (42, 81), (51, 81), (52, 81), (53, 81), (43, 82), (48, 82), (49, 82), (50, 82), (44, 83), (45, 83), (46, 83), (47, 83)]
[(63, 77), (64, 77), (65, 77), (60, 78), (61, 78), (62, 78), (66, 78), (57, 79), (58, 79), (59, 79), (67, 79), (54, 80), (55, 80), (56, 80), (51, 81), (52, 81), (53, 81), (48, 82), (49, 82), (50, 82), (66, 82), (44, 83), (45, 83), (46, 83), (47, 83), (65, 85), (43, 86), (64, 88), (42, 89), (63, 91), (41, 92), (62, 94), (40, 95), (61, 97), (39, 98), (59, 100), (60, 100), (61, 100), (38, 101), (56, 101), (57, 101), (58, 101), (53, 102), (54, 102), (55, 102), (50, 103), (51, 103), (52, 103), (38, 104), (47, 104), (48, 104), (49, 104), (39, 105), (44, 105), (45, 105), (46, 105), (40, 106), (41, 106), (42, 106), (43, 106)]
[(86, 73), (87, 73), (88, 73), (83, 74), (84, 74), (85, 74), (89, 74), (80, 75), (81, 75), (82, 75), (90, 75), (77, 76), (78, 76), (79, 76), (74, 77), (75, 77), (76, 77), (71, 78), (72, 78), (73, 78), (89, 78), (67, 79), (68, 79), (69, 79), (70, 79), (88, 81), (66, 82), (87, 84), (65, 85), (86, 87), (64, 88), (85, 90), (63, 91), (84, 93), (62, 94), (82, 96), (83, 96), (84, 96), (61, 97), (79, 97), (80, 97), (81, 97), (76, 98), (77, 98), (78, 98), (73, 99), (74, 99), (75, 99), (61, 100), (70, 100), (71, 100), (72, 100), (62, 101), (67, 101), (68, 101), (69, 101), (63, 102), (64, 102), (65, 102), (66, 102)]
[(82, 96), (83, 96), (84, 96), (79, 97), (80, 97), (81, 97), (85, 97), (76, 98), (77, 98), (78, 98), (86, 98), (73, 99), (74, 99), (75, 99), (70, 100), (71, 100), (72, 100), (67, 101), (68, 101), (69, 101), (85, 101), (63, 102), (64, 102), (65, 102), (66, 102), (84, 104), (62, 105), (83, 107), (61, 108), (82, 110), (60, 111), (81, 113), (59, 114)]
[(105, 92), (106, 92), (107, 92), (102, 93), (103, 93), (104, 93), (108, 93), (99, 94), (100, 94), (101, 94), (109, 94), (96, 95), (97, 95), (98, 95), (93, 96), (94, 96), (95, 96), (90, 97), (91, 97), (92, 97), (108, 97), (86, 98), (87, 98), (88, 98), (89, 98), (107, 100), (85, 101), (106, 103), (84, 104), (105, 106), (83, 107), (104, 109), (82, 110), (103, 112), (81, 113)]
[(40, 81), (41, 81), (42, 81), (37, 82), (38, 82), (39, 82), (43, 82), (34, 83), (35, 83), (36, 83), (44, 83), (31, 84), (32, 84), (33, 84), (28, 85), (29, 85), (30, 85), (25, 86), (26, 86), (27, 86), (43, 86), (21, 87), (22, 87), (23, 87), (24, 87), (42, 89), (20, 90), (41, 92), (19, 93), (40, 95), (18, 96), (39, 98), (17, 99), (38, 101), (16, 102), (36, 104), (37, 104), (38, 104), (15, 105), (33, 105), (34, 105), (35, 105), (30, 106), (31, 106), (32, 106), (27, 107), (28, 107), (29, 107), (15, 108), (24, 108), (25, 108), (26, 108), (16, 109), (21, 109), (22, 109), (23, 109), (17, 110), (18, 110), (19, 110), (20, 110)]
[(36, 104), (37, 104), (38, 104), (33, 105), (34, 105), (35, 105), (39, 105), (30, 106), (31, 106), (32, 106), (40, 106), (27, 107), (28, 107), (29, 107), (24, 108), (25, 108), (26, 108), (21, 109), (22, 109), (23, 109), (39, 109), (17, 110), (18, 110), (19, 110), (20, 110), (38, 112), (16, 113)]
[(59, 100), (60, 100), (61, 100), (56, 101), (57, 101), (58, 101), (62, 101), (53, 102), (54, 102), (55, 102), (63, 102), (50, 103), (51, 103), (52, 103), (47, 104), (48, 104), (49, 104), (44, 105), (45, 105), (46, 105), (62, 105), (40, 106), (41, 106), (42, 106), (43, 106), (61, 108), (39, 109), (60, 111), (38, 112), (59, 114)]
