[(114, 15), (112, 16), (113, 16), (110, 17), (111, 17), (107, 18), (108, 18), (109, 18), (106, 20), (105, 22), (104, 24), (103, 26), (102, 28), (101, 30), (100, 32), (99, 34), (98, 36), (113, 37), (114, 37), (97, 38), (111, 38), (112, 38), (109, 39), (110, 39), (96, 40), (97, 40), (107, 40), (108, 40), (98, 41), (105, 41), (106, 41), (99, 42), (103, 42), (104, 42), (100, 43), (101, 43), (102, 43)]
[(114, 58)]
[(78, 22), (79, 22), (76, 23), (77, 23), (80, 23), (74, 24), (75, 24), (81, 24), (72, 25), (73, 25), (82, 25), (70, 26), (71, 26), (68, 27), (69, 27), (81, 27), (66, 28), (67, 28), (64, 29), (65, 29), (80, 29), (62, 30), (63, 30), (60, 31), (61, 31), (79, 31), (57, 32), (58, 32), (59, 32), (78, 33), (56, 34), (77, 35), (55, 36), (76, 37), (54, 38), (75, 39), (53, 40), (74, 41), (52, 42), (73, 43), (51, 44), (72, 45), (50, 46), (71, 47), (72, 47), (49, 48), (69, 48), (70, 48), (67, 49), (68, 49), (48, 50), (65, 50), (66, 50), (63, 51), (64, 51), (47, 52), (61, 52), (62, 52), (59, 53), (60, 53), (46, 54), (47, 54), (57, 54), (58, 54), (48, 55), (55, 55), (56, 55), (49, 56), (53, 56), (54, 56), (50, 57), (51, 57), (52, 57)]
[(103, 15), (104, 15), (101, 16), (102, 16), (105, 16), (99, 17), (100, 17), (106, 17), (97, 18), (98, 18), (107, 18), (95, 19), (96, 19), (93, 20), (94, 20), (106, 20), (91, 21), (92, 21), (89, 22), (90, 22), (105, 22), (87, 23), (88, 23), (85, 24), (86, 24), (104, 24), (82, 25), (83, 25), (84, 25), (103, 26), (81, 27), (102, 28), (80, 29), (101, 30), (79, 31), (100, 32), (78, 33), (99, 34), (77, 35), (98, 36), (76, 37), (97, 38), (75, 39), (96, 40), (97, 40), (74, 41), (94, 41), (95, 41), (92, 42), (93, 42), (73, 43), (90, 43), (91, 43), (88, 44), (89, 44), (72, 45), (86, 45), (87, 45), (84, 46), (85, 46), (71, 47), (72, 47), (82, 47), (83, 47), (73, 48), (80, 48), (81, 48), (74, 49), (78, 49), (79, 49), (75, 50), (76, 50), (77, 50)]
[(96, 40), (97, 40), (94, 41), (95, 41), (98, 41), (92, 42), (93, 42), (99, 42), (90, 43), (91, 43), (100, 43), (88, 44), (89, 44), (86, 45), (87, 45), (99, 45), (84, 46), (85, 46), (82, 47), (83, 47), (98, 47), (80, 48), (81, 48), (78, 49), (79, 49), (97, 49), (75, 50), (76, 50), (77, 50), (96, 51), (74, 52), (95, 53), (73, 54), (94, 55), (72, 56), (93, 57), (71, 58), (92, 59), (70, 60), (91, 61), (69, 62), (90, 63), (68, 64), (89, 65), (90, 65), (67, 66), (87, 66), (88, 66), (85, 67), (86, 67), (66, 68), (83, 68), (84, 68), (81, 69), (82, 69), (65, 70), (79, 70), (80, 70), (77, 71), (78, 71), (64, 72), (65, 72), (75, 72), (76, 72), (66, 73), (73, 73), (74, 73), (67, 74), (71, 74), (72, 74), (68, 75), (69, 75), (70, 75)]
[(113, 37), (114, 37), (111, 38), (112, 38), (109, 39), (110, 39), (107, 40), (108, 40), (105, 41), (106, 41), (103, 42), (104, 42), (100, 43), (101, 43), (102, 43), (99, 45), (98, 47), (97, 49), (96, 51), (95, 53), (94, 55), (93, 57), (114, 58), (92, 59), (112, 59), (113, 59), (110, 60), (111, 60), (91, 61), (108, 61), (109, 61), (106, 62), (107, 62), (90, 63), (104, 63), (105, 63), (102, 64), (103, 64), (89, 65), (90, 65), (100, 65), (101, 65), (91, 66), (98, 66), (99, 66), (92, 67), (96, 67), (97, 67), (93, 68), (94, 68), (95, 68)]
[(114, 58), (112, 59), (113, 59), (110, 60), (111, 60), (108, 61), (109, 61), (106, 62), (107, 62), (104, 63), (105, 63), (102, 64), (103, 64), (100, 65), (101, 65), (98, 66), (99, 66), (96, 67), (97, 67), (93, 68), (94, 68), (95, 68), (114, 69), (92, 70), (113, 71), (91, 72), (112, 73), (90, 74), (111, 75), (89, 76), (110, 77), (88, 78), (109, 79), (87, 80), (108, 81), (86, 82), (107, 83), (108, 83), (85, 84), (105, 84), (106, 84), (103, 85), (104, 85), (84, 86), (101, 86), (102, 86), (99, 87), (100, 87), (83, 88), (97, 88), (98, 88), (95, 89), (96, 89), (82, 90), (83, 90), (93, 90), (94, 90), (84, 91), (91, 91), (92, 91), (85, 92), (89, 92), (90, 92), (86, 93), (87, 93), (88, 93)]
[(114, 69), (113, 71), (112, 73), (111, 75), (110, 77), (109, 79), (108, 81), (107, 83), (108, 83), (109, 84), (110, 85), (114, 85), (111, 86), (112, 86), (113, 86)]
[(114, 85), (111, 86), (112, 86), (113, 86), (110, 88), (109, 90), (108, 92), (107, 94), (106, 96), (105, 98), (104, 100), (103, 102), (102, 104), (101, 106), (113, 107), (114, 107), (100, 108), (101, 108), (111, 108), (112, 108), (102, 109), (109, 109), (110, 109), (103, 110), (107, 110), (108, 110), (104, 111), (105, 111), (106, 111)]
[(46, 54), (47, 54), (44, 55), (45, 55), (48, 55), (42, 56), (43, 56), (49, 56), (40, 57), (41, 57), (50, 57), (38, 58), (39, 58), (36, 59), (37, 59), (49, 59), (34, 60), (35, 60), (32, 61), (33, 61), (48, 61), (30, 62), (31, 62), (28, 63), (29, 63), (47, 63), (25, 64), (26, 64), (27, 64), (46, 65), (24, 66), (45, 67), (23, 68), (44, 69), (22, 70), (43, 71), (21, 72), (42, 73), (20, 74), (41, 75), (19, 76), (40, 77), (18, 78), (39, 79), (40, 79), (17, 80), (37, 80), (38, 80), (35, 81), (36, 81), (16, 82), (33, 82), (34, 82), (31, 83), (32, 83), (15, 84), (29, 84), (30, 84), (27, 85), (28, 85), (14, 86), (15, 86), (25, 86), (26, 86), (16, 87), (23, 87), (24, 87), (17, 88), (21, 88), (22, 88), (18, 89), (19, 89), (20, 89)]
[(71, 47), (72, 47), (69, 48), (70, 48), (73, 48), (67, 49), (68, 49), (74, 49), (65, 50), (66, 50), (75, 50), (63, 51), (64, 51), (61, 52), (62, 52), (74, 52), (59, 53), (60, 53), (57, 54), (58, 54), (73, 54), (55, 55), (56, 55), (53, 56), (54, 56), (72, 56), (50, 57), (51, 57), (52, 57), (71, 58), (49, 59), (70, 60), (48, 61), (69, 62), (47, 63), (68, 64), (46, 65), (67, 66), (45, 67), (66, 68), (44, 69), (65, 70), (43, 71), (64, 72), (65, 72), (42, 73), (62, 73), (63, 73), (60, 74), (61, 74), (41, 75), (58, 75), (59, 75), (56, 76), (57, 76), (40, 77), (54, 77), (55, 77), (52, 78), (53, 78), (39, 79), (40, 79), (50, 79), (51, 79), (41, 80), (48, 80), (49, 80), (42, 81), (46, 81), (47, 81), (43, 82), (44, 82), (45, 82)]
[(64, 72), (65, 72), (62, 73), (63, 73), (66, 73), (60, 74), (61, 74), (67, 74), (58, 75), (59, 75), (68, 75), (56, 76), (57, 76), (54, 77), (55, 77), (67, 77), (52, 78), (53, 78), (50, 79), (51, 79), (66, 79), (48, 80), (49, 80), (46, 81), (47, 81), (65, 81), (43, 82), (44, 82), (45, 82), (64, 83), (42, 84), (63, 85), (41, 86), (62, 87), (40, 88), (61, 89), (39, 90), (60, 91), (38, 92), (59, 93), (37, 94), (58, 95), (36, 96), (57, 97), (58, 97), (35, 98), (55, 98), (56, 98), (53, 99), (54, 99), (34, 100), (51, 100), (52, 100), (49, 101), (50, 101), (33, 102), (47, 102), (48, 102), (45, 103), (46, 103), (32, 104), (33, 104), (43, 104), (44, 104), (34, 105), (41, 105), (42, 105), (35, 106), (39, 106), (40, 106), (36, 107), (37, 107), (38, 107)]
[(89, 65), (90, 65), (87, 66), (88, 66), (91, 66), (85, 67), (86, 67), (92, 67), (83, 68), (84, 68), (93, 68), (81, 69), (82, 69), (79, 70), (80, 70), (92, 70), (77, 71), (78, 71), (75, 72), (76, 72), (91, 72), (73, 73), (74, 73), (71, 74), (72, 74), (90, 74), (68, 75), (69, 75), (70, 75), (89, 76), (67, 77), (88, 78), (66, 79), (87, 80), (65, 81), (86, 82), (64, 83), (85, 84), (63, 85), (84, 86), (62, 87), (83, 88), (61, 89), (82, 90), (83, 90), (60, 91), (80, 91), (81, 91), (78, 92), (79, 92), (59, 93), (76, 93), (77, 93), (74, 94), (75, 94), (58, 95), (72, 95), (73, 95), (70, 96), (71, 96), (57, 97), (58, 97), (68, 97), (69, 97), (59, 98), (66, 98), (67, 98), (60, 99), (64, 99), (65, 99), (61, 100), (62, 100), (63, 100)]
[(82, 90), (83, 90), (80, 91), (81, 91), (84, 91), (78, 92), (79, 92), (85, 92), (76, 93), (77, 93), (86, 93), (74, 94), (75, 94), (72, 95), (73, 95), (85, 95), (70, 96), (71, 96), (68, 97), (69, 97), (84, 97), (66, 98), (67, 98), (64, 99), (65, 99), (83, 99), (61, 100), (62, 100), (63, 100), (82, 101), (60, 102), (81, 103), (59, 104), (80, 105), (58, 106), (79, 107), (57, 108), (78, 109), (56, 110), (77, 111), (55, 112), (76, 113), (54, 114)]
[(107, 83), (108, 83), (105, 84), (106, 84), (109, 84), (103, 85), (104, 85), (110, 85), (101, 86), (102, 86), (111, 86), (99, 87), (100, 87), (97, 88), (98, 88), (110, 88), (95, 89), (96, 89), (93, 90), (94, 90), (109, 90), (91, 91), (92, 91), (89, 92), (90, 92), (108, 92), (86, 93), (87, 93), (88, 93), (107, 94), (85, 95), (106, 96), (84, 97), (105, 98), (83, 99), (104, 100), (82, 101), (103, 102), (81, 103), (102, 104), (80, 105), (101, 106), (79, 107), (100, 108), (101, 108), (78, 109), (98, 109), (99, 109), (96, 110), (97, 110), (77, 111), (94, 111), (95, 111), (92, 112), (93, 112), (76, 113), (90, 113), (91, 113), (88, 114), (89, 114)]
[(100, 108), (101, 108), (98, 109), (99, 109), (102, 109), (96, 110), (97, 110), (103, 110), (94, 111), (95, 111), (104, 111), (92, 112), (93, 112), (90, 113), (91, 113), (103, 113), (88, 114), (89, 114)]
[(113, 107), (114, 107), (111, 108), (112, 108), (109, 109), (110, 109), (107, 110), (108, 110), (104, 111), (105, 111), (106, 111), (103, 113)]
[(39, 79), (40, 79), (37, 80), (38, 80), (41, 80), (35, 81), (36, 81), (42, 81), (33, 82), (34, 82), (43, 82), (31, 83), (32, 83), (29, 84), (30, 84), (42, 84), (27, 85), (28, 85), (25, 86), (26, 86), (41, 86), (23, 87), (24, 87), (21, 88), (22, 88), (40, 88), (18, 89), (19, 89), (20, 89), (39, 90), (17, 91), (38, 92), (16, 93), (37, 94), (15, 95), (36, 96), (14, 97), (35, 98), (13, 99), (34, 100), (12, 101), (33, 102), (11, 103), (32, 104), (33, 104), (10, 105), (30, 105), (31, 105), (28, 106), (29, 106), (9, 107), (26, 107), (27, 107), (24, 108), (25, 108), (8, 109), (22, 109), (23, 109), (20, 110), (21, 110), (7, 111), (8, 111), (18, 111), (19, 111), (9, 112), (16, 112), (17, 112), (10, 113), (14, 113), (15, 113), (11, 114), (12, 114), (13, 114)]
[(32, 104), (33, 104), (30, 105), (31, 105), (34, 105), (28, 106), (29, 106), (35, 106), (26, 107), (27, 107), (36, 107), (24, 108), (25, 108), (22, 109), (23, 109), (35, 109), (20, 110), (21, 110), (18, 111), (19, 111), (34, 111), (16, 112), (17, 112), (14, 113), (15, 113), (33, 113), (11, 114), (12, 114), (13, 114)]
[(57, 97), (58, 97), (55, 98), (56, 98), (59, 98), (53, 99), (54, 99), (60, 99), (51, 100), (52, 100), (61, 100), (49, 101), (50, 101), (47, 102), (48, 102), (60, 102), (45, 103), (46, 103), (43, 104), (44, 104), (59, 104), (41, 105), (42, 105), (39, 106), (40, 106), (58, 106), (36, 107), (37, 107), (38, 107), (57, 108), (35, 109), (56, 110), (34, 111), (55, 112), (33, 113), (54, 114)]
