[(114, 0), (111, 1), (112, 1), (113, 1), (109, 2), (110, 2), (106, 3), (107, 3), (108, 3), (103, 4), (104, 4), (105, 4), (102, 6), (101, 9), (100, 11), (99, 14), (98, 16), (97, 19), (113, 19), (114, 19), (111, 20), (112, 20), (97, 21), (108, 21), (109, 21), (110, 21), (98, 22), (106, 22), (107, 22), (99, 23), (103, 23), (104, 23), (105, 23), (100, 24), (101, 24), (102, 24)]
[(114, 36), (114, 38)]
[(79, 4), (80, 4), (76, 5), (77, 5), (78, 5), (81, 5), (74, 6), (75, 6), (82, 6), (71, 7), (72, 7), (73, 7), (83, 7), (69, 8), (70, 8), (66, 9), (67, 9), (68, 9), (82, 9), (63, 10), (64, 10), (65, 10), (62, 12), (81, 12), (80, 14), (61, 15), (60, 17), (79, 17), (78, 19), (59, 20), (58, 22), (77, 22), (76, 24), (77, 24), (57, 25), (73, 25), (74, 25), (75, 25), (71, 26), (72, 26), (57, 27), (68, 27), (69, 27), (70, 27), (58, 28), (66, 28), (67, 28), (59, 29), (63, 29), (64, 29), (65, 29), (60, 30), (61, 30), (62, 30)]
[(99, 1), (100, 1), (96, 2), (97, 2), (98, 2), (101, 2), (94, 3), (95, 3), (102, 3), (91, 4), (92, 4), (93, 4), (103, 4), (89, 5), (90, 5), (86, 6), (87, 6), (88, 6), (102, 6), (83, 7), (84, 7), (85, 7), (82, 9), (101, 9), (100, 11), (81, 12), (80, 14), (99, 14), (98, 16), (79, 17), (78, 19), (97, 19), (96, 21), (97, 21), (77, 22), (93, 22), (94, 22), (95, 22), (91, 23), (92, 23), (77, 24), (88, 24), (89, 24), (90, 24), (78, 25), (86, 25), (87, 25), (79, 26), (83, 26), (84, 26), (85, 26), (80, 27), (81, 27), (82, 27)]
[(96, 21), (97, 21), (93, 22), (94, 22), (95, 22), (98, 22), (91, 23), (92, 23), (99, 23), (88, 24), (89, 24), (90, 24), (100, 24), (86, 25), (87, 25), (83, 26), (84, 26), (85, 26), (99, 26), (80, 27), (81, 27), (82, 27), (79, 29), (98, 29), (97, 31), (78, 32), (77, 34), (96, 34), (95, 36), (76, 37), (75, 39), (94, 39), (93, 41), (94, 41), (74, 42), (90, 42), (91, 42), (92, 42), (88, 43), (89, 43), (74, 44), (85, 44), (86, 44), (87, 44), (75, 45), (83, 45), (84, 45), (76, 46), (80, 46), (81, 46), (82, 46), (77, 47), (78, 47), (79, 47)]
[(113, 19), (114, 19), (111, 20), (112, 20), (108, 21), (109, 21), (110, 21), (106, 22), (107, 22), (103, 23), (104, 23), (105, 23), (100, 24), (101, 24), (102, 24), (99, 26), (98, 29), (97, 31), (96, 34), (95, 36), (114, 36), (113, 38), (114, 38), (94, 39), (110, 39), (111, 39), (112, 39), (108, 40), (109, 40), (94, 41), (105, 41), (106, 41), (107, 41), (95, 42), (103, 42), (104, 42), (96, 43), (100, 43), (101, 43), (102, 43), (97, 44), (98, 44), (99, 44)]
[(113, 38), (114, 38), (110, 39), (111, 39), (112, 39), (108, 40), (109, 40), (105, 41), (106, 41), (107, 41), (103, 42), (104, 42), (100, 43), (101, 43), (102, 43), (97, 44), (98, 44), (99, 44), (96, 46), (114, 48), (95, 49), (94, 51), (113, 51), (112, 53), (93, 54), (92, 56), (111, 56), (110, 58), (111, 58), (91, 59), (107, 59), (108, 59), (109, 59), (105, 60), (106, 60), (91, 61), (102, 61), (103, 61), (104, 61), (92, 62), (100, 62), (101, 62), (93, 63), (97, 63), (98, 63), (99, 63), (94, 64), (95, 64), (96, 64)]
[(114, 48), (113, 51), (112, 53), (111, 56), (111, 58), (112, 59), (113, 60), (114, 61)]
[(56, 27), (57, 27), (53, 28), (54, 28), (55, 28), (58, 28), (51, 29), (52, 29), (59, 29), (48, 30), (49, 30), (50, 30), (60, 30), (46, 31), (47, 31), (43, 32), (44, 32), (45, 32), (59, 32), (40, 33), (41, 33), (42, 33), (39, 35), (58, 35), (57, 37), (38, 38), (37, 40), (56, 40), (55, 42), (36, 43), (35, 45), (54, 45), (53, 47), (54, 47), (34, 48), (50, 48), (51, 48), (52, 48), (48, 49), (49, 49), (34, 50), (45, 50), (46, 50), (47, 50), (35, 51), (43, 51), (44, 51), (36, 52), (40, 52), (41, 52), (42, 52), (37, 53), (38, 53), (39, 53)]
[(76, 24), (77, 24), (73, 25), (74, 25), (75, 25), (78, 25), (71, 26), (72, 26), (79, 26), (68, 27), (69, 27), (70, 27), (80, 27), (66, 28), (67, 28), (63, 29), (64, 29), (65, 29), (79, 29), (60, 30), (61, 30), (62, 30), (59, 32), (78, 32), (77, 34), (58, 35), (57, 37), (76, 37), (75, 39), (56, 40), (55, 42), (74, 42), (73, 44), (74, 44), (54, 45), (70, 45), (71, 45), (72, 45), (68, 46), (69, 46), (54, 47), (65, 47), (66, 47), (67, 47), (55, 48), (63, 48), (64, 48), (56, 49), (60, 49), (61, 49), (62, 49), (57, 50), (58, 50), (59, 50)]
[(73, 44), (74, 44), (70, 45), (71, 45), (72, 45), (75, 45), (68, 46), (69, 46), (76, 46), (65, 47), (66, 47), (67, 47), (77, 47), (63, 48), (64, 48), (60, 49), (61, 49), (62, 49), (76, 49), (57, 50), (58, 50), (59, 50), (56, 52), (75, 52), (74, 54), (55, 55), (54, 57), (73, 57), (72, 59), (53, 60), (52, 62), (71, 62), (70, 64), (71, 64), (51, 65), (67, 65), (68, 65), (69, 65), (65, 66), (66, 66), (51, 67), (62, 67), (63, 67), (64, 67), (52, 68), (60, 68), (61, 68), (53, 69), (57, 69), (58, 69), (59, 69), (54, 70), (55, 70), (56, 70)]
[(93, 41), (94, 41), (90, 42), (91, 42), (92, 42), (95, 42), (88, 43), (89, 43), (96, 43), (85, 44), (86, 44), (87, 44), (97, 44), (83, 45), (84, 45), (80, 46), (81, 46), (82, 46), (96, 46), (77, 47), (78, 47), (79, 47), (76, 49), (95, 49), (94, 51), (75, 52), (74, 54), (93, 54), (92, 56), (73, 57), (72, 59), (91, 59), (90, 61), (91, 61), (71, 62), (87, 62), (88, 62), (89, 62), (85, 63), (86, 63), (71, 64), (82, 64), (83, 64), (84, 64), (72, 65), (80, 65), (81, 65), (73, 66), (77, 66), (78, 66), (79, 66), (74, 67), (75, 67), (76, 67)]
[(90, 61), (91, 61), (87, 62), (88, 62), (89, 62), (92, 62), (85, 63), (86, 63), (93, 63), (82, 64), (83, 64), (84, 64), (94, 64), (80, 65), (81, 65), (77, 66), (78, 66), (79, 66), (93, 66), (74, 67), (75, 67), (76, 67), (73, 69), (92, 69), (91, 71), (72, 72), (71, 74), (90, 74), (89, 76), (70, 77), (69, 79), (88, 79), (87, 81), (88, 81), (68, 82), (84, 82), (85, 82), (86, 82), (82, 83), (83, 83), (68, 84), (79, 84), (80, 84), (81, 84), (69, 85), (77, 85), (78, 85), (70, 86), (74, 86), (75, 86), (76, 86), (71, 87), (72, 87), (73, 87)]
[(110, 58), (111, 58), (107, 59), (108, 59), (109, 59), (112, 59), (105, 60), (106, 60), (113, 60), (102, 61), (103, 61), (104, 61), (114, 61), (100, 62), (101, 62), (97, 63), (98, 63), (99, 63), (113, 63), (94, 64), (95, 64), (96, 64), (93, 66), (112, 66), (111, 68), (92, 69), (91, 71), (110, 71), (109, 73), (90, 74), (89, 76), (108, 76), (107, 78), (108, 78), (88, 79), (104, 79), (105, 79), (106, 79), (102, 80), (103, 80), (88, 81), (99, 81), (100, 81), (101, 81), (89, 82), (97, 82), (98, 82), (90, 83), (94, 83), (95, 83), (96, 83), (91, 84), (92, 84), (93, 84)]
[(53, 47), (54, 47), (50, 48), (51, 48), (52, 48), (55, 48), (48, 49), (49, 49), (56, 49), (45, 50), (46, 50), (47, 50), (57, 50), (43, 51), (44, 51), (40, 52), (41, 52), (42, 52), (56, 52), (37, 53), (38, 53), (39, 53), (36, 55), (55, 55), (54, 57), (35, 58), (34, 60), (53, 60), (52, 62), (33, 63), (32, 65), (51, 65), (50, 67), (51, 67), (31, 68), (47, 68), (48, 68), (49, 68), (45, 69), (46, 69), (31, 70), (42, 70), (43, 70), (44, 70), (32, 71), (40, 71), (41, 71), (33, 72), (37, 72), (38, 72), (39, 72), (34, 73), (35, 73), (36, 73)]
[(50, 67), (51, 67), (47, 68), (48, 68), (49, 68), (52, 68), (45, 69), (46, 69), (53, 69), (42, 70), (43, 70), (44, 70), (54, 70), (40, 71), (41, 71), (37, 72), (38, 72), (39, 72), (53, 72), (34, 73), (35, 73), (36, 73), (33, 75), (52, 75), (51, 77), (32, 78), (31, 80), (50, 80), (49, 82), (30, 83), (29, 85), (48, 85), (47, 87), (48, 87), (28, 88), (44, 88), (45, 88), (46, 88), (42, 89), (43, 89), (28, 90), (39, 90), (40, 90), (41, 90), (29, 91), (37, 91), (38, 91), (30, 92), (34, 92), (35, 92), (36, 92), (31, 93), (32, 93), (33, 93)]
[(70, 64), (71, 64), (67, 65), (68, 65), (69, 65), (72, 65), (65, 66), (66, 66), (73, 66), (62, 67), (63, 67), (64, 67), (74, 67), (60, 68), (61, 68), (57, 69), (58, 69), (59, 69), (73, 69), (54, 70), (55, 70), (56, 70), (53, 72), (72, 72), (71, 74), (52, 75), (51, 77), (70, 77), (69, 79), (50, 80), (49, 82), (68, 82), (67, 84), (68, 84), (48, 85), (64, 85), (65, 85), (66, 85), (62, 86), (63, 86), (48, 87), (59, 87), (60, 87), (61, 87), (49, 88), (57, 88), (58, 88), (50, 89), (54, 89), (55, 89), (56, 89), (51, 90), (52, 90), (53, 90)]
[(67, 84), (68, 84), (64, 85), (65, 85), (66, 85), (69, 85), (62, 86), (63, 86), (70, 86), (59, 87), (60, 87), (61, 87), (71, 87), (57, 88), (58, 88), (54, 89), (55, 89), (56, 89), (70, 89), (51, 90), (52, 90), (53, 90), (50, 92), (69, 92), (68, 94), (49, 95), (48, 97), (67, 97), (66, 99), (47, 100), (46, 102), (65, 102), (64, 104), (65, 104), (45, 105), (61, 105), (62, 105), (63, 105), (59, 106), (60, 106), (45, 107), (56, 107), (57, 107), (58, 107), (46, 108), (54, 108), (55, 108), (47, 109), (51, 109), (52, 109), (53, 109), (48, 110), (49, 110), (50, 110)]
[(87, 81), (88, 81), (84, 82), (85, 82), (86, 82), (89, 82), (82, 83), (83, 83), (90, 83), (79, 84), (80, 84), (81, 84), (91, 84), (77, 85), (78, 85), (74, 86), (75, 86), (76, 86), (90, 86), (71, 87), (72, 87), (73, 87), (70, 89), (89, 89), (88, 91), (69, 92), (68, 94), (87, 94), (86, 96), (67, 97), (66, 99), (85, 99), (84, 101), (85, 101), (65, 102), (81, 102), (82, 102), (83, 102), (79, 103), (80, 103), (65, 104), (76, 104), (77, 104), (78, 104), (66, 105), (74, 105), (75, 105), (67, 106), (71, 106), (72, 106), (73, 106), (68, 107), (69, 107), (70, 107)]
[(47, 87), (48, 87), (44, 88), (45, 88), (46, 88), (49, 88), (42, 89), (43, 89), (50, 89), (39, 90), (40, 90), (41, 90), (51, 90), (37, 91), (38, 91), (34, 92), (35, 92), (36, 92), (50, 92), (31, 93), (32, 93), (33, 93), (30, 95), (49, 95), (48, 97), (29, 98), (28, 100), (47, 100), (46, 102), (27, 103), (26, 105), (45, 105), (44, 107), (45, 107), (25, 108), (41, 108), (42, 108), (43, 108), (39, 109), (40, 109), (25, 110), (36, 110), (37, 110), (38, 110), (26, 111), (34, 111), (35, 111), (27, 112), (31, 112), (32, 112), (33, 112), (28, 113), (29, 113), (30, 113)]
[(44, 107), (45, 107), (41, 108), (42, 108), (43, 108), (46, 108), (39, 109), (40, 109), (47, 109), (36, 110), (37, 110), (38, 110), (48, 110), (34, 111), (35, 111), (31, 112), (32, 112), (33, 112), (47, 112), (28, 113), (29, 113), (30, 113)]
[(64, 104), (65, 104), (61, 105), (62, 105), (63, 105), (66, 105), (59, 106), (60, 106), (67, 106), (56, 107), (57, 107), (58, 107), (68, 107), (54, 108), (55, 108), (51, 109), (52, 109), (53, 109), (67, 109), (48, 110), (49, 110), (50, 110), (47, 112), (66, 112), (65, 114)]
