[(105, 23), (106, 23), (100, 24), (101, 24), (102, 24), (103, 24), (104, 24), (107, 24), (95, 25), (96, 25), (97, 25), (98, 25), (99, 25), (90, 26), (91, 26), (92, 26), (93, 26), (94, 26), (106, 28), (89, 30), (105, 33), (88, 35), (104, 38), (87, 40), (103, 40), (104, 40), (98, 41), (99, 41), (100, 41), (101, 41), (102, 41), (87, 42), (93, 42), (94, 42), (95, 42), (96, 42), (97, 42), (88, 43), (89, 43), (90, 43), (91, 43), (92, 43)]
[(112, 23), (113, 23), (114, 23), (107, 24), (108, 24), (109, 24), (110, 24), (111, 24), (106, 28), (105, 33), (104, 38), (104, 40), (110, 40), (111, 40), (112, 40), (113, 40), (114, 40), (105, 41), (106, 41), (107, 41), (108, 41), (109, 41)]
[(110, 40), (111, 40), (112, 40), (113, 40), (114, 40), (105, 41), (106, 41), (107, 41), (108, 41), (109, 41), (104, 45), (103, 50), (102, 55), (113, 56), (114, 56), (102, 57), (108, 57), (109, 57), (110, 57), (111, 57), (112, 57), (103, 58), (104, 58), (105, 58), (106, 58), (107, 58)]
[(71, 27), (72, 27), (66, 28), (67, 28), (68, 28), (69, 28), (70, 28), (73, 28), (61, 29), (62, 29), (63, 29), (64, 29), (65, 29), (56, 30), (57, 30), (58, 30), (59, 30), (60, 30), (72, 32), (55, 34), (71, 37), (54, 39), (70, 42), (53, 44), (69, 44), (70, 44), (64, 45), (65, 45), (66, 45), (67, 45), (68, 45), (53, 46), (59, 46), (60, 46), (61, 46), (62, 46), (63, 46), (54, 47), (55, 47), (56, 47), (57, 47), (58, 47)]
[(88, 25), (89, 25), (83, 26), (84, 26), (85, 26), (86, 26), (87, 26), (90, 26), (78, 27), (79, 27), (80, 27), (81, 27), (82, 27), (73, 28), (74, 28), (75, 28), (76, 28), (77, 28), (89, 30), (72, 32), (88, 35), (71, 37), (87, 40), (70, 42), (86, 42), (87, 42), (81, 43), (82, 43), (83, 43), (84, 43), (85, 43), (70, 44), (76, 44), (77, 44), (78, 44), (79, 44), (80, 44), (71, 45), (72, 45), (73, 45), (74, 45), (75, 45)]
[(86, 42), (87, 42), (81, 43), (82, 43), (83, 43), (84, 43), (85, 43), (88, 43), (76, 44), (77, 44), (78, 44), (79, 44), (80, 44), (71, 45), (72, 45), (73, 45), (74, 45), (75, 45), (87, 47), (70, 49), (86, 52), (69, 54), (85, 57), (68, 59), (84, 59), (85, 59), (79, 60), (80, 60), (81, 60), (82, 60), (83, 60), (68, 61), (74, 61), (75, 61), (76, 61), (77, 61), (78, 61), (69, 62), (70, 62), (71, 62), (72, 62), (73, 62)]
[(103, 40), (104, 40), (98, 41), (99, 41), (100, 41), (101, 41), (102, 41), (105, 41), (93, 42), (94, 42), (95, 42), (96, 42), (97, 42), (88, 43), (89, 43), (90, 43), (91, 43), (92, 43), (104, 45), (87, 47), (103, 50), (86, 52), (102, 55), (85, 57), (101, 57), (102, 57), (96, 58), (97, 58), (98, 58), (99, 58), (100, 58), (85, 59), (91, 59), (92, 59), (93, 59), (94, 59), (95, 59), (86, 60), (87, 60), (88, 60), (89, 60), (90, 60)]
[(101, 57), (102, 57), (96, 58), (97, 58), (98, 58), (99, 58), (100, 58), (103, 58), (91, 59), (92, 59), (93, 59), (94, 59), (95, 59), (86, 60), (87, 60), (88, 60), (89, 60), (90, 60), (102, 62), (85, 64), (101, 67), (84, 69), (100, 72), (83, 74), (99, 74), (100, 74), (94, 75), (95, 75), (96, 75), (97, 75), (98, 75), (83, 76), (89, 76), (90, 76), (91, 76), (92, 76), (93, 76), (84, 77), (85, 77), (86, 77), (87, 77), (88, 77)]
[(113, 56), (114, 56), (108, 57), (109, 57), (110, 57), (111, 57), (112, 57), (103, 58), (104, 58), (105, 58), (106, 58), (107, 58), (102, 62), (101, 67), (100, 72), (111, 73), (112, 73), (113, 73), (114, 73), (100, 74), (106, 74), (107, 74), (108, 74), (109, 74), (110, 74), (101, 75), (102, 75), (103, 75), (104, 75), (105, 75)]
[(111, 73), (112, 73), (113, 73), (114, 73), (106, 74), (107, 74), (108, 74), (109, 74), (110, 74), (101, 75), (102, 75), (103, 75), (104, 75), (105, 75), (100, 79), (99, 84), (98, 89), (114, 89), (109, 90), (110, 90), (111, 90), (112, 90), (113, 90), (98, 91), (104, 91), (105, 91), (106, 91), (107, 91), (108, 91), (99, 92), (100, 92), (101, 92), (102, 92), (103, 92)]
[(52, 46), (53, 46), (47, 47), (48, 47), (49, 47), (50, 47), (51, 47), (54, 47), (42, 48), (43, 48), (44, 48), (45, 48), (46, 48), (37, 49), (38, 49), (39, 49), (40, 49), (41, 49), (53, 51), (36, 53), (52, 56), (35, 58), (51, 61), (34, 63), (50, 63), (51, 63), (45, 64), (46, 64), (47, 64), (48, 64), (49, 64), (34, 65), (40, 65), (41, 65), (42, 65), (43, 65), (44, 65), (35, 66), (36, 66), (37, 66), (38, 66), (39, 66)]
[(69, 44), (70, 44), (64, 45), (65, 45), (66, 45), (67, 45), (68, 45), (71, 45), (59, 46), (60, 46), (61, 46), (62, 46), (63, 46), (54, 47), (55, 47), (56, 47), (57, 47), (58, 47), (70, 49), (53, 51), (69, 54), (52, 56), (68, 59), (51, 61), (67, 61), (68, 61), (62, 62), (63, 62), (64, 62), (65, 62), (66, 62), (51, 63), (57, 63), (58, 63), (59, 63), (60, 63), (61, 63), (52, 64), (53, 64), (54, 64), (55, 64), (56, 64)]
[(67, 61), (68, 61), (62, 62), (63, 62), (64, 62), (65, 62), (66, 62), (69, 62), (57, 63), (58, 63), (59, 63), (60, 63), (61, 63), (52, 64), (53, 64), (54, 64), (55, 64), (56, 64), (68, 66), (51, 68), (67, 71), (50, 73), (66, 76), (49, 78), (65, 78), (66, 78), (60, 79), (61, 79), (62, 79), (63, 79), (64, 79), (49, 80), (55, 80), (56, 80), (57, 80), (58, 80), (59, 80), (50, 81), (51, 81), (52, 81), (53, 81), (54, 81)]
[(84, 59), (85, 59), (79, 60), (80, 60), (81, 60), (82, 60), (83, 60), (86, 60), (74, 61), (75, 61), (76, 61), (77, 61), (78, 61), (69, 62), (70, 62), (71, 62), (72, 62), (73, 62), (85, 64), (68, 66), (84, 69), (67, 71), (83, 74), (66, 76), (82, 76), (83, 76), (77, 77), (78, 77), (79, 77), (80, 77), (81, 77), (66, 78), (72, 78), (73, 78), (74, 78), (75, 78), (76, 78), (67, 79), (68, 79), (69, 79), (70, 79), (71, 79)]
[(82, 76), (83, 76), (77, 77), (78, 77), (79, 77), (80, 77), (81, 77), (84, 77), (72, 78), (73, 78), (74, 78), (75, 78), (76, 78), (67, 79), (68, 79), (69, 79), (70, 79), (71, 79), (83, 81), (66, 83), (82, 86), (65, 88), (81, 91), (64, 93), (80, 93), (81, 93), (75, 94), (76, 94), (77, 94), (78, 94), (79, 94), (64, 95), (70, 95), (71, 95), (72, 95), (73, 95), (74, 95), (65, 96), (66, 96), (67, 96), (68, 96), (69, 96)]
[(99, 74), (100, 74), (94, 75), (95, 75), (96, 75), (97, 75), (98, 75), (101, 75), (89, 76), (90, 76), (91, 76), (92, 76), (93, 76), (84, 77), (85, 77), (86, 77), (87, 77), (88, 77), (100, 79), (83, 81), (99, 84), (82, 86), (98, 89), (81, 91), (97, 91), (98, 91), (92, 92), (93, 92), (94, 92), (95, 92), (96, 92), (81, 93), (87, 93), (88, 93), (89, 93), (90, 93), (91, 93), (82, 94), (83, 94), (84, 94), (85, 94), (86, 94)]
[(97, 91), (98, 91), (92, 92), (93, 92), (94, 92), (95, 92), (96, 92), (99, 92), (87, 93), (88, 93), (89, 93), (90, 93), (91, 93), (82, 94), (83, 94), (84, 94), (85, 94), (86, 94), (98, 96), (81, 98), (97, 101), (80, 103), (96, 106), (79, 108), (95, 108), (96, 108), (90, 109), (91, 109), (92, 109), (93, 109), (94, 109), (79, 110), (85, 110), (86, 110), (87, 110), (88, 110), (89, 110), (80, 111), (81, 111), (82, 111), (83, 111), (84, 111)]
[(114, 89), (109, 90), (110, 90), (111, 90), (112, 90), (113, 90), (104, 91), (105, 91), (106, 91), (107, 91), (108, 91), (99, 92), (100, 92), (101, 92), (102, 92), (103, 92), (98, 96), (114, 99), (97, 101), (113, 104), (96, 106), (112, 106), (113, 106), (107, 107), (108, 107), (109, 107), (110, 107), (111, 107), (96, 108), (102, 108), (103, 108), (104, 108), (105, 108), (106, 108), (97, 109), (98, 109), (99, 109), (100, 109), (101, 109)]
[(50, 63), (51, 63), (45, 64), (46, 64), (47, 64), (48, 64), (49, 64), (52, 64), (40, 65), (41, 65), (42, 65), (43, 65), (44, 65), (35, 66), (36, 66), (37, 66), (38, 66), (39, 66), (51, 68), (34, 70), (50, 73), (33, 75), (49, 78), (32, 80), (48, 80), (49, 80), (43, 81), (44, 81), (45, 81), (46, 81), (47, 81), (32, 82), (38, 82), (39, 82), (40, 82), (41, 82), (42, 82), (33, 83), (34, 83), (35, 83), (36, 83), (37, 83)]
[(48, 80), (49, 80), (43, 81), (44, 81), (45, 81), (46, 81), (47, 81), (50, 81), (38, 82), (39, 82), (40, 82), (41, 82), (42, 82), (33, 83), (34, 83), (35, 83), (36, 83), (37, 83), (49, 85), (32, 87), (48, 90), (31, 92), (47, 95), (30, 97), (46, 97), (47, 97), (41, 98), (42, 98), (43, 98), (44, 98), (45, 98), (30, 99), (36, 99), (37, 99), (38, 99), (39, 99), (40, 99), (31, 100), (32, 100), (33, 100), (34, 100), (35, 100)]
[(65, 78), (66, 78), (60, 79), (61, 79), (62, 79), (63, 79), (64, 79), (67, 79), (55, 80), (56, 80), (57, 80), (58, 80), (59, 80), (50, 81), (51, 81), (52, 81), (53, 81), (54, 81), (66, 83), (49, 85), (65, 88), (48, 90), (64, 93), (47, 95), (63, 95), (64, 95), (58, 96), (59, 96), (60, 96), (61, 96), (62, 96), (47, 97), (53, 97), (54, 97), (55, 97), (56, 97), (57, 97), (48, 98), (49, 98), (50, 98), (51, 98), (52, 98)]
[(63, 95), (64, 95), (58, 96), (59, 96), (60, 96), (61, 96), (62, 96), (65, 96), (53, 97), (54, 97), (55, 97), (56, 97), (57, 97), (48, 98), (49, 98), (50, 98), (51, 98), (52, 98), (64, 100), (47, 102), (63, 105), (46, 107), (62, 110), (45, 112), (61, 112), (62, 112), (56, 113), (57, 113), (58, 113), (59, 113), (60, 113), (45, 114), (51, 114), (52, 114), (53, 114), (54, 114), (55, 114)]
[(80, 93), (81, 93), (75, 94), (76, 94), (77, 94), (78, 94), (79, 94), (82, 94), (70, 95), (71, 95), (72, 95), (73, 95), (74, 95), (65, 96), (66, 96), (67, 96), (68, 96), (69, 96), (81, 98), (64, 100), (80, 103), (63, 105), (79, 108), (62, 110), (78, 110), (79, 110), (73, 111), (74, 111), (75, 111), (76, 111), (77, 111), (62, 112), (68, 112), (69, 112), (70, 112), (71, 112), (72, 112), (63, 113), (64, 113), (65, 113), (66, 113), (67, 113)]
[(78, 110), (79, 110), (73, 111), (74, 111), (75, 111), (76, 111), (77, 111), (80, 111), (68, 112), (69, 112), (70, 112), (71, 112), (72, 112), (63, 113), (64, 113), (65, 113), (66, 113), (67, 113)]
[(95, 108), (96, 108), (90, 109), (91, 109), (92, 109), (93, 109), (94, 109), (97, 109), (85, 110), (86, 110), (87, 110), (88, 110), (89, 110), (80, 111), (81, 111), (82, 111), (83, 111), (84, 111), (96, 113)]
[(46, 97), (47, 97), (41, 98), (42, 98), (43, 98), (44, 98), (45, 98), (48, 98), (36, 99), (37, 99), (38, 99), (39, 99), (40, 99), (31, 100), (32, 100), (33, 100), (34, 100), (35, 100), (47, 102), (30, 104), (46, 107), (29, 109), (45, 112), (28, 114), (44, 114), (45, 114)]
[(44, 114), (45, 114)]
[(61, 112), (62, 112), (56, 113), (57, 113), (58, 113), (59, 113), (60, 113), (63, 113), (51, 114), (52, 114), (53, 114), (54, 114), (55, 114)]
