[(113, 33), (114, 33), (111, 34), (112, 34), (109, 35), (110, 35), (106, 36), (107, 36), (108, 36), (105, 38), (104, 40), (103, 42), (102, 45), (101, 47), (100, 49), (99, 52), (98, 54), (98, 55), (99, 56), (100, 57), (101, 58), (102, 59), (103, 60), (104, 61), (114, 61), (105, 62), (112, 62), (113, 62), (106, 63), (110, 63), (111, 63), (107, 64), (108, 64), (109, 64)]
[(69, 26), (67, 27), (68, 27), (70, 27), (64, 28), (65, 28), (66, 28), (71, 28), (62, 29), (63, 29), (72, 29), (60, 30), (61, 30), (73, 30), (57, 31), (58, 31), (59, 31), (74, 31), (55, 32), (56, 32), (75, 32), (53, 33), (54, 33), (76, 33), (50, 34), (51, 34), (52, 34), (77, 34), (78, 35), (49, 36), (77, 37), (48, 38), (76, 39), (47, 40), (75, 41), (46, 43), (74, 44), (45, 45), (73, 46), (44, 47), (72, 48), (43, 50), (71, 51), (42, 52), (42, 53), (70, 53), (43, 54), (70, 54), (44, 55), (68, 55), (69, 55), (45, 56), (65, 56), (66, 56), (67, 56), (46, 57), (63, 57), (64, 57), (47, 58), (61, 58), (62, 58), (48, 59), (58, 59), (59, 59), (60, 59), (49, 60), (56, 60), (57, 60), (50, 61), (54, 61), (55, 61), (51, 62), (52, 62), (53, 62)]
[(97, 27), (95, 28), (96, 28), (98, 28), (92, 29), (93, 29), (94, 29), (99, 29), (90, 30), (91, 30), (100, 30), (88, 31), (89, 31), (101, 31), (85, 32), (86, 32), (87, 32), (102, 32), (83, 33), (84, 33), (103, 33), (81, 34), (82, 34), (104, 34), (78, 35), (79, 35), (80, 35), (105, 35), (106, 36), (77, 37), (105, 38), (76, 39), (104, 40), (75, 41), (103, 42), (74, 44), (102, 45), (73, 46), (101, 47), (72, 48), (100, 49), (71, 51), (99, 52), (70, 53), (70, 54), (98, 54), (71, 55), (98, 55), (72, 56), (96, 56), (97, 56), (73, 57), (93, 57), (94, 57), (95, 57), (74, 58), (91, 58), (92, 58), (75, 59), (89, 59), (90, 59), (76, 60), (86, 60), (87, 60), (88, 60), (77, 61), (84, 61), (85, 61), (78, 62), (82, 62), (83, 62), (79, 63), (80, 63), (81, 63)]
[(98, 55), (96, 56), (97, 56), (99, 56), (93, 57), (94, 57), (95, 57), (100, 57), (91, 58), (92, 58), (101, 58), (89, 59), (90, 59), (102, 59), (86, 60), (87, 60), (88, 60), (103, 60), (84, 61), (85, 61), (104, 61), (82, 62), (83, 62), (105, 62), (79, 63), (80, 63), (81, 63), (106, 63), (107, 64), (78, 65), (106, 66), (77, 67), (105, 68), (76, 69), (104, 70), (75, 72), (103, 73), (74, 74), (102, 75), (73, 76), (101, 77), (72, 79), (100, 80), (71, 81), (71, 82), (99, 82), (72, 83), (99, 83), (73, 84), (97, 84), (98, 84), (74, 85), (94, 85), (95, 85), (96, 85), (75, 86), (92, 86), (93, 86), (76, 87), (90, 87), (91, 87), (77, 88), (87, 88), (88, 88), (89, 88), (78, 89), (85, 89), (86, 89), (79, 90), (83, 90), (84, 90), (80, 91), (81, 91), (82, 91)]
[(114, 61), (112, 62), (113, 62), (110, 63), (111, 63), (107, 64), (108, 64), (109, 64), (106, 66), (105, 68), (104, 70), (103, 73), (102, 75), (101, 77), (100, 80), (99, 82), (99, 83), (100, 84), (101, 85), (102, 86), (103, 87), (104, 88), (105, 89), (106, 90), (113, 90), (114, 90), (107, 91), (111, 91), (112, 91), (108, 92), (109, 92), (110, 92)]
[(113, 90), (114, 90), (111, 91), (112, 91), (108, 92), (109, 92), (110, 92), (107, 94), (106, 96), (105, 98), (104, 101), (103, 103), (102, 105), (101, 108), (100, 110), (100, 111), (101, 112), (102, 113), (103, 114)]
[(42, 53), (40, 54), (41, 54), (43, 54), (37, 55), (38, 55), (39, 55), (44, 55), (35, 56), (36, 56), (45, 56), (33, 57), (34, 57), (46, 57), (30, 58), (31, 58), (32, 58), (47, 58), (28, 59), (29, 59), (48, 59), (26, 60), (27, 60), (49, 60), (23, 61), (24, 61), (25, 61), (50, 61), (51, 62), (22, 63), (50, 64), (21, 65), (49, 66), (20, 67), (48, 68), (19, 70), (47, 71), (18, 72), (46, 73), (17, 74), (45, 75), (16, 77), (44, 78), (15, 79), (15, 80), (43, 80), (16, 81), (43, 81), (17, 82), (41, 82), (42, 82), (18, 83), (38, 83), (39, 83), (40, 83), (19, 84), (36, 84), (37, 84), (20, 85), (34, 85), (35, 85), (21, 86), (31, 86), (32, 86), (33, 86), (22, 87), (29, 87), (30, 87), (23, 88), (27, 88), (28, 88), (24, 89), (25, 89), (26, 89)]
[(70, 54), (68, 55), (69, 55), (71, 55), (65, 56), (66, 56), (67, 56), (72, 56), (63, 57), (64, 57), (73, 57), (61, 58), (62, 58), (74, 58), (58, 59), (59, 59), (60, 59), (75, 59), (56, 60), (57, 60), (76, 60), (54, 61), (55, 61), (77, 61), (51, 62), (52, 62), (53, 62), (78, 62), (79, 63), (50, 64), (78, 65), (49, 66), (77, 67), (48, 68), (76, 69), (47, 71), (75, 72), (46, 73), (74, 74), (45, 75), (73, 76), (44, 78), (72, 79), (43, 80), (43, 81), (71, 81), (44, 82), (71, 82), (45, 83), (69, 83), (70, 83), (46, 84), (66, 84), (67, 84), (68, 84), (47, 85), (64, 85), (65, 85), (48, 86), (62, 86), (63, 86), (49, 87), (59, 87), (60, 87), (61, 87), (50, 88), (57, 88), (58, 88), (51, 89), (55, 89), (56, 89), (52, 90), (53, 90), (54, 90)]
[(71, 82), (69, 83), (70, 83), (72, 83), (66, 84), (67, 84), (68, 84), (73, 84), (64, 85), (65, 85), (74, 85), (62, 86), (63, 86), (75, 86), (59, 87), (60, 87), (61, 87), (76, 87), (57, 88), (58, 88), (77, 88), (55, 89), (56, 89), (78, 89), (52, 90), (53, 90), (54, 90), (79, 90), (80, 91), (51, 92), (79, 93), (50, 94), (78, 95), (49, 96), (77, 97), (48, 99), (76, 100), (47, 101), (75, 102), (46, 103), (74, 104), (45, 106), (73, 107), (44, 108), (44, 109), (72, 109), (45, 110), (72, 110), (46, 111), (70, 111), (71, 111), (47, 112), (67, 112), (68, 112), (69, 112), (48, 113), (65, 113), (66, 113), (49, 114), (63, 114), (64, 114)]
[(99, 83), (97, 84), (98, 84), (100, 84), (94, 85), (95, 85), (96, 85), (101, 85), (92, 86), (93, 86), (102, 86), (90, 87), (91, 87), (103, 87), (87, 88), (88, 88), (89, 88), (104, 88), (85, 89), (86, 89), (105, 89), (83, 90), (84, 90), (106, 90), (80, 91), (81, 91), (82, 91), (107, 91), (108, 92), (79, 93), (107, 94), (78, 95), (106, 96), (77, 97), (105, 98), (76, 100), (104, 101), (75, 102), (103, 103), (74, 104), (102, 105), (73, 107), (101, 108), (72, 109), (72, 110), (100, 110), (73, 111), (100, 111), (74, 112), (98, 112), (99, 112), (75, 113), (95, 113), (96, 113), (97, 113), (76, 114), (93, 114), (94, 114)]
[(100, 111), (98, 112), (99, 112), (101, 112), (95, 113), (96, 113), (97, 113), (102, 113), (93, 114), (94, 114), (103, 114)]
[(43, 81), (41, 82), (42, 82), (44, 82), (38, 83), (39, 83), (40, 83), (45, 83), (36, 84), (37, 84), (46, 84), (34, 85), (35, 85), (47, 85), (31, 86), (32, 86), (33, 86), (48, 86), (29, 87), (30, 87), (49, 87), (27, 88), (28, 88), (50, 88), (24, 89), (25, 89), (26, 89), (51, 89), (52, 90), (23, 91), (51, 92), (22, 93), (50, 94), (21, 95), (49, 96), (20, 98), (48, 99), (19, 100), (47, 101), (18, 102), (46, 103), (17, 105), (45, 106), (16, 107), (16, 108), (44, 108), (17, 109), (44, 109), (18, 110), (42, 110), (43, 110), (19, 111), (39, 111), (40, 111), (41, 111), (20, 112), (37, 112), (38, 112), (21, 113), (35, 113), (36, 113), (22, 114), (32, 114), (33, 114), (34, 114)]
[(44, 109), (42, 110), (43, 110), (45, 110), (39, 111), (40, 111), (41, 111), (46, 111), (37, 112), (38, 112), (47, 112), (35, 113), (36, 113), (48, 113), (32, 114), (33, 114), (34, 114), (49, 114)]
[(72, 110), (70, 111), (71, 111), (73, 111), (67, 112), (68, 112), (69, 112), (74, 112), (65, 113), (66, 113), (75, 113), (63, 114), (64, 114), (76, 114)]
